trucks_count 3
drones_count 2
customers 20
depot 0.0 0.0
Coordinate X         Coordinate Y         Dronable Demand
2482.643723063755    -821.3336018964266   1         24.316027810683682
1931.0695513865767   -6669.078061973543   1         0.17428005421892068
-477.93151967008214  4898.796970386411    1         1.1795152824236301
-1482.4036459185427  5332.118479948451    1         1.1213164634145414
1680.3671667567185   -2021.8195229737228  1         46.372757758001285
-68.98708261166212   7260.099620481498    1         35.52573221248839
6782.243226809683    -493.7992927095344   1         1.2316764324393221
4856.417215284283    -3677.131792715466   1         0.49303838655097065
7177.127505106885    3771.3614664641827   1         0.9290494664432796
1496.6987619143565   4283.65923131739     1         0.8808880787971594
-1071.8072709313196  -5577.069932480782   1         1.529008719799152
1621.002081752375    3469.5837689664518   1         0.6743882271605095
-2997.913822051094   6456.3374185501025   1         0.7918122357813204
3226.850561705987    6753.360508673096    1         0.4263993679135688
-1272.5381751808209  -2391.182227692585   1         0.3876942704802444
-473.6426590044739   -6453.494343008975   1         0.3308574238752754
-2780.5119102252875  1294.3319217747576   1         1.1417722848325482
-3989.497453755721   2231.2189477604447   1         2.1139758351969493
-3736.6905710789174  -4959.6309933844395  1         0.8176146135205018
-4796.990480824037   2030.6252116097185   1         10.920951714614679
