trucks_count 3
drones_count 2
customers 20
depot 0.0 0.0
Coordinate X         Coordinate Y         Dronable Demand
600.064668888665     -3525.2145251543097  1         18.153239602978594
-6059.646779017731   -1066.2628308700814  1         0.9479954312778854
1.834620575086582    -1474.228189375247   1         1.017291094384047
3077.234734955111    3022.9783027061135   1         1.1808920142451265
2961.249572200875    -5331.014945409616   1         0.7481880089022597
1767.2987401043179   -3241.680369374272   1         0.6089621893995908
-603.671404211912    -2680.8295800443175  1         0.8005746171800232
-1591.1422511963501  -5828.631649097086   1         0.7443251860212924
2137.1669919596297   7172.872799202427    1         0.42004325209489624
-218.52145908766815  5835.305040928943    1         0.237425088479672
6669.59770945563     6207.144778357018    1         0.9450164053942154
-1345.5278810428592  3370.3373932125587   1         1.1809473957472105
3167.3916323130616   4989.717347587615    1         0.7715340863704803
-3040.300270036828   -2792.9786875700847  1         1.043180548614492
-7434.020670406126   2058.310900577828    1         6.606357579023202
-2013.6431947475094  -6851.271910369249   1         1.0510358451122668
663.7233518205201    -4842.779708833612   1         48.13061691035574
1611.2890310320063   4254.580114521099    1         32.725231706552314
-4519.269679641104   -3208.959234223507   1         0.6891336362216427
-215.25637161464874  -867.0197602211856   1         14.004860399463572
