trucks_count 2
drones_count 2
customers 20
depot 0.0 0.0
Coordinate X         Coordinate Y         Dronable Demand
-4711.045734792143   6083.280088132678    1         38.442911481822
6115.392679323659    -6499.932360682918   1         36.9317657984063
7933.222121209715    -5541.810185755044   1         0.19014625953368353
-2729.83080900443    7960.671187637261    1         1.159323029163057
6701.429580022688    -20.049478049066238  1         0.12884118832429123
-4443.730133948558   1895.1991064376416   1         1.009802947875459
-1329.5938121255215  5756.091228870004    1         45.59688257877573
3080.9330295431264   199.58680249930512   1         0.6213743524275874
-8417.934674063796   126.1093724750097    1         0.16989459498943135
-6027.21591975726    4756.588796027267    1         0.4344192876220243
2224.240469733544    -8002.7213251591     1         0.7267104433256343
-8425.576151656696   5758.208870070821    1         0.2680721031311799
-6185.209471635279   -3816.1735473340823  1         0.8917599660175348
2007.5188407760495   1595.3302658395976   1         1.0532426726064836
7129.582912736632    3005.6881725792855   1         0.7048928655909293
-3812.5440507923086  1915.4313964438188   1         29.177195079429783
-6775.067362970217   154.50269815174215   1         0.6051614827629513
7549.952267880615    4672.669277987401    1         1.2149177131116922
5811.020373807185    2987.2180501019866   1         0.6282213387434329
-108.61977217823981  4020.87890754173     1         1.1552257513778925
