trucks_count 2
drones_count 2
customers 20
depot 0.0 0.0
Coordinate X         Coordinate Y         Dronable Demand
-4408.37321630298    4830.70734217272     1         1.2034754863081594
3665.622743386477    -66.18983496912733   1         0.20749285946454063
4042.5440081415145   -7729.244379152406   1         0.6562718592208606
1309.3805834325558   -6730.451924104758   1         10.071603785108184
-6422.849784965382   3554.9232012999073   1         0.7926108991914479
-4715.399011904353   -68.67096907247469   1         0.4426394769766935
475.42038581619454   -8081.9805615023215  1         0.6637251972304254
7613.3158915862      7251.19036245721     1         1.0147046977554044
-859.6491592918974   3543.63155865939     1         0.944293427270802
-8170.871135924158   -3547.8952843334137  1         1.0601881582255481
5340.192994840885    -7417.22479427991    1         1.0706750137325356
-1068.5450050048885  -1011.2634164559586  1         0.8214420022843663
1830.2819860902782   3058.2634363281777   1         0.5888134504695557
4466.888639737957    7300.228677747744    1         1.1206146281896834
1650.2162245523105   2212.635060214345    1         1.0019275544046218
5816.615766048464    -5271.4196887580965  1         1.0462561831381094
6685.516148322062    7306.692529614094    1         0.9585846732216479
-3428.663061630792   3341.018398203598    1         0.24553351510246157
7450.034120672894    2314.5650573140992   1         1.137164431096521
6416.157670672633    -3821.1284744270615  1         1.237227697451905
