trucks_count 2
drones_count 2
customers 20
depot 0.0 0.0
Coordinate X         Coordinate Y         Dronable Demand
-6022.212802375438   -1874.3203896489615  1         0.22118204630287247
7280.55718462935     8437.39495310063     1         11.392019234620468
-431.2895457415644   -1706.9232174413623  1         7.345373294502046
-1720.8571383078581  -1402.0598925627603  1         18.38865627849701
1076.9922086653514   -4802.3792350372805  1         0.8851483759970921
3991.5066458929505   8107.377039823052    1         0.14317183140260142
2293.023319742433    -5698.276627735367   1         35.59692988668101
5340.365580037664    -4180.343806500903   1         0.7010386579004166
219.49296425412203   -3775.14089344036    1         1.0929754938848282
-1716.7860153004515  -2224.499892860176   1         37.61605832574334
2612.017440060535    3924.4554427160815   1         0.703904236202758
6863.128801278939    -8217.029948666781   1         0.8386308445657834
-4948.423289569638   -5371.607063351006   1         0.766574976179395
4936.8624214195925   -6597.296159182983   1         0.4021053374113178
-6193.391789495867   1740.2420675998344   1         0.8867250846815685
4345.791641036751    4826.103323191881    1         1.6907356010905268
-3238.394615273895   -6449.427439319972   1         0.20181809152376146
-677.5680703092794   3955.5732511882998   1         1.0016261765312
5830.749124272307    302.73511565676114   1         1.0396403354384671
-6398.874291937465   5917.8517668824115   1         20.83060370697955
