trucks_count 2
drones_count 2
customers 20
depot 0.0 0.0
Coordinate X         Coordinate Y         Dronable Demand
-2558.4573733030943  3512.7590690358243   1         0.32372276206333
297.92517998826696   -6334.525195208749   1         0.13222368001356072
-5850.903502942656   -3172.9142435816148  1         0.5807672799895925
7984.3299751966515   -6360.662907834689   1         0.775293220010555
-5175.234895179278   1155.919406293397    1         17.021963067267514
-3817.774648276441   5744.561159363504    1         7.8439422248183694
2357.27271090325     -7850.738095023373   1         0.7782567125110414
-4274.923940861062   -3152.5152783377316  1         0.6026199739577849
7978.810062045875    2953.337161224743    1         0.5965924938201091
7527.085234516559    7811.585672397094    1         0.5579164926198555
-8198.082347005839   -2530.1903241117134  1         0.8175025186910918
-890.1212634271601   6191.207259960919    1         0.9366709562419296
-3613.656859271833   -6849.334168611465   1         0.7020900474818518
3011.7524643596334   -585.704840463598    1         38.87165252205654
-5542.767824081404   3204.521832214621    1         26.005173786083365
6434.692961799866    402.71101450044983   1         0.30048609789904857
3283.565845009771    2580.3703724389834   1         0.27741127345053895
6534.56893762795     5041.031143434948    1         0.8948264113608165
-884.9343615417829   -6493.320501901041   1         0.3503079697720207
1441.918774312395    3252.320253844436    1         40.66743060154086
