trucks_count 2
drones_count 2
customers 20
depot 0.0 0.0
Coordinate X         Coordinate Y         Dronable Demand
5184.129722961359    248.67021915150326   1         33.29020476659732
383.78075971323733   -6354.326954461967   1         0.19661771742371836
7883.884471024866    4547.469747479852    1         34.46593938913467
-3190.8735096627424  1666.9768821535222   1         0.8415117891643249
-7472.732352511976   115.4728519875535    1         1.0357652612672499
335.631044126354     923.1812069554235    1         0.17925262592984767
-490.40098629490785  -7229.322909184666   1         0.287012424811087
8453.455420314609    5352.227693127472    1         0.6559179983795019
7337.829247202049    1656.8134671718399   1         0.5534114310524967
8481.27845754258     2848.1929502385683   1         1.0205564332122508
71.08926574809448    4702.298005940413    1         0.43835030579623224
-75.91336027682763   2980.710392152757    1         0.7401551116129885
3443.3634915555594   602.8313296818942    1         1.1569242094112442
5687.766616585004    -792.5252806232867   1         0.639432035688111
-3043.4773918947235  4924.208651611634    1         0.1018511537136448
1047.7337660265312   8069.940778882748    1         34.058529850651375
2833.168829851147    -3581.0950060307396  1         0.3454542402759023
-7546.7285940388265  -3548.0931824889885  1         0.3242548722743811
6269.790802008703    3546.382141941487    1         1.056552936489144
-5537.190977473663   -268.67644387692445  1         0.6597856393962743
