trucks_count 1
drones_count 0
customers 20
depot 0.0 0.0
Coordinate X         Coordinate Y         Dronable Demand
4477.337272393787    -3068.8302890152463  1         7.766691875090577
-580.7635315990742   -4807.79991671688    1         17.783265564643482
-1063.6705188160813  1624.1001195427652   1         0.7292408533925289
3423.5648982721145   2583.792920507052    1         0.12059382796742414
293.6533584255976    4084.7173157721427   1         1.1572740756162605
1445.121296165099    610.0785261276142    1         0.18420271542081756
-493.86541680032286  1949.9912230167524   1         0.473409375109916
1647.8379688922355   1707.9649376012671   1         1.0942098166347
4118.263919492149    -394.58364089002964  1         0.454391568900799
-1479.5755181090503  -3078.2607489800125  1         0.5090475334258768
558.3153544866116    1286.8079241231471   1         0.5712794490123435
2366.6970121176705   3007.7989697309      1         39.63081706498983
843.5160045111656    1388.0020001520656   1         16.334792414433537
-844.1266847590795   2236.9463201974227   1         0.4977316455819698
31.434116524196124   -2061.3543439644036  1         0.7721348389919238
-2797.1946116583363  -1881.745955166838   1         0.6258142837040261
-3073.1894785567956  -1449.2148079520462  1         0.6093248625124636
-3389.569046953352   3305.2984109125237   1         0.834688907143213
-1171.3955740095885  4430.236706391082    1         0.6095809824801612
-423.73364470335673  -4889.900875870372   1         0.3687534524930294
