trucks_count 2
drones_count 2
customers 20
depot 0.0 0.0
Coordinate X         Coordinate Y         Dronable Demand
2513.4840164774555   -4149.982184797925   1         42.50986562582248
5639.694171268162    5674.255484282938    1         40.16091114446078
1722.1051825581653   -2031.859745241175   1         0.357305243687013
-2614.375492977876   7251.594508487464    1         1.0914018578357632
-5784.498211893833   6430.636947154469    1         0.8938296831455128
1910.2922536275667   -374.71359170085134  1         0.7551280716474986
6406.307239493582    -204.4757157481408   1         1.0848304830664328
-7817.450234963087   6411.19448637527     1         0.8988342149114129
-8254.838774293115   -1415.993259494755   1         0.8828831630715561
2359.8326884116977   -1196.1152523692626  1         0.8472478470492135
2174.420679035643    206.03030586283288   1         1.133129843224853
3223.764472160654    -2850.6138103114063  1         4.824122008109729
756.3928819952217    -6640.443715794077   1         0.2360792434754755
2323.7564647392537   2976.9321126425525   1         15.06720455134632
2291.2465456995715   422.6468909726556    1         0.8049007496882897
5776.362027628986    7432.757373215912    1         34.11032767822791
-5275.700099943512   -5093.4828756122315  1         0.53086605821391
-5693.441820166856   3662.380567935119    1         1.2014309610373504
-7317.560208169374   -5540.857274302427   1         1.176194626220805
-5088.000529420058   6020.01500385436     1         48.73194465382448
