trucks_count 1
drones_count 0
customers 20
depot 0.0 0.0
Coordinate X         Coordinate Y         Dronable Demand
3276.593307298297    4650.7837279705345   1         1.1106517063142156
-1510.6351432741376  550.6235014377413    1         1.2038861481671455
1147.9020771977453   -4386.1359072874775  1         17.801447168059028
2493.352210968067    2885.4298559457475   1         10.766344571525801
-4865.058745325121   1733.1412007757074   1         28.815274048178175
3103.0307617790454   1546.7066364508896   1         0.4119608454188778
4734.126800305301    1097.6059703269932   1         0.5149444543401654
-3318.307095513135   -965.111404938863    1         9.527551598766449
-3263.4951770414177  -4932.132640944272   1         0.5400458592421395
-4633.3575260646685  -2452.82750457545    1         0.7459472063134359
-2326.0046036822923  2774.9228974027565   1         1.0121567995743455
893.7710049932701    43.41237625234539    1         0.21596668578675998
3277.45990382828     3107.9058703506967   1         29.77594856099934
-4302.738520260527   254.5200481888578    1         0.7654285618714659
-4669.482360925497   -2270.480874227786   1         7.372241948943603
-587.5899694531513   1179.1795801075662   1         0.6883956963051578
4112.129037877651    192.70667901401885   1         36.40711171597708
4142.982381252182    -3781.4425049077768  1         1.1238246908124279
2343.763455172832    1726.0549432423334   1         0.6766813734220007
-3412.2049583848225  -1842.629060047354   1         0.472549696710026
