trucks_count 2
drones_count 2
customers 20
depot 0.0 0.0
Coordinate X         Coordinate Y         Dronable Demand
-4541.219639108551   4786.864184425534    1         0.1055063957440599
-7572.550064414402   6703.411620995077    1         0.4039668919455208
2488.8533747228157   -1203.263257661827   1         0.8598325286255393
3221.1111670880296   3644.92847780473     1         0.23693257907908893
-2164.2882923220573  -8137.5238145445865  1         0.16156089004490382
6497.741445405929    4473.047745834097    1         0.35603692631550365
6124.584985305618    -1660.4472705720207  1         0.20642910407684986
4091.7308503090276   5216.332745760061    1         0.1866457149858177
8200.293205070082    -3390.708344431542   1         0.9480534548947168
5500.038648425096    -2942.673721501381   1         0.768133801657286
-3993.4870671053955  -3474.268146212392   1         0.47649643245384166
-349.3163902675515   -3680.774065679044   1         1.0937287157869244
-994.8734143640401   -1779.1698170137597  1         0.6816378222779549
8309.537873244582    842.2827324024485    1         0.1022576148340481
6896.970180582051    6056.416967296766    1         0.4458982778478914
6423.797496861827    5707.557653298738    1         0.4588435225064722
4611.763368539405    7566.4969496970625   1         28.664174724674034
-6757.012166024901   3901.5611521480737   1         0.2505417244570556
4029.6267562039443   2617.169341809157    1         0.3121080219642649
-8089.8424059026465  -4494.742423616992   1         0.23829009542965532
