trucks_count 1
drones_count 0
customers 20
depot 0.0 0.0
Coordinate X         Coordinate Y         Dronable Demand
2112.150759399144    3013.217244615417    1         0.5126671624614564
2739.3008752364626   3439.5672510443733   1         1.2319594451218066
199.27347738949575   3582.574540150267    1         0.2986426565586266
3079.4422338458558   -2377.8507816961774  1         0.1468713654543194
-3707.945700481635   1330.1529246634354   1         0.7678392730858202
4203.159993054052    3750.0052170558547   1         31.04783434319439
-3778.713608425251   1078.442732629373    1         0.22461228796455823
2804.159140650426    -719.5998200460608   1         20.188881199071734
-1342.6697086352533  3143.4605269040458   1         0.641903370392713
4075.249678632392    2752.0313834083618   1         0.5298698163539697
2588.6235410494614   1056.9170985531175   1         0.962792767130652
4984.463082070447    -3959.7218448297895  1         0.764206097791964
-1261.5661809642793  -229.394437558165    1         33.5615819850085
4122.147629953614    2453.724627911732    1         40.2438795300246
-3136.9360734157012  150.4412050817216    1         0.5644554723264776
-2693.5368497341706  -2766.383036433239   1         0.4870071158978305
1521.5597503529586   -2110.3893520398838  1         0.5594362222060429
-229.40043849616168  -3597.924651363801   1         0.2552438460624662
-4473.805185933778   -1132.2383087334667  1         46.4406064711311
-3672.603315238621   437.8986940798498    1         0.20495365433472196
