trucks_count 1
drones_count 0
customers 20
depot 0.0 0.0
Coordinate X         Coordinate Y         Dronable Demand
-2623.7695916009848  -605.5722555784504   1         0.6174457421968168
4267.673473152574    3816.2937145817323   1         10.578453689582538
-284.48892426375915  -4016.514138055659   1         37.710378523018576
-3295.035479027747   1928.2768431995578   1         13.26199664990949
241.4571624911223    -3765.2158820577474  1         0.3622848073221434
-2258.22373185403    3447.3376384615076   1         1.1375430938329285
954.6059754561912    -666.8822254597591   1         0.6057062029778957
-4305.519848483632   3029.9667827589283   1         0.5340956440581656
1249.2208703015003   3081.201572265927    1         1.201478960542614
-2678.969524737488   -4274.418983708009   1         1.1157901424019216
-1649.5205870604855  -1489.5173256558537  1         1.2190916740593927
2315.8270538629613   -3440.6941673549973  1         28.47201633227852
1311.8354695983307   1216.7881469329868   1         0.37057026108415636
-37.67494983992219   -141.8946355214175   1         29.958904962000673
1012.5377207402378   -4556.917729532649   1         1.0624105560334518
-3823.149813240806   -1546.6192557208767  1         25.51049864276938
-752.5130721697697   459.02890765297525   1         0.2443946180286356
2581.782907645632    1029.637886151183    1         36.70543404093248
-4535.630911346998   -4325.3676250101225  1         1.1505925531618766
4162.096176167717    4695.349285210175    1         0.7983253336559132
