trucks_count 2
drones_count 2
customers 20
depot 0.0 0.0
Coordinate X         Coordinate Y         Dronable Demand
1657.6198630679082   -2884.0830348765767  1         44.11603915833728
-8394.659965731498   322.2177865102262    1         1.7398465533809044
-1253.1800592670415  569.046071946821     1         0.36145057521518287
1287.9972148193892   -6711.958076827641   1         0.9752908339259453
-4622.7174389063775  -3832.4394022678493  1         0.7789126313416651
8103.1706826710215   -6149.799480456801   1         47.026552623786046
-5479.075416662117   1673.5288739330426   1         0.8024345440926612
8285.569691368695    -3010.8598761535713  1         0.13984822498674454
923.5467472256736    -1631.7783691885595  1         23.950188865159177
-4959.471394133037   -1797.9667109803677  1         28.164863934316045
-7981.365346897666   6900.723163521237    1         1.2391494058538575
5386.439064602407    -2039.7903436742945  1         0.8804446592268085
-4327.878900418094   2857.7576042325672   1         18.74063686814865
-2709.4731454522316  -2925.5531622030308  1         1.0081022300162015
-1259.0925591730077  -5622.115070916162   1         0.6547664451238489
-4854.246111709048   -7081.914431578453   1         0.1724013396506458
1471.9675606481414   -48.499262632178215  1         0.7983569722974999
5861.0207757883      -7608.057562665386   1         13.974563769015624
-3076.9725854541457  -5231.560918545444   1         0.5707559220296479
5611.92694461343     5667.55191338299     1         0.9223651636751035
