trucks_count 3
drones_count 2
customers 20
depot 0.0 0.0
Coordinate X         Coordinate Y         Dronable Demand
6115.063452058373    -253.44983893125362  1         0.35735059456255047
7089.092529139971    -858.3835878751498   1         23.386507186115637
-3412.0779639339157  1187.0840051636417   1         1.2340379262712278
-1145.0397312147552  -1301.5787578143818  1         1.0990976223216644
3886.6626969452896   4449.842594984062    1         0.3997670015059185
-3942.4631850284322  2906.1633911848503   1         12.751710063637864
4695.835315685109    1401.0489224839164   1         0.5424138091545406
4130.596833631929    2310.945657461072    1         0.5019987568336822
2675.8990087981797   4526.533999331944    1         0.818302559795569
4676.998420068722    -1964.0878675789722  1         0.6816404408911588
-6090.939067409167   6874.23254990723     1         0.46513279802188534
-2120.1242005585927  2713.298833117022    1         0.4465330332769236
-1328.8757570502048  -5559.169414324403   1         0.40580435202475573
1460.618309903369    -692.8845106615394   1         15.902339648446217
2305.927514700895    3971.5328427301565   1         1.1882152179376149
2885.0676205681602   -6309.696582648555   1         4.392962481733127
7122.339493307177    216.50032653663447   1         0.2945826145257671
-5470.2640173428     3554.324508033111    1         0.41807913233332716
-6080.774773394558   -6107.325092002826   1         6.160543058853548
1509.9480729131208   -832.2251632339153   1         0.40695900078933345
