trucks_count 3
drones_count 2
customers 20
depot 0.0 0.0
Coordinate X         Coordinate Y         Dronable Demand
-4025.3909676351473  -3828.4084475835816  1         0.49457281518981844
2691.638074897207    -2643.742010882173   1         0.3086956907945604
3724.381996553583    3335.3380045412464   1         0.4725055136413101
2959.0654484608276   -3369.6022611405415  1         1.0689618221802017
-1548.1816010112652  -2288.8337069898525  1         1.055490579339055
5245.03957439971     4152.2841083314715   1         0.13461273353594186
4378.172347382306    5192.839726370479    1         41.45896168908241
-3854.034384873194   5978.524651364218    1         1.2167749847294327
5217.000270001147    -5362.517914034936   1         0.7096726728717496
6677.400542659659    -2903.2194137913     1         20.880061040520303
-4809.0573007398225  -5867.267894346573   1         1.2471421318034726
7277.580911054142    2865.721737806336    1         1.2114366435145767
-4499.882300161745   5210.028901477303    1         1.9723484300185525
-3321.199823892177   1701.464781082728    1         1.1305267583712977
1724.5906494071673   -3506.0308387638543  1         0.3992738825516443
6548.004437261623    1998.408690512404    1         0.9749080523036796
3569.1750345589107   -2836.6211276401696  1         0.36350908835956863
1666.9487176006442   7240.381898272359    1         46.187395477276795
486.9055212586298    6295.0247486269345   1         0.9257760921907434
3640.824899493682    394.54752546353757   1         0.4731177303899273
