trucks_count 3
drones_count 2
customers 20
depot 0.0 0.0
Coordinate X         Coordinate Y         Dronable Demand
6629.566505926318    7312.994060880143    1         6.414265744049786
6312.288393863722    3230.469553129401    1         0.2372281926215464
-5777.297969224439   -1383.9103868611564  1         0.5567517786681203
-6870.649256910627   -4225.918659637874   1         0.698981804854525
-3611.3964102606474  2120.990825226358    1         1.2432277831727754
2569.575156884911    5786.897409849249    1         0.13258357689002376
1756.8155147350026   202.90972296890504   1         1.1702430887566264
5034.540816820951    3460.661273858628    1         0.5245745136046605
3909.0333852686413   -7242.459152592847   1         0.11064169741422879
-66.4223479523133    4739.2528028488305   1         1.2272556123178373
-3844.5624063083633  1910.4922884884827   1         0.717046235545336
4764.892948708923    3849.8933607029658   1         0.3642325732138266
7005.863415945509    7256.767649448262    1         0.7021096458889801
-1852.8344062506128  4324.175872296613    1         1.020460776878747
7087.890486676898    6327.444456318421    1         1.2051675221604876
1680.347157452378    469.00805971273957   1         10.264457150427551
-2448.8228998642576  -6016.100776950682   1         1.0218304369458717
1450.511188775512    5297.552994567779    1         0.47630128643483716
5223.941997319549    -3389.8579746098076  1         1.1818465943215155
-5126.455147315954   2439.843887085026    1         0.4721793246784777
