trucks_count 2
drones_count 2
customers 20
depot 0.0 0.0
Coordinate X         Coordinate Y         Dronable Demand
-756.5879387128534   -7233.98635010309    1         34.88456046778894
1120.653147032044    8239.986086196812    1         0.5530235080275956
3719.1329496666385   7433.654013369247    1         1.24945283062337
-6790.730087941618   -950.4489002886448   1         47.655816179611314
-4244.0158068060455  5760.2742128969785   1         0.5539538305772883
-7508.675193402393   -8050.46297965952    1         0.5890350305707356
3517.8867381219734   -5606.164351380219   1         1.195191516334559
2627.7310123680854   2354.496483036566    1         1.0636282157855446
-5910.549256551153   1419.6572030541709   1         0.26516181727735316
-8422.69496486917    -7216.253283865609   1         47.354246399208435
2335.920026429747    -7051.511162288129   1         0.26830164789764877
120.44381575650186   -5285.073162244615   1         0.6321869950933624
-3502.950726998988   2160.524785257501    1         0.10048094882413866
-4216.367713489681   3622.119079659109    1         1.0890837999080796
-1708.4570066823408  4236.844776496816    1         31.336983694103274
-1842.5156752945013  -7139.54372022918    1         0.18844163472761555
-4724.440248238338   2561.852925743655    1         10.82110466565203
2901.890415690581    7368.709682441302    1         25.50008714177018
-7302.325905480503   -4091.8331247894466  1         0.7928204363144163
-6871.81090761796    -8450.79767320708    1         45.75249751765106
