trucks_count 3
drones_count 2
customers 20
depot 0.0 0.0
Coordinate X         Coordinate Y         Dronable Demand
-2107.4584407510106  -2314.6836951862724  1         0.13425296805804654
-277.0782921043039   -5735.457496577553   1         0.37824361398677697
4021.5235397070674   1616.6670970051366   1         0.9075828818611172
2482.1673459149824   -822.2508296389024   1         0.8956100087984756
-2798.02468716113    7441.525958853502    1         23.002497247627296
-6659.407358038406   -2598.0944896798696  1         0.4782652069355299
6950.8403715708455   -3549.131013563854   1         0.2915773344129522
6714.675013516916    5938.619511199373    1         0.5820115972401423
3936.10256644149     -6531.514198202755   1         28.8646027902501
-3711.158625281608   -3114.0746345463203  1         0.3515467359328206
-3202.404699672734   -3199.849265631038   1         1.0857662276690896
-2671.212735776441   3945.9349216588953   1         14.782193771706927
-820.7597364937355   -7491.655822668283   1         0.3146463803792987
-4669.039800682506   541.6544068377561    1         0.9055670398328198
3440.4263063875546   -3661.153191735192   1         0.8445795794083563
-6777.676528769854   5119.250555476156    1         0.11259324428308534
2148.4720324161453   3061.7787630863695   1         38.92090642120343
-6305.604538169411   2167.8982679886135   1         0.771299833615918
6545.233749199869    4682.881350997983    1         0.7150796293956724
244.47475851023225   3134.0861368223705   1         0.6950317885035531
