trucks_count 1
drones_count 0
customers 20
depot 0.0 0.0
Coordinate X         Coordinate Y         Dronable Demand
683.4223498423253    -3424.2094913019873  1         0.9043674080410745
2325.517007931172    3896.773431239302    1         0.560716405839466
-2178.0639178343517  -2654.2409078401365  1         34.88159264862522
-3186.005283479615   2454.089807364089    1         38.06535420624541
4442.513752293415    448.71985724473143   1         0.8870129118521796
-4201.205174589083   4871.8107990456865   1         9.800582421614756
-4658.434350325885   -4390.093717075487   1         34.536128472927736
-3242.885102039161   292.9560277073915    1         0.6067038315011399
2775.61362107693     4715.199018902666    1         0.8486988202564739
-4033.284072370832   -2159.056658611849   1         3.997336877737508
-4398.292117894382   4157.8848909943745   1         0.6188159805459571
-3022.137720578786   -2922.005016828195   1         0.11767762867057958
2048.670105731121    -3132.690947129541   1         0.7290268620240089
-1365.4160542741301  2299.5258365406653   1         0.6916684811253303
-3757.2823200722905  -3028.783554564169   1         0.5729417493260442
2034.5491506080723   10.738081877834668   1         23.67931091969265
4039.656949869868    1365.8938424351027   1         0.8904364223250136
2336.6432395349666   1854.3054426445715   1         0.11214452136778061
-2959.3312589468865  4905.347769128593    1         0.43724975633195096
1617.2651027296538   -2715.0858901901406  1         0.9751278954390055
