trucks_count 2
drones_count 2
customers 20
depot 0.0 0.0
Coordinate X         Coordinate Y         Dronable Demand
4831.214773192512    91.2676969204349     1         0.18195131426091476
3393.542948303852    4100.237483287246    1         0.39978742511094867
5437.067815504024    6191.035045005943    1         27.444145506677156
-6579.648050703966   -6717.14128402152    1         40.855178276107196
1623.5061427401124   7160.360575672965    1         0.22985278897261152
-5033.975250543905   -1113.6301312214118  1         0.25949611037541176
-4392.685483315849   3184.3633030950314   1         0.2171140752295353
6728.404520548016    -2958.8924291442854  1         0.8688123838441559
-3582.472432905376   5992.5484229881895   1         0.8613283756946587
-4181.261023354311   -3495.447194581958   1         0.2329921940677752
2333.190265981828    -5719.727638063735   1         6.0952912054723605
-1047.1064417098014  3312.26555501887     1         0.188672788353337
-565.260329960975    -7809.163320168217   1         0.716055396080487
-391.3592607163685   -7363.1807716381245  1         0.23556198004800966
-5042.847970589533   1495.4906010417108   1         1.424002883425678
7474.269858152399    6806.9759260403835   1         1.1622804376040856
-3316.3613508333538  8393.643663581817    1         0.9227135076840061
5595.048104756117    232.70914122073737   1         0.6555396668613617
-5470.562901564917   -4024.329008444003   1         0.2811037766241062
-8072.378196764586   -3847.4674344585646  1         0.24501789496153534
