trucks_count 2
drones_count 2
customers 20
depot 0.0 0.0
Coordinate X         Coordinate Y         Dronable Demand
6702.177232385506    1682.3175322823536   1         0.517123128843765
6729.38412120567     -3062.5486369117452  1         0.10825048422211014
-404.6997448748407   1691.716422571364    1         7.367392634700416
-7377.404606456735   2947.1012461464725   1         47.28023908789488
7784.414007587924    727.949207603051     1         16.670823446365112
-5361.1388550027     4828.643965853495    1         0.19161589019520636
-4726.081885173165   -2225.9772656706687  1         0.37339962753447464
-6642.483984882478   -649.3709729868715   1         20.206439282396076
7277.543692252067    5610.987602300378    1         7.437079758293702
7945.327207328111    1791.048020831293    1         28.54329905710153
-4475.589078004346   3312.768845609358    1         0.996196488939911
2731.3536639405484   -1226.681814147604   1         0.4698109240147138
3790.139745329318    3687.463234700414    1         3.4028732773562522
7925.229833576919    -6922.064154564557   1         0.8502304358346429
-2711.938967715514   3228.9475302391575   1         19.96896105096106
-914.586853101564    -3412.4678247765423  1         0.2727408955443369
6399.611214950072    5333.765666930333    1         1.4594285786638184
-413.0578373508624   3955.6810769191416   1         0.1587075323339033
36.98326260556401    -1060.753926593171   1         1.1174431005710248
-7850.773295961173   4373.577387527628    1         0.30438243336501125
