trucks_count 3
drones_count 2
customers 20
depot 0.0 0.0
Coordinate X         Coordinate Y         Dronable Demand
-1460.1797060049698  -7048.943156301859   1         1.171620473890836
-1934.8546555629518  3646.438941371845    1         0.2995621722185824
-5599.658541956862   405.44478798380095   1         0.43478473906556714
942.4973478404803    -3029.074366828471   1         1.0580162704877971
6402.092966434833    -1697.860311823116   1         0.593272274731784
4755.464050181402    4278.997055879487    1         0.6038892525576465
917.5152070340444    -1544.1686893274286  1         1.2285731829086413
4928.998525553736    3943.0334176041497   1         0.4979571807773807
-1091.9197164846319  -4211.920572260234   1         0.5009283954692988
4792.207308141647    664.6848788329539    1         0.5817508195629943
4318.837839509823    4228.602224905249    1         0.11163025736021204
-6441.995424656726   -379.0789299402863   1         44.7298714331496
-5006.114766515768   -2522.7421705508364  1         0.28576073250220313
-4561.524975352853   3498.1516036528647   1         1.1435229922431371
-4980.362279628702   872.624419142543     1         0.35514160452408294
6096.202591248695    4502.95925212962     1         0.7764405385210891
-186.44234640030558  7459.175850422738    1         1.4340094643791905
1364.4346026634385   299.4246989673988    1         23.67375036268431
5224.379661449438    1665.5270358608745   1         1.0202479947413403
-3960.445821740471   -560.9534110571652   1         1.0746780450150184
