trucks_count 2
drones_count 2
customers 20
depot 0.0 0.0
Coordinate X         Coordinate Y         Dronable Demand
5480.437560655158    4855.632479019659    1         0.7430834605686522
-2083.4610488935286  -1121.1893905296697  1         0.9149703267182625
1237.4956570149643   -6339.698673019351   1         0.6433108319844991
-6169.559210001571   -5604.820378765975   1         17.92910315332372
-5229.530483967927   762.3375930092316    1         0.1586210288456057
687.2710133772746    5725.434600712573    1         0.3660274904121632
-4760.965719226151   342.40605798590906   1         0.702292547885399
-3332.4766354006347  1048.4893361460263   1         0.1348464801822993
6363.073616488844    8460.077620964696    1         0.7717968232515112
-8086.113598036243   -6292.101740340953   1         0.9285367637356402
7159.805886264085    -2142.291713454745   1         45.13500599319794
-2686.99461512989    -8247.103185394957   1         0.18620569979514895
2387.7581055852443   4984.933438011572    1         1.0430023591931739
531.5082825645422    5054.706678941819    1         0.5962901591620589
-2238.976149141972   93.626450830674      1         0.43532921364937827
-267.5002556574236   -7510.056678177729   1         0.7380503731407342
-2371.6060410509804  -8455.363812456957   1         1.1686658320589294
1568.5795342553338   2473.8492353008987   1         0.12150596743742269
-2569.088748468611   -7243.737963057476   1         0.17706009282186
-5714.603795378995   -4043.1184250651927  1         0.9842300878919634
