trucks_count 3
drones_count 2
customers 20
depot 0.0 0.0
Coordinate X         Coordinate Y         Dronable Demand
1961.5600874612069   6893.42424482914     1         0.48683393526459284
-809.022903355668    -1640.7614271987632  1         0.29719731597744103
-5744.369052529725   -5551.419174247468   1         0.3377069382899571
-5099.727107859879   -1820.564181130816   1         2.5553254610000273
6921.101259540421    -5799.316937434274   1         0.43419256070874723
3705.0133571446686   2931.108276208553    1         0.17639531376065412
-6379.032919654325   -573.4336920033973   1         0.5245828729139999
3842.394307524648    4960.463930988675    1         0.18161275111744057
7117.178904249086    7102.752334023642    1         1.6123140132209015
730.9632699697631    2822.1064379965283   1         0.7524965770881505
-760.3925506480134   -2481.1467426375193  1         0.9195472419126168
-6037.2674462864725  5679.155276169503    1         0.2392051119242019
3165.3914587448107   -214.80697665934105  1         0.31419147867926484
-2565.738547017195   3349.230927845597    1         36.72180005388877
-988.5210311702765   6284.775922281406    1         0.1927770972138646
3723.283066756428    -4756.039074225662   1         0.4645789372665221
2228.3392223240144   605.7073830990777    1         7.62811131441299
1530.4252831582435   -2331.2439374687037  1         1.2180577300013253
-2162.5661298136265  1483.9852507144312   1         0.5655137517948104
2997.160239541208    154.69299480773492   1         0.49541824935321055
