trucks_count 2
drones_count 2
customers 20
depot 0.0 0.0
Coordinate X         Coordinate Y         Dronable Demand
534.035683149944     -7942.639594801004   1         0.3375506274399857
-4873.602034676386   -6198.469887277162   1         1.139735691860397
-3015.6457185043023  5971.7287908004955   1         0.9334734337131796
6102.565201955937    -3330.93329786118    1         0.6262086413533902
-5903.738071142724   2442.2906763775304   1         1.1362742257378353
-7421.50229684952    2409.2848636802337   1         0.7738171723276815
7150.89891352976     -7933.560458591716   1         0.7754095012092183
6438.6667993256715   5416.498102497755    1         35.72624378591347
7715.884365859762    -4565.166806223508   1         0.8235729447426995
4089.749732271728    1984.510703823189    1         27.72957749997571
2812.0145689013116   7110.741177292348    1         1.1156255965198936
6938.440170965841    3920.3571466296125   1         0.7974336915730691
-5016.297894017094   -6204.905445919547   1         0.44325372348816905
-1085.16430449577    7197.161707620899    1         0.927695299629563
-4311.216925831894   -7516.010381817816   1         46.03562525338032
-8009.561925233523   7164.791622738985    1         0.9417206728566304
-8054.738424341111   6183.941081640069    1         0.8157276761240257
5025.109160383576    -6247.790280241559   1         0.5357535204534459
-8069.996001215298   4149.606979819919    1         0.2307239113827292
-1978.5620137178394  426.47746477666624   1         1.1264617584873409
