trucks_count 1
drones_count 0
customers 20
depot 0.0 0.0
Coordinate X         Coordinate Y         Dronable Demand
-2308.080123828256   -4718.579174663488   1         1.1796501385274032
-4338.40882517596    -496.8418107008153   1         0.12258344906707148
422.9978286123397    3995.759493255801    1         1.1450085077887266
4186.749682343886    -4874.5738866076435  1         0.31594415726859965
164.42160234714092   -2524.4615577104632  1         0.698502541352524
1033.2229316407627   1753.1752690507087   1         1.1857718009527454
-3684.3258920586873  3191.1058097734463   1         0.6673080524060763
-4981.259305710378   -95.20050350661354   1         0.5222086811138149
-2212.324004688456   2825.0156429641693   1         43.89384453892656
-4345.084258435884   -2051.781665375999   1         1.0828883977110704
-2524.256819861293   -3926.620624952326   1         1.036270099421334
1681.2683645227592   -1719.6594897236566  1         0.26514278250726786
-2540.491996072881   2323.8241584778475   1         0.6771094707503948
2419.343136858293    3456.7769366913953   1         1.1508296873305706
-39.59263265130831   798.751233379416     1         0.8188024241425425
-2808.435837978372   203.0108099518283    1         0.10816124015665003
3714.315687730812    4224.617693757279    1         1.0398145582901228
-4819.945138513327   -1393.5881740256132  1         0.6888873341803812
2809.508486981227    83.56598908576657    1         1.137074425474751
-3053.207467383425   -266.98462155667085  1         1.129206933868394
