trucks_count 3
drones_count 2
customers 20
depot 0.0 0.0
Coordinate X         Coordinate Y         Dronable Demand
4902.105483185531    -6022.1865348765905  1         0.40247801332867683
1658.9214706829262   -5411.196853004023   1         0.43600577587830525
5937.949505036917    -6906.135717806422   1         0.8797778096507798
-1411.7007328287098  -2519.848427150657   1         37.72466220458986
4702.743555453244    2482.571386996302    1         46.91286016526761
5775.828527788777    7069.949439658778    1         0.5214447219212417
2561.885191234252    -2980.5287234111047  1         0.6253196030844175
3794.127204426816    6950.71852880917     1         1.0641006408936726
-5878.104220261456   -3769.045491100655   1         0.36688992994382563
-4335.608179025583   -483.48970471929897  1         35.172111795089464
434.18763978401455   5797.326668202747    1         2.513274197446856
6805.883435847317    -5539.432653208192   1         1.0817108362150596
7113.345374853439    -4275.56004524639    1         0.9599743401487567
611.2506149642223    -7063.857806655325   1         0.6568316435577389
-7130.7154134771745  3314.987175697882    1         1.0571499433299676
3926.77237433744     -3032.6556124196454  1         0.15981873159280208
-3892.9008473487684  -6041.394317561165   1         0.23029589098200193
-3593.578888835285   -3341.8908732134723  1         0.36769902212432093
-2581.9640275554707  -866.676726863289    1         32.292109926242404
5114.710652727298    -2819.5096452084294  1         23.81575881278576
