trucks_count 2
drones_count 2
customers 20
depot 0.0 0.0
Coordinate X         Coordinate Y         Dronable Demand
303.99563956338534   6014.1872943150065   1         0.3792687092354514
-2826.0452068783397  5837.349445948363    1         1.0677671474533539
7386.065280841478    -3057.222298011382   1         1.1910570710784825
1038.4277608795771   -1488.6110176475672  1         21.010176229375183
-3695.2553982151358  3971.6808905507505   1         0.6596127695301602
2906.305025984204    -6997.161691311269   1         0.9693325141083149
-5464.458672892203   -3808.8626225403777  1         0.8840789583541179
5165.142485094626    3262.5397890083696   1         1.1795583368511182
921.2171171297159    -7994.4323320501735  1         33.04049763139112
-3718.5315958624255  -4907.767354655394   1         23.18125493314736
-3912.3504625804007  -1187.9430524195595  1         0.3735074949195033
1938.4759736694614   -7474.011289237543   1         1.2383926593106127
8035.1380855515745   4086.6015741849405   1         27.159867031688805
-3689.3188259729673  -3656.0807080274803  1         0.3828832467210628
3176.715656580969    128.32997227002124   1         0.5101603369569502
-5586.586761900065   3882.5445994187485   1         0.2955746308013536
721.1699787928479    -114.98889003810396  1         15.36701822830205
6937.1546751164715   -869.5815044498204   1         0.21781014339210264
-3910.529395330015   1884.7427824364659   1         0.7500231785546999
7447.735515160155    -667.7305272839758   1         0.40901897980988
