trucks_count 2
drones_count 2
customers 20
depot 0.0 0.0
Coordinate X         Coordinate Y         Dronable Demand
987.6691427124747    7789.81516969917     1         5.4900060037038765
-4063.2605473121657  -1214.157452647627   1         0.8383742676326018
-4483.10283525792    -2813.3173923608756  1         32.72696400208839
345.30207729819995   -3198.7262349800703  1         1.0579296946111345
-4912.678337397654   579.2816569371391    1         13.051916071978717
-3250.9651539109454  3646.424413499275    1         12.173642070528606
6014.677365339573    -7778.3157918601355  1         0.631487782082591
3937.7061598287064   -3327.926561907727   1         2.391651596085577
1877.7626694015362   5392.836256875558    1         0.31896999062746817
-667.82918574821     -2165.889328907825   1         0.5140321995560919
-2674.3882667379876  8365.644423352856    1         0.6125575944432665
-2766.692296128381   -8487.075876419733   1         1.0767622330557465
-7351.890966970754   -7996.277375076821   1         0.5809968471411555
471.6926708736731    -6685.079027405252   1         0.8461780691857108
7667.387992009112    -6971.300833837396   1         0.4146641575551354
6047.045014039539    1886.960626214055    1         34.30415052077105
5918.868377964083    1488.9076639910418   1         0.22238974267730427
-6513.1021122951615  5844.221997981504    1         0.19461805382340908
4545.561092830276    -6152.292225624716   1         0.9427707608398558
-2548.362030183167   129.66642131172418   1         1.1256259142741116
