trucks_count 1
drones_count 0
customers 20
depot 0.0 0.0
Coordinate X         Coordinate Y         Dronable Demand
-2197.9985443781625  4725.133167364945    1         0.905312134913348
-4063.767018117288   394.2960508557095    1         0.17440264977226344
-2230.784296147591   -297.09162227236806  1         1.0186563899632401
-3711.535638927452   4149.52917599098     1         1.0731471233706975
-3384.1000487831466  1858.6060659964996   1         1.006686685118683
-4197.2433157238065  614.8828761946622    1         0.8302550064583596
-2727.621926829587   -1009.6703584993633  1         0.32459629478339425
-4592.008871396339   -1468.0582832425573  1         0.1938775507096502
-2891.276836830888   -660.0319020625132   1         0.5619360725455986
-1980.064736777752   -4891.994137319165   1         15.519647577214256
4845.531372206729    -1704.1809146624566  1         1.1025537635133438
-2513.456844834919   3302.0226507501447   1         0.5063425704431871
-3693.113342774203   1116.474882676168    1         1.0441666925370705
-853.9619473115704   4980.465035192647    1         21.141646717501885
-2521.4677465212717  444.69826588763004   1         0.37563345942036064
-771.3728936790467   -4707.885982877315   1         0.5844017708723107
-1579.9403085178287  -1192.0751583043977  1         0.9852588427393196
675.7930913462758    -2064.8372154250624  1         0.461040294233374
2980.204016698134    1839.895545629826    1         0.6278044158045682
818.4712535416887    3147.038782862135    1         1.0952139047483878
