trucks_count 2
drones_count 2
customers 20
depot 0.0 0.0
Coordinate X         Coordinate Y         Dronable Demand
-3010.688087928481   -1814.2102876120987  1         4.041014810307601
2674.6769222296407   359.24341096041644   1         4.585143573459293
-7030.653627826463   882.9743009589746    1         0.8357934378382288
3478.6543435371377   -1139.2466011051877  1         0.46296033701786676
1169.218188072801    7083.566058965273    1         1.1171872869187425
-1890.3266815208217  -3810.952092789257   1         0.6900620541186231
440.4725675630052    4860.727500892544    1         0.18247021932624208
6067.402127984582    2106.3886524820696   1         0.31620422159628647
-7277.414181892162   -7556.77862781958    1         1.0187303412590103
-2617.573843823426   5869.200514850083    1         0.44664411820991134
-5094.718950056074   -7332.383748484041   1         0.7267259796163555
2836.6535203762205   516.2171688928719    1         17.949784691160993
3467.0613223027995   1882.4433392992005   1         1.7151387328586871
-1243.0673703568136  1921.5444695330534   1         0.9634036936815102
-4138.479045007      -786.8779065368137   1         0.7720830964673402
4339.620048274455    -3682.489761621575   1         0.12884597737915401
6827.6893658754725   6377.238918567209    1         0.1981953426935267
7727.558700399031    5010.367132767697    1         0.7231333472589917
621.8929352686191    4837.036011870353    1         0.5125768740111749
6811.553371521766    -4157.59500294359    1         0.35816436410654084
