trucks_count 2
drones_count 2
customers 20
depot 0.0 0.0
Coordinate X         Coordinate Y         Dronable Demand
8396.53781910313     1749.195064859634    1         0.67751213035892
1467.1296336815783   1685.263199263298    1         0.6747114492633867
-6515.722130506307   -1078.1746453712308  1         0.6871451467291553
3363.3046359887944   6908.369106329665    1         0.5228759026748679
466.8429613998719    4974.533898892203    1         1.141976558226744
1202.370453970234    -5322.072314412926   1         0.22704692114180466
-3543.6953038002484  319.05089151168454   1         1.0091860810114468
5654.315124478145    5384.264826046549    1         3.7722420082196777
-6129.273368538204   2588.0091833076413   1         0.16859690799220467
3019.690336402232    -39.02111972566952   1         0.2804779935586742
7369.851539310369    -189.09741127662605  1         0.21323203992304168
912.7012812261981    -8443.801534828024   1         0.5752324371289057
-5856.593481907128   -43.20350544932284   1         0.3984811919955533
718.1094517884487    -4539.582427643457   1         0.9273745800307661
1689.3692351573354   -6853.160063555775   1         0.7944842601797564
-2924.555122867735   -3500.7523830735504  1         0.7365103342512408
774.6596055620466    -986.0108559762157   1         0.30677277046639523
-7399.0127546636     -3353.3224522636724  1         0.5307498462711898
-7592.21670647005    459.19370776877804   1         9.431677751899745
7944.333324895676    5880.992037608206    1         0.974908640812742
