trucks_count 1
drones_count 0
customers 20
depot 0.0 0.0
Coordinate X         Coordinate Y         Dronable Demand
4023.838198970843    799.4597304668396    1         1.1809363969971045
1174.3527558001047   -3349.8641733882573  1         6.065101590788814
1418.350168542006    480.08426034995136   1         0.8208810876254924
-1205.6433102735857  -1356.7154104641302  1         0.9963402250167916
407.73036984360346   1010.3139612547861   1         0.20307196032495253
-1512.7013808893253  -2592.624725350564   1         0.908168775324043
-866.5912138148033   -364.0209598041056   1         0.876631103670722
-2716.452298753457   -1527.4229530442562  1         0.41101334509243637
-1098.4531227039497  -2622.613238941709   1         0.467010491158232
721.9017833445586    -4916.563177158748   1         4.182280455650952
-1772.405264312792   -1821.488761443738   1         0.12987101907617243
-2836.865730875575   -793.388604095655    1         16.45236540901753
788.5499788704965    1623.4329903482976   1         0.10183660466313545
-3858.556227853427   -3242.666176121472   1         0.32581764388282247
-2347.924730488142   -4071.3893512757895  1         0.4196042298350152
-4711.514508592853   -4701.526128339976   1         0.21718698993787922
560.2686965588       -3602.914161276607   1         6.367400678597779
3907.0029256724556   -2869.507778576521   1         0.6208658961550891
-3713.5026216125602  2856.2629433619672   1         0.35912444707139035
-4535.6008126703     -4998.668258626241   1         1.228205970612868
