trucks_count 3
drones_count 2
customers 20
depot 0.0 0.0
Coordinate X         Coordinate Y         Dronable Demand
-3752.4273268919937  6722.530313815954    1         1.3807030560754394
-1733.8416482396892  2194.7342993853827   1         33.091393964346416
-5255.4023660181365  -6188.26616278243    1         0.6637915681489914
-341.29376004001034  2784.323626534788    1         1.216458393465474
-3525.3331560564666  -4463.336379037285   1         0.6826639872652047
1088.8699906240952   -3583.459917270856   1         10.845070402060053
-5493.285048871185   -265.2516193028638   1         0.5528926471465786
4598.395986885775    796.1676203202917    1         1.0605730111424916
-3337.7751871252412  5562.974340974167    1         1.1943615774697576
2812.3058624614355   -533.9159261309627   1         0.2773233995853921
-3096.8843797451136  -1177.6147943819344  1         0.9366979652739813
-6550.025749315145   -5932.865310682835   1         0.4810742213304433
6622.860049786589    -2981.9096931758304  1         0.33505308115288146
6993.811894643594    -1608.2698952462983  1         0.45454468745938537
1107.7161495576238   3890.6562867543416   1         0.9339719117989098
803.4598890983725    3518.434998771123    1         0.6515992157517094
7191.660963097229    -2760.082969793957   1         0.619712300976203
1498.759355483711    -4491.989142874767   1         0.6552218878207461
3935.0257411536      -2682.5974618780174  1         0.9643357254289919
675.9427599717903    -4994.381240838702   1         0.27883859504514
