trucks_count 1
drones_count 0
customers 20
depot 0.0 0.0
Coordinate X         Coordinate Y         Dronable Demand
4243.645512343047    -3274.6657445408737  1         0.23785507068766726
149.91175285136063   1986.0221586009063   1         0.6249961962838695
1662.7876919653736   4441.576113438669    1         0.6030635926025797
-460.19739036579404  -2194.970623981244   1         0.15215160520474352
-2956.941372482118   3206.8445319610396   1         0.4863778008540911
-4852.572741332405   936.804313038253     1         1.174742187566481
-3633.5034242291135  -143.4374895571465   1         0.5308827634234946
-243.89197242414684  465.20410079382145   1         0.22540463569397087
-184.30357148116357  100.22735307685322   1         5.83952241565342
2064.5238655690346   -3948.152791482478   1         1.1943948087134781
-2164.297039450606   -2974.619708618869   1         21.827430787419424
-4187.258256800044   3930.4190908320575   1         0.7780183030207474
-4932.381584584815   3238.7929822786614   1         37.66192916301379
3586.4642182121015   -3755.274587492353   1         0.754993052816565
-2979.0471690582362  4053.471469447324    1         0.12214732893313257
-109.61215010375054  3242.078648793995    1         0.5685938199700044
1526.0954227190675   -2233.2259977139875  1         0.8994082432626356
-1860.196252401471   3019.9140526768224   1         0.6376117701107263
-1645.1416949925822  4364.852748759539    1         0.17346191760630641
1498.8099579610655   -1777.402502060412   1         1.0603788343594025
