trucks_count 2
drones_count 2
customers 20
depot 0.0 0.0
Coordinate X         Coordinate Y         Dronable Demand
-2175.0088397350014  -6866.531548411671   1         0.9069368835472547
-360.5856406658777   7389.447369051605    1         7.384768752613668
2838.2096766576574   5835.330848489142    1         1.1894682710264144
7101.292877536796    5374.3942401530385   1         0.10687524559144038
7741.005175791655    3120.115547601552    1         43.58725765114403
399.1245993254627    2923.6247152162805   1         0.9716094518795536
-6239.475943196576   -2204.8821549127024  1         1.0055355200689504
-4569.551587982107   380.61959596504676   1         0.9058009277334235
-1008.4159262150017  3959.420406850731    1         1.2369620823404652
-3499.7956524559936  1138.3265757879306   1         0.6520772239459492
6006.87036170095     -3314.5134139084125  1         0.5872745814209182
-2757.1340302193344  -4989.913315179098   1         10.224112123215239
2715.2543706946526   693.94953045894      1         40.73733053261324
7314.158893219848    -2943.3907487900433  1         0.22091001158885337
4615.484030305328    5542.168025817242    1         33.07602943158081
-4538.625147292782   4243.927632762005    1         0.28342675671248263
-5977.536318379183   -7971.058784923876   1         0.37544123324007106
8066.631596172541    -6984.574817807346   1         1.0839901611907277
-6344.00721587078    -7048.885061648713   1         0.6650298034371511
-2380.2871230264445  6827.948912575677    1         0.780938871215131
