trucks_count 3
drones_count 2
customers 20
depot 0.0 0.0
Coordinate X         Coordinate Y         Dronable Demand
-5072.082161975827   1703.594922232198    1         0.30308590310742245
-5498.908311292114   1395.6163516016077   1         0.4791097975796357
-117.28320966969713  2852.21020249985     1         0.7364564219382244
102.83493630231806   -723.8610014996184   1         0.7525229805564008
-3311.765220115329   3662.1301670434423   1         34.840166746729494
6244.625265500693    -6588.355521733577   1         21.47043331090484
-2329.0035473216676  -457.32478737767724  1         4.959843657525928
5194.7987316142635   -1544.5771083611128  1         37.74187734650866
-7368.5192715949215  3734.1735583931263   1         0.9827738488195382
-1029.448654311907   6727.373489768832    1         0.3481128985809686
1041.0631761016054   -6142.012137299878   1         0.2717063120794707
5844.0889953675305   -4566.071062107165   1         0.7251382956037983
-4747.057616686742   589.7357774954205    1         0.5075020895821195
-3585.551888322743   -3721.4002623510833  1         0.6050075238083409
4572.625097428377    -537.2681965234964   1         0.4604021129107133
-6288.18325555706    -620.8740857265325   1         1.099236979548637
2782.7103107608473   -7330.757526961797   1         0.7895489173430321
-1798.8576788056648  1557.9822159540677   1         0.4983363836360596
-755.9396191169857   -7164.383917833577   1         0.19268999121451763
3504.0922387749915   -6158.2306923174865  1         47.940056350247644
