trucks_count 2
drones_count 2
customers 20
depot 0.0 0.0
Coordinate X         Coordinate Y         Dronable Demand
5219.4649438161705   4606.932136997146    1         1.2406952394562927
-5442.734769198302   -6058.3476971859245  1         0.8256339777654786
4037.301430281468    -1666.8840012303808  1         1.0688267315149629
-7724.093427503214   2431.7408406916275   1         0.9655055538191374
388.3975794769449    -1307.396257988601   1         1.1204370861490975
-3827.8941919388217  1851.0580961190756   1         12.87571857318299
821.7747779388923    -1116.701134825531   1         5.814296390082941
2340.67939314902     7754.671462653821    1         0.38050072785877087
-5749.925587365418   -3974.7931926872843  1         0.679682953858277
-5854.617078903731   -6143.722152976879   1         0.4270021458201444
-6237.046304545924   -7957.68516473616    1         0.4523068369474198
-5733.546360462534   4801.6181987760865   1         1.2116030813428162
-4911.656157820523   -4559.551809510999   1         4.648268524614827
-7674.992502533813   -4344.8946704186     1         0.9171128077531296
2300.804393045064    6638.672968850089    1         0.8598038073081139
646.7084346933043    5787.180204171944    1         0.5641213370068298
3485.33512234411     7504.532547248748    1         0.6338405622177925
-1669.491220882089   4038.7123786470456   1         0.8162670040440412
6990.366150824726    -5865.145702888911   1         0.7023315834577806
-1834.2095387963343  -2954.1422316255585  1         0.43603131465641765
