trucks_count 2
drones_count 2
customers 20
depot 0.0 0.0
Coordinate X         Coordinate Y         Dronable Demand
-13005.573130479126  13198.0546097382     1         6.714057906443383
-2565.86764846378    7893.0730589079685   1         1.137397933714323
2774.5506035837534   -7253.073912224522   1         0.718877184497069
-14331.231460866287  3887.670310443311    1         0.5650742710446203
-6648.4796646093655  -8052.221183057036   1         0.8863419395118429
14356.175823003123   8145.504747757575    1         0.42462477126723575
6655.305659966307    8660.05600848712     1         0.5094444370225806
-270.4091107350614   -13374.714270303444  1         0.8902913573347672
-8109.696557583698   3354.120804608494    1         1.026976587830264
10996.766623808711   -14557.31258318884   1         0.35699007300507646
16211.807227637823   -8211.423590555467   1         3.3528129410516727
-793.66831880674     402.24149414573185   1         12.88482536976638
7294.063223374247    1330.658237575454    1         0.3301220375535243
-2095.5000109670345  5768.000251305464    1         1.0938752680985742
5109.261979325137    -3239.3587360741244  1         1.086026423603844
3840.376968191562    1020.194191452345    1         0.37187285829899275
15915.524123036499   -11911.31541570043   1         0.2824770248462941
3319.607244321314    7797.643774823267    1         0.31719776497428
4680.349485083368    7575.350585342169    1         0.5554264513873399
-8948.752040356503   2758.0248879241085   1         1.1347418369906468
