trucks_count 2
drones_count 2
customers 20
depot 0.0 0.0
Coordinate X         Coordinate Y         Dronable Demand
5535.9220358715465   -12445.113605583298  1         36.21112563932267
-9103.9151305505     6088.357579876232    1         0.739078231254965
16308.105165232831   -5679.582953599416   1         0.5621818813668826
1141.2006509730638   4833.358341235938    1         0.5440178916271078
7554.734539233232    17498.774423961382   1         13.028120681221477
-5702.632876372107   13126.644455655245   1         30.57292006631082
1861.2446310481973   5402.048723077663    1         1.019564578661013
10179.313717592167   -152.65965300237164  1         39.02911817032497
16046.588548150343   10765.682574313338   1         0.8235230895529937
-3923.3961452290573  -877.2175032038796   1         0.6852057698893039
-14594.522327888593  -12481.767104583665  1         0.8642566139551118
-4270.469412647299   3600.6437023102294   1         1.1852461047695773
7176.052877774222    687.2868420405321    1         0.32999800364431287
-10408.016687956106  -17483.295475820705  1         42.61567172104596
-5234.89397734737    15550.165189108055   1         1.1797800944115224
-10125.978600072618  -1432.481153025792   1         0.1665012207099548
-2922.848363231322   -12037.681765118552  1         19.023063117840675
-1592.3128941185169  -562.0510674973491   1         0.7139983497927899
-7641.379083450711   -1463.1500863863275  1         1.2434156364812212
4174.227017653544    -3184.967363237567   1         0.15715401766526554
