trucks_count 2
drones_count 2
customers 20
depot 0.0 0.0
Coordinate X         Coordinate Y         Dronable Demand
2849.740738114233    3629.722527882731    1         1.115999144952941
1609.2972787512595   -5959.22158878791    1         0.550075907954507
-1771.4838457033475  -2643.805602786597   1         1.174961962885611
-10100.57561108007   -3930.7674150171124  1         0.8600493944654417
3276.134492337822    7758.538506889919    1         0.8902932040547957
-2441.2244569697214  -12404.99205260341   1         0.8649869903377969
7140.08949440282     176.54952912954357   1         0.9549297528769873
6452.894236020653    -7065.310753336226   1         0.5206136247815649
10899.343648776969   15915.331397240006   1         0.13480885383027288
578.5274722627772    9382.782829982643    1         0.34672204332448125
7695.821608179918    -1184.2074607190282  1         0.8609882680298322
-11424.62788297877   -8722.887402861254   1         36.942119941246524
-16537.229807106396  9006.591112509872    1         33.85408536053948
4595.719966750761    -982.5981162094524   1         0.16559645770829348
14787.032189598965   520.2597243204691    1         1.0180812597029671
874.0611311942303    -11951.656940143119  1         44.1895804009282
7653.725842717025    -1345.2871076869606  1         0.2945726743106998
-8270.664960671002   339.32215326818914   1         0.7026521252781568
5667.477617377178    2048.2845081253936   1         0.7154608241836186
6903.271593555993    -5737.097401652204   1         0.34714899206958616
