trucks_count 2
drones_count 2
customers 20
depot 0.0 0.0
Coordinate X         Coordinate Y         Dronable Demand
4401.834597111927    760.6628462711637    1         0.8358815378764504
8594.453654990995    5364.611959081816    1         1.2433500072320516
5914.719948828551    3022.640719329082    1         0.27987762928344634
14579.963160208386   -8028.966012925082   1         3.5544872029387715
-2495.5455406643687  8540.232933528345    1         0.2834064718676438
7615.188474370419    -1277.3234734562848  1         48.9711267855749
-7919.585832927636   17206.363108845886   1         13.547228238745749
11217.424901224353   7984.068620851132    1         32.192117078212476
-9384.856762457324   3442.9396923833383   1         0.630789799223398
4754.019164567035    -4188.572484172268   1         0.6249617399747451
2588.9575357115828   6325.78123939002     1         0.6742328028835554
6139.516592660375    7754.485232116007    1         0.9674047867286528
1717.6508137797439   3175.025058777081    1         48.087287206506616
-4700.823419895078   3653.2801529573844   1         0.47587203706008263
14532.72938067119    16292.964756117799   1         36.773119861017065
-6105.8612856215905  2946.1978831219526   1         0.9835058343350566
-7329.9510038348835  4828.569712959683    1         0.8666333564899877
831.0843959403102    10787.07233744619    1         33.13607894131104
2477.5669310546587   4456.239762290736    1         1.184033259118917
-16810.04765904165   313.6791177599589    1         0.3102608792813617
