trucks_count 2
drones_count 2
customers 20
depot 0.0 0.0
Coordinate X         Coordinate Y         Dronable Demand
-14205.512394860143  -9614.859216023377   1         14.559737691722201
-721.7209754976674   -2011.9888341661967  1         0.352013142250987
-2961.3993696111825  8491.436177192558    1         36.46241046428611
15738.049080235796   13159.898105726512   1         0.8848382159664474
4644.231502944378    9041.72465156773     1         0.48379232462822874
-7602.589889992151   -64.29083085098347   1         20.9629873271736
10507.838870890064   -5881.252824461497   1         0.4480438180898201
-461.5874187987991   6087.9545128035825   1         0.7614331555591278
-2.079679354261645   1130.9299247942029   1         1.030534012116557
1234.6474191353518   -6751.420259935059   1         33.98227669759098
4515.038349791801    14455.333968838106   1         4.00007358327839
3978.3286445233825   12785.889571559292   1         3.7006572071664516
-2581.520560251267   6586.984043841393    1         0.11834660047560076
4211.927839375621    -523.795146679474    1         22.91091053586685
9543.252817457786    -10038.036706553605  1         1.0185114890817772
-2964.4835538748957  7832.84247218346     1         1.027832181130573
6703.758737273969    -850.3480845575432   1         0.63712201839252
-5707.053968628676   -5728.47644910107    1         1.1915345409393352
-7092.572457235614   7165.721756354525    1         0.9342643504091205
-8027.825328155004   5855.496024856956    1         0.27119728578377733
