trucks_count 2
drones_count 2
customers 20
depot 0.0 0.0
Coordinate X         Coordinate Y         Dronable Demand
3009.847244365263    -8891.534886853633   1         38.99551756971007
-1131.5790508621708  9821.089785329888    1         0.28706089377785715
-8934.727314459647   17096.011083427853   1         26.188324394869994
-930.9023472553505   721.0570779476043    1         1.2221538150811675
-597.664313216593    5385.775202027178    1         0.5152800634989845
6354.609647743347    -639.3371891654358   1         1.0834609117117757
-7047.979691208827   4779.856579664224    1         30.11447324623243
-7446.04301723209    7820.532594574469    1         0.5149113443026251
12658.887979754574   -15786.68114444963   1         0.5188866330216392
-14341.920602121716  16022.05691534176    1         34.29321930271707
-4024.150539004195   3458.822837230233    1         0.8869553025748788
636.4079952358115    868.9934453320161    1         34.12435976090183
-5201.476356662239   -2942.974913503289   1         0.32661948587110523
4623.037164761396    -9692.901708615924   1         0.8776177048873709
5779.567752551189    5702.881638559838    1         25.139713412599058
-4281.0081206042505  534.3437983299336    1         18.098025462541358
-7823.275644369185   3192.070504848796    1         0.3439376018357359
-4675.1586267659695  4735.025351530378    1         0.9261267555474453
8925.128691615306    5288.688225723388    1         1.1576786603342664
721.0697741383883    10195.851888531222   1         0.20950921275609924
