trucks_count 1
drones_count 0
customers 20
depot 0.0 0.0
Coordinate X         Coordinate Y         Dronable Demand
8154.360520635404    -15836.159566178592  1         26.83237924995117
4137.157569051975    17057.207067069125   1         0.25147741316457467
1832.832285036444    -5504.581336196894   1         1.0250367807382519
5938.0193989527725   12925.34768345454    1         0.46248295960764607
-3025.107626532259   -7359.823548023791   1         0.9147793520679541
-2767.6328625417646  -8886.406695458902   1         0.7953979054074639
-2186.11392299251    2248.503786540762    1         1.1083615954421564
-1085.5494744104726  9536.300335727068    1         0.8545855484896441
8123.020995532977    -8554.281821527622   1         0.3309193838954545
2536.9960178262245   5843.696994222526    1         1.077055900254651
-10312.355010355725  -814.6810047770053   1         1.0604035259778977
-14365.424851910262  14350.384816385835   1         1.0749344279366841
-4162.222863039937   -6425.876088473453   1         0.27743970931474893
6342.345466074092    7491.902433327285    1         0.7226974409728565
-3284.5811378709645  -135.16177192034712  1         1.1169839480387527
285.9626965742559    -2445.0699381361937  1         1.1461313870694922
2418.751607445909    -1142.337343481524   1         0.24281640253987835
13602.906993643675   -6662.763071472902   1         48.74374061293648
-3348.1110427608396  1642.8118032168188   1         0.26034025294852214
11262.33117005105    237.54155277368773   1         0.11388006218186186
