trucks_count 2
drones_count 2
customers 20
depot 0.0 0.0
Coordinate X         Coordinate Y         Dronable Demand
966.8191972596172    -10548.03944891659   1         0.6800559471156091
3497.815103892335    10619.314581642517   1         3.413605151456938
10478.196155163476   2524.5805568563974   1         0.2323043667061842
-226.1321468701935   9955.63633972933     1         44.39482314278285
-5727.289118348674   2117.9199309720525   1         1.2243532333860907
-6272.166741856221   -16426.815070750716  1         46.06406623877479
7375.118144934942    -5081.095128188044   1         0.22042753156493777
7517.382699340407    -14702.920542209657  1         0.7638647831443544
-998.0918060493503   6978.321055706307    1         0.6254172934323804
2051.8792132332314   -1029.7760215062121  1         45.92931908469184
-846.2785439087093   -10649.875767472338  1         0.4120781653435175
-40.04585687522194   15023.834606114175   1         3.7937896707977856
-7465.10137907032    4782.445196704673    1         0.8763705155473508
-8958.248842271068   754.8847537487106    1         1.2086654081994208
3694.291606542538    -5054.384347576852   1         28.758041978650144
-1288.004801938828   -7349.610779697909   1         0.4447546922939686
-3757.916996799096   4012.587240594019    1         42.16554470291955
-2594.4024295544173  -9938.17301290156    1         25.63165856749221
-3325.885225054691   -4030.7280862939574  1         5.006889187882688
9347.6498814246      15969.828652873846   1         0.6755838083485121
