trucks_count 2
drones_count 2
customers 20
depot 0.0 0.0
Coordinate X         Coordinate Y         Dronable Demand
16089.999237714663   -12929.07660475318   1         20.149978568331175
-9981.329596845186   -1272.4743354782952  1         0.924635804684945
5164.301816865358    10004.761623997325   1         0.7900958228729269
566.5595661214466    1974.6428311722266   1         0.928185947953035
14866.015812501402   -14489.289066635323  1         4.087868276949565
12634.820730256826   1963.9296373664438   1         7.774738439468674
2752.7520722140725   -13941.606900873057  1         0.5927118865257743
-5246.877009739056   415.9808830897117    1         0.527737564933902
1562.1457276009132   9676.568427515336    1         0.28727161197526563
-8824.028814467978   2047.0650117355112   1         1.1542407101595402
17086.229824365735   -979.0107508749788   1         21.27885911630722
-8150.782518158821   -1540.97701499904    1         1.0646572816044026
8282.857684672155    1266.275670023176    1         0.9264845133771352
11804.900934001056   14954.611561866619   1         33.84126010653439
8194.406703049368    -2785.632251002559   1         0.37099192616911514
-16416.699288886062  -16662.480380536632  1         42.35288341945589
5595.3425859305025   8927.154568059694    1         0.4957783349090922
9619.620849374856    -4064.4233463441633  1         0.1393993250288774
16537.419461075195   -3825.5634190610053  1         31.757411490367275
-9919.621548203713   12666.974460168323   1         0.14911495417672038
