trucks_count 2
drones_count 2
customers 20
depot 0.0 0.0
Coordinate X         Coordinate Y         Dronable Demand
-1581.8980692901926  -6985.36075998518    1         7.013621289316303
-10403.552859852865  -381.19249886678875  1         0.4118186964263303
-354.10394136325226  1217.9222374857213   1         0.8903609766500453
-7603.9368641631445  -10813.906571025376  1         34.901377836630935
-2109.2356676436193  2349.6507524084554   1         0.16395272223517354
2053.1997650678786   4898.587032807991    1         0.5514349447041638
-1676.083527528569   5266.685030788646    1         0.4963653623764105
1094.3568068125585   7996.558417383875    1         19.717633270950024
4108.994416517198    9183.446026412617    1         0.29336750030677666
5397.691735771368    13227.232173057066   1         6.7584385194610945
7755.407111235625    -6875.856425070596   1         0.5212245762121105
2508.5619044446958   10265.492275689916   1         1.1529570044916104
-4557.26971259475    6819.169299898289    1         46.125544290917
-5203.4932606293205  2537.1583329733367   1         0.26011643416349306
-1785.7775717106742  -16040.227567275631  1         0.4306389212936791
6420.051949872828    -990.2972381381616   1         0.30732453131352405
15994.2164524408     922.8163671094262    1         0.2446254124561263
8129.112537726407    1484.5791981544498   1         1.0622562952212884
2612.152229394679    -781.3413801182064   1         0.44981268032786237
-2005.8058849550926  14796.20762137416    1         1.1786189464995729
