trucks_count 2
drones_count 2
customers 20
depot 0.0 0.0
Coordinate X         Coordinate Y         Dronable Demand
-258.1639522376645   -120.7423535431335   1         44.91782028575386
8860.146895714754    -3448.7549856637447  1         0.7727589534065169
-7206.788842060881   -4055.0700677039385  1         0.8403299967063699
4069.343397294786    -16320.955915567014  1         0.6435797476012971
10494.17280881846    -1687.6103508148724  1         0.263419634973321
9056.823770585772    4977.686100021598    1         0.5874928098098257
-10288.27273702321   -7247.970378749867   1         0.35070185902964923
415.57632942118516   1171.0219928078773   1         0.48760265185907037
4702.229165279985    -1563.32629738099    1         0.7277364767593915
-4834.920805274336   -1917.794913811931   1         0.7266327244987727
-7240.358849393771   -9299.203697226028   1         0.5914801262447072
12216.3808610743     12925.567963453424   1         0.2635188972599103
-7818.779154628807   -7610.40444273667    1         0.780935964624063
-694.074081397699    11580.772820396283   1         23.563731199154162
5994.010666949821    3283.333024822138    1         0.7469458613045316
-9813.551698205556   -1946.4280892670813  1         18.23300146358648
8750.12327735397     5141.223489485671    1         0.5203578741612949
-6427.518411546034   1227.8050822788132   1         24.37028497223037
2333.277265696617    -9643.361566336562   1         0.4809537439485966
7306.202790057111    -7352.879107229361   1         0.9132535667319037
