trucks_count 2
drones_count 2
customers 20
depot 0.0 0.0
Coordinate X         Coordinate Y         Dronable Demand
-4099.9645085292095  8654.485705114654    1         0.597194400674355
14612.314008753507   -1558.7438820314674  1         1.034337920146569
5789.235610280892    2584.8036083362967   1         35.91163975153875
7594.931563359353    3338.873298777451    1         1.2304129569158122
2989.096288544217    -10394.214374552706  1         33.59999743783191
8563.061509321646    -3727.476448670856   1         0.7213299743677996
-9491.01424896485    4280.705814777851    1         0.21079059108869533
11691.799549331896   13503.229089368742   1         23.264833090364746
-4644.470808832704   -3233.666898483574   1         28.32775221796088
-2938.183244083667   7994.965494097939    1         0.43815096763431083
-13983.111538527895  -5664.957500721661   1         6.452459442754614
-9098.347591958529   832.6896797891602    1         34.20535996362865
-4102.753009052998   -724.3246223061033   1         0.6628049744947934
-3410.1411851176686  299.49220426825235   1         1.0291326035293558
5980.270179181268    -7654.369174927928   1         0.6927160415001414
-10635.76133367873   -9950.155884710683   1         0.8766455551953292
4598.133292100396    -15619.008242155402  1         33.77157463376834
-6938.98574507728    -9612.193531265846   1         0.4294682020578514
3779.8036800183186   -6191.97373444888    1         0.9725466933411765
17178.00563770774    -8567.692236263398   1         0.18677487701038895
