trucks_count 1
drones_count 0
customers 20
depot 0.0 0.0
Coordinate X         Coordinate Y         Dronable Demand
9414.063836279944    -9512.013212278169   1         2.7820310238388553
-9254.421234121031   284.8791433981792    1         0.5485510484069845
-3678.3210886321376  -16221.159082667024  1         6.163662629160638
-9717.119492361226   -45.50495099987683   1         0.618329415943544
-6228.11730959586    3752.9696353286486   1         0.3385150478393876
6228.740122129855    4856.099941166301    1         15.839431794760557
-6476.030481210884   -1969.6743917846277  1         0.4021808259053006
-1006.6084184560034  -8370.397089092858   1         1.2018074976538833
-8037.261207912868   -957.7604263576559   1         1.2254920129962106
-11510.374732310072  -2804.857390293766   1         1.0039004469374084
-434.0517857065124   -9312.142506497052   1         1.1562560582237245
-3973.054909589399   1050.245252186534    1         0.5284698502297995
-6827.817826622053   817.0685499643369    1         0.2953017644291156
-1928.3392337265957  -4933.774009806875   1         1.0652468687478898
12562.620522765461   6655.97225042729     1         0.2032152354555471
-1832.879246814613   9161.352403844612    1         0.1325926557014889
8020.080742732134    5021.494382820342    1         47.94140918424416
-333.53110145121354  -8923.921941878216   1         0.7295195121708413
-6551.0084378378215  -1527.7708879107963  1         0.3039364066680478
6605.64973217337     -11103.644450773489  1         19.124779234982242
