trucks_count 2
drones_count 2
customers 20
depot 0.0 0.0
Coordinate X         Coordinate Y         Dronable Demand
-8875.991922505344   -9341.071043433756   1         40.62778691979979
-4666.435378164897   -13844.686576994307  1         0.6428475283997582
4697.19526585663     -1950.2227685905236  1         0.47534232458656456
12639.893135117894   -1427.482496465931   1         0.9170481968428114
181.60575368199497   -1309.4330998447808  1         16.19388067120888
6370.939660659687    1365.929995853013    1         0.5493413043661183
-5595.970642363045   -1581.8254546027201  1         0.1524423548697178
4007.1516835583216   456.28795645447116   1         1.055536535216975
-8525.252923467335   -6283.994153644195   1         0.9951893745368521
-8061.686585807974   -5847.083234884594   1         21.93446261467313
1690.3554154361748   -7206.095714702604   1         6.259858952699829
15817.987261705282   5154.382824606644    1         44.17374449021547
-7382.8992957173305  -14227.262657245206  1         0.44732663895022684
-16446.371393685993  -2016.1447626592508  1         0.26264217714940796
4252.7440854925935   5525.305614650053    1         0.35487478553032636
3911.2019164228764   9040.291469978269    1         5.431797785766592
-7102.674138553171   1971.024386851932    1         0.7078476712927454
417.80158398768555   8597.00713699215     1         1.0803964902365886
17194.42456526539    -8844.432551782606   1         0.5502506088007649
-32.77444856979706   -3921.0744710904064  1         0.730894688038285
