trucks_count 2
drones_count 2
customers 20
depot 0.0 0.0
Coordinate X         Coordinate Y         Dronable Demand
4990.299136570808    -13396.601621118116  1         1.1489974458184753
-10869.70223935705   15252.00278808891    1         0.6859040418916635
-8291.803958230263   11842.78734796675    1         10.657092815678562
-9483.524969652306   -5739.378229687556   1         33.73260090912907
2948.2259108537846   2290.912615427423    1         22.070434421566024
-11015.056972126338  -3875.6543038560885  1         0.6662032952486205
-2669.3859903750663  -7084.880983678172   1         0.8325420537045631
-12100.879204684088  939.7398123366547    1         41.27909614713268
1130.8689801784062   -3181.7670792762096  1         0.4922790086040275
-347.14948046986405  -3490.4151627864994  1         0.5500835272646404
-7803.55227855273    -2712.7299057246328  1         0.45012108339403534
-1224.6294034329462  9710.742364577689    1         0.5932731201078573
9086.67659408283     9910.839655078893    1         19.530691571374067
-11030.509954939735  -295.5509389023755   1         14.24796706066557
10085.782549212892   1067.5579021929987   1         36.92147639106285
9002.609789272236    3066.5501300672495   1         1.0376180934059176
-4298.240025278552   3391.737948523584    1         0.4895296256556402
-3545.752501805461   -4070.364890846017   1         0.8172243437403361
-3559.1956288389983  10188.957845801568   1         1.1185291048123185
-5666.359917442316   6611.299113356151    1         0.6201083091388669
