trucks_count 2
drones_count 2
customers 20
depot 0.0 0.0
Coordinate X         Coordinate Y         Dronable Demand
-10173.162460844384  1487.941342698906    1         15.111575679648505
1407.358174431816    1343.1986071701056   1         1.2223357458258062
771.2125091110909    10612.853572021171   1         0.9666033240687328
7548.612902964058    6969.15751471604     1         0.259705275694482
1322.3826328175855   -10334.7105967787    1         0.7346309650584038
8324.573611025875    5179.767989694647    1         0.8946910573967728
-303.609082557894    15796.42652282014    1         1.0553166576681001
-13573.685039264046  -8557.22696691982    1         0.4664629323150119
7220.116731119076    3945.150112712675    1         0.9701158454886104
7580.658137581337    10776.292721051374   1         0.16851113800746625
-5620.440638708624   3267.2115851741096   1         1.1348813634791013
-14042.397352912985  13232.73387269273    1         0.138275687763964
8900.316770055182    -14891.19218408379   1         0.3360568514161791
9729.059646238267    8698.4575000787      1         0.9934524859252237
16106.359819634723   -15103.503015859655  1         0.11938262639506123
-1155.3762812803343  13992.588625407108   1         0.8808924692451212
696.3437480669214    9593.416092779162    1         0.9614002286616348
5971.360732764272    -3790.2358585091415  1         0.6638493691957059
-2483.126179490868   -13424.155948214615  1         0.42036885858699946
-1600.7453168124796  -3393.0308433758373  1         3.5935859137473734
