trucks_count 2
drones_count 2
customers 20
depot 0.0 0.0
Coordinate X         Coordinate Y         Dronable Demand
-5755.794566689986   1375.9194406618585   1         0.6758454770039001
14400.25080531304    -11137.376681310116  1         4.434315061001364
5383.101254138148    3987.1152202148137   1         0.7763253300304417
-2889.824538388825   -8043.791564547597   1         39.999003605920905
-10131.803497031178  -16495.775019739533  1         47.54496305559128
-2410.907609807572   -2293.7485314630944  1         29.45311566193729
4903.8516136386825   16701.18024958088    1         5.639912818932147
-7830.796041142524   7575.584639238715    1         1.1586533301290782
-9178.0197814373     4863.522266357286    1         0.6751662875113074
-5042.7741732115755  6060.17591909392     1         1.1844145532184516
-16082.623561603345  13547.759116128851   1         45.023545204005565
8885.604017006186    15889.412988138705   1         0.8559768466808757
-8230.469943941063   -4585.891779930341   1         0.3549655816342602
-4285.119378343862   8163.8781293566835   1         0.2998857047822464
-5206.239165540124   6804.061811508572    1         1.1034887351500084
3229.292446262364    -3432.0963276966563  1         0.629286464558714
-2183.9477261945303  -6933.035066835311   1         1.0332045692437717
6977.749741930453    7028.166402650294    1         1.098882231474361
-16397.2387968589    -15200.372930671734  1         0.8409531393304597
855.8704108968544    8616.466341955838    1         20.48344566317416
