trucks_count 2
drones_count 2
customers 20
depot 0.0 0.0
Coordinate X         Coordinate Y         Dronable Demand
7478.768382709841    -7968.019748888618   1         0.19240017159738526
-9935.300881091895   9489.404807388106    1         0.6884378813089568
-2296.3242612497525  -7283.393922228568   1         27.13952832389439
-6299.1289907539085  -1070.7345352493362  1         0.8718659854190164
-8848.203193103103   9267.939213049856    1         36.04147217513861
2858.860789051057    -4446.436985159058   1         0.9852044871467515
15371.613742481568   -1945.6237072433123  1         20.805537577024467
5279.307478132905    -11833.773783417757  1         12.779761501395024
-8743.815501511042   -4759.477446506167   1         1.2444342524301475
-922.8529874143401   3841.589976416567    1         0.701609249798038
-8841.853127112758   -10236.58643861449   1         0.7339286869296889
-1229.070856074721   835.5280708256256    1         1.1474443790159714
14504.234840000845   6523.224601033024    1         25.01762401893067
14336.11210748339    6731.063351315013    1         0.25346971941366203
3233.152643656799    1938.252346972777    1         1.0487832286309842
6551.320311406846    923.9776942254223    1         1.0364231686349044
3787.252715195489    -15835.12385622744   1         23.574610527094773
-16903.050724437635  -10522.032879327655  1         0.5617661972944221
-5014.501688126116   -4404.173623927889   1         3.51388065106741
-4182.383520986487   -1672.1753435213457  1         46.135225112256805
