trucks_count 2
drones_count 2
customers 20
depot 0.0 0.0
Coordinate X         Coordinate Y         Dronable Demand
-6319.221596624733   6943.2575836457      1         1.0518095528546862
2988.969486154375    -9936.973351460727   1         0.41899874052330055
-17326.384702427866  -11430.163250710844  1         0.9963558273891088
-9414.930337201797   -9856.556165764385   1         0.483920409841488
-16568.19454145051   -8474.852365463068   1         0.15314782572325913
-5035.894339987779   6972.909039338573    1         0.6585039003910415
-1715.3485381105438  -5146.487162290106   1         1.0648205000263213
8953.71966702153     1924.241974998833    1         1.1524894054412433
9405.922619484372    460.90127471906817   1         0.18937875168703905
607.293712072821     10904.183539518554   1         0.2169901513797745
11668.559817593068   15615.68856481112    1         11.957345183502003
-3393.5583894845877  -3820.6099487969914  1         1.157151960160048
5266.28287371833     -4507.335394921733   1         0.9066552863363805
-1426.8098635502593  -5733.206013021055   1         1.065812387829282
8430.124033441985    648.3975830494905    1         1.0463497291107702
-5457.391940501237   13335.709211139143   1         1.0959830668750385
14117.040655800276   -7836.107409301145   1         0.9611154698601119
5023.366598907785    -5469.56906831941    1         7.862852352133125
6582.903876956017    -1676.0919197816715  1         29.834067448382637
-9866.064545741163   -1120.2079760382728  1         0.33987150918066145
