trucks_count 2
drones_count 2
customers 20
depot 0.0 0.0
Coordinate X         Coordinate Y         Dronable Demand
9384.033616435168    -405.2159065390865   1         0.5581181502360955
-8307.69896746964    2965.5157883632965   1         29.141029588729708
5251.74488695494     6307.138724986338    1         0.6108738087360385
4854.722354217594    2029.480716659066    1         43.27257437117175
9444.852440273695    -1082.1845456459412  1         1.0591054645465725
1763.6851503715152   -10475.122532339674  1         1.0714369182933157
-2640.2020798490666  998.2308734948529    1         0.5985059559191651
-4393.516421382701   -397.72846970127927  1         0.5585938900260381
-3759.842742537127   4369.909479801921    1         0.47999245317655514
-4628.089630434481   8670.50082572881     1         1.043282132363514
-16188.98867301546   10867.490932433517   1         23.461248088796857
-108.39880574021852  781.1558651711366    1         13.264883646365455
1001.9138733148295   -8240.5708126645     1         0.4464702411896395
-10782.912055408138  1418.51379685923     1         25.929199675219003
8783.896037185175    -5534.868141383811   1         0.861698282870205
13470.600655664508   -967.5768703952599   1         0.5044295426864627
-11438.960504010916  17335.7806928894     1         0.17169916800830715
-337.10672069278246  859.6113591964296    1         0.8636492660922077
-9071.82399020723    -2802.2530532627593  1         0.9658344278701363
-6599.821654014933   -2984.629397680157   1         0.8683361905098006
