trucks_count 2
drones_count 2
customers 20
depot 0.0 0.0
Coordinate X         Coordinate Y         Dronable Demand
-8941.92771668907    -10166.039881802002  1         1.1254401786395483
-703.8302089130659   -3212.784920698512   1         1.2303871993640618
-9238.997841670622   2586.2433663366646   1         0.9944753980799766
1105.35554743256     -5088.3610367612255  1         0.47957985651479107
102.63812645185482   8208.2183162705      1         0.8078109556972423
2465.325222911849    -7849.113001341569   1         0.10171692558563916
-15012.802695179258  -14333.13727665283   1         0.6216854212315971
-6127.750323315546   -7853.463121482305   1         0.4185812564341833
-11814.489795867572  -12946.446432803912  1         14.602833753979752
-1072.5231376518063  -5714.262543209536   1         1.1822207593873206
1041.2796280591012   9882.133167313052    1         0.5257219472326302
-3299.2650705729066  7143.117337249941    1         0.9190718559649129
-13082.609846934     -4905.009382394093   1         6.112076391493498
-10063.503604084708  10805.39423838057    1         8.953144928122963
-6613.041709781795   -2950.22933586985    1         0.3567770019027118
1498.2826640995004   6625.3279188220085   1         0.40114525647140287
3448.82427982835     6053.704572144703    1         0.9719037985715369
6856.184368196178    1929.482029245813    1         0.7229976714307733
7168.68705290397     -5167.595975327868   1         0.43964871961070495
3815.03312555506     9100.591543310195    1         0.31074987136065774
