trucks_count 2
drones_count 2
customers 20
depot 0.0 0.0
Coordinate X         Coordinate Y         Dronable Demand
-2166.6232132961427  -9468.398029542497   1         48.30048903507849
8592.406602727096    11716.188684233279   1         36.12892073968197
9702.333951868666    -455.86314879743367  1         3.1207213473103392
-5817.708550977041   -8585.46465856113    1         0.5673757999036325
5604.0091630501975   -189.77000298850206  1         0.5523315039507783
-6049.318118227209   5134.44277915328     1         0.21743428881251528
-15518.204221113283  -5879.482757636088   1         24.587577752670104
-2490.200187231504   5571.412037378578    1         0.3410378042762633
-8643.126350393748   -1345.7988329159507  1         1.1315777176140025
-2012.955787598652   -2523.3578281790815  1         0.32017685780594973
-3189.591842478245   9963.526961876103    1         15.00471045582173
1568.5278037249554   11674.045308682667   1         0.7965321958376151
-13730.728817199983  -4736.046497174206   1         0.6234692775984473
-7023.824857710123   -3833.687993559168   1         0.645049526366448
745.2242186625256    -4325.848217933654   1         0.32666187424623333
-4586.121684991724   -5258.519444692173   1         0.395982225894971
-15322.69325645817   11315.748361361624   1         1.181516727383678
1492.7435897752475   12502.800132178501   1         19.411511453246472
10283.309028720856   3679.531780516729    1         0.9590038500537313
6496.9870527150415   13451.829093731747   1         30.62688097992582
