trucks_count 2
drones_count 2
customers 20
depot 0.0 0.0
Coordinate X         Coordinate Y         Dronable Demand
16645.031439981256   10678.98780034859    1         10.659233863316201
9335.947067288434    9150.141005930622    1         39.287890313747944
-14303.101552310296  -11572.83269992915   1         0.6501627107932345
6599.671704065728    -15370.729677733318  1         46.80555830068123
-8561.935736173733   913.8930415845352    1         0.6213246340943269
-433.33547114437084  6447.753344439542    1         22.157950056779406
-16247.913055123458  -6938.454355372429   1         0.21826441859185208
1593.2392498224945   4976.878311444852    1         1.109076469986093
8401.826870170755    826.8980344217509    1         1.156251173180361
13375.257923124856   9881.276982084095    1         9.16400031229542
-1152.6482262457466  -464.6875671097332   1         1.2058292156381953
2531.642396263087    -640.8436330124205   1         23.688913697850456
7155.322193127994    -4154.163929535697   1         0.8570602842991413
5819.934438971473    -3435.58515052983    1         1.0259121207820179
-12108.723748829801  10782.822254649942   1         38.906435806539555
-11295.265500914542  17417.7073135268     1         29.70298371624107
-7706.764688563811   -5367.339027361007   1         10.196852950344395
14586.271811658084   -4693.103919519001   1         1.1366867964218454
5606.1094634391      -1489.1989569569091  1         1.0817097433439107
-2473.813889671959   3062.0240207625307   1         0.7882082154489203
