trucks_count 2
drones_count 2
customers 20
depot 0.0 0.0
Coordinate X         Coordinate Y         Dronable Demand
801.4797755023129    -7572.273436422214   1         15.960750925502879
-421.8713563473609   705.4716916925311    1         1.1817841733086787
7661.198620962813    6556.463380564006    1         0.18223344276856873
5796.227090416676    -1826.6398550444828  1         0.3710563831809668
1425.4465799588363   3521.067836336238    1         1.0902255466234183
-9868.45763655969    15469.625124454426   1         1.1259943858649148
-17249.586288487346  -2680.1178165578913  1         28.40316313352434
-7213.840336448936   3563.953016661196    1         0.5605130972864864
1425.3835124846746   -9827.82057751409    1         0.5168553835619096
6525.85257227068     -3459.9186874864513  1         1.1487798462230558
3823.743241555095    3791.4841853804546   1         6.165021589793648
3171.2258691456454   9574.015579056377    1         33.333934361521216
8471.406870917073    -5031.846684982294   1         0.2635527501722441
-3215.1662458423884  6268.205576899385    1         0.22137370428589337
16112.672778992928   -5690.856269761734   1         5.3771704404304534
-4095.0449709553795  2261.388132038457    1         0.5565881266706366
-1092.3484933006912  16490.09591792695    1         0.6523170386531889
-3789.1791841345694  -15662.287453246809  1         43.29023607771743
-146.7127237088808   -9847.948445962658   1         0.7779807506604413
2966.453139624813    12589.85162331993    1         3.3859786496444646
