trucks_count 2
drones_count 2
customers 20
depot 0.0 0.0
Coordinate X         Coordinate Y         Dronable Demand
-4616.80825758391    -7513.909002880297   1         0.35310446091517966
971.251800910379     4450.535613423013    1         1.0958192979534256
-9101.568707848359   2574.6904932370308   1         0.49118969312479754
10612.774351208507   8574.939396334412    1         0.3153061540490508
-16303.543962501748  3339.384080922795    1         47.3020406502997
-2775.2026974143173  6940.723656175543    1         0.5652051917703272
14550.294803249442   -9518.938536880632   1         0.5412638002592167
1929.1389926780978   -6934.13058569252    1         0.9372358865127504
8489.157254855276    9112.042731858055    1         8.368324859446144
-1355.6570540024268  4327.500031269507    1         0.7752320366559905
12717.57174456731    -12706.541460122557  1         0.7312319267992816
-3304.6982612147403  9120.256333809868    1         0.9903529767010087
14432.22328923451    -6289.035197182069   1         1.2457764594108904
-6695.800535993192   8163.080594818586    1         0.9516100098878562
4987.589384416522    4690.611016225284    1         0.5729674526695787
10057.737059807925   -4877.1174433228225  1         25.81434907654539
17131.584186792235   1651.4614972889394   1         0.9107913739239832
-8230.31267487616    -2066.6946892559336  1         1.008681870109106
487.3281135527091    -4510.105369230454   1         1.0389124776639762
-3794.587978595713   -868.8212999686219   1         0.8453181141940884
