trucks_count 1
drones_count 0
customers 20
depot 0.0 0.0
Coordinate X         Coordinate Y         Dronable Demand
-4245.937455369701   2741.344935469069    1         0.43886431364461587
8143.368270239011    -14011.865020434909  1         20.664498345345994
-14549.360971717138  2061.577924736699    1         0.2517817522778186
10353.320479244067   2566.649333817337    1         32.44003214595351
2062.3798612623214   75.39468069535283    1         39.1604218834877
8361.141780225513    13737.357939627458   1         42.36355301660711
-2421.9215936898963  6546.213354213116    1         0.705850377671287
15570.609209891918   2734.7773108497604   1         0.9379679959123567
3944.71755268332     -379.25563588105433  1         13.354570844528958
9472.691874207874    -3119.2890238262535  1         0.972756163470787
-6425.721053138102   124.94321070888365   1         1.1402444750165233
10882.602199795921   -12843.145366124227  1         21.147169711758043
-9355.577550691662   -7192.390489838672   1         1.212692977863553
-8143.081676037142   -7418.085564163723   1         19.03444575225111
6070.2586002467315   -4853.823189705296   1         0.30648642967346185
4261.821405321776    7298.394394673515    1         0.8859307575820268
-7523.713665877094   4792.451943527106    1         0.11440887536113768
6948.732027516151    5755.087828748326    1         0.7212769788922775
368.97167563970527   9328.223318135402    1         0.898998247953778
-2704.3915306196814  -12701.419400638255  1         0.7581810836875837
