trucks_count 2
drones_count 2
customers 20
depot 0.0 0.0
Coordinate X         Coordinate Y         Dronable Demand
-2229.5014603588547  -8128.871707567297   1         0.9924013700195204
0.6589403320158668   9925.930369571954    1         46.18197418009735
-3859.5620324554607  -7477.925237474157   1         0.3115093762648672
748.1466934785058    -4456.868283926402   1         30.469725967202915
456.2043634165011    3790.2421655462967   1         0.40342276932439225
7160.760874358501    -16390.89584172875   1         0.43625684494896655
10862.761305214914   14478.673106378352   1         16.195885892113917
-3815.152607460038   -7987.57000157628    1         1.032340797007982
3181.8212664672587   7574.317387793593    1         0.49956677570232955
4725.778892366652    -3979.2865613687354  1         0.36010398535776633
7903.115358393061    2302.7410564842944   1         0.24601008221791243
-16370.418530449671  -15665.379459802081  1         0.1765397760878103
-10882.326212524422  4937.3046902647075   1         0.6705438212563227
-3636.80896862286    -6142.056669540028   1         0.4085152724752633
6526.786940795537    16982.526494481317   1         46.35056890596715
1011.0005884653922   -5974.564864316027   1         1.1173364180254928
-5661.884070855464   2608.656732506863    1         0.4811200219652504
-7270.782062287993   994.4017731933715    1         0.893042677952696
-8685.377644326758   1400.1388834405625   1         0.5069618830550022
-5975.458790911992   4915.031387267762    1         36.830153200204876
