trucks_count 2
drones_count 2
customers 20
depot 0.0 0.0
Coordinate X         Coordinate Y         Dronable Demand
7218.203339489064    2585.114902041136    1         8.494330525166884
-15975.188546811825  311.15244728038306   1         30.06520903682974
-1187.5175407041945  178.50962427672144   1         31.927383131098416
-14383.879221325707  -2957.9752716870134  1         5.152260615990604
2236.166559502218    1456.5746881581256   1         1.0637668659947361
-543.4829622224975   6971.641371339392    1         40.603714655066426
-8396.694256828629   -4854.593920849694   1         1.153013524837281
-9920.719751172086   585.0325478835697    1         0.6397684639939047
1547.371504703797    -8439.804997329193   1         20.570916092121433
-665.8002091229753   -1287.8212505559513  1         1.1817352726476935
-9702.484021410257   -1918.542456780713   1         38.41857732860212
-4187.4070150553125  -7480.841374146741   1         0.17014560536474455
-682.3930947281551   6571.722230818266    1         0.16202454427135102
-16118.760717112547  7671.886565151817    1         0.24808635108457247
-7855.109462316149   -1588.2608634260118  1         45.764175923152145
46.51741917604477    -1567.5785732363329  1         0.559408130124746
-9555.637910217178   4264.112894375347    1         0.7192178734646192
4708.4331092779985   -3327.3511177691057  1         0.15174493374815662
-8321.859167723092   496.49215567460124   1         40.57539691725936
2518.6502882429922   -12823.427119484226  1         39.412338900092315
