trucks_count 2
drones_count 2
customers 20
depot 0.0 0.0
Coordinate X         Coordinate Y         Dronable Demand
9095.719195697664    -12798.015014101893  1         0.1883616430107356
5996.725845652157    7295.129571764639    1         0.9072425116635434
17120.527935278755   9726.869852517557    1         19.02257058217179
-3367.0543933928734  -656.0028479132438   1         0.6975138747752153
-12073.605346270175  4064.9300897274516   1         0.6725314650511449
3248.7753134504765   3200.9122882721713   1         0.8772229576000246
10547.080483057409   -4503.74705427456    1         0.9015622402196218
-7341.105895111074   -3335.033974178125   1         1.1239646963691778
777.3546152497984    407.0201164422688    1         1.4099298027028186
-1733.4604229561085  -4404.940576153147   1         0.16333640119611081
4613.932995116051    617.8320061900231    1         0.1981998337307525
-9777.82520503151    -4720.739866588058   1         0.7402716439032432
5135.30262114419     -4652.918950651789   1         0.44003782044560236
2926.1775771068387   7992.479358051136    1         1.0665393163941819
7471.003882553988    1488.3374176524273   1         0.13744452458548298
-2930.285251630246   2336.9304026526406   1         1.216688542846599
-12836.902118498812  3947.9474846751145   1         23.99911887084395
4399.188346899791    -3430.3845631344902  1         1.1424312965278025
-2958.4166100749408  -2586.4679465270306  1         0.9196902811639459
-6637.362078368499   -2394.0088012837864  1         0.19748003147841697
