trucks_count 2
drones_count 2
customers 20
depot 0.0 0.0
Coordinate X         Coordinate Y         Dronable Demand
4336.217159033062    2675.5893671514473   1         1.0624241869411957
8782.191327298395    -15554.55599185566   1         0.28920194362254426
-655.9873734413003   -311.06235950397263  1         1.0746520199393907
1727.3310174984508   5906.432982636782    1         0.26888606924937986
499.0006900057342    -11430.715663609382  1         35.16414074961924
-757.8062074725566   6826.346071484937    1         0.2642978698497179
9056.276800349457    -4863.26539907333    1         12.320584656597253
-9159.397236933912   1511.2999015264222   1         0.7386696560114538
3326.7872826533576   1604.9545888663517   1         0.6060512446057267
4812.861521693911    -5078.603762814677   1         0.14560433906234543
-814.1345127013519   10644.301024930839   1         0.8468867005914927
-6686.218340469404   -7138.355785562155   1         0.10919021469372556
-11559.213430429694  15083.760468838813   1         0.3231094159863466
3248.9434979863886   -1911.9177161230475  1         0.2502797635495584
7102.375053614604    -3412.855751924706   1         0.8571326481633271
14618.792709329591   229.90748013541088   1         17.561127496036413
-14412.666794505276  -11967.32533895295   1         17.39903073885617
-8453.853780168967   -1762.2646934856655  1         0.6044064905171452
15739.344685338336   15225.164980172798   1         42.17805569247548
-2873.471784107016   7668.089708491883    1         20.67223095333787
