trucks_count 2
drones_count 2
customers 20
depot 0.0 0.0
Coordinate X         Coordinate Y         Dronable Demand
-6240.966258573042   2482.766864917693    1         0.8743337167767796
-5989.303424640169   -8109.972235281724   1         1.0830595270601715
-4432.097814198144   5772.054068890522    1         1.1943226855520483
-14190.076704186016  -15168.403245381585  1         1.142168184343625
-5518.532405218171   5665.992681005329    1         0.14866411121752018
-5223.444263118445   -2630.4620623731084  1         0.22586676295193978
-8866.870036150345   4550.181409428071    1         0.3944327843926366
-9021.689179864086   -4184.983175564366   1         0.36610785897278675
-10642.173989809762  1039.5829578510347   1         0.9202314769985841
-11292.341311917917  -8324.92635404779    1         24.40607576399584
-6787.387394152448   -5836.940618099702   1         0.8270757414687009
3557.6670283670987   -4323.355505957876   1         0.24924754528990722
9810.563925039396    2699.1691930902043   1         1.0873280306949205
-11965.291172601608  -2113.990589601606   1         24.849003986145348
-1740.4372320918787  8957.895023758467    1         0.6443187344625485
-7631.08981271994    571.2183904040612    1         0.117117612072949
496.5158673394544    9260.720688582413    1         0.34288168084918824
4109.855968896938    -2563.4562253529384  1         0.49067070147068736
7667.4765192433115   12757.412364416843   1         10.035881375860614
-1333.7082810930792  -4201.022849591627   1         21.295865260018505
