trucks_count 2
drones_count 2
customers 20
depot 0.0 0.0
Coordinate X         Coordinate Y         Dronable Demand
-3357.186670672366   4598.57581160332     1         0.6666847567121869
16728.594602937796   10482.67498025325    1         25.124591210966695
13366.650683832937   -11223.485583879043  1         0.8546831845516758
-6923.536703034686   2728.5222068885028   1         0.9016928261776602
4386.069508024741    4154.9337690155935   1         1.202618233851806
-9207.796972146007   -5337.824926615875   1         44.16843669963889
-203.39416951900336  6384.105212643971    1         0.9070212918901326
2406.6083352971036   14966.63410031161    1         3.63888715640906
5688.306510669936    2565.6996804866794   1         0.2762500147687439
10080.354871049516   1085.1116165444218   1         0.1693437209853215
11999.217970843598   -7940.288167777026   1         0.7255917179355338
-15917.888148038704  -2797.6159064268813  1         0.5320554348956604
-1995.4609188849718  -3106.971142287599   1         5.692378903306922
5033.907388159434    -8548.794093803523   1         1.243173196333045
10183.032631444039   -1453.352386349343   1         0.8745754780084353
-4091.111574984187   5490.188102333301    1         0.30236180666046375
-14480.403102245504  -12225.487780950833  1         31.39241118504748
-8239.608301569044   5009.1709541270375   1         0.6089843730286745
-8097.287038930114   7036.983449996058    1         46.48926222388693
8786.764381031167    9472.01204156215     1         0.24469252425653434
