trucks_count 2
drones_count 2
customers 20
depot 0.0 0.0
Coordinate X         Coordinate Y         Dronable Demand
8146.931539672416    -1468.1675166427885  1         0.14652701225927636
-5341.977039794221   8328.908310261464    1         1.163756736083653
-1134.334308402171   -2927.5527639500397  1         0.5077376143522079
4998.778546406017    2185.8382208222315   1         0.3168606646502053
1904.5191152483428   7096.865770742371    1         1.247145974939859
13883.595286482814   -241.2547451086357   1         29.75125269273642
10108.49931522481    14093.709972763656   1         0.43774355957581235
-221.59176435921108  1411.1908058165172   1         0.517828503039808
-1114.52631479445    1833.5839838176844   1         1.087408226797979
-6582.497223549059   -509.94675847825397  1         0.5828175502258833
5148.557850013795    8407.340203466532    1         0.46583320291497565
1467.1081008585315   -660.7986366521764   1         0.8313100304521107
-1246.4643208398447  5604.635075332189    1         0.9555284074732896
4968.490654800708    -2907.672598074085   1         1.9408221145310205
-4421.351347825876   -7540.929942045047   1         40.54290605832142
7350.96846573664     -920.0929866909763   1         0.28427356770309825
3785.3613176062513   5221.598285144865    1         0.7051366984187253
3128.4064732614133   5407.672579654187    1         0.23467982637927498
8496.70800143804     16092.867410152488   1         0.32233176224441185
-524.3021037379001   -1893.68324423546    1         0.4860550476997826
