trucks_count 2
drones_count 2
customers 20
depot 0.0 0.0
Coordinate X         Coordinate Y         Dronable Demand
12731.85184110247    8083.020511415896    1         0.9052973389428852
11638.638530865934   2451.701564899133    1         5.409746526084318
-1218.4950393501895  340.2297675956539    1         0.7280830683636116
-12301.66219704576   -2005.831819393583   1         1.6596641306561666
3146.335918573514    1726.1890976303923   1         0.9457260494345088
7415.885375075242    7249.714993723408    1         0.6084754690832045
-3060.1719364047012  -7899.827583239329   1         30.60950741007894
5904.140690988279    665.1411522801209    1         1.241246093003507
3162.8743997185293   2957.6456458809566   1         25.79851017057476
-15101.144027958353  -13302.56863042576   1         12.008749871196542
-8788.947912246185   3728.836621160724    1         0.43933426158474753
-1343.3830405108893  -11692.170949051419  1         31.551881295473677
-3011.1899577115687  2056.7745976206484   1         0.5717957216579815
-11910.540889029722  -4366.352149620387   1         11.73805134656263
8322.74492689448     3139.7137543722492   1         0.5536684951778462
-6302.445182922438   -4672.25910035925    1         0.879635476714399
16093.001411162717   13077.562575524487   1         0.517924214626526
-2712.484451874534   607.4061639253923    1         1.014813338916247
5004.177050142949    7658.130058536193    1         31.106801368167492
-5845.638876247407   -4680.0437813762055  1         15.396346429372096
