trucks_count 2
drones_count 2
customers 20
depot 0.0 0.0
Coordinate X         Coordinate Y         Dronable Demand
3624.5942070346755   259.50304812876857   1         44.72361535772603
-10871.786175299148  -3883.3278723243457  1         26.158019755193045
-7054.352272317141   5337.41828185826     1         0.9001886362611271
-2271.809990353051   -5941.365899742574   1         0.7500564287458388
-773.9851704888184   -5471.186971766632   1         0.7535322211479019
-15009.679173541981  -10705.052868254792  1         0.30366764973904203
-12710.381488073279  -6690.805075961331   1         14.824290836419756
-4215.246624408672   -5700.584233165948   1         2.6934699111140814
1421.0623365547378   -8379.030028476001   1         40.16866814840335
11604.58934158121    -10691.72169201764   1         0.26136901108058885
-7070.508937712409   8335.200388997804    1         0.7372805236066932
16937.686578564055   -386.37434032718375  1         0.6007042412876686
-9456.493112010243   1719.41765400979     1         0.36539043196591825
-2740.3122421007633  -2210.766907838692   1         1.140412757717734
-11934.77979029328   11507.173460516264   1         4.77078433547293
3669.2273034296413   8629.907769730453    1         25.275615730425244
4459.180199000311    -8507.181264708925   1         0.2712053303340482
-476.68222135883116  -14985.12782404504   1         0.16741352476925864
-13337.297336982618  -8252.366122367368   1         1.0500895117318403
1885.953122633895    -15154.277690470346  1         0.3476321624699935
