trucks_count 2
drones_count 2
customers 20
depot 0.0 0.0
Coordinate X         Coordinate Y         Dronable Demand
7500.1633129618895   -2175.1401999849786  1         0.48325617881152616
-9457.011733386978   -3542.8550212036116  1         1.2353749521546025
7183.826236754976    10389.085534309928   1         0.13886733138476343
9171.990536963673    2634.3284383751998   1         1.0611155404641455
-3548.870070515897   -17011.70620550885   1         18.08940029199027
-5116.025219693549   -4593.479772310604   1         0.8253000531181965
2153.0113487319827   221.9289561833626    1         0.4096085036170004
-471.86398651131094  16970.144448325096   1         39.754095283223876
10412.708729814804   14016.132704516931   1         22.752716005324398
16467.21312221331    -12531.281915041913  1         21.41535467131975
-6457.178905997159   555.240120323242     1         0.3446991787550948
-3102.8495801887548  -13853.369092837458  1         40.02198609278519
15664.236399626454   -5988.948404934263   1         0.4513252474735926
12250.873491076181   -15777.839630801065  1         39.20797683814671
7581.039483732105    5987.223057497537    1         4.741885190497228
4720.522593994232    6288.395882130551    1         0.28657528823031425
-14160.349252386703  2828.54040097311     1         47.585274766431034
-2524.7197295761293  8322.644816811959    1         0.85653785942801
-4678.415246679247   -7481.273062208401   1         0.6124185938762774
3173.4559407629235   4434.379419950558    1         0.5419479999044972
