trucks_count 2
drones_count 2
customers 20
depot 0.0 0.0
Coordinate X         Coordinate Y         Dronable Demand
7010.104839234567    1894.937682005953    1         0.6362871445501584
-7816.345793464805   8119.347416497956    1         17.058684233091412
15934.913053674725   3843.7718601303022   1         20.473981014890384
9740.096137227018    1441.3916215221495   1         5.767156728863178
5887.889116647897    8085.641993995687    1         6.155337132804152
7976.907800109335    5468.286498886451    1         0.42194439194445266
9603.602066691139    11998.858253525115   1         0.4657226868804668
1428.4845181608928   9113.034252235226    1         0.6568223838005438
-2809.7402432550025  -15730.607531135433  1         21.822623448696355
7333.6559877023265   3298.071283641987    1         20.156899922515215
5780.701586827323    4952.937776927448    1         0.3119176243996198
-17486.166245856653  13024.638877863516   1         0.15076816276881622
1415.0234479577991   302.2819663708266    1         0.5659947729458121
-16431.60444241078   -10238.854554373387  1         1.0587015100905055
5634.089336814436    -5550.269708054728   1         0.7044147649131967
-8870.80292762259    86.96459179676094    1         0.8276526940022075
-6625.449582179837   -7396.878951613256   1         1.0550245665684743
-14183.532358030172  -13983.406577843445  1         46.58650452895765
13635.976852244516   13020.888695534191   1         46.8784632163683
-10387.006690765047  1280.0512289869926   1         0.633750398562615
