trucks_count 2
drones_count 2
customers 20
depot 0.0 0.0
Coordinate X         Coordinate Y         Dronable Demand
17032.400206022307   -5772.904904454663   1         0.6890623932748883
-7455.889228456351   4637.4086635660215   1         0.36312108279655375
9494.47723379036     2285.161241884478    1         6.495521447589917
3065.933610375943    -3510.538558248129   1         0.8335051803944105
515.518583789697     8640.676956927742    1         0.8989441082372168
5571.798898168894    327.3983309532868    1         0.2705359159411567
15484.525595192892   -15940.37779400936   1         6.889195310022111
14885.139300380128   14348.3989615217     1         40.93090212449488
3012.3924631654063   -8635.131764630712   1         0.15430174024423735
8198.338703316247    -9389.152116798596   1         1.036586292404887
8597.301646075935    -10093.20807806585   1         1.0512235434609576
-1704.945496182194   -7220.505305445657   1         0.1129207156964523
3850.1027226866936   9787.883027996235    1         0.12981138117944602
-5930.916838931261   6586.663600256698    1         17.44449914385313
-738.8756335231338   -2021.5751703717501  1         0.4828847111166086
-3506.0358102359596  -6508.668090426915   1         0.8957184763649749
8807.417363521028    12340.98515753921    1         0.8333826829426649
10368.650861484752   -17128.117548304268  1         23.776093107836235
3337.13450458469     -571.4773513371365   1         0.8757641275701626
1164.0821283625703   -4542.558667141316   1         0.8965971076648301
