trucks_count 2
drones_count 2
customers 20
depot 0.0 0.0
Coordinate X         Coordinate Y         Dronable Demand
-130.17211670553505  -8990.310663393102   1         0.7046198134263881
-3555.7594659724473  6437.36638192544     1         0.6785088112505563
-6432.908609839376   -5494.280649535313   1         0.9964392176907156
1830.8585464505952   -9258.125879774905   1         1.090708774244774
12041.453949907711   7936.053335002467    1         30.88142814720224
4617.114455126763    2571.6568124081887   1         1.0480285924699704
2821.092435107426    6170.1969915376285   1         0.5233993482132981
8191.815236013702    -2119.992464322265   1         0.45740544218514156
12.473164816166168   -1436.9699471475844  1         0.33885789600064736
-2481.667340887876   5418.304558845863    1         1.1970561782195577
-11112.98347165322   12413.516891332889   1         0.9612762050706316
-9779.505656299343   4154.266407641965    1         18.00658506678313
-3547.119218190186   -7521.895593728483   1         18.496584258451826
-8334.246059168845   5738.491554712213    1         0.8942492419771247
6672.713590747473    -15797.039918292856  1         0.6605590808187835
-7183.3770958891     -6530.691445274167   1         3.738176913595521
13876.196730815489   -16105.171937417232  1         0.3702003376581572
1434.9977382488712   -3771.1445180816695  1         0.33919290243066547
-6754.31433904454    6769.89981783023     1         0.4955866495151411
-1397.7378320344235  -9732.503142695861   1         17.317050255851573
