trucks_count 2
drones_count 2
customers 20
depot 0.0 0.0
Coordinate X         Coordinate Y         Dronable Demand
16717.83745786317    14871.624639549489   1         27.103744562356912
3162.821552358102    3564.121146084821    1         1.044177489470476
17117.228520471006   -583.4659641324179   1         1.6600086492191464
1646.137239000327    -4819.29018827972    1         0.9025783103552814
5741.686672545358    -6936.963162507771   1         32.55475748193476
6570.837724700894    9848.72396841157     1         0.7144380860203634
8685.397513890453    -4953.154185067202   1         0.9166289920488966
3441.542350494927    -5852.741761208797   1         25.007917021676423
-13654.895279181113  2020.9919122530519   1         0.6426931153568968
8393.087171600091    -7621.314189076886   1         10.47096796101555
16861.75704906808    -452.0475554067925   1         0.6656284161927133
-5676.052249605226   6888.9829292599925   1         0.7448969627662319
5760.882908816608    5643.493229401663    1         0.989549587981819
16852.40566715161    -15141.362323357022  1         1.0471630482199976
-9205.728416622807   -3994.880300605518   1         41.5953454934682
10708.517787816189   438.734402512011     1         0.3916538917186
6761.233714534256    -5540.501370444349   1         0.9603106943265841
-9465.068326633693   15600.080768053049   1         0.9317657624779984
8742.187143672058    -14834.08515268145   1         9.696414437889839
-9475.543515849107   -3881.3321845727287  1         0.4798073626563759
