trucks_count 2
drones_count 2
customers 20
depot 0.0 0.0
Coordinate X         Coordinate Y         Dronable Demand
-1123.0150596067342  -662.8968648205446   1         0.8551424713161423
1824.9640371944515   -2126.6223627217114  1         1.1089842281216502
-1639.006531760778   6024.1154433072525   1         0.4310579176933971
-7461.990666149295   -1692.4906787209188  1         0.2650339953873914
4909.848932129604    -6865.722329696993   1         0.41233593885432496
-9846.867764843772   1006.0930307342792   1         8.245068141131894
12395.288510576393   3543.5012934809856   1         0.21310598098524333
-121.1388521153749   11733.752211981933   1         0.7232173552701662
-251.1127017591356   -1786.3165051017056  1         0.3931146415032478
-9774.823580417004   4790.35922331363     1         3.034819912465118
-2902.4927815080373  -10460.153322498603  1         0.4848489726152687
17499.311107440066   8362.571137766681    1         31.904469522387924
-7283.633142830711   -4299.742011111214   1         0.28866152204524814
-3471.977696127644   448.15791859612364   1         0.9967272161211552
13890.136424111945   -17155.190067490596  1         28.335894159908975
7778.415183803649    13527.366453380637   1         0.2711140664487528
6367.188141072545    6191.668079333673    1         6.7972229387683925
-6768.381367077764   -2734.556944648312   1         0.35616676850578555
4306.802090138928    3109.0186252972308   1         0.893773878714864
4299.19441123075     -14697.429559843518  1         0.6630075418577842
