trucks_count 2
drones_count 2
customers 20
depot 0.0 0.0
Coordinate X         Coordinate Y         Dronable Demand
-9607.15107469929    -1675.8987168328276  1         0.662509448765396
-3080.8196888470993  -9007.421256353893   1         41.512664922437644
-10756.638949096643  5928.469240882459    1         0.6482661582314027
1548.0109732388319   -9094.291348430912   1         1.0678461008863065
-3003.1491784165737  11993.677536859173   1         41.151005538469406
-3953.508419985237   -3123.9503960901056  1         0.6649000878810526
4069.582108339766    -4618.253441284255   1         21.20091916407902
-16475.762777123855  12823.159046303252   1         0.8661688676149127
3592.2296934089545   8131.109946421774    1         0.8758471331085198
-16171.93949950409   11304.565242595363   1         33.94035608790551
13807.029165748401   6471.709757012326    1         5.842239856558213
5860.631887718806    907.45258123042      1         0.8804371479637331
-2813.6030583338747  2028.8794964147178   1         26.738115678621057
-446.78412116471986  -6250.013518481874   1         30.37687567645389
6755.275440929534    -4749.946805503489   1         0.42764071288569694
17081.384821506595   6143.682576101306    1         46.02230099630343
16555.663651368544   -12021.39325546857   1         0.5367525642552382
6037.971996039912    3816.932183143715    1         36.607360260371145
4894.475769649164    6808.011025058227    1         0.9736650187271292
-8745.176670560686   6197.839723110096    1         0.6737364840838626
