trucks_count 2
drones_count 2
customers 20
depot 0.0 0.0
Coordinate X         Coordinate Y         Dronable Demand
-4486.883529015142   5716.096625776041    1         1.184719045544714
6054.92020820669     5304.024962203876    1         0.4023203551603617
5328.172726548751    895.0545675371231    1         0.167399531532547
-11804.105253264872  1185.0927613392123   1         0.9291973082766369
214.86821359445216   -4089.776227592988   1         0.4747818731734049
12414.525850847574   -17103.809532451614  1         13.046449719468175
5410.005814651089    1152.4574892093294   1         0.8746348662132594
-12770.574798617274  9718.738501304731    1         1.8767950096755341
7949.162123656419    -5124.611293878548   1         1.1706863311728177
7332.092804627275    3094.8100341876766   1         0.5323226212096657
73.38944717497725    10116.794613066573   1         1.1792621603644893
10980.735161886489   3937.256760492626    1         11.136463664207797
-11099.934987179035  -5760.390818044345   1         1.051581200700653
6579.769692316553    6519.2311678123115   1         32.27268219911983
-1670.776863818299   -1363.527630918556   1         0.22753139251038024
5038.498208632187    -3013.829272682484   1         10.814003048909417
1457.1758003406326   8708.921065955654    1         12.650493278130849
-9057.274477120665   -15535.055538264522  1         26.478808495452032
8463.84973006785     -6672.605623619731   1         45.08345630022374
-11301.149904161108  -14806.1832723496    1         0.9644107469477019
