trucks_count 2
drones_count 2
customers 20
depot 0.0 0.0
Coordinate X         Coordinate Y         Dronable Demand
11551.949018269104   6654.852583990865    1         28.45381673191055
7278.453306466345    3485.378236926481    1         0.4685934084367954
5644.929627189278    16238.935463498208   1         48.55168046845134
411.24115701381646   6782.255049349013    1         13.47759698035086
-13099.82065390738   14.11582253421875    1         34.27969988301521
16919.796183396218   9574.163599023155    1         8.465020061725875
-3162.6937420992845  3748.465028459975    1         25.257688505031645
-3750.4375100783204  29.435187591605427   1         0.3254884831767159
-2914.277852452857   -7533.904146771425   1         0.6819145965867218
1647.3427512671224   -16749.236202970013  1         1.1100881282111144
-8075.448990776099   -441.63377808850777  1         0.18321828789700334
-5315.074509752301   240.17847985135754   1         0.7100931267218876
-3085.482042834954   -4860.940328568493   1         23.16649751418156
8802.788163706304    6775.956747908138    1         0.8754747679948613
1287.6967625064863   3042.111183980316    1         0.56617477253482
7991.201405380751    -6504.043261487168   1         0.4826678207682138
2914.34817922605     1267.4154005244382   1         0.957267702603617
-1705.6800629211054  4438.088229569129    1         0.822687579612022
4994.374278135673    4870.132512113977    1         35.67276179693084
10983.976722275333   -7456.2356004543035  1         1.1355705313085616
