trucks_count 2
drones_count 2
customers 20
depot 0.0 0.0
Coordinate X         Coordinate Y         Dronable Demand
-6602.898015914478   7302.464074831965    1         41.33007180616897
-6995.750835160261   -7725.206577073108   1         0.17312240867451323
4883.2515008609735   7897.508607074349    1         1.116814019741635
4812.3166677597455   -5739.805833754854   1         17.40281833149232
5080.082073506316    4740.29111138813     1         9.808178463486096
-13316.813348666377  7954.685519497227    1         25.594086988239297
384.8940000829197    -1845.485525796209   1         0.7520666458758807
-4406.504540044789   -9986.637455296806   1         31.671834496116386
1708.7867702795306   -10708.420496046438  1         15.497729785585312
8838.36677437173     -11028.64096812753   1         3.187201960195095
-11082.447515818807  8234.233665993324    1         47.810963516557074
1221.7179901336142   4794.628631697533    1         38.479179381735236
-4715.20465325582    -2618.7364499715495  1         0.38914676059869957
15605.54433869959    -4681.167227157237   1         0.5565292440045967
10455.320819719585   -2203.518658637454   1         1.2069871499267535
6982.285482402731    -16226.481485053582  1         0.622441909962032
279.00227085746883   9908.096854875039    1         7.703483051583568
10110.1794947533     1552.9675467871766   1         0.9473700993051626
-14498.109262525897  -4255.366358747366   1         7.050006955224582
4290.364937426566    -10890.51435503062   1         1.9917584494480982
