trucks_count 2
drones_count 2
customers 20
depot 0.0 0.0
Coordinate X         Coordinate Y         Dronable Demand
1277.0232978626843   10714.62341085917    1         0.846359793685929
1170.5593996868101   7819.955952336777    1         0.8095065719203739
162.68974498645184   -2480.8148993171762  1         1.1398434976148852
-7656.887307539437   2435.8952817605586   1         10.76223120744741
8896.790704510178    -9239.920062523492   1         0.43469871545711636
-405.50237024555935  7795.0983848661435   1         0.8989682780115521
-8004.938035439247   3827.834999705001    1         38.89560877359984
4806.151953192331    -4574.625742128375   1         0.18650369020808855
-11840.282511253861  15812.997660097375   1         45.574044252563056
-3570.90266808267    8553.275616825074    1         0.926290775639164
-2320.9563637607584  5736.5926090460725   1         24.07785724797342
13760.318988713483   7470.816812658115    1         0.5663675338079015
-10799.101140339852  -570.4770430042372   1         0.6760096822604469
-9764.68253220753    564.7636787271005    1         20.81358948630875
920.368577345456     -3313.2886548367715  1         0.7672381894676459
-616.0154140898633   8902.685259739716    1         1.7216045071212207
-5564.216045549419   8005.036022449669    1         0.6472671788258396
-4720.938522477217   2870.311075099879    1         8.523728187260101
566.1863102885902    353.8397794870894    1         0.9933248232742012
16606.975332357048   2991.886781597779    1         44.824106866142614
