trucks_count 2
drones_count 2
customers 20
depot 0.0 0.0
Coordinate X         Coordinate Y         Dronable Demand
887.0315717246137    8153.186663423185    1         45.21739471774781
-14113.205365348938  8887.952699012301    1         0.6535575887030884
-6186.001241937662   -7523.759458621848   1         0.8676482767291659
-5609.498890881341   -6186.585770062855   1         0.2509634672436807
640.129976188302     4435.882234501485    1         2.4178166970448585
-8894.508182914169   17254.12521096973    1         0.49181862235099083
10354.00575653651    -4820.630386909417   1         1.225772659666909
-9178.295878808547   3283.3137019627925   1         35.11267068091715
-5892.587595626249   -7339.299953236537   1         0.7380395946761709
-1059.1738085110662  2410.001181536369    1         0.4563112985095963
-3005.6404373181904  12989.129477513434   1         0.6539562865491941
-5217.494756353126   -8580.60104109681    1         0.8703938784867554
4096.376136654166    -1886.7555164555142  1         0.5917183018213885
-8573.115399327065   -5662.71549538628    1         0.28009855871494727
15876.065572166444   -16330.316662768839  1         0.5651709431958367
-2521.128011880599   -5244.486337456217   1         0.7478322499610409
-957.6005748052766   9818.151624734475    1         0.7170569873337338
10148.922833329505   1813.8136869100886   1         0.9744097656158377
7859.694194184815    6777.114224770385    1         33.63803518503734
10288.07226929137    2800.285807438611    1         0.18946821898110372
