trucks_count 2
drones_count 2
customers 20
depot 0.0 0.0
Coordinate X         Coordinate Y         Dronable Demand
-679.5436875657956   4387.761386580642    1         0.7795185709219421
1482.3767230401688   6051.748938325412    1         0.9605640512677952
-6841.707328534756   2231.935621999592    1         10.54491599330102
-11606.14843657643   -17091.331156737873  1         27.647734394678917
-6474.085661952584   -2853.4412877841073  1         0.6563523303610779
1777.4999276238682   -5650.009008575702   1         0.3356710772304018
-2909.029649083879   6492.49677644058     1         1.1826158161828766
-10919.622176973658  512.2688883292296    1         0.19191687465182417
-8386.09435496264    2112.939203736196    1         0.1152224732898544
-3709.579472403129   -8218.746580395342   1         0.2548524457402741
3921.8626889932993   8249.438923104462    1         32.26538879057908
-13575.68991805425   4700.624079617508    1         1.164793105501937
-4541.423790411824   -5.070429005092592   1         25.181113115666115
14368.184463099882   -2945.532869707742   1         18.114650303861946
15715.053229198747   -2268.367893892144   1         1.0238407126329627
5921.503057717597    4942.160164020752    1         1.2202533480618885
-16717.372921559174  -14695.981504482612  1         0.6804107732565658
-3075.7242198638683  3241.838832749437    1         1.0059306398830248
1753.1695041373796   -867.3263143806024   1         0.569661019165973
-6008.808586096085   1235.2243339075635   1         0.6061195350296986
