trucks_count 2
drones_count 2
customers 20
depot 0.0 0.0
Coordinate X         Coordinate Y         Dronable Demand
-11349.240260666174  -5190.4063604067105  1         1.1815533540111114
9635.622353703708    -11952.113923615421  1         8.400848319546412
2263.95881116726     9230.936374159512    1         1.242639361640768
69.72855818493402    -9512.067331133218   1         2.8242658582258926
13525.542827261368   3639.6522762238383   1         0.9352650149060635
-8900.361065955023   7545.68105566757     1         3.3879849541039135
16458.47865410702    14350.620083966161   1         25.008528887464717
10069.58543397929    -17287.449471076037  1         47.504052280052456
-5981.590504233326   -3699.7407833688244  1         36.757962512025344
7943.924539252865    12205.822927959372   1         4.265032568617061
-9221.431178181512   4228.177999946268    1         0.20377665064101375
16421.747737066573   6257.784531322195    1         0.3991511296294854
-9055.287938766183   2272.2128518300647   1         39.19405365880889
-8239.16203202452    -154.0291580557844   1         1.2134434877825169
11445.36457044697    3045.9737617831415   1         4.638816311438864
1477.1037868101926   -9889.319710166194   1         0.820819798143379
392.3967429269869    9496.27672994978     1         0.5708176538193694
4394.690978153801    2845.6141547054267   1         0.8926781247362817
-8375.603346491498   2872.8428912058816   1         0.9377640260878174
5591.992760927856    283.8128926636839    1         0.781939132486963
