trucks_count 3
drones_count 2
customers 40
depot 0.0 0.0
Coordinate X         Coordinate Y         Dronable Demand
-6184.968471332899   3904.762441771362    1         0.17001501961704146
1852.5956820745662   7781.514204813886    1         1.0632637729571455
-4425.741788565626   -2502.612546591241   1         12.418561181690253
-14254.74383980822   -11904.686039030526  1         38.71118311713116
4321.962535591055    -1427.9873153104293  1         42.12894803878186
-3491.990168584631   6787.006192035936    1         3.5714093964269535
-8225.894238868328   1293.0330228474288   1         1.1203845001845651
617.9225583441855    4056.3846622939855   1         0.7269805709440417
5265.024421000088    -1030.2005359011973  1         0.531049714214776
4783.45981709085     -5094.186350778355   1         0.7759973811122787
10356.874315019113   533.9373731675346    1         1.0674786886055503
7629.005886232614    -1231.0847660692532  1         36.320368895935836
-4845.962653217158   8923.245603704838    1         19.112754032349457
8265.076505189149    4151.498974774437    1         33.97743905343982
2332.268198375596    -5098.313023841723   1         0.8745415340996958
15514.181122249398   -4934.621258152862   1         0.1575361992701001
-4550.667230656495   -2623.551358702463   1         1.16939384795633
-8353.058145326038   -8355.20609915521    1         0.15281772536935828
-623.3929777637946   6873.500522053085    1         30.08144509628303
-3774.7322717130555  15472.539148141905   1         9.13986289778072
-9499.398013458675   11496.325555629172   1         0.9646654880841231
622.0579390838187    -7980.72857817696    1         0.28114974824489114
2371.0633492103007   5294.972879904407    1         0.37880019136555765
-4710.022671324935   -2546.859347415232   1         1.1767598743855665
809.7342502634333    -5604.474523820373   1         0.5431571215769291
1671.8662194940994   6938.8470156209605   1         1.0237402524194736
-333.58598506641175  -9491.356139332205   1         1.2147642583562708
3839.414416114107    2036.1728358103985   1         44.15802620953736
1109.6150692237188   -2137.0125265805054  1         0.41910025931495765
7473.142683057408    -2374.280813336672   1         0.7211389382275698
-4862.4029031108885  -6004.387448719241   1         29.116247447048423
5307.918416919631    -5586.830554191687   1         7.433432001651592
-10455.831078493447  4645.708846463231    1         9.513241764894484
4208.422777229866    -5978.189878274374   1         0.5444503654542221
-1815.5540951052426  -9718.350198136568   1         1.0393469407353662
-10271.146416028128  2459.3681983242423   1         46.96804803722086
-8650.107172624497   -717.0732554203997   1         1.180125539846528
10331.321670073366   650.6975388478729    1         32.681111386644886
5811.30598204646     -5813.225213615374   1         0.7738582595956676
794.3961124267336    2038.80678987509     1         0.8598367229701983
