trucks_count 4
drones_count 6
customers 81
depot 0.0 0.0
Coordinate X         Coordinate Y         Dronable Demand
7224.9001003632875   -1457.6754532670209  1         0.40461296781623457
-5323.1315495816325  7730.72511643731     1         30.70823534276324
-1774.7020997745014  -1355.9688662592534  1         19.99679310642259
-3155.701733239986   8223.397365365034    1         0.9893117018287009
-4703.71760021268    5444.816783067533    1         31.54734465573248
14271.350071021427   -12187.720175533743  1         6.102149759582325
6446.294956338096    5826.929785177942    1         0.29840564527093216
-7759.296166535508   7671.2019758360575   1         0.4644872302601879
-5099.080439011614   2645.2349261210456   1         0.6938584503779265
9989.194481290591    -2101.3510231981477  1         0.3570455484338293
-1.2571298952414147  9399.013691577922    1         1.016249395436031
2984.764869128698    -7870.91346806249    1         0.40465506746794666
10425.43047853904    -911.4297677535272   1         0.24523872819878986
-1187.99423016283    5400.572115988313    1         0.5782302969537451
-6816.133753991331   -3597.7366616586287  1         0.37700311434460687
-4113.01457715976    -9959.921962342605   1         23.39881136169858
-12612.612991504142  8435.674729287088    1         0.5515775301373229
974.7660213537241    -1217.967053379492   1         0.6943184034704335
-5470.243030413312   4252.910023592098    1         0.29770526626626337
3720.3581111669364   978.2153342715726    1         1.0188948380990166
6590.982613340477    4272.616320446667    1         0.6108013382650457
-5699.003930785214   -5596.519675047556   1         0.7871520951373872
4738.451106288057    3813.108234897539    1         31.042595172230982
5060.123743521601    -3497.6792735053978  1         1.1843568543698808
-826.0714535814083   -6738.329369845399   1         0.3577168315364724
-6985.357656328204   -6508.476386072743   1         0.7766261437857855
8226.944921960343    6856.246044747428    1         1.2147346135720734
-3576.67396014956    10104.519923017215   1         0.9863843339393454
1815.8548098748115   -1335.1561907716707  1         0.2870866057436217
-8050.762320628246   523.2974470197872    1         0.861613035292112
4785.442033957786    4890.03354749648     1         0.7573647926093566
3412.9456299197227   5792.554132852218    1         0.954154570401812
-1817.3379699810648  -1846.1751065525168  1         1.0386318924910416
-7152.270720701646   222.79659949509985   1         0.6677393752303836
-10326.35797840487   13085.766374915509   1         45.86173069346446
9255.867130862418    1882.3477531045824   1         1.00924711243765
7459.970247492033    5290.879027935578    1         8.570320640851547
90.23305417588568    6293.4598781032      1         0.234151034777756
3756.5664023395043   -8361.975504487162   1         0.9014445587433132
13335.349676430817   -14955.862047980154  1         11.119529382837102
-7411.316779344308   7689.643894728717    1         1.1366487136969465
4971.260609992376    5625.065204743403    1         0.8461343491319459
3233.666827179148    -2589.65581100564    1         0.755751960819423
4728.100435538721    -1662.9788507968187  1         16.796045529818315
4731.790284362061    -5341.234573895683   1         0.7842087833482061
4571.989393978427    -233.64074830824532  1         0.17499666002040873
-4768.131355308008   -1767.0302410454378  1         0.8427947667349335
-8095.457956259141   6050.399778094989    1         11.464122013683982
-8701.950383864309   12659.392892712394   1         0.6165149391358449
-12048.234725841021  -5510.922787465266   1         0.7351473755233427
-8126.625931191747   -4832.409974752499   1         0.2850304662708595
-4158.676643604891   -3187.0000795062056  1         0.5877176997115685
-6242.508591017413   -11639.718921568907  1         0.42144214111114164
-1533.9309871333987  -8135.134810749376   1         0.6265655665875217
1102.3384728163321   9386.01904771757     1         0.4235496650081696
1104.1791104960437   -10419.944093926057  1         0.9447247522525
-1032.5631441946007  4790.982260457366    1         7.941690083148245
-10780.242823576526  -6674.028037582249   1         30.09125946813247
1714.5799161701484   1150.5052636104701   1         0.4911105606177344
2427.457826364513    -668.3290257720876   1         13.073586832941853
-395.30446299905117  -8481.883412224903   1         0.11585017500826916
3499.28359004635     -3611.501096874289   1         1.0251757370227823
-4575.101407371302   9185.345950818159    1         0.7234626033354188
-7738.387638138341   3910.946502931792    1         0.6071013357708501
-5207.533289133904   6104.697427565841    1         0.9298081655771895
-6478.819804675604   -2620.887141435862   1         0.23411668869004817
1804.2853702878376   -1316.1034023086788  1         0.5334875786341828
7722.915182273913    7476.302487468107    1         1.1382478674034302
-6408.322926087987   -7705.689990917403   1         40.755928232062494
-3158.2906933602508  6081.323000312959    1         28.76480995546265
-5262.202965048732   5103.898606435505    1         40.237193633756284
1705.366893013675    511.35666947200247   1         0.7327352308181123
557.1119580247321    -8424.584578467962   1         1.0744315138978315
-954.6374749191348   3821.8829631183376   1         1.2218829666887587
131.278888959484     6107.2291364069115   1         16.003230560269188
5323.78740833374     -8096.082746649718   1         1.087332974791643
8851.666248863883    1622.2756710019123   1         1.1155502286432615
-3547.329592325687   659.8203110384702    1         0.6968918007754881
5217.6115419808975   4201.82880106292     1         17.40731013267117
5570.527572736869    7117.742803379771    1         0.9745381346117289
1887.8750462598598   1352.9666241816699   1         26.972699774972227
