trucks_count 5
drones_count 5
customers 85
depot 0.0 0.0
Coordinate X         Coordinate Y         Dronable Demand
5909.969139129513    7534.368563504858    1         2.694741748236006
-3100.36428223025    -427.6657409478319   1         1.2143041985735004
2099.842132608983    -7234.9066583853855  1         6.444387571964457
-254.87960931353177  5899.704126971062    1         1.128017884825915
-7187.813291087757   -3789.110653906963   1         3.620828236412342
814.6412730515926    7555.546539207136    1         46.03262346846057
4098.802536003958    1779.007601224924    1         12.308703954403512
-10440.65969432263   754.2765251001749    1         0.5943728094467798
2130.380138886662    -1835.1345152671915  1         0.48648327313626916
-10175.904843150813  3618.2974674635466   1         0.4980945896939659
6133.203387325077    2401.5474453265183   1         0.4326625838818057
1118.0851358551038   1115.8789128646038   1         1.24136631349777
6051.067210333958    -5723.736085622119   1         0.2909837148912861
-357.3274070114083   -10580.811816642941  1         0.18493115043067598
-6759.516369419537   8070.808886567422    1         1.4484513108038395
159.56199149984917   3310.165928061517    1         0.14984244362124985
26.080434283610312   -10531.07533294588   1         30.658305638399526
-1803.1696592163025  5339.780039095268    1         0.5144386246566259
9877.545115546192    -4089.234511650449   1         1.0390095336003164
2310.7813313393385   -9621.718004020362   1         0.7339489564334564
6085.363114594965    -5026.800480853297   1         0.3533222682105417
-9556.374141091723   3743.809512265202    1         2.566173171727108
1569.8825244122884   4751.201974810004    1         0.696554267104245
-6030.918105005536   -5798.890876826498   1         1.1397402478403262
-6331.7192388206195  471.11901515528405   1         0.515504466699344
2030.6244040644492   -10025.62652330709   1         0.9913686871400533
-8361.646597482813   5315.5612211824      1         0.17704071080427558
7924.352810173091    -5720.219447158098   1         0.31430049847573854
9950.53677459029     -8888.415065127696   1         44.116408810359395
4741.413050619014    11182.855424117965   1         1.6409580804479957
683.9834284286192    -1635.0609669909975  1         17.167795642480023
-7082.763723672126   -308.94186000690223  1         0.801486283663049
3140.472059452536    -1639.3464703653735  1         1.0393145842623626
3035.2264386612246   -3315.131303484575   1         1.1645724342416561
-4936.489309463873   -1342.051542279723   1         1.1062940595380768
4372.3416808796255   -9498.425998317827   1         1.0067508582977611
-5348.441357239173   8253.852025157705    1         0.8918760275305323
-4853.888823671349   -9810.821277415911   1         1.2211942197200847
-7395.306768813584   3895.757624385107    1         1.0169039585127575
2745.31552744516     -4405.104012113861   1         0.8168372296897519
-2454.6566451863173  5000.1975212368725   1         26.189964589158564
-453.6823375535309   3368.359233286949    1         0.6580245045795046
9836.10405950114     423.15021013406323   1         3.880933278992041
-1025.8820516632584  -653.1333239843678   1         0.9219012276504029
-5007.9448208008425  3824.2366145208334   1         0.2089119600658791
-7154.899773905489   3749.6098537039807   1         0.9415550424437442
-6658.968390786171   -2796.811104706434   1         20.347956341510454
6016.752121848292    7635.595170465973    1         1.212485625383385
-8947.41039637099    -3299.268482190196   1         1.0806501247015436
-1978.1719018171905  296.40080524739943   1         1.1573612594239933
-1118.4387556468275  -7.815488214481829   1         0.1748146163074221
2515.373301046942    8114.93763018956     1         0.49383223919417274
4078.9250090206056   -470.38978467257044  1         46.48816379565837
-5047.344588863679   -3982.033052659711   1         39.248390896479584
-151.76650936908203  7288.133139802743    1         0.2840530540845584
-4134.705331888269   8731.379356449412    1         9.811160487279466
-8128.539286046491   -3631.0851855150913  1         0.9035803450231215
-1599.4574009262678  -2307.265532671244   1         0.4920548741951243
-1954.168271676685   9869.020915318059    1         0.5895904126980637
5139.111911673303    -7355.560619469504   1         0.5617129138694046
7699.017744343577    -610.8730857915871   1         0.8481916886607007
7211.588459205546    -9215.800206545227   1         38.240991978503565
-9846.147561430678   7768.7715799621565   1         0.8280701112263327
1834.1632151301164   -3157.1251264889893  1         0.42536625899547775
3906.2099192839573   -3588.996298403158   1         0.583284711932076
-10034.268097090644  -504.56219371075713  1         0.23075427908711674
-6212.991917843022   4725.36553026124     1         46.68111380325674
-8827.787064525952   -3510.246890555418   1         0.7307242005739617
-6497.779476028495   1157.4761481040834   1         1.1833670694930847
12471.85579615649    7615.129081698849    1         0.2431454632471807
-3843.4048851036778  -7102.135429072359   1         0.47018175468384504
-6750.864061785758   5500.482648135171    1         0.996932743655123
3736.55507150988     -3059.34483885468    1         0.9245727169200891
392.6857212859452    -6569.121177460719   1         0.46922467107370747
6376.294087459291    8735.843022594021    1         30.471998349345988
-7004.398035521521   -7071.994384538386   1         0.6857320749058605
3976.156927360201    -3730.008307321719   1         1.101577462272093
725.739627480482     -4398.944299739878   1         0.3808593019806784
2444.9194993156016   7672.60067892878     1         1.0330048693227816
-9708.49040884989    -6458.900916601821   1         31.244239801608263
3462.127010427508    9651.284345988879    1         1.1852688442417991
-7431.521431820096   4065.476102181088    1         0.49363176434825307
-4076.1128297581868  4168.01194768929     1         1.0674063264023945
5147.1329297385255   -7726.193380406588   1         0.6796340413576817
-7921.7966748567405  518.9957073019905    1         14.931468811813343
