trucks_count 3
drones_count 5
customers 60
depot 0.0 0.0
Coordinate X         Coordinate Y         Dronable Demand
-7341.695483683925   2512.9146350794827   1         0.3186936476384253
4917.904431542676    5305.897400452806    1         0.47820590912576466
-2557.2364410316204  -8007.3985840287105  1         0.818803865014945
-7215.2631488112165  11637.694576776543   1         0.536341836136684
-1548.397817726227   -4903.749555038463   1         23.660999678586993
-3583.2001488624583  -7096.118260375507   1         0.18746606052841486
-940.1245489596523   7834.414466147966    1         0.2693017297879654
-2271.025299148555   -5877.515686318615   1         25.35791321140389
527.5265293710304    -8739.6301671823     1         12.065320164742758
-12323.049257024413  -5809.706419319087   1         46.42430129120124
3401.3209752825087   1188.7926165558604   1         0.8557928343453642
12674.742752201517   -2642.6901716888115  1         0.9886279855377975
3393.76043818096     3411.7378648819617   1         0.8985291682890154
12123.085659869914   -2203.354563906567   1         1.1254570074600585
-3930.3981334635846  750.253357153747     1         0.6717621655165048
-5844.511084898537   -241.71703957183755  1         0.9785124700848005
-1085.6184899719192  7432.660805390213    1         0.9402862780861642
-7326.2009640064325  1019.5031082979411   1         1.1682181130674563
10417.881527568812   -662.096837867859    1         0.7609976349801145
-5745.129014140756   -5306.383389866653   1         33.077080290090265
-4662.462846047041   2396.301438081784    1         0.35780970500311093
-7779.853517880879   3527.9204746500077   1         0.9108827595535232
4257.571342494968    8916.36150106763     1         0.44485562712631754
343.7994392604512    -7912.342310695235   1         0.22796367086722605
-5209.505236202186   -3243.1208748142594  1         0.12374455847840504
8597.633133030917    -5347.958451948358   1         0.8873863685114268
-3474.1521284756836  1504.639662056783    1         1.1761343260084782
-15830.658524893483  13662.796532281987   1         4.07690599044201
-8397.01518470491    6823.767304987869    1         0.6051119397677401
5536.451010471609    -5714.492340417092   1         0.42002916522405565
-5445.957105363506   -3648.926368830326   1         0.9868361734190285
785.766435888163     12102.083832037923   1         1.207247842269722
-9308.811538247648   1895.9129373997316   1         0.13235506538835345
3971.3219756596727   1619.3060420359482   1         0.6439394907122886
4841.678473270687    -6900.210480015854   1         7.014151968113009
-5178.6557853687345  9058.541773068006    1         8.400636306877391
7306.222465526443    -5031.332331345099   1         37.594501580893805
9755.862143896782    10017.259727565804   1         21.35987643231114
6041.215542936123    -2061.6423141667783  1         0.6342562512299325
-4598.151126085513   4701.444687995638    1         33.622522456623955
-7201.505839179561   -781.0344256552999   1         0.27969091695474135
-1524.8857994149766  2380.2790682667114   1         0.5138343150562377
-3103.6868230171394  -4088.5001122451713  1         0.8958044434194089
-2658.6013468050373  -9035.642876523714   1         0.8586931910333117
5446.332289511627    -3745.964367616601   1         0.633345761946369
-4622.636021715638   -8812.630898376656   1         26.72824497065529
14820.427760921742   1791.4546055078754   1         0.6544665158698211
-390.8569392287928   7002.7622936353      1         1.0879104248352742
4400.446820367768    6786.32701966238     1         0.8739362695905105
4166.067883789697    5549.316360492965    1         33.94429227163118
-1458.6215222671347  6774.499538822447    1         0.36212833926965504
-8152.16891187754    -4566.398890426285   1         0.32089039178744094
1152.4538910008669   7809.912254769544    1         0.9655520890363812
6976.703547697607    -4404.428188019473   1         0.5217290502548523
13992.392289342042   -5524.650532597052   1         35.37612132840878
813.9429485850463    -7080.64557662091    1         32.43870026728836
-6134.783423060356   3241.206291722707    1         0.5333344381249024
-5834.1550322502535  -2496.606859094886   1         0.729530103901514
-3856.7687613318935  -7410.608950979097   1         9.380544227495593
-1444.3856591188173  2313.4734430996605   1         0.9268146905530704
