trucks_count 3
drones_count 5
customers 72
depot 0.0 0.0
Coordinate X         Coordinate Y         Dronable Demand
5155.340253878567    -4716.791895245448   1         42.76000893465215
-1841.8456176541047  -5769.494313968545   1         0.41029760339167387
2660.2169899485625   2575.782222301938    1         0.5285048120696457
-4496.130918940554   3498.1725441790045   1         35.47233632343128
3645.6939766726755   -2807.405175178165   1         0.8246469391932462
5007.792184823354    -6243.600222786879   1         28.967971266278497
-1714.0391800927257  1472.7650723186996   1         0.13847267189069062
1602.6970140427802   -647.3389874442859   1         1.1456038023196058
1387.3074144175182   -3091.585361278382   1         46.248023818730616
-5961.345905541511   -5780.671230408989   1         0.7430000468245249
-5527.292032700488   4948.692175895521    1         0.1373247443452559
3506.6741793985148   -3310.2925687863094  1         0.927801477803558
4142.917088916686    1992.6109703363709   1         4.947212530937964
-842.2556641138966   1000.5032519558231   1         0.180667742783765
-4153.023708103924   -107.35218986681684  1         0.9543350018151587
3373.064465862408    -3122.8710779030284  1         4.11063396147621
-3684.926805719298   -6218.258961673501   1         0.329047704099504
1009.3370081353671   4690.685266173696    1         0.8200910535272009
5423.233045134806    5939.804515073363    1         0.11712057917653951
3426.5669815051665   3983.84894994658     1         0.8666872322371638
-281.0682995021525   -2029.6693005340667  1         1.0818781955793093
-62.882570053154545  2288.2112015680295   1         1.06426760474291
-4007.306146827466   1983.807318815206    1         0.8757214260136216
1974.7741465595607   -155.94839161974423  1         0.6956748843272877
5640.613967850128    1939.7582364101027   1         0.7525969405942315
-5750.046898477937   4839.264090687298    1         0.6057273517673671
-736.7209845217658   -2923.6099492955973  1         33.778457547491094
6007.563148196457    -707.7121629693196   1         0.6070424637110257
-259.2641709579673   -2515.268410577133   1         13.583875443969983
376.9499034441578    845.7545733983079    1         0.3371807882904878
5085.651915052965    2537.7549663912564   1         1.107852773046243
2201.990135145835    -6035.247083884833   1         0.5895767117985732
-6043.522508035558   -838.607219587915    1         0.46704723660858494
-1866.8072962560145  -2165.078160871472   1         0.5467958916056269
2275.344681102296    4299.144013032361    1         0.9929243878384822
-1043.4324198433526  5766.09027009004     1         0.7862121671056213
-1659.5816724181627  4561.196551404063    1         0.38781989551794527
5907.0559666576055   -5901.540462275928   1         30.719998244427234
-2848.0113464831616  5818.281261973669    1         0.5418886651205929
5980.117479579347    5025.0293035506475   1         0.7113364796474881
3232.589497756971    2449.684610307515    1         0.8499539273806437
-5625.559258046416   2812.7841146615083   1         0.6052295651674305
4578.772120691265    3563.8345769733805   1         0.9304894610903816
-5497.709525468751   3620.0665287186116   1         28.26319537043743
-2831.7128365353205  5388.819411561264    1         0.5046569671043096
6066.050237506612    1947.651966488375    1         37.93503889865226
3231.6862905341927   -5934.350698088099   1         0.42615798833602025
-2108.384047911425   93.14765729542876    1         14.83999811454057
-4963.68132862989    535.9193858099056    1         1.0229393032633425
-3570.546420119405   -5203.849601628263   1         0.895402612219631
-1907.2105453044148  -3119.604553901203   1         2.6736728529205127
5579.349555362384    -1597.10260279274    1         0.6846361177231771
775.879824892645     -5461.030769777852   1         0.1226379386254617
614.0072752912741    -422.62467772752865  1         0.39503665812560085
943.6096393037633    -5204.33468282203    1         0.5798653851776131
-4274.414921323412   -182.2234343057478   1         0.8403108450463251
4226.198917915166    -5273.097643573069   1         1.2458891210326433
-895.3829811695678   4243.506789488054    1         0.19435503296465056
-3602.5996497132346  4036.55192941648     1         0.8438131705630272
727.0200212311654    -1973.5997728023572  1         0.7207285376377165
-2000.6522063634047  947.0582334025839    1         0.5057322685042643
875.3429814605021    -802.3662543638047   1         0.55660206013302
1014.9970400945303   -1879.643403948453   1         0.3120612536645859
-4485.971818242475   4348.154328034144    1         37.365683223153056
-1718.505254658088   -6057.7307727338975  1         0.756689741042034
6037.762981306083    -1951.0813813259874  1         4.320506966062293
-4690.66795206354    -3229.9026539600923  1         0.7464754010098225
-5777.184945948836   -1343.9377707651606  1         43.19250694709518
19.747847530221026   -2439.5136233528947  1         0.7714294496662258
-4610.990818378663   -2506.579139644377   1         12.521107240743735
-4365.2870965274615  -5582.95401675306    1         0.36062185870219476
6111.305614484761    1510.2928987411703   1         0.34041016732859686
