trucks_count 4
drones_count 5
customers 78
depot 0.0 0.0
Coordinate X         Coordinate Y         Dronable Demand
126.61091480606204   10193.46591141415    1         0.5288099871349085
-2403.0761881248836  -7072.099489327095   1         0.16361657708285493
-2342.119171482948   -28.14102565924046   1         0.17006989743686313
10102.028068837244   184.8416889351645    1         15.362042892768702
4489.701905694637    252.63025071164395   1         23.938180230149538
9647.336991782546    -4835.888671316717   1         43.27576679433229
2352.53064954698     10160.327548952062   1         0.564740025664196
-1001.6767339237028  -9178.53918846063    1         0.19330723493933966
6790.963431030979    -6724.361426751003   1         1.0531845336518468
8362.267792779696    -5370.078390491125   1         0.556605337642084
-5101.340654334645   -6535.797380630323   1         0.9560925203367846
1271.651478881522    -12740.406625134658  1         0.39266752763928947
7168.472987579824    6832.719644880408    1         0.691761860857119
7839.049079549963    3472.8450584112425   1         1.066081012962831
-2240.8455494654654  -5200.431891339549   1         1.032724943582544
-7616.410859536907   4459.595694035359    1         1.1002560648959425
-4514.611390846427   810.0866096884248    1         0.5719549089177187
1293.2388250937124   7203.595181242346    1         0.3196568541749113
-215.22905285216075  -1318.346809143086   1         0.38196276855638944
5899.1561936797925   5494.008865956309    1         0.26255358658504574
8678.737945658158    -1046.9441648622203  1         37.39440229418908
7769.73013273973     -3022.362413260527   1         0.845339771818007
-276.05815700315     -12975.836206732838  1         1.1076129070577305
-2541.7078259194295  12632.190343491306   1         0.341319943310957
-10487.163424291164  -1797.4070888661001  1         0.6863676178806605
5041.050212920871    6626.132529146786    1         0.6610630754975821
-5607.003042029681   3918.1407978399616   1         1.2380020854615632
-13091.690987848495  10354.455697016661   1         0.46981951639767516
-6612.363754773906   730.7205318275318    1         1.0211582252331828
8579.377012697658    -3402.8688018811986  1         0.6589140460227427
331.9216606100134    -8779.15269751627    1         1.0859876818553573
3360.4544964815423   -7443.319118234494   1         1.2320263873072992
10590.0926050256     3311.9696099154153   1         0.2871672464597391
-2363.7078920508206  3071.015662722675    1         1.055088953186561
-3648.7010999745494  -2904.4869796596536  1         26.07222608287876
6044.797125531098    2333.063590398696    1         0.531442165112068
5579.355478360038    -4513.190078257532   1         2.325746207657053
4510.639548850989    7923.3885713329755   1         11.544441466353558
-13217.687990565943  2892.6166512880245   1         28.9277183031118
-6550.207028202209   5116.79078431863     1         0.5633805636402912
-4489.594931124638   6992.2227836227285   1         0.8434183138120275
6454.4526488708325   8777.32184329924     1         0.4901667383116003
-587.1593943246337   -9009.309854515543   1         0.5290574258288157
5138.197445120026    -7305.168614757154   1         0.5754389536479378
-1511.1537126618587  11871.864711344066   1         45.890072766618786
-5756.912805788394   -4437.296848188216   1         1.1207654506456657
10008.82412904584    10217.584482549459   1         9.78384338891032
2615.2316983114356   -9183.053936212418   1         0.20694679291474072
-3247.907035754557   1696.3438541325286   1         0.6599606083233439
971.0933443827663    -7470.328130255924   1         0.4291099948594709
-1342.1228568736792  6841.501671423501    1         0.5441229195630664
-4560.688277263867   4302.400216366521    1         14.019202835732997
1103.0700906658278   -8073.366304954136   1         0.1330788703854888
-4206.357098304011   -6412.379784878376   1         6.973163959358231
11322.787560187468   -11639.762112586452  1         0.43815739604864035
-3967.7983733960486  -9188.341874714939   1         0.8328548428787699
-1281.0262531718822  -2889.154773085204   1         3.0397238992624405
-8816.426467676858   -5681.330557270971   1         1.0641071046946349
-329.31243387797076  1083.8376995682975   1         0.1394794050483294
-5658.028680394598   -6747.015041298638   1         0.7887460908012073
6376.767354155673    5210.469154330219    1         0.40504011741929047
9835.139222828102    -2545.1392721175625  1         0.5650045794041993
-9011.833418527603   -3942.9574653936993  1         0.4757223387094891
-5089.932100811078   8064.358293385723    1         4.177981987978698
-2564.5912669075333  3759.313761393476    1         0.8792939931642093
5318.070909939523    -1444.5139286970286  1         17.579447420812485
43.75858332450585    8013.275421102377    1         0.9769453784340708
-1481.7934307376304  5080.581902118536    1         0.10285420589305258
6398.1253350498      -1962.426800781559   1         42.3706778813341
-5973.789441088535   7728.9047848094915   1         0.8753114907375766
4732.973057756435    -6283.503761268124   1         0.8296723197564221
6761.90198669729     2381.5813135289277   1         0.34018789294632673
1572.036246838139    -8626.196035446605   1         0.7808185617403441
-1050.6482060324117  561.859961783794     1         1.0520596039541208
-6464.030411353073   -3735.0341314824636  1         1.053762042223806
-2026.9691250722528  9848.731593332224    1         0.5833655161594818
-2125.911400645467   8532.090926961393    1         0.7621171790139228
5791.489996021312    -5420.075883583294   1         0.9202196611117007
