trucks_count 3
drones_count 5
customers 53
depot 0.0 0.0
Coordinate X         Coordinate Y         Dronable Demand
6662.2527406943145   7558.784923461415    1         0.7286048161434663
1977.6903920901607   2592.0988906557754   1         0.6181457477485045
7997.600336853006    3011.4419454145655   1         0.5437675063255476
7697.675343734574    385.3351136652413    1         21.081992108132408
7850.14927053524     2947.287169691522    1         1.023611245261658
-10097.114028854463  11607.460101076153   1         10.971080475250517
-5235.426490254929   620.0835788402288    1         0.883769568935246
1047.8719936988396   -8755.301920632652   1         1.1789190939356038
-13561.186548065632  -4167.28941683156    1         41.026019822888955
-7332.545348868155   -4692.565120715791   1         0.6630773426800296
-4303.115983715801   -5341.62814804313    1         0.11638693495685105
-5847.191703238846   -8988.161438909268   1         0.739266765938874
6039.235796355377    94.96322507376271    1         1.1019125038430448
5582.182143416535    -439.5069559613131   1         0.21048717951166626
-620.5792953579029   -692.8881783383243   1         1.0611728827823097
8239.854684247313    6555.552598225649    1         0.3720850252487403
7756.819710945598    -6323.58686479532    1         33.434298378911
-12743.416391950997  4291.45367741203     1         36.27255577041975
-8161.645956189965   11048.680397743794   1         2.448535026415455
-2680.4703711885577  -8382.105335164762   1         0.3367622791886737
11698.662991865842   2132.185781207696    1         20.516536925080754
-5425.848912507903   -12478.95658130958   1         23.69969419848455
5773.654201983835    5395.99491144277     1         0.6903719434538933
3998.0914691253847   3505.7462744250206   1         1.1008743278113542
-4196.86182178063    -5698.701417048816   1         0.20022924784090812
-3983.613425998104   6163.781113502394    1         43.17901304374088
2542.3057967270065   7987.625959807787    1         0.8828464243838778
-3829.1746987159404  2995.094286096297    1         45.61822680508998
5629.120744606861    -9008.693413754881   1         0.6761953798684296
1213.7254973504148   219.84146239116336   1         1.0654608088633404
6315.079077173255    552.1057424812383    1         1.078083895617219
-3469.5508848415125  9736.959956028802    1         0.9851007992731043
3034.763731423816    7305.99648177233     1         0.2670849784350444
-4622.839343971067   5639.586694759248    1         0.9427802916330208
8368.321693326941    3038.8163896483975   1         1.0213519148397605
-4572.2560727336695  3799.5052336338254   1         12.69648557051712
2307.286864612335    -4040.1348785319483  1         1.131213359549761
10146.559353993322   -3155.8617235872107  1         0.2532268350598512
25.411251712826925   6976.066378224126    1         0.6173030906405574
7666.879950411048    -3105.5676809324414  1         0.11370086908585396
7697.426955066932    9896.18098278382     1         19.578222645797524
1546.6947530094483   7068.081761738335    1         0.4722854813859756
-529.3274974674167   8892.269340302844    1         1.0402606340071185
-5914.92323413895    5574.923537181871    1         1.196611885073906
10761.06205381592    -737.1282399024273   1         0.4355765187428092
-1500.9239978016408  -3934.0912952096887  1         11.888410397558454
6488.051201838138    145.66855570665092   1         1.1389317013571487
-8101.053503178576   3142.0412869902702   1         0.6475273327196481
3602.084690186981    3715.6096840442274   1         3.101381639562849
-9950.94171026043    2457.9844120763573   1         0.8186530963736707
4005.4183043087583   -2281.95327694288    1         0.6867858345920809
696.9300613296145    -3596.9397743039844  1         0.3231121718626563
7576.914388198968    -3537.8677455267007  1         0.2862767964205293
