trucks_count 2
drones_count 3
customers 31
depot 0.0 0.0
Coordinate X         Coordinate Y         Dronable Demand
2173.7645961408543   -5960.850824628323   1         1.213159527745822
-15546.703703590747  -14751.682991496293  1         42.24076483858589
5706.024845241404    5937.601127692078    1         0.9515320725224161
-2241.5579814511098  -7704.648024632491   1         16.654478491781653
1728.366849657015    10768.998586360767   1         0.3490673498483329
5779.739571863687    17205.971921659166   1         0.4588720263118077
-3756.314790353353   9003.108819688488    1         1.1676498689043933
6437.011248379082    6381.159049041823    1         0.7472129567329187
7342.788723524736    2809.820438682       1         1.0981587358059903
-10496.485144865705  66.77911462978669    1         0.7157928927219904
3882.3456546684492   -8912.728786603564   1         0.9855056784598462
3063.5274937492068   3159.2988131098755   1         10.483256036493108
-2580.249728063186   1472.7785809703203   1         0.14359787169911442
-8371.670586668599   2495.9683888094646   1         0.6828789402347556
-489.87865144341924  7749.081541112149    1         0.49390346984085054
16706.548149904327   -5064.100491235524   1         0.8402935490803938
16501.240747891305   5566.357848817992    1         0.24485359147458818
3668.302686647766    -7655.776830206869   1         0.7205060990677992
5511.335191356247    699.3364128612623    1         1.1930132612155815
9374.42569958648     548.307046008708     1         0.3716359917778582
-3882.064918351333   -2515.12901573035    1         0.3002958709347261
-1766.1955776956822  -6656.938727426079   1         0.27828924245840736
7882.553019451962    6566.48433428206     1         0.22091529630888612
-3249.938347037538   7675.611224496457    1         0.4657342155835933
7431.699362281557    13089.218324435915   1         48.89929883492886
-7241.881334392713   -6787.9885564374     1         0.302065427652346
-9262.189064374401   -2790.088873182411   1         0.4436087129365428
3439.363073011352    -2280.310793053326   1         0.4149579232935291
5982.480299227581    7223.135049033961    1         11.537843737184817
8153.549339010961    -3573.3883975045474  1         0.24853644793839874
-16653.616023420054  17065.3565296196     1         27.39631364201989
