trucks_count 5
drones_count 6
customers 90
depot 0.0 0.0
Coordinate X         Coordinate Y         Dronable Demand
-5831.645399702172   -5370.74262048037    1         23.822201655748387
-1368.98296842265    4251.964844880786    1         0.13640301050299042
-3284.4759610572514  3506.463821453255    1         0.6194480474890084
3782.1060153085696   -5226.841410321493   1         35.86672481444973
995.6965915527055    -5601.489098291071   1         0.48189281863041367
1082.4142605537766   428.71980067488664   1         0.7799420417539238
-5578.760110324091   -5405.4257266827035  1         0.18188149944784857
2196.9647783651308   -3456.460466908021   1         0.2322725123378918
-6017.0342117025575  -974.7036528084898   1         0.11723106153523662
-4028.014934835695   -1815.7677066780332  1         0.2740609643393902
-1687.4096111325807  3430.494465880222    1         0.786350208182982
-5001.947425979897   -1674.594821415084   1         0.11706407332362698
6389.05521216001     -1032.8421885052303  1         19.47581583242387
6544.571073173961    1494.7007482458253   1         0.7505420201598514
-4920.210580334048   2809.4421640238884   1         1.0736910694094501
-4483.339532844539   -4506.354465515887   1         1.0612756099819427
5277.235897863451    -1534.646288206428   1         0.4691426955654734
657.97193378174      -6337.6554476825895  1         1.01116675926917
6182.530392888633    -6623.393065357296   1         0.9620002015318003
6435.094680805684    980.9633536596456    1         6.6846116940527605
-3475.815103430161   -4537.4744178548835  1         0.6592256184207697
6190.2477652997895   6454.1545286839555   1         0.28777067939346723
3956.773594970829    -2946.7424663817396  1         0.663968926180921
232.17104080696117   540.6917691717954    1         11.529973681656758
5233.093414705759    -2785.082408662106   1         26.53477102988852
3399.4351946142315   5658.528259552508    1         0.33115160316834047
-3890.3928804148377  3381.6580586149507   1         0.9415724417400678
-6515.978810479805   2646.6821772085923   1         1.2201095454378799
1721.3584467002233   -1131.844572421471   1         0.15994984202063406
1363.4068875397063   -5904.438055982564   1         0.3062060789559544
-909.9977146121297   1037.639852480298    1         44.01203708312512
-3194.5996677061657  -330.87051321513434  1         27.46108953576221
-4859.290673875677   5571.961981098301    1         0.6335649733750739
-1989.5744423196463  -4913.768612567793   1         0.8540824584587102
-1992.1386961273247  -4946.7818453692535  1         0.5314048493000383
6409.910916578119    -2761.5982612867892  1         0.5444040043186552
-5477.201867431892   -3277.300826709706   1         0.7524041137857719
1593.931232579727    -1568.254382229459   1         0.2694316449547982
1649.8015020915082   -1691.9248908878672  1         1.0720347852116148
-6112.976314887616   -6440.2163144476335  1         0.8026458907665273
443.31804528234625   -1342.521798272599   1         0.4691726062692052
-1210.9709966628131  -1312.0113000425379  1         0.8885120985773896
-6450.923278385919   2471.771917327138    1         1.244685170244051
5418.356427428899    -2244.1907684080143  1         0.27577461408484993
-6647.56659983445    -259.8190094031788   1         1.1272425231023127
-1251.1390077384885  6327.966395730233    1         0.5643014624817586
-2222.9558540857633  2052.9505558643154   1         32.762124325248365
695.2382641715996    463.28772126294547   1         0.3085717453797265
4424.4134561082365   2567.541656403569    1         0.4885276441039256
-2084.219518562237   4870.180940984819    1         30.736286490319365
6256.274666162263    -1171.4198535410899  1         0.6271648714623526
-1476.2346857252596  3360.638818139649    1         4.275911485425832
-2220.817224989014   1537.3005705089895   1         15.962475526555814
-2139.665965301061   -5126.150987235633   1         0.6332475327735696
5071.167359678432    -3479.5741697817343  1         0.6813536364598058
1142.9392856053184   -418.97966384562636  1         1.1089419082002188
2685.8867625761577   5218.590644754038    1         29.648288386291135
6319.192408109837    -3640.8058211346793  1         0.9835314474274083
-1804.3674070435234  1116.314278241485    1         1.2236432533399446
575.5293842059236    -3961.103666933887   1         26.668939328285784
-5591.248820599535   -4509.537016588066   1         48.573489718426906
-5397.621923806683   1345.9239980346717   1         0.5875448749031695
-3340.6899058735607  -3567.0457614271345  1         1.2077498707705023
2954.9817884501754   -1113.3889822483318  1         0.3265719990197389
-1992.517820131851   -3576.177830920143   1         29.2381884935261
243.0820205588889    -1033.9100118511699  1         0.8733425770554295
-1250.5928001690668  1844.0908222153703   1         0.6075800146096522
1179.2981264692971   -3676.4368930498285  1         0.3363113718790313
-2058.78120352261    -3627.5063421829022  1         48.962439522147534
3470.7231626019657   -5198.569884359391   1         0.20812280111994289
3719.1865289599227   -5268.09578201614    1         0.5192825482473958
-5082.142985230123   -1420.7736451061626  1         0.4026069028865643
4321.479435124613    -818.3671928570054   1         0.7554217954448238
1690.6102227448005   2848.477051247646    1         0.7548918224402396
-5814.293166271762   1333.5838767297378   1         0.7634639365644114
2450.8196304869443   6450.2143574146885   1         47.27872064360605
-5918.432176483968   3153.2577554961335   1         0.7144064711860368
-5339.286693090227   4880.187586254351    1         0.5032697277908237
553.1104519402733    1932.2546091878305   1         13.519362436669956
-3792.2008173749264  -5474.599734839975   1         0.7164185463027549
6097.9197574084055   -3173.4055962076936  1         0.4869212609507457
-2195.2915627202788  -6024.593137147713   1         1.0567753018177197
-5346.345609311741   1032.4186826018204   1         0.5497580159433783
3768.181124295043    31.950473986742725   1         0.7361483991314971
3269.3315148883103   2987.1045281220077   1         0.7281821789758396
-2061.333227920505   2766.7238682305488   1         0.9393598561126563
2631.0483754320094   -3522.914928424689   1         0.5267364347609078
-6580.785473675347   -2311.622472726517   1         0.37953519247722955
2396.197824677809    5715.705370328708    1         0.52778751708611
1844.1835829431257   -1585.7140519751308  1         0.14437841823822356
