trucks_count 4
drones_count 3
customers 78
depot 0.0 0.0
Coordinate X         Coordinate Y         Dronable Demand
-2739.671182570633   -1266.5553207903229  1         0.1767555442534884
7974.583505829314    6282.188047313652    1         0.6657238146269719
-8512.872535628001   1210.88398984689     1         0.5252314564066697
-8347.826461446377   2951.352707827968    1         0.8426193283780463
-6075.563710282016   -7006.985553665865   1         0.7292128689434747
5814.1397042848985   3612.1258571001417   1         0.2196766152364043
239.5202377904433    -2126.3799844418995  1         5.06328840736626
1665.48254525135     6355.299699857791    1         0.892566657462816
5866.379182899773    -1387.915486954408   1         0.7828203282943647
2326.0551528727865   -7473.92530806619    1         0.38722474250928296
-2477.450093000577   -3762.4237661085103  1         4.869429511990084
5459.138636737239    -3859.9973882144454  1         0.8260544497283154
6468.54007083563     828.0193719803319    1         0.6762702965247408
1631.4930543704813   -6570.76590978598    1         0.14626399556233038
8885.769921900415    -518.9610744435795   1         0.21343819271592235
-2295.6342683683583  4066.15759427012     1         0.6216649209944484
6437.013245260985    -3881.210410864027   1         0.5939310980936314
-2290.2529285459186  779.2221394104408    1         0.728432462151211
-6755.441205765499   931.9637609903743    1         0.7997555360672794
8611.404478147371    -958.6026258784934   1         1.1419299163238896
4534.587866008796    -3563.16697673813    1         0.266491800402904
-4421.96647846185    7627.900968335531    1         0.10773701395525986
-610.1448108037127   4202.339531199876    1         0.26320837232323696
-8726.202906533537   3061.10686833988     1         0.7393718971839525
-2413.1914666855323  4878.227012669474    1         1.1417808666203995
920.8265117986884    8290.067375735574    1         0.5930677673125923
3527.057795315141    2737.8075648589584   1         0.5832063944687443
-2646.6657801330857  -3671.5100857543594  1         47.07227222124962
4298.143338368867    -278.86907309889153  1         0.7135096095532638
4418.094908590248    7427.929007459167    1         0.33767484723328556
4041.3535802465353   -2299.1303945922978  1         0.34403216420507343
5834.093496562007    4293.783627096677    1         0.4258494185882302
-7898.317506099032   -288.0503592456092   1         0.19854823332495647
2966.095558757532    2613.8829004589056   1         0.8679394624771345
-2063.039564357696   -5494.762127267169   1         0.7395215930400778
3050.547685052598    -866.7467779737883   1         0.8409425576049041
-8722.184740749733   3790.8304204282854   1         0.7796635064527496
-6055.230132163667   2621.6935084947413   1         1.1952900497747445
-7814.718175668209   -2651.984539876556   1         25.655006006443436
-4227.208612922752   -8459.575320040583   1         0.5979671802345027
8824.19198975721     -4515.708715479869   1         0.3277066182888025
-3946.837937559498   -7907.357540056481   1         0.1534968288437588
6771.899737231164    5251.707248114028    1         0.2832164495179256
6844.049231222273    7168.312114928857    1         33.130732253561035
2599.9394245382537   -4073.440740808178   1         0.49765630588529364
6311.363665661094    7665.920375821578    1         32.61205295715621
-5025.118433741368   551.3531305497303    1         0.5550335684592862
1814.4380822112275   6021.394316396758    1         0.3298333882718346
6357.740291187593    247.02947652199512   1         0.7511016469083687
8057.905760578147    6387.879525897186    1         0.6250391116374168
7058.197801345757    -2366.9493491551857  1         0.7463937520208004
4336.558035635441    3354.7979976337683   1         0.2202169198134138
-5646.729653080944   -6164.893863954938   1         0.9091068009147221
-5991.747274836248   -8482.310438697425   1         0.93232974902556
4777.847871714975    -6699.0413584685375  1         46.19614909776433
-4446.830801131964   1159.860598679794    1         0.3417934377104692
6725.549220213228    254.91096448695316   1         0.2825567581588369
-2116.5259113506318  4042.4235099204266   1         0.7474519101276902
2286.915824944541    4829.257418816169    1         0.8450214720688395
-1315.5438152215     -26.844009786500653  1         25.32137584567664
-1679.0465933961295  -6252.277478881757   1         0.5937795104593852
-2629.5877620387887  -725.7006070747503   1         0.9173406576174422
-2293.260823763173   2680.795938819936    1         0.1758825524356487
5991.037823792283    7731.405577971573    1         0.6212237441070608
-6339.090878600117   -2328.393019780206   1         0.2177190613818532
762.1126411066408    -467.6483312360902   1         1.1208166063794058
-2918.980198018276   -2476.63500333477    1         34.519958583900625
8624.866380563579    -4270.6337044108805  1         25.610757882231383
-4849.162440022208   -3859.4893132798106  1         1.0647357828017512
-361.05268928382463  -5871.58873987109    1         1.0032090697050768
-629.6094892735033   5155.006302109031    1         0.8427391242425254
-2996.0912955052418  6339.509124296495    1         29.237950802543065
2999.974600641623    5344.060850713749    1         0.5151156221274501
2366.54501350852     2703.844769966928    1         0.3295745441994711
-2849.766257842027   8462.78902614652     1         0.16201615084710186
6970.80841666377     -5866.544060472713   1         0.918417264512377
-5547.704153071987   2198.3261737566963   1         34.2670477422669
-3117.413444278687   -8585.363235222421   1         0.49530116550831416
