trucks_count 6
drones_count 4
customers 100
depot 0.0 0.0
Coordinate X         Coordinate Y         Dronable Demand
2620.8498254480714   107.72566354878313   1         0.9014873618316395
6002.0446444209165   -532.5856135050299   1         1.4120671480909455
-5221.265423680309   2995.163081752004    1         14.7076698301146
5008.174616496115    885.368511626677     1         1.0852375660426354
-477.38379802368723  1104.6991129271325   1         0.48969423668764966
-4480.416497089702   1544.9365479586293   1         0.8189886104173497
2462.5942514994035   6116.394687134515    1         9.311223146268471
1110.1399211364635   4497.246775275339    1         10.618943289469625
-5702.690028750477   -1932.5743476704993  1         1.2145935631070892
3380.633276955262    -3269.148942361371   1         17.374363664724363
3115.708817886917    2177.890394259844    1         2.7625233842380297
-4229.28788399889    5958.544205921619    1         1.045633579399978
-4129.227401525439   2292.770711736178    1         2.7915244651028956
2239.0913794846506   -2286.6499488732125  1         30.863663811647992
3169.713487744267    -4337.166901048155   1         0.23020514109418783
-6393.913225937823   -3258.9637953659976  1         1.2210132463251355
2656.9438620690294   -1181.978713397826   1         0.8898515852274548
-3989.964503303796   1662.4335162715272   1         1.2371539084463805
-759.9177188149522   3004.482092785027    1         0.2561067390600833
4746.185372493809    3320.80601973427     1         30.688808346159284
-559.517987637997    -5997.982160991054   1         0.6158998394465076
-4092.087797033377   3828.311888377224    1         1.1754179262877495
4586.401321279383    -6333.759102305746   1         1.0919062613834374
4072.9086055936314   -4319.59208253627    1         1.153910130146991
-4363.848760853865   -3472.9451736539186  1         23.779352356603578
3641.531213166061    -718.7582186252149   1         1.0285470879923215
-1094.4171775566292  1900.673990787972    1         0.14572526822227608
390.7526838884837    -2939.2591981483533  1         0.7185451420119664
2991.3714803682788   -3379.73406560655    1         0.7153001351178608
6083.466025020233    4315.913878624141    1         0.47933550732588304
-4250.07903316666    3079.4240964190176   1         10.508735340367195
-5491.287683388135   4075.2925118422204   1         26.217946929892058
4086.892344935849    -2896.0636627787835  1         0.8835946399834667
-58.14281036038678   -4209.771964997498   1         0.5996236413184454
-832.6408700761125   4078.661565802326    1         0.4534343726670327
-385.5352271065671   2146.9492401572256   1         1.2207294619757725
1613.1687985349236   764.2260773084831    1         0.626324779510515
-1898.4139081006679  984.9199769394168    1         0.3836342437083705
896.8197780944975    -1295.096951271573   1         0.14042842346072978
-1142.5884273242254  -3794.4014469516915  1         46.77651209995478
2900.6096676817897   913.5916684161602    1         1.1943833002683373
5633.575710980579    1137.7262017281191   1         0.939064629394016
3273.361425348002    3281.3911426495583   1         46.315762411504
-2307.5251785662895  -920.641722713277    1         0.8880196228858127
1894.8294900752678   2228.1780269808337   1         0.7957286648902117
5990.271149445106    4379.4049098303685   1         48.14561553703619
5743.151724491833    2474.140885378264    1         0.8808352323171268
-1775.5283133982593  -4665.364863995195   1         0.700930740840054
-2144.4508580644874  -1194.2956260542683  1         0.7574536038851241
-5345.555453429405   4096.48243345665     1         0.5518722984700933
200.38463430426975   2143.1574233737897   1         0.7415930679759113
2129.8668980438074   -2847.549936296638   1         1.0426388219873215
1883.2678388659638   1327.0229194326132   1         1.0355953520917822
6058.413622872122    1041.689199548555    1         1.2130030540991044
5676.962684803732    1549.4032282238315   1         0.8880183070919675
1005.5421158593185   -4612.089189384107   1         35.68924025542574
-960.6817347027488   -5108.966810758115   1         0.20920349142976286
4178.749128865037    -578.4872948750173   1         0.10491402597505221
1331.6832292283261   5048.690970048384    1         0.5796413849093319
-6089.077755041686   -3197.4174142625548  1         0.56821282740826
1659.8513370260987   3657.1613179277515   1         0.7065957479554292
4050.911254746965    -2792.29806913654    1         0.18147363290809423
1533.3307558936149   -4995.545061450061   1         0.6160400915605223
2424.513179988317    -361.7441519861852   1         0.8175872664323582
4623.421767060458    6390.528670920667    1         0.14855248713663652
3909.485299681098    1539.6091471517977   1         0.12492463328327702
-1326.6664074504322  -631.0677513175631   1         1.2305635550551903
-6346.566350842143   5505.207428034372    1         0.6630857059912784
-4061.353448244609   -688.3559420040801   1         16.14984429871287
3265.476094814594    1824.947435865221    1         0.5990157493669611
-377.0693948276447   -6351.198632710608   1         1.0687869419534677
-223.21404049555093  -5867.253247582407   1         0.722069189336725
1855.247503345172    3965.2964178790567   1         0.3269960941513773
105.65308907801773   3387.3536515631904   1         39.69739159878959
335.5165003004559    1140.899182129391    1         0.45116813865402405
-5053.138009065719   -1386.3496118085245  1         0.2775913534450214
-5334.625834882972   3294.352156093516    1         0.1424938625016801
3205.206329666182    4188.481213088998    1         35.25729293187511
-2658.3553264917978  3856.952966004136    1         0.22003132550680013
4382.825069657497    3135.110452202325    1         0.9130666250045085
2821.1736991266835   3195.615444092128    1         0.5907171551587387
-4759.632265536431   806.2263478825602    1         0.4934671804281927
854.0274374361388    3504.025739643191    1         0.8340124636480722
3609.7313357666744   1522.9783758344165   1         0.6865014476531117
3521.975742418887    -1461.0476173655775  1         0.44680676703202094
-4079.0885064537133  6341.012420104827    1         33.77588933844799
-2746.2502334365518  -3073.3939156325177  1         29.67313574079893
4554.269549585464    4256.006027438019    1         1.036874887811094
39.22539199946329    5630.4413802336185   1         7.4020996037197415
-2750.664607317443   1902.1431459730272   1         47.53285073103086
3809.6596061009727   -4702.89699356625    1         0.6716183562050028
5475.818730480805    -1204.4905171429145  1         0.3036683507390928
-6172.61251695583    -4779.173781515188   1         0.7475193216715899
4552.0394571249935   2942.709522090442    1         39.52047735960259
-4702.896114632349   -802.24356428128     1         37.274889895103215
1600.5304731934157   6363.203647472224    1         0.34528073124722225
6166.252115001244    -615.026113969801    1         0.6695244133670436
3261.820240662761    -2671.6052657311325  1         0.22633175901852748
2900.5277211490015   4167.8844898423595   1         1.0694641886769514
-6012.268157266509   5573.737085311981    1         0.9480712957461301
