trucks_count 5
drones_count 6
customers 100
depot 0.0 0.0
Coordinate X         Coordinate Y         Dronable Demand
-133.12960629649322  3039.7681239228923   1         0.5639852907966999
-3004.0961889553196  -1359.4387441046626  1         0.9305927923063965
-7926.616817951305   -1808.4254247918795  1         0.8655448145268796
3714.7425918373156   -4357.607757984087   1         0.7541421457521935
-7891.230910042697   -274.4130179363601   1         0.5513630548173172
-4963.185847538323   -3421.876540243298   1         0.31738777946137414
-7107.035307913325   -3421.16822366687    1         0.1459487098672159
-3234.1410197260525  -2101.892301932878   1         1.0178968470619827
-6926.485276144932   -8225.272418838744   1         0.6554781598634742
5054.106623648654    -4958.7678279155625  1         1.1143358778596901
-3478.085381694841   -136.9200426018566   1         0.8300497693874689
-8618.846641742659   6373.865921648778    1         0.36216430832853397
-2177.68590505025    6214.818386305242    1         0.8838613075954164
10413.952751604667   6892.235811604058    1         18.87118173587687
-4100.31202060602    -1740.75366741373    1         1.21177344536183
7459.089107275968    7628.895120943937    1         46.14724677771097
-4976.820024793001   -9450.764139614628   1         10.530428173125634
-3402.6761816855524  8108.134061598785    1         0.11820348580243173
-2656.9122550232714  -4787.857215781142   1         0.6946239107342135
700.1073635063661    680.4136427561       1         21.063968046376786
-3352.600970452116   -8093.650899527346   1         0.5155649284548017
-3757.52823380786    -9602.265240769877   1         0.9849579254625076
-2272.032432580929   -1662.691188772516   1         38.65629733049453
7243.652248506418    1244.3277233510235   1         16.41218029337569
1847.460591651171    4478.356999332748    1         1.1532216413463807
9169.795902359718    5381.529482703747    1         0.8794953168859714
-6275.888956279707   4043.6006460334743   1         0.40376547788983663
-773.9939253489962   -1032.3094485672004  1         0.5558253684608588
8968.901863564226    -2645.0782279583723  1         0.3965593098024284
4594.869586162986    5181.664819288413    1         29.604680343228484
8183.511471541057    5805.205124970098    1         0.47640246199063485
-1173.2477543020213  2037.0391462092573   1         1.136772346734026
-5300.488956851315   6020.17015159127     1         45.19092872426041
756.3988581056309    8550.93001968739     1         0.8743261773482508
-9219.65758484758    10325.337930552441   1         0.4015313068352876
-2899.8236913821756  -5387.502894594804   1         0.8488071363038346
1178.8017696256375   536.7603241281905    1         0.639965057513095
-5420.026397905511   3534.8499748106055   1         2.584943789851927
2908.69497313357     5273.623026215626    1         1.0913076892348264
5477.936391020736    8498.151480348111    1         1.0087007374173569
-10274.94128963037   -601.546985978974    1         1.1418831331142645
-4649.223293128125   552.0424021843497    1         0.5144837048014839
6396.828622587115    6754.274700765337    1         40.40801067504685
5369.080171913957    8416.338140558839    1         41.3738474450424
6279.7701719769375   -1325.519426956067   1         0.4836231787534727
-8021.573585373021   7303.084407712056    1         0.8373541161965254
10019.533701544648   -1283.5307232521893  1         0.7707511155852892
-937.3136461431618   -2460.0030850692474  1         32.99796553600555
-9014.499854857992   -2022.9366127196615  1         45.54536501101015
599.4268791516891    -2396.428165475544   1         25.549534084908544
1719.6125441445613   -987.5154690850374   1         0.859911991080059
-6760.475293873582   7062.172808984252    1         0.4158178495149424
9956.151689739032    -1551.8968919479732  1         8.56342709174269
10125.6538546935     54.77553834089691    1         20.318437635882194
-2738.841921237021   2701.268956570486    1         0.6202414073081474
-845.8397679307421   5619.4031059781955   1         20.49826181270403
5853.192021267146    9129.085676053679    1         0.5631135136328587
9808.380934425153    4544.588335450131    1         1.1554751319235153
1673.437388559797    6939.606922757722    1         0.415376800885646
5576.249703899039    -4527.664587186998   1         43.6897312054106
5893.47260906012     -72.34016483898388   1         25.98487360462905
-1806.302526481897   7961.072106051915    1         0.5427404178797719
9696.75365464244     534.5333061716938    1         1.0689211532111451
7175.51044222947     -4725.323500048472   1         0.5456464990419031
-7058.4596693212725  -6861.886820256086   1         1.2473447466267917
8875.803287216624    -3712.7519573260465  1         0.9617946884057516
10211.897490192      6478.867034047345    1         1.0955874487552462
-8231.751706885852   4666.740721678566    1         0.8483649365076488
6373.682728547843    7972.634176638039    1         0.24342556704333868
3711.6764134612895   3077.162717258331    1         0.7786169552054328
-8761.08584347096    -3118.0396540874895  1         0.8346784045810627
3362.2082154721415   7022.955867196529    1         0.2634756619307935
-3310.2669270462166  5166.099095447065    1         32.951832708335786
-9358.42837816339    -2210.8542014346376  1         1.191882929364159
6620.388957615641    -2900.268611830777   1         23.67041684693136
2520.7576055144127   -9926.762712934538   1         1.9965350006672733
1800.7215415486314   5539.995041236489    1         1.0914726476837044
-10027.581300943717  2266.7142584346047   1         1.0988810389741088
1481.2617467124182   32.25455658374267    1         0.7386503945923195
6688.079739372473    -958.8053011870761   1         1.0384468892317815
-2405.0018897039226  -7553.066804231814   1         0.9992568473236991
-8511.117970247711   -578.1061673318933   1         18.83958637201832
6827.413116199394    1692.7072168943935   1         34.21123190593978
-6795.948888051047   -4827.120752357771   1         0.45627712615648663
698.6435002191674    7576.949111103265    1         1.2475614694925021
-4861.888553350636   -8623.304693509635   1         0.9915132432809319
2155.1403612839913   -7665.161222941757   1         0.8067815466780018
3770.141713765259    5245.520720165134    1         1.0873892887676049
5702.713374579701    245.8362833458783    1         0.9400690380108317
6939.522958534204    4038.280516612509    1         1.0059338276525693
9427.81670979456     9892.925854880652    1         0.8959793977345194
6550.264960731265    -3580.556459339832   1         1.1602301316890802
3664.4242169091503   6981.109611823834    1         0.7483212400502113
5791.907680415987    4466.790223481675    1         0.4766267780452579
1285.6257020698913   996.0970713158813    1         0.23147197815795323
-3904.8700604952396  -10126.475855286124  1         30.33364422419675
-6888.802164044753   -1752.1330126622672  1         0.4403507797901246
-9281.060430197707   -8146.75297291093    1         1.1338474977254456
8164.702836133063    -1079.883611447334   1         1.0302529649440257
-7280.8099619721515  2774.1150089450543   1         42.85182133190341
