trucks_count 3
drones_count 3
customers 36
depot 0.0 0.0
Coordinate X         Coordinate Y         Dronable Demand
3174.6155721998216   77.5887725877633     1         0.3498053267460035
4620.273057272556    8450.59009846857     1         1.1497431921482308
-3786.706086011818   -2954.298608694292   1         22.46773644436109
944.152961863248     -4059.53499662791    1         1.0153884278862046
-1799.7407282972615  -7491.770996232021   1         0.7194128102165376
3109.8672531691545   9269.848267673116    1         1.142001272771032
4912.697934383143    1128.4559650559995   1         0.8047724806753801
3192.8792709486884   -7297.595915819042   1         0.5449898780246295
7820.199620544705    1024.9700768816938   1         15.92351337454677
-7581.796638910157   6398.746001228359    1         0.520807487514845
1960.704110065155    -9002.349072975367   1         1.1395372512249806
5514.41923091831     5661.538321773756    1         1.187461699002897
-5770.007335000259   -3527.885836162541   1         1.0527590960973334
2485.370987147652    -9367.129181725037   1         1.1476255187725115
-15141.906276197189  -7439.8925997214465  1         17.531545518101854
1433.4020800478575   -7386.755804003824   1         0.12339456313856982
-10700.014915520067  2051.3106103927416   1         1.231119994761484
-660.8715451264463   -6103.043970476548   1         0.8844827023869345
6420.025115344363    -4429.788075184356   1         3.8437643923777496
-5284.695321359573   11458.309707567973   1         0.3136982839656516
-4958.202490059864   -15851.558078897879  1         0.906354056684402
6704.106196728217    5547.540128512174    1         0.24223277477038405
-8473.056772006958   4236.983432162224    1         0.8774085256757933
7360.80223547845     -3337.301686216028   1         0.6433266300971182
-6269.547628290554   8533.8205795525      1         0.3602534540895381
1442.027356354293    5520.944574414128    1         0.9707048686109688
-1541.9291850256623  -6826.263766397447   1         0.8953310528374405
-10387.06760368974   759.9462444052925    1         0.7217840553271149
-5552.142310220497   -4774.142757650832   1         0.8368097028189527
1468.1336960596063   6906.110898925621    1         0.8326643121900644
5249.838608196236    3935.835981312798    1         0.9193834379815173
11115.594183861926   -8871.454428329622   1         1.0128540488520326
-2841.5436231337353  -9984.613861558035   1         0.9689518404768757
193.2559717760829    9467.068663818125    1         1.1856953037393803
-2214.869788118831   -2909.269390901744   1         30.144841927405597
5156.353956334491    3331.0213023317865   1         0.9830174527230098
