trucks_count 5
drones_count 5
customers 54
depot 0.0 0.0
Coordinate X         Coordinate Y         Dronable Demand
2210.035402912832    -6760.8862108782505  1         1.220535629936827
-1182.9490165748357  -7498.0321499686015  1         0.582757185552916
-2074.367476483208   -8341.853782873886   1         8.692936024294326
4056.275816399813    5209.46030145151     1         0.5048148842905226
3310.6989243860903   7037.184936275009    1         0.860764244605018
-1700.7176579405639  7817.140930905175    1         0.5979286889016281
-3938.9186859983743  -8222.350827532455   1         1.0829993110374303
6630.243680161145    -7724.438046383401   1         0.5303156231921894
5764.1753692616385   -6201.857227143786   1         0.47505589449180785
-1317.1155359148588  -8240.070791082731   1         0.6662992446745105
-1806.8822482028631  -1342.6790176199586  1         0.9713277077315574
6147.542293065246    -4475.356761045694   1         0.969264345682233
212.51161465621226   -2046.9255925797424  1         0.9426168714964397
6333.463842526913    -8577.256007372987   1         0.9004994931652975
5773.439614639784    3130.3399046933873   1         0.7235661421271921
614.6355903072997    -8299.432709747492   1         0.6110232539046956
3763.1996421021513   1395.2969945265202   1         1.1543522390726182
-4585.3963770761475  -4657.055103485898   1         0.11950336524306697
-4296.22796826125    7766.973388922721    1         1.3648028182788925
-7005.128940193804   -5218.935339133527   1         0.6347988948485593
7267.332423087163    4401.216202088643    1         1.2009906494487597
7425.770333175975    1480.8744974497658   1         0.44775166946775125
2513.2553532824404   -4755.4979478885325  1         0.26471162627438943
-6495.689662982215   -4222.0485764854775  1         0.3123505760840689
-5984.2860319208885  -7504.035862066755   1         0.9053618685673609
1166.1115122587055   5686.565669017968    1         9.21294814162663
-5956.0170393435565  251.76373654820563   1         0.6777667476966849
-5499.154887310401   937.6631826041689    1         0.5836655717624099
-4465.4205976721905  7356.912451336659    1         1.1370084755498535
-2990.936553228048   1224.1143433465709   1         15.698134577615553
7766.042761310933    7281.214129769576    1         0.14257223700337784
-8433.567174885771   360.81372002189767   1         0.15655783232246234
-469.37037848511926  -7510.621874891326   1         0.3543203900192543
-4201.3399729502025  -4425.363491871167   1         0.5135071976831337
-907.0399679842521   5346.863399170128    1         0.8823362793409977
-6056.973855930707   -2810.5812536422977  1         0.6979178437245815
8298.217852148737    -5875.4344589901375  1         0.6881713548080617
5359.953435020822    -2319.987861526446   1         0.7499007661373497
-4510.184542037417   8298.278221861246    1         0.48217494604975086
-4906.54576499       -3099.1703161306546  1         1.0474243680808248
-2457.0286109941917  -3515.01237554044    1         1.1644850897972112
4152.381944124429    5291.619288334485    1         0.14931864386669838
-4278.244746325596   -232.6927783221454   1         0.32534501017268447
2379.1502634882445   -8625.6016721075     1         14.488039985462807
-8122.061572929359   -4836.105257119844   1         2.322750723933046
-6878.664751700718   6968.247883235925    1         0.9188688175372852
820.2911547146437    7723.773206391801    1         13.861055840990508
-4603.7583642059435  5000.12091173784     1         1.1959181009514492
7028.232525173681    -7567.01518371915    1         0.5758807193958352
-5382.161710237542   -8110.494647137363   1         24.192904697540637
6596.5223960760895   7400.938477587774    1         13.801097562475679
6054.136475227626    -1433.131648242286   1         1.2126603911773082
401.22567540772025   -3485.7787079763007  1         0.12996715948176396
-8295.446926219245   -6702.26502223728    1         1.0218698815452913
