trucks_count 6
drones_count 5
customers 92
depot 0.0 0.0
Coordinate X         Coordinate Y         Dronable Demand
-434.6779056546668   -7480.7938447756405  1         17.334503431852642
-4152.3634256507985  9855.74279840217     1         0.8940807230375545
-6387.7470598696445  196.02697469027257   1         0.5727224852244198
-1627.197599332402   -8641.217995937839   1         0.24103669667084218
1645.0858435819423   4795.325419282235    1         0.4147251469343546
-1838.321122469629   -4593.077564958766   1         0.43421048334619106
-416.01620404927803  10262.221980705199   1         0.787930340938809
-6473.166285907899   -2364.496675148441   1         0.3226498302424873
17645.254588762127   10038.150856249427   1         6.30805125253473
-13630.241868571487  16438.45865018837    1         40.16274460745961
-2040.783010032043   4097.50583325051     1         1.148262232885098
9200.005856189819    -4848.094332202419   1         6.8239425449638045
7285.5747928067185   -6449.045926899951   1         0.38077490039477246
-373.98082742597023  -2699.7405532267317  1         0.37681948879437577
17649.98345645981    -16870.82090690564   1         35.73192323785301
141.9656290512903    -4608.739563521553   1         0.6291598965943701
2926.7005298353265   6625.099850099653    1         17.037918125885668
1897.7683216697426   -4700.0955564859205  1         0.22112899479191975
13814.761570666164   1669.2418700991984   1         44.87562595447418
-4473.594226714809   -8625.624503585494   1         0.716806570595201
-3729.3273086396434  -1217.0897022408583  1         42.3319555474776
-5528.264932870271   7967.118201251431    1         0.18213512747934824
6892.050972393408    -7487.7206673805695  1         0.21918983718968751
4820.918439033206    -2296.0928349803576  1         1.191149225546534
-15905.098743241735  7835.15039020525     1         0.5700494259646893
-3930.1578639350155  -7497.353906150766   1         1.0981472592109158
1558.1103925301022   3995.795480461777    1         0.7235450735603522
-3061.1107595511157  -6037.491325925042   1         1.2139360961865495
-10641.504627265762  -18185.455839608207  1         28.538361787783945
5208.153909047955    8819.728082017504    1         0.7748410023803419
4524.68005983773     -3628.5189667374193  1         0.9083835252827952
-8389.450541804703   -5966.491925846371   1         0.5278299364844659
2552.992002927979    8591.597340006107    1         44.08646183678433
10749.83268973646    462.58038502068746   1         0.7744055813631977
8406.43101023805     -2326.2077360300473  1         0.9686951049035107
-6672.005366516024   7500.843935243425    1         0.7463985105327696
9751.501839307184    13846.026896027852   1         1.1228832035093126
2390.1620272744317   4122.151046533143    1         30.979074623233192
18162.870547137794   -18899.408370690828  1         0.7177418376296717
3092.7646520958638   -9364.636192158061   1         0.641636805824173
-5080.645585207574   -4058.698550760991   1         0.5079256262965353
-2752.390294495311   -7785.916461593588   1         0.6742269006857169
-65.81413260948771   10025.050406527458   1         21.681359813517542
-6543.3862759824015  6119.971259361548    1         0.408792510500521
-5894.4912548775965  -3677.295411568987   1         0.48011926335718125
2784.056856919682    9882.084715829262    1         1.1816875913013771
1881.249659929078    1708.9736365259882   1         1.2426954142822817
-1815.5870298559814  -1996.6904453789982  1         1.1016367127437923
-772.0211090364357   -1814.1857410226899  1         1.08441463111125
13293.559675413544   17990.309088733044   1         1.1490399796207227
-10025.758237147946  -3188.879297567497   1         0.6129500661969366
9279.554983677865    513.9713000952953    1         1.1064711280888737
-9808.483335877509   2670.847263792968    1         1.1927544536418384
2215.0067043339054   9790.402525221167    1         0.4449001147403481
5062.612072137439    3182.9343016364487   1         0.9753753009425354
9856.858093766506    -2066.0198428242     1         1.1894629585838399
7116.619980889636    6928.787705156748    1         0.2683774257269165
6037.714420290115    -6871.8930677757235  1         0.30861034203593896
151.37349135546222   -2378.647937516046   1         0.24181696200950503
-1816.8636457669863  -1548.037119201343   1         40.59776668526132
9267.806098152878    1689.277587558992    1         0.6477894249308805
7548.164991232436    26.410895344645713   1         0.2528538114947274
1858.5611983800331   -7751.440132703522   1         0.6482026357196603
4082.082705193377    135.76508080465595   1         1.1028268570236355
532.9215605630558    -10460.088849613088  1         0.5500613591729282
-6384.079845540429   8133.935408680288    1         20.822445378026142
1013.2840164207435   1618.706616147274    1         0.4729827732947728
1353.7328798213064   -3771.680445061662   1         0.4966720282981485
-7582.205162948932   614.8426474325432    1         1.0395579547732399
-10813.344982338573  1228.9279585895529   1         0.49222690442861916
-8379.299795278517   4266.917376135537    1         0.4455082466335174
3854.8017085173606   -6216.294757688416   1         40.25009727431798
-2388.972440084554   9929.377064267437    1         0.7042148102358191
-165.51032421136426  2021.3110725663541   1         0.12722172326256612
1930.499546905062    -6434.312987216483   1         0.7291387267756916
-757.7173454927392   -7278.503058379143   1         0.13122167114575434
293.5017667983359    -10750.52453609592   1         1.2265742304908005
6505.566167805968    -6214.916767130604   1         0.8506734560071285
-2173.436123329415   -7424.1652523866305  1         1.143021506564489
7355.308115572079    -8819.548092254217   1         0.4583744682450821
-7574.191595651086   3746.2423685031636   1         0.5259933681037393
6932.448488832097    4661.36058871536     1         0.2818059612273254
-4914.078917687757   1276.7796886003791   1         1.1152099968738725
1130.7754639502189   -5114.475489904813   1         17.119334740637377
9974.790693336867    -3194.0127722521943  1         0.7118588118655611
6138.578434004715    -1450.0312309706032  1         43.12963794264627
-8577.453754628286   558.9080771343147    1         0.8275402546201089
5602.433176854       -5733.264844212073   1         1.0622702127268038
9451.966260137722    -2892.2493642744002  1         1.0438985992356893
-1922.0744357359472  4098.635303445433    1         0.8612703693656663
6708.677060484825    -3173.9989020131825  1         10.39487337355351
10495.714052201833   874.5474888507104    1         0.9400792886569008
