trucks_count 2
drones_count 3
customers 31
depot 0.0 0.0
Coordinate X         Coordinate Y         Dronable Demand
-6111.436044769849   5973.267881653576    1         0.30612727592396677
939.9637808356292    6743.733882589956    1         0.8755861230623107
-2814.702385641253   -4734.297383862617   1         0.2858092608569918
-3620.964938333367   5155.3844378287795   1         3.6107308799212086
-3732.3753895279615  -2436.1115547584836  1         0.8456588619562937
-3173.7845139725164  2783.47962484581     1         0.4256300845407386
5805.231340752209    2365.5690567415304   1         30.475352081010236
646.3508156328304    -1443.3857651690805  1         1.1150570174542973
6820.804413808046    2418.3648610704677   1         0.18169963083125729
4153.976720981524    1077.8420750047542   1         1.9268869486733888
-5232.226066267697   3636.941121513724    1         1.078012322409909
7155.181884926183    -3376.5659886150415  1         0.9494471473251836
1407.0302431020436   6777.623414140872    1         0.5579297233776267
-9033.787343416754   8986.21915153615     1         20.67425345636938
-5379.06303355284    5814.325854558556    1         44.18569658513356
-652.3068864989664   -4700.574720010911   1         24.227706103471284
-7038.928242355502   5966.715924219939    1         3.185023760572306
6827.579978619846    3577.2418357324696   1         1.127611742007006
-2367.7182440080046  -9382.256208224639   1         1.2006222240475524
-5229.817729569358   -4631.507616860373   1         0.8190181259394431
-1838.0921764983273  1787.3239654791685   1         0.5058872815452019
187.84353576803733   -3231.2178453266906  1         0.8808698976895133
-3467.155222372515   222.83282828313185   1         0.7742881080226116
6869.887537368873    5373.180509561578    1         20.763428989484556
-9550.187817738308   1873.219788615752    1         0.1180063464598658
-3012.57376251848    -39.71352591066614   1         29.339895465500692
-542.4387086784429   5343.57054110072     1         0.1994131250704743
-1822.746581086515   9498.434304544831    1         0.1584969359576623
729.1808719330513    -7929.417035423288   1         0.6375052224496074
-83.2278065239132    -1097.1006556666418  1         48.595288493601906
-2021.475216676712   2487.459232156374    1         0.6832906371504185
