trucks_count 4
drones_count 3
customers 79
depot 0.0 0.0
Coordinate X         Coordinate Y         Dronable Demand
6884.851515397107    -5787.420232468401   1         0.7328334153486296
1672.8675075767903   -3829.495739708667   1         42.890819877686354
-2049.445100812498   955.5688346125911    1         0.8775612023940011
167.51591552270216   2178.0538437793293   1         1.5436932678235684
9204.336171541363    -699.9012501904394   1         25.600045076543292
-3095.250062801846   -16372.940552219414  1         1.9756707412977186
511.4518736705571    -7709.803140946662   1         15.571196592238703
-4911.7614702171495  9746.490841799861    1         0.204899732382055
-3476.621668480626   2651.6838765885605   1         0.4438138262924243
-6544.37014371025    -12677.16348947391   1         3.2573060264688016
-5465.52389325372    3455.0702776433895   1         1.0509096603546144
9726.821587547009    -3995.653806390835   1         0.5185891436812502
-2835.6014588776397  9957.21525263029     1         0.8479230850935822
-5825.892004600761   -133.21656108608857  1         0.4513128026677139
-825.5213996636203   4456.897056242641    1         0.31127450000140977
4633.581716375851    -2645.16524849607    1         0.8233630003063285
-5242.040161575021   3784.5880167546193   1         0.8822373783001417
-4297.10652741437    7946.469940917816    1         0.9914157341084987
-9523.500752341968   3946.812887502896    1         0.9439311307409433
6860.139960872512    -7625.731564991137   1         1.097532853225442
4012.315309786117    -9936.070425260907   1         0.7786251824953578
-14697.152501984317  -12326.744035358312  1         46.42047981562818
-7417.4020471337035  -2763.336649805292   1         0.910396543071076
-281.56484317318     7278.021222554834    1         1.1969608165215317
-1281.788672757769   -5552.926940873229   1         1.1180291589790432
-3865.6567758369124  1978.0893600955064   1         0.10837652391345419
-5394.83270518558    1125.1435993522196   1         0.6473940857821532
314.53999927152387   10667.830670528016   1         34.96910560631883
2131.193048387158    225.1679955348587    1         0.21057418457751725
-2958.8663116336716  -7478.451431358734   1         3.7319179867585515
7991.203736811903    6214.264761962527    1         0.4112018526371446
2656.8355833492324   -1451.7032134749222  1         0.165795419675275
-4525.16717548496    -4041.089522511866   1         0.7184611112841407
-1038.9031934946852  -5315.77019588634    1         1.0696679131588769
126.63355382158363   -9711.390690739321   1         35.47434599883804
4053.981001232219    -5667.229738558462   1         0.6278681402533525
3372.730492209788    9478.150872917087    1         48.75890255617151
3687.4841518913713   -6377.359783606598   1         1.1302079409340664
4371.981227452987    6911.748361448084    1         0.6529276670795271
-6471.202377017305   8757.339138632613    1         11.315368873568184
-88.26884561409025   -1048.997892054386   1         38.49504872998237
14247.565876264016   -13034.067178416088  1         5.411001038712093
-7016.109021049657   -194.44768023565615  1         0.9706072501931092
3674.9304422518126   -9771.641327712508   1         1.1957370743587776
7184.782949096224    -5991.874733924708   1         24.153703434943534
-1203.3397759539648  3193.30643796499     1         0.4769035827897874
6204.71098092301     11408.172413616798   1         12.503251163884139
-6428.637929726026   -681.843029822378    1         0.5297044603924296
-5655.380519201938   -8469.241261625586   1         0.2705671035446414
-511.4566181183083   -10214.282044348498  1         0.3847776148018881
885.1413315140444    -7307.812089410688   1         24.20591803072474
4682.399750754007    983.4186163649657    1         0.7636914535356811
5958.703064743043    6706.9799718576505   1         1.0977482624550343
-917.7543046303555   -5534.388457937603   1         1.241567196062133
4692.769498990259    -9376.27043957333    1         0.20395591495305576
-1711.596642019869   -8596.968937896341   1         0.30450964511221745
-3545.7352505873923  -10301.03944573491   1         0.6440064749097297
1598.1842815956106   978.7468886959567    1         1.1814695238406179
-4962.898877418582   3189.573239504293    1         0.3322306609936071
10070.33565483378    -320.104927634793    1         0.595163878786087
-652.7827956919825   5534.691563694822    1         0.40358796842835687
1463.3604937982714   8941.909958350792    1         0.4432311207800208
-11073.74026256994   7629.81144037054     1         0.7414017863182369
725.5433554668452    -3113.2399261021565  1         0.35837712648790676
3079.3571212311413   -6980.825539630511   1         0.8948648474075961
4750.532369330249    12199.121961776957   1         5.457202943558967
6506.84943458946     7152.890987101861    1         13.993774892558907
-4303.079018915449   2477.81237407901     1         34.52619270093262
-9946.065972319428   3492.755479443045    1         1.18922450572532
6970.858215841451    4459.11331031266     1         0.5617390924980743
4311.8996912272405   -6639.151962652232   1         0.30183510872468
-3604.9307664125768  9217.352522987558    1         1.154477900965161
-1407.686035389599   10702.766541725348   1         44.680426758130395
1336.7282983605203   6426.25240278619     1         0.29794287627167937
8456.225215475879    1668.647959031781    1         0.5225487779130744
-6259.742449025199   645.6705882109292    1         0.6563748547388354
-4716.794696958992   -9395.221619767815   1         0.2902416066872451
-12264.274967710226  -6298.807356247951   1         0.15448540452763915
-1707.4881919987602  -1712.7747618867613  1         0.37314372361400483
