trucks_count 5
drones_count 6
customers 90
depot 0.0 0.0
Coordinate X         Coordinate Y         Dronable Demand
-922.906169518832    -9361.692592986416   1         0.7673595129682731
2404.4622761815053   5367.542058343624    1         0.700224785374489
-3406.4341269993533  -5271.0943010518     1         0.5295052119717426
3183.109454466281    2171.89139602221     1         0.6556467230259968
-3855.110287618836   2039.2042999218015   1         0.1486239059460976
-989.8011763195175   5596.45960979412     1         45.33595843891631
6968.038290854883    3467.658336692598    1         0.19645046910587294
-4650.439845239654   2726.705567606518    1         0.44339014452087466
-3235.412244277975   -4386.292882097883   1         0.6246234085548844
4598.813484082688    -7537.643183554875   1         0.9255292047123359
2965.782586053738    8865.176684422455    1         0.835418876250369
-2990.816286851839   5619.059059287473    1         1.212640912234923
2130.2375149512404   3297.0137777154337   1         0.32177623324013443
1036.8189569393646   -6972.17559864188    1         0.7676048891403966
7401.618715002345    3472.8569454341805   1         10.547350767985064
-4147.880302482221   -5875.904675615831   1         0.3306104385269353
-2129.468507765971   -9084.752414609175   1         0.4010383543281568
-4703.213910421866   -7355.867242742599   1         0.40611358144508014
-5070.0333214684115  -5193.112640740916   1         0.8363824089927926
-7629.404432454355   7568.368434938977    1         31.765589181113373
-2350.3316147226906  -5784.218551264866   1         0.8366862740521924
-5805.897334749298   -2282.7396172258827  1         28.062222288651142
9221.005552227944    -4605.545193174739   1         0.48601139208023436
-2132.0726978798193  5607.622307671583    1         1.1557615159791568
-3053.4165391538304  9089.189349029517    1         0.5548227583202504
-7411.142180846503   -1043.8151167779279  1         0.718882765593718
-5473.771230316543   6830.477256728295    1         0.23172372160669275
3164.890395598326    -2215.261981362226   1         0.3691417329511447
6876.353537368106    -4915.788721795743   1         0.3285751973392613
450.47185289779554   -7437.376015735188   1         0.8844106365967003
2589.6216302786875   -1220.5388523113759  1         1.2371135434910028
-5416.698699044492   6388.629089812876    1         0.1496197114053921
-8232.272840238244   3410.7661583003037   1         1.2221086358788433
-8010.7084094172715  -7598.236780691788   1         42.39262708493387
-2900.620170497385   -2744.9516873590114  1         0.3276885821266764
5317.79121680844     2672.2425933564205   1         0.6747443212624601
-9747.298266666156   -2994.1844867292207  1         0.9974803797443441
-3939.051397524784   -3888.6619120371183  1         0.9838814836642202
-668.1104391869452   -9846.067630148664   1         0.9389913029081172
-5152.3978214054405  6890.28931775299     1         17.350978949700057
6182.339065026622    -1754.4520776731886  1         0.47491598171832994
-1630.200935449082   -1239.6677880786792  1         0.5743803302900886
8087.815999419977    6233.912899069065    1         1.0812633525948927
-5057.1069174522045  1290.0116752946383   1         0.7522595729189645
-7678.282185437564   7450.178203229798    1         6.2941384393782105
7239.47253257346     -3363.761053595924   1         0.24555112389050188
-8292.51995607718    -778.6756884291553   1         9.316006008470776
2336.5598183871216   1437.5032039280577   1         0.9244324553446452
-5441.308620707474   -5722.5842062383945  1         1.1888019190827588
-367.4655461264083   -4624.639085917335   1         0.8720052101088107
2076.78607708908     6852.693333371796    1         25.470541996956772
-9747.088918067288   4570.167779429335    1         0.7997704930503935
8191.784859789829    3230.0122879691953   1         0.9889145230142448
-1532.7347983295792  520.3259298755153    1         0.9759852381987552
-9272.978677135437   -1018.7397259858744  1         0.4600273857108773
2995.8065213062855   -6383.189084748729   1         0.9750079651535882
3798.8935720934514   -6188.1235528809175  1         0.23668006614758247
-1481.3078766765132  3413.736670473057    1         27.01594124263223
8127.354778888738    -6280.97204660164    1         0.45005524122788787
1172.3505146451403   -5490.903612498168   1         0.43275140920291566
5147.627717961995    220.3593492204795    1         0.4510390291436106
-3551.2208450627295  -5784.240259528597   1         0.3718591512404912
2240.32817765088     4941.514508767146    1         0.30022888578940554
8875.951605494029    -1590.2257988576512  1         0.6576529278069704
-5945.590444410817   8798.34891465832     1         0.2865667257389217
8053.77643068514     1135.7118601734905   1         0.3634946251169603
3965.7076507017414   -10016.491195515662  1         0.415343985630672
-7471.073437260319   3361.198416889633    1         0.5714129303315983
-2296.81887077039    7236.3920631665505   1         6.327338032797432
-5581.458985921601   7219.715720813588    1         14.040574219620412
323.81033704404007   -4937.701257107285   1         0.9322879460375523
-3038.0319015866385  -5826.312279400216   1         1.2041260776102913
-7711.9961108963935  -6708.629630817534   1         1.1576462678528205
2986.9899820856613   -5996.967156046501   1         1.1102907026575974
5226.232855489358    9068.064944391439    1         16.839472689847383
-1649.2753472555007  -1435.3772176175612  1         9.974754613225672
-2048.1135523781563  6679.592386345028    1         8.947085376745267
1206.3279292938719   7367.565363044506    1         0.5674250188041359
4434.300070753914    -3485.807310825328   1         0.2496647826286394
7589.646729929605    5533.767328977393    1         0.46653426389984143
-6985.547974458769   -7285.21305254958    1         0.2499947649518386
5460.225380974577    4076.6724219066946   1         38.08455197820438
-1263.2598180980012  2493.0687573518335   1         16.548982860744864
6349.576231946232    1934.2948540290915   1         27.46187890878447
7568.274739776128    -7452.071706816709   1         41.58470209958321
-4280.709836739256   -64.18843293725035   1         0.17181897782938943
659.0680106186545    7572.146726125225    1         1.0205758811333006
-3345.0026731933976  782.355243036215     1         0.18725384901770997
-315.9038482329849   8941.72618432658     1         7.177181538010348
-10258.675756930641  -2383.333519292337   1         0.975383245902988
