trucks_count 4
drones_count 4
customers 54
depot 0.0 0.0
Coordinate X         Coordinate Y         Dronable Demand
547.8536343012939    3531.2803503347786   1         48.455623912976705
-2281.0608129767243  -1697.287087097452   1         8.054061740050923
638.6983725624584    3662.7137336922465   1         22.45111376747558
-4391.997328724097   757.2554658334127    1         1.2373105656231285
-4520.889183727513   -743.1548345300895   1         0.46248206074979537
909.1915631241337    2378.026210156197    1         0.5929878231682939
5006.269332871839    2831.2921103269264   1         0.8004838427984055
1764.4097772946543   3907.1463601296277   1         37.775360161548534
-3058.194961533611   3506.8934177518167   1         34.748463084565124
-4692.374599634342   2147.137995237665    1         0.22622306302502104
-639.6488800138268   2009.3229168324206   1         0.866083048033933
3542.7463904542046   -4603.699615469038   1         0.21149881624176625
4391.171489187421    4971.149579911598    1         31.84426196297173
-3550.528509036113   175.55882352898567   1         12.802251436465198
3961.659807099228    -1113.8370535388851  1         0.6850598917675245
3831.383069991471    2913.574265582411    1         0.455756646179464
-4112.010238635483   946.6246550052507    1         0.6420747379295071
-2213.691291113783   1336.1783902349493   1         1.2198955074252458
-4364.039641621254   1363.2212571742325   1         0.30634574108143353
-2262.7282858310714  648.2856320291826    1         1.0976157905174664
125.85430454334528   581.6579467749589    1         1.0951395365496412
144.0946569402742    -1139.2682343763045  1         0.6307701238454491
-1684.1074271480772  -1349.54580009177    1         21.254389453743
-2395.0059185728082  -4977.808407491902   1         0.2900977067215259
155.72785431319858   973.4807803159397    1         0.3683449884812421
-4822.2922039053865  -3010.130846583233   1         1.1887074219379148
1220.7707646103008   -3249.145424235104   1         0.7117815970034675
1715.8944538748522   -2281.5834999332797  1         0.3453462112591629
3142.1877859419865   47.990167982397764   1         31.207901557746254
2547.2393594668197   -4194.526576606164   1         1.153359049779162
72.46945736255229    2277.9337038402214   1         1.2227215835274698
3765.6490130240454   2595.12002259807     1         0.8317739263567254
-5303.413532479935   -3533.450439559223   1         0.2749048671878671
-1625.559979027075   -3195.2558149833767  1         0.9595984910863345
-3737.691728774202   3162.290021473456    1         1.2014933114725583
-4443.644769449527   -5190.33986136829    1         0.6314084976096022
310.9782890252945    448.03350943028386   1         0.4144863350257997
-1857.9148788324853  -4995.407255657053   1         0.2693082466526824
675.5704413408242    -937.6829784844259   1         1.2344279489378178
3893.7986607502767   -62.98240134681488   1         0.5709026326900869
4190.060201983025    912.8754421330428    1         34.057638652928404
-3142.842996071708   4734.397517357285    1         0.12313442545437615
1412.9742990557543   -234.6371623120358   1         0.4050134514064322
-2049.6076066897162  3048.45591419963     1         0.3249323852052012
-826.5813403710573   2385.1495128187507   1         32.29522651091009
-4902.686026836263   -1238.246906151212   1         1.199296776119928
-4440.412561426044   -1094.7301937342345  1         0.5672199578744904
1374.2671942746335   -4881.260854711882   1         0.6198905967389811
4784.171229522817    3516.8363639309337   1         1.0508048413337538
1127.892303021147    -2951.6685707372108  1         1.1792319063711367
-3546.0556973366038  -3051.2119284479845  1         0.35456888901189687
-3217.6160105359695  3492.1981179616355   1         0.3591868051129896
4135.038822171584    4023.698998938329    1         0.9155050367297906
-3843.0764030029522  -5153.408117796338   1         0.3295427628115343
