trucks_count 6
drones_count 5
customers 100
depot 0.0 0.0
Coordinate X         Coordinate Y         Dronable Demand
-212.96724162263902  4124.850283914375    1         0.3268854912676997
957.9808670636695    -3479.129076287273   1         0.5998514515018869
-2137.441754063814   5153.539497634303    1         4.204446479501307
-8574.673703466775   -5520.60086242833    1         0.8209346428072203
547.4228579253231    6421.93008555271     1         13.375125535731488
-1246.4511668598116  7959.917653215209    1         1.1545322200680075
7517.660457636155    -7166.0212073316325  1         0.4692799455789465
3725.988610060066    8714.728556151906    1         0.5444204072811867
2143.0532858195243   2983.5257602668585   1         29.01316707032712
-5791.582775719743   -5962.115080916107   1         0.7170910034909339
5012.042560026034    6089.259942468918    1         11.393415826340453
-7699.4272387252695  6577.541813194555    1         1.0680940476647238
7068.244377308971    -2911.3385925718494  1         0.9073755027612933
119.92229250345744   820.2454868014781    1         0.5470044483720423
8375.829325996987    -2064.3006999243416  1         1.1567895346374104
4145.321966029979    -1565.4598722572623  1         0.3854719580390572
-7175.823911064654   -2356.8130265035784  1         0.2686367932921821
-2007.1958512887863  242.49750729830356   1         0.14728666205810986
7577.71233566941     -607.8787549859355   1         0.29209098899838565
-6443.930097817959   -3498.828806820044   1         1.1160737744740603
-2090.8064111758013  -6130.538024752997   1         0.533725196020715
-4552.267804077256   -6304.725161473157   1         46.09909236672401
-7930.034230461978   -422.04691047800594  1         0.46871927904039146
3405.965017396895    -9787.565448834468   1         21.584834374778787
-4203.914003616979   4095.5641532122413   1         27.914832675847457
6897.191100795524    7198.374940437476    1         18.786443075820372
4686.26435736557     -6242.482065389702   1         22.256998722410003
-4961.734718601891   7430.421861947765    1         40.42534176145174
9708.012840009324    1956.0393451582568   1         0.7100517470850859
6145.366302308976    -5520.274559254159   1         46.82701758602381
5631.468579890634    4035.8431038128947   1         1.2116192336730258
1660.6555379554281   -6832.636247866574   1         0.340475396526126
2034.4210055124433   3949.3938092319813   1         0.8512947878717184
5381.0858336015535   -7337.593603786302   1         1.2180221927603223
6786.217202378841    396.97618976536177   1         1.1793356106735977
-4423.180964654853   3286.2553783531052   1         1.0820773521622566
-9615.244654901013   9095.041452559628    1         0.763769327143737
4775.271272674154    4095.754463607438    1         34.76889094254133
-6398.329902883518   6551.864577413028    1         0.7439483349399485
-7039.122452422356   -3700.5657934995447  1         0.345440200903506
-1831.3798804359453  -10186.856873935292  1         0.2662703490387603
86.93184320478991    -1419.6437100558658  1         1.0491481766886788
-5595.552660790816   1910.2155574286062   1         0.7037198086375653
7652.531493218593    3156.63624593194     1         7.1157092109779105
4848.381703745424    -7040.097631753823   1         0.7671498603091178
164.5437576722064    -6324.628146677599   1         0.9452218069929881
9985.54163233115     -3321.17375605563    1         0.9980347251936779
8395.72681982446     5047.314546607476    1         43.39274104056882
-5213.327902452329   6866.002173717655    1         0.644134184338343
-9576.700700346148   -8510.06520562553    1         0.4829836502931518
2428.9709403022684   9949.093390946848    1         0.6705978368407972
-2229.4607650283574  -51.03929411645994   1         0.30823144292309246
7740.59257488768     -4538.257105634101   1         0.8984488793158256
983.9472045347139    -60.39383118302054   1         0.4846607912896004
7044.715933782561    -619.979973818867    1         0.2979561032293271
-6286.093869068056   1891.09120205405     1         1.0366721483468104
5211.748782382632    -1711.7550735455497  1         9.0370278234805
2220.0030604916064   8307.44218193413     1         0.6220555815666908
760.6803707652654    -24.374069949480116  1         17.463002603732534
-8840.648192778057   2709.271485916274    1         0.28608273128175843
-2849.3919552746493  -7011.787395630337   1         41.009726162234166
-6750.527730686948   2930.0693721512525   1         0.6238953494881442
-3466.608303966453   1768.0587442967321   1         0.9703609387540096
6660.732334841872    -2961.0785376449617  1         1.0760211745949668
-7311.516605109171   -1725.0034249403616  1         0.32573093086047605
-8819.350933025004   -997.5364210463524   1         0.10469371216621978
-9172.357092647346   3443.711559992823    1         0.341553607389103
6059.486297688067    753.806762146535     1         0.12868498706174353
1183.807606119774    -10024.683566332518  1         1.0112057229141342
8572.72500235923     1751.2699759129946   1         0.5563784216349156
1420.7769832163208   -1122.724307722333   1         1.0449923027353603
-274.503218500331    -9134.470842800863   1         1.0420896837152827
8705.832820497288    -5360.2959668800895  1         0.10112978401490373
-1465.8982964329361  -9510.821303640956   1         0.6967718593227553
-4797.359262856981   7797.900715162925    1         44.06812610627621
9915.565745586659    -4457.025214314805   1         1.0409118604163858
-4689.879634419276   8805.706319547575    1         0.5741508209490377
-7722.078119617307   -7721.989893306489   1         1.0996162303128498
-7000.591248149325   2025.9941399547956   1         0.6414260807800285
6558.964922812818    -6371.310059550263   1         0.7976477952858966
-164.66590066780876  4434.868578522239    1         38.271063117346195
764.4263410188062    2580.3902019177585   1         1.1486541015664407
-5219.408518561956   1245.3366378026087   1         0.9664622948384934
-1002.6322962010094  -10432.844723602951  1         43.266301251787276
-6112.972766840373   5233.61494086266     1         6.353474032888433
4482.212342813126    2265.5274503404744   1         0.1932186032657705
5682.194086532843    -4000.9506647218445  1         0.8189716663964446
-6910.976863845719   4975.283480259943    1         0.47365926699526417
-2366.786785362991   -10201.323918100106  1         0.7230259925182275
3962.100363097138    -1905.4928743680177  1         0.686061905578016
-5024.605432794818   -1472.1327357575028  1         43.16164961716912
3843.0382191747426   538.8208701117177    1         0.222466327125083
2392.3287539313933   -221.93788068809044  1         0.3000722182283009
9376.28979461224     -7061.457363882602   1         39.98680821130692
-3424.4758079246435  -10372.155684282403  1         1.2012693279742417
1974.6404474808182   -9181.699614737581   1         0.4436099898886978
7351.329539596532    -5933.462202105813   1         0.6969860330150902
3995.2267621933647   -2276.2818596796565  1         1.2430403587129215
7392.158270005405    799.1645333781388    1         13.315904334098832
8711.397330476879    -5391.000187932629   1         1.0491987699779768
