trucks_count 2
drones_count 2
customers 35
depot 0.0 0.0
Coordinate X         Coordinate Y         Dronable Demand
771.4503097016882    5883.404297996966    1         27.74246592593275
-3399.9966655633493  -5192.635803249625   1         0.9604328420560967
115.43586559928917   10558.33223248858    1         4.987139428959831
8163.142792239236    3374.0577474219417   1         0.27733967583618924
-3888.3414013133392  5881.330590082915    1         1.085152601291922
442.8613017391892    10053.222435993373   1         0.38711866250911453
9324.678637861309    -2232.8578126478683  1         41.62877876639344
9798.24801282371     -5573.02916320118    1         0.4318380152459348
4283.019564680282    9376.823445478818    1         0.9729174772042978
-64.76271513285609   -3422.7125534902466  1         0.3145549188579645
2020.5209435949455   -5911.623824576199   1         1.2086549761842897
-8154.6140369753475  -9868.577665479623   1         2.8810486536930915
-1217.7625726669676  2665.2368386116486   1         0.8894757751109211
6734.753582426345    -5600.433734902091   1         0.8605573126429616
5211.10124836495     574.8441531693697    1         0.28129144587156396
-6555.027528345955   -9946.423543850988   1         0.7823118622843304
-7924.817460679472   -6992.972827502895   1         0.20879965029191316
-3853.869575255858   -1620.4061136270786  1         41.07167562948105
2184.7132417582034   647.3927765792647    1         8.207091845649924
4074.0065939206042   -6268.724327911202   1         1.0498896474256507
3733.4853252239345   1216.2894738708555   1         0.35734045352743915
-1367.087913560652   -8647.418096989712   1         32.74694145612873
1978.8929892794472   -7167.428196794942   1         0.577234976007006
-748.9845517501617   -2478.7836724757635  1         1.0988803687215103
3493.455874399839    -6006.52601809045    1         2.4473400721694234
-3699.6573221041613  564.559676477134     1         0.9118598203798438
-5313.012453764643   6956.178040804452    1         0.8174144091214348
-2518.024463304811   9138.191348142815    1         0.8020247048235238
7502.1079199919      1495.36168947992     1         0.1803720752646892
-2951.138182909542   -458.4807808520632   1         30.81844860310372
-7224.2460695283535  -3263.814546017161   1         0.8873634144647049
-340.44487096145957  9052.58380591383     1         0.8873808883651411
-371.8776619197426   5693.56020042199     1         0.66599126650323
-1170.9244772959592  -4154.429522534193   1         38.34464486855054
-7169.777173002285   -1890.198043582277   1         0.9429942584022207
