trucks_count 5
drones_count 6
customers 97
depot 0.0 0.0
Coordinate X         Coordinate Y         Dronable Demand
4485.591403403379    20.42226669153206    1         45.0614208181248
-8769.792865931488   6135.425088962573    1         1.0142376659399663
-2061.6339670663247  3379.002485261082    1         0.5695126876445885
1647.0624900572548   -1646.4543574827776  1         0.36370299578468657
-7815.653603514569   3606.0738062647447   1         0.1862954201449678
4650.086693612924    -2968.533102175962   1         0.448859631862504
-5086.782976040696   1028.4822275411389   1         0.7701259769914746
-649.9868671101209   -4483.890542390523   1         0.8474605547285522
-4767.8689518316305  2901.7864601856145   1         0.4437517639444185
5237.581283549586    -232.30671165022926  1         1.056002493747175
7047.0663316864875   822.4393318118327    1         0.42580756500871286
-2430.489914692314   95.41512863604234    1         1.0544994187855732
-4094.6813918622634  2420.57409277831     1         0.8263366640505097
5771.498445426771    -5118.869590780634   1         0.20942126432537253
-2984.1171853320243  6007.74274040055     1         0.7916781490475352
4713.70408432637     8801.89098022473     1         1.0554956203310897
-2728.93399131476    5311.447528862668    1         0.18592460286562007
-456.7725999048693   -7242.53302066405    1         1.1186754513714137
2430.8426881045157   8401.123805351219    1         1.2232923426296616
-4567.72853062749    6101.9445360046175   1         0.9357144942430845
4085.5184829322134   -506.7038887812869   1         5.390595980974125
6613.995567157856    -5770.587476390735   1         1.1778680841538376
1833.5314492915966   -1384.3471974477616  1         0.4122377212858289
-2440.737783697156   899.2692064155142    1         1.1690957606507306
2498.3466456169467   -1696.154002613022   1         1.0110542510813136
6707.191067439605    -389.6738080312988   1         0.1139794629062533
-6868.584107653003   -4147.286580643968   1         0.4460456473767941
-221.03189562440178  4048.5464866392686   1         0.9471329056701692
-2453.6337823663457  390.0898388706377    1         0.40276492509724826
-104.0095114975668   -6988.217044733658   1         46.05007892269632
-6214.849767300663   -8175.379068983631   1         0.3999009179050165
6030.432361619538    4818.294341234067    1         0.9287241128292986
-4440.165152993123   -7992.998178682864   1         0.9074998538595421
-4630.125709988171   -8364.794214398988   1         0.18341463557486082
-7898.193884870086   7440.424110360784    1         0.7352420063783792
7334.975675146102    1462.3380490996128   1         0.9192545476650427
2185.1596907082767   -486.0032172802912   1         0.5563163769976865
643.7621851483855    -1492.3415124694363  1         39.25274256894438
5019.295998178573    -1437.4548895373232  1         0.2399601950057038
3336.0458022831135   4523.453545591698    1         0.5429688026556239
-6515.0617055118855  -7721.544113808818   1         22.65770724734081
-252.37652226208246  7748.941248197933    1         0.5658862157172627
-5951.540850495027   1942.2135892852912   1         0.3321819879311575
6394.509250861919    7494.882397999218    1         0.21399564094618975
8164.063893180399    393.16436129664544   1         0.9056115839358633
-6935.769870883766   2109.7262862207645   1         0.32551822345134795
1375.835275956957    3704.6878865306967   1         0.3662081060842255
1079.784798730241    871.3802858430194    1         0.7275531881610979
778.5182530698268    -4236.056042566588   1         0.5970569044550306
-5804.549713232864   8692.854651111913    1         0.6431013791120632
2929.8261457743106   -8805.274644176074   1         0.43279226501915513
4827.346365722368    902.4102543896449    1         0.511423502735198
3311.88580366319     4460.601792989585    1         10.578241209322542
-4704.439615422679   -5452.900225814385   1         26.60356826566383
-8562.32305382953    -2183.681664292918   1         0.6664188067916955
4266.004545670934    -4388.993942576746   1         1.1009556809658587
-2817.3772842390977  -1663.504711253249   1         24.846916975132093
745.2582509057389    -1530.6023253736428  1         0.7189376282801765
-2596.3067018869315  6934.065568252541    1         0.8985323285683229
1297.2848591651982   -8622.590235171994   1         1.7489771841191075
3228.394656536778    1345.0498190128885   1         34.673670947943734
4501.265866736075    -1038.034677701029   1         1.092117456913703
1864.8032882468765   8641.013515738314    1         5.659679219666781
-6747.396902525189   -2223.438951234549   1         0.7317260523462281
-7452.855000976497   -1293.5445283744543  1         0.2982640004046161
6409.583672082072    -4748.4500366539605  1         0.8797295160479285
-8851.779869035874   -8471.9021941956     1         0.7737502639575216
-6878.442892539581   8305.056252486054    1         0.5488535753798464
-658.2470621859084   3971.672910147765    1         0.15937727045177688
8545.78300604154     3202.9727684084364   1         1.2196960444701594
-2991.16629165353    -2763.016202034508   1         32.89772356995189
-1279.8875078759866  -891.9287105756497   1         0.7770293724069014
3275.1534657062166   8421.911277230045    1         0.4093054722056393
2996.6516479588245   5212.799046740171    1         21.96288687636317
-425.60018802725244  -8057.608431764616   1         0.20459468459054686
-2777.1617105187283  682.3190460023136    1         47.7874674415995
101.47185229323622   -5897.019624219057   1         0.6167110203432301
3960.8826416943343   -6742.868189217704   1         0.5723066422461351
-529.0497037601446   -6669.518751228908   1         0.9751886956820475
406.44323145860346   -3762.717804841447   1         0.6985212278865619
-6692.805989486313   8406.365058262423    1         14.372003248608081
-674.4678626995524   1784.0397847998202   1         1.0366636122375974
-3279.4940470147353  5808.772476450693    1         1.0558579218466317
8278.527154452753    4311.114237819655    1         0.5792458425475755
-60.97841530648807   2319.4180121140002   1         0.9088091286291659
6510.073945776702    2917.5952105943816   1         43.1782847197208
6637.8217854082695   -8653.669765100673   1         29.61250757520379
2189.2933043460125   -7873.427773676769   1         10.91359460248662
1977.1649149835935   -1206.7462782670273  1         0.575925360901282
-7666.07134200922    -3849.1928956688107  1         8.285801299574448
-5642.8567338096855  2797.9901566277263   1         46.446441689189896
618.093939694831     4412.699234009347    1         0.6577414120032736
8584.330060077617    -897.0769512948477   1         13.824332391041427
7837.434272794714    -2604.584706907023   1         0.8985561458412669
-2731.494163671737   8564.496698544897    1         0.5758304886664275
-3601.324655854516   1955.8770377807832   1         0.38550752711540115
334.05459465651234   3881.9566697669884   1         0.7107821297711836
