trucks_count 6
drones_count 5
customers 89
depot 0.0 0.0
Coordinate X         Coordinate Y         Dronable Demand
8204.074784381995    3286.9033282735086   1         0.33773141325779915
-112.76255126384488  1721.0127261953107   1         0.8288965396774232
-1502.978646408361   -2521.8583624395383  1         1.168471443539473
-965.8321565214552   4278.22690330392     1         0.6802206300415766
7354.620739341392    -5625.839866934005   1         1.1675683370386172
-5086.406875544099   9198.124102380541    1         0.5605603757099931
8549.16794651547     -374.8171857910122   1         0.769801089397601
-1078.3743045897525  4492.924076559233    1         0.9597545198822917
-8545.055766243247   697.4340903213224    1         1.8310569933002419
-1660.5807175143948  8618.164516782499    1         0.8870541180284047
6232.450901131481    8462.295634909156    1         0.721509923393637
-3207.76487967603    5707.296263020768    1         1.2396533122542062
14649.415124241765   -8270.659854132624   1         1.0810619000188229
-3586.372632648073   -4036.1868009672553  1         0.3717704566183325
5276.63876833792     -2578.472325835578   1         8.421157474993837
207.94313826229163   -361.1997350996374   1         19.4304261753264
2616.8122572118664   4516.891955511666    1         0.29432243334453545
4472.571041361952    3928.722040989727    1         25.09576475171512
3535.3601621230723   -5948.938183947565   1         0.3709475740787165
7266.920111774846    -5530.608094726013   1         1.0573137319108956
575.981139896112     6070.967211828074    1         0.5877178977129871
-11404.118530002816  -2630.997373285836   1         18.83765451490002
-6698.0630028599335  -2460.9701623856236  1         23.170481964015092
7497.403424241147    3170.506572246112    1         0.9371625546526267
-2445.152444638222   8912.567003779135    1         0.726293280944706
8967.767286820557    4651.844635034808    1         16.579788752510673
6179.25671500316     5596.418995515746    1         1.0200005841102595
7823.073702769443    3838.5439510002525   1         0.41076117127355893
5203.956390171268    1610.7954386982992   1         0.8305779723432546
7713.891234129733    -6667.646610038857   1         0.8073934946949386
-811.6023775210866   -3394.8152910434587  1         12.516081558601698
-1638.7654179261222  -796.8571057765671   1         0.754384088752055
11443.084814435497   -571.7423068164026   1         0.12720584294649934
4999.72017410602     8636.36917080632     1         0.7861623945216472
7867.3480809712      1935.2046242345898   1         45.88766268905875
-2490.6972318469907  745.151185007926     1         1.0037985405646566
-6672.580472223638   4685.33900065945     1         11.424048862171398
6982.997325568521    1618.409072222163    1         0.16237165158297887
-8687.866693833364   467.5344997956488    1         0.6801953604544525
-5528.091309145129   7264.304136089279    1         8.674971313697313
-8570.273559609876   5436.419911582292    1         32.49736502474025
4057.768452094447    -6318.031682058699   1         0.4822838174655365
10114.038408325949   -4165.987716006319   1         0.10637425638704072
-16553.397679523252  -8927.594316848832   1         13.181613113240852
727.2693723576652    3111.423949701916    1         0.753154927733319
5908.6055068079595   3534.9979536699584   1         1.1729317704041697
-7433.510047278909   -907.9016005101062   1         0.4556951045572104
1383.138368611657    10798.549934301336   1         10.85835291851789
4693.186997212332    -1629.8845422955517  1         1.2272763356874423
-6688.944632143222   7344.1815307666275   1         0.32280432885552124
-1576.90178071852    2778.6730447406976   1         0.10201311523019482
6590.184603667473    1618.4464937353464   1         0.17449158507967033
5100.200120943904    -5763.036235425731   1         0.11676627366612086
-7274.8416380846875  -1179.3228581754363  1         0.18036019763124495
-889.2776109819237   8553.124069934709    1         0.9522076140332449
-8512.800264439798   -5558.309893607344   1         9.093995548924596
3606.7293836939157   -8197.516320032855   1         0.8679014969654016
1506.742878662364    12648.95462989204    1         0.47549692786034903
-1842.394597374743   -2090.938056652587   1         0.6267449881975901
8036.972547212385    -1185.3500259758023  1         1.1619956316839406
-804.0899512296274   10403.570695187993   1         0.8972823072173315
4148.628266980962    -10003.13140488729   1         0.8958387807598712
7441.040993610363    -993.359764921765    1         0.7580314908078266
-3619.4355118354833  -2241.3542238912964  1         0.9037747517438609
9925.551244079974    -1325.4230178249354  1         0.9592494805061605
-7135.692550826197   2190.219599371633    1         0.8659436887398629
-15939.43377061676   -2172.3647654765427  1         0.5668180589563134
8012.173184733289    6739.775268655467    1         0.16868424977026647
7391.996201383705    3975.8220675634366   1         0.7004924632099606
-1904.5022613475503  236.941553120374     1         0.6835305363613051
-5696.202391134621   9195.931158470143    1         21.146724218499873
5951.637624708917    12423.316085752936   1         22.010259346709585
-8429.740113687787   -3650.4263364077883  1         0.7162946292109954
1573.8635202698374   -2491.0519351159987  1         0.3652347887301428
6700.073229799065    7794.895274919316    1         1.0501182994245317
-998.0221098804391   -9812.776402577021   1         28.90489565403452
-10020.993454935047  175.64105801274445   1         1.0368078072132338
-5670.0367014327385  8899.444022378633    1         0.5505376026784657
6224.141795218014    2056.0285855299035   1         31.85659504911894
-17355.107573843594  11835.430320226882   1         0.45264614167321215
7190.2908141724465   1258.7665492085478   1         1.1056199204302588
-4204.53945372664    -5687.869784107931   1         0.5220300095338422
-10093.380074053859  -2695.964320491775   1         0.3869031768327502
6165.714705620884    3704.6882751001444   1         0.89770623651659
-7510.485702464968   -8712.649832500563   1         8.129291014440295
-387.1109023355785   5019.972607689951    1         0.503273805428097
-12427.913988262339  -6375.660401542462   1         15.725476285082001
-2147.6455255501996  8597.45943961046     1         0.5459528513275793
9611.916658085298    4341.181653542865    1         1.189570432523075
