trucks_count 2
drones_count 3
customers 30
depot 0.0 0.0
Coordinate X         Coordinate Y         Dronable Demand
-6348.97594167457    -5537.35163399117    1         0.27104652561843745
5405.048153895955    3653.029975162509    1         0.5586257322984642
281.36580790967577   -6834.971236986154   1         0.7041276858505919
-2032.9498518758753  555.7903591522055    1         0.9095722697525077
10581.708925747764   185.9214961791661    1         40.27038367147284
3279.8821551620485   -4581.975442660134   1         0.32775391430114353
-6358.34485148955    -5936.244604631785   1         0.3218925860250994
490.760445757042     -4018.7836562149864  1         0.6061821462338032
-76.84007586271501   10581.805370100377   1         0.7523013859833471
-1482.9721190849214  -9421.423475338874   1         1.0681954485289
-19269.45633421758   18389.393114047154   1         36.79800165102349
1460.929614083964    1877.6089147653936   1         0.37070855729799346
2335.80257456371     10180.06999972628    1         1.1075817613184102
-7865.223822530716   3657.858783989927    1         0.24697600415439844
-8627.25536527517    -4400.079856177898   1         29.978399642234926
3840.734932995398    -8026.563981060625   1         1.0410041939375831
-279.3076718084054   -1906.740131460457   1         1.2229419903661893
-4069.354526466701   7135.101833290701    1         0.8504547565694048
-2494.6413522826188  -9529.01378276488    1         0.32237152981462264
-1234.1652909718036  -6165.83830086996    1         0.9516664060049514
-6899.01217723505    -2078.9266875528742  1         0.5323599072430549
3350.819790239267    3427.394495379118    1         0.4990214419096901
7310.6598205687915   3183.0637512398903   1         0.9705267169514746
4318.631877069885    2173.9586747071553   1         1.2010601976541133
7153.933824323764    -1630.7645630871555  1         0.314912839597581
-1314.7838814451675  -5367.380516377709   1         0.8525800993467526
-1859.1813156568517  9188.451226743955    1         0.8310850373997131
7322.963743480703    -6102.81343657217    1         0.18369321210766312
4388.127004797381    -3374.834502656879   1         0.9008248992139332
2149.3151728277544   -7229.947007330144   1         0.7839612051836351
