trucks_count 4
drones_count 5
customers 100
depot 0.0 0.0
Coordinate X         Coordinate Y         Dronable Demand
7314.051343288078    5779.246040241486    1         0.8683094119536907
5963.8563939596515   -2716.4877102192354  1         0.4488136272273767
-10300.91081782398   5169.301830820341    1         11.150235261532432
-266.4783832264032   -7645.2742354631     1         0.8249575929309221
1027.366386341917    10115.09121658458    1         4.274818270738954
-2012.340879380671   -6686.978633825658   1         0.3030611486131588
-9907.52724715307    -5208.539392339945   1         0.48623236565828176
2230.5779381914804   7399.945045006983    1         0.5589389535204674
7176.56103457856     6717.145552674677    1         46.16120034601707
-8368.04028361673    8017.246356314383    1         14.663983687232585
1086.533143010234    2774.5124323561986   1         0.10851485713606393
-2661.2159434085024  -6597.514674204354   1         0.8949515137427464
-1075.210049685174   -8688.345699199637   1         0.20086855461187927
1916.0811364626584   1794.9056192541445   1         0.6579980549508525
3223.613118502996    -1085.1585585787252  1         17.91473909431031
-1918.1995205670548  4381.601395509374    1         0.28022617892533963
298.5395330950462    -3947.23062678486    1         45.28676124873833
3161.481663472734    -5418.988316290299   1         1.1338366303502054
-204.32776642765202  4912.028779548711    1         1.2480320272361352
8434.000643214506    -4608.750219401505   1         0.7494327523707378
2669.6263472494406   -3242.832507192623   1         5.025046420171741
8941.03866681294     -9881.896236315819   1         0.6425482489560382
-6963.311466894089   -8149.869785124229   1         0.14585979376089123
233.66724034018264   10422.070762953954   1         0.8240875246746532
3948.5287082520813   8096.375946879304    1         0.39386141328564905
-696.9586711786526   -6690.518451026084   1         0.9848630737970435
-703.2412210026027   4450.622355958448    1         0.4219032100155643
-7724.508382984065   7111.6450433863865   1         0.4905208186947121
-7850.889536995888   4619.402605343247    1         0.9518851004309933
2365.7345344640453   730.1170818987988    1         0.26339774745644945
10489.572257472282   5048.89208987932     1         0.8982877196100907
-4228.861458358159   5101.154052014587    1         0.5144965915431314
-9223.283793358678   -1368.0797760172536  1         0.6566182959174113
8426.218065387595    5023.11679390978     1         1.1475755479685972
2324.355919957995    -8696.8422675882     1         0.33722135366586237
1069.800363225712    6362.474501916547    1         1.1833969272961027
8724.383367160424    838.9221591039169    1         0.3092581085790744
7196.133129534795    607.3167109122679    1         0.8436833843783641
2194.5132408952286   8362.608105573685    1         0.5437216816642628
2541.242730524199    6413.471366463835    1         0.14625177236136716
-8824.61428464246    5638.256338661202    1         7.933137587134852
-2578.9637026917226  1617.371636360228    1         1.2211746213354655
2896.3961006814015   -5475.538362717949   1         0.13948874507535236
4635.448108841204    3084.443983321058    1         0.4157318518640182
1486.985510093231    3187.885401663268    1         0.5590948847068877
-5458.501539609278   7572.884395593427    1         0.6279296116086988
-8077.3129594346065  5799.071692380962    1         0.1390526286906151
5528.609896480967    3020.550150486081    1         0.432581956357706
3843.104721913486    -7096.25602188032    1         0.46385695484168
1799.120267053314    640.4158063492653    1         1.2405080317845607
-9786.824274628045   2478.2575561966896   1         1.0836005563742135
5564.740931073367    185.98660665925672   1         0.2241070322818185
-6599.8542676400575  -5198.541048477658   1         0.24617998309511918
-4020.1904535233657  -8363.300789543267   1         0.8143444266942511
2651.2972059112694   -4103.045764566935   1         0.43369827922019766
6795.326692812313    -1716.0595910557292  1         1.1106889539632596
6188.7120841379165   -8611.444967396237   1         0.7643314465947934
-4663.958422526347   4440.602133549107    1         1.0785805111190139
557.6042467911116    5313.410082611006    1         33.066294036841796
4894.535670481713    -9230.9319051677     1         1.2079838729710533
9082.733458233288    32.79792553886682    1         0.9494104201287898
-6458.573472864141   6850.4247413861085   1         0.5773580770726171
-2008.0467980303922  -2642.8090879862675  1         0.47058504171021365
234.48010234561377   3950.85513267571     1         0.7882873300384936
2634.5600237558183   -9593.562260698385   1         0.8524813313324717
1001.8769221759214   -2024.925364073729   1         0.2042589829879406
-3606.7385961758337  -7804.494601637432   1         0.9093224237559395
-2037.753226314329   4318.2619645535715   1         17.8462572167738
3494.780126527019    -5785.417009527065   1         18.649726658674542
5378.960685803357    -1112.9920750742979  1         14.661589025723869
3114.437824743918    -267.1742518467763   1         0.5250465663091989
-6253.80523695353    159.52273450507175   1         0.9698240087934976
3924.604112510698    878.7546163263727    1         0.5080404609364763
-509.8401777636755   7713.150357202477    1         31.56750789853141
-5079.348188144336   417.2235564107477    1         0.707151379111673
-44.86194905586126   10190.132212460732   1         1.1022159960307103
8285.39627688543     3196.736495412273    1         0.9825063030129197
6316.14462612523     5901.3057461612225   1         46.97225587039898
-4044.7922513127223  7922.8969893812155   1         0.6798639964499005
-221.0315404559857   3098.3921092572905   1         23.247797024387044
-6487.803083264521   -4965.848381982929   1         0.25781014575471295
-6517.787139046104   -7118.948224802748   1         0.6881279550751295
-6525.51821793192    -1017.9057879224987  1         0.46854619754252036
-4016.2192691590817  -1911.3175124162997  1         0.25157364667044957
8837.218071790454    -1584.3565520021277  1         0.8223103362394302
8842.003072105148    1490.5051669534646   1         0.24057463918620592
-8893.08206542383    -83.85291637903966   1         0.7825062633177166
1771.5177053108512   1105.438857566303    1         0.47652833233259406
781.0529397540531    -4011.263280169097   1         0.5697351157234037
-7424.649764970691   1313.9502975759203   1         1.0604291261189034
-116.69750851952635  3332.986100529688    1         0.4688769746560063
-801.9557796204687   9204.91277073263     1         38.432095584050934
1259.5380501632678   -4237.192987173967   1         0.5887768538922665
-2028.3000919516367  -7413.824626758049   1         43.23658163845724
7287.453454733542    5344.4062626421155   1         0.6933828811605879
3078.8252740230478   9855.908720945099    1         3.168296825830325
5946.307583272275    1791.5881287223551   1         15.308442759641478
3144.2204026137974   -7560.908297608846   1         1.1236529879271793
5102.953121859886    9648.718768957759    1         12.37191000291975
-6465.0579924774665  -4133.966036262986   1         17.689387022504178
