trucks_count 5
drones_count 5
customers 94
depot 0.0 0.0
Coordinate X         Coordinate Y         Dronable Demand
3817.4611123005266   6446.95888514931     1         0.19627633480364987
-2028.0788748049326  781.6284931984883    1         34.688576971753214
-834.8141882208939   3380.343356669735    1         1.0878521174244176
10525.958554541305   309.4043941887278    1         1.0638880393603352
9760.462370560526    1375.7251891213182   1         1.1467077435205084
11799.239256693265   -961.6580613259175   1         26.995274746586286
-5467.125994683085   6301.291837760358    1         0.6872221709278209
-3310.343302485277   9335.359866549717    1         0.7026726373911982
-5211.491786443926   -8777.18858069879    1         39.14932634151662
6254.364308446458    -2623.7309765646996  1         0.17608953551840673
8960.476512301351    1008.723366547194    1         39.65626087943856
-4807.243191608701   -5346.004570115413   1         0.5630260750676676
-2079.7074638976046  2023.5691691468382   1         42.89757218573634
6997.26765556224     8221.857200011757    1         1.0455014310826731
3921.394802209248    -6311.090878430258   1         0.11079173919331355
7821.748605955729    1676.6603919476538   1         0.5819316317364623
-5941.052112845832   3377.382856089043    1         1.2133823691467307
1331.1477368483472   -3543.9612596051306  1         1.09652261476624
-1175.2296638287687  4060.5166371850264   1         44.56823452456449
-875.810664379549    4000.6281162496234   1         19.611525787296255
10693.41019105436    -645.9959528036976   1         0.7552406984164058
-6846.656993556854   6945.210670747183    1         0.4011112170153963
6106.08496525845     8942.606445739535    1         0.41153689785166125
1904.7084925466243   -6160.756532619196   1         23.27039794573738
-4965.483103627183   -4742.029644307325   1         0.23521311147815901
-3395.2330463001563  -8431.991168931261   1         1.0700476232942782
2889.160959343082    11614.94774523835    1         0.8536270185222984
-5169.78475740313    -5387.386157442907   1         0.9967070275379648
-7061.104335805208   2994.1418955837185   1         0.1967466649287649
9231.440225446353    -10013.296494834838  1         0.2811284444933824
-10015.270790064456  -450.3367380781656   1         15.03847155092734
8847.00148658556     -6043.066758172396   1         0.8633631684358337
1433.6321810517773   2721.1317133717675   1         0.671241041240928
1054.6669784557023   6310.421415062609    1         44.36403959954349
4207.227678375786    4543.856082333477    1         0.3159114401211659
6078.861093586296    5787.691052239043    1         35.059099922524545
10633.110719832832   -365.40946724929955  1         1.0925188016914844
967.7292973799417    -4489.879318423265   1         0.13313922336522616
2774.5015888001662   5968.3491656031965   1         0.5156574385890289
-3512.4271442641207  -2449.425521204468   1         0.41894927096072476
8069.426527865635    -1451.0743425929218  1         0.9045251583522214
8700.833734493905    -3546.646004285866   1         0.8098907821451806
-3038.9339475428746  9378.405002076184    1         0.3111786153695039
-8142.016870566873   -5589.737802486072   1         42.3531311087545
4394.281124089409    -3583.2619776180013  1         1.1448202327467851
1059.8886428034134   8234.155743221638    1         0.48866160675787074
3845.6736785931153   -2213.252788357631   1         0.33709544413196457
3821.297842893655    3590.290170500595    1         0.11947969646961373
6238.585672118203    1428.2268127168252   1         0.8723538299529393
-1996.6505521267316  3293.5090077386267   1         0.3506955821974277
-867.1349776255902   -5173.503848112854   1         0.20380895734195104
-6600.480728969995   182.30915917525786   1         40.04607552627214
-5223.199406953578   -4364.893084586969   1         1.1742696022516892
2704.505030990751    -1060.7493037598451  1         43.508087819181874
850.3954105605953    7690.405086121336    1         0.9206059965224999
-7059.13213212033    -1831.906997872995   1         9.687635903451918
-8896.065374958403   334.9379778828284    1         0.29982980483258387
-6085.466381718892   -3275.582046746551   1         1.1089920122504877
-3237.373198894507   8196.057049675535    1         0.764063172559937
2905.6798324450915   5194.561704136926    1         0.552062501542104
-6988.4832011415465  3305.105982103151    1         1.089116726091107
10355.35768270709    6789.36734137671     1         39.64187277563328
-4677.005279348306   5627.26861157949     1         1.086685258729066
-6561.313307574177   828.7889229240787    1         0.10259168630898587
4174.66984659554     3269.3356974070234   1         0.4396565567628078
-6521.717631542932   -1373.70969165098    1         0.9660014714946629
8407.395409983828    2688.403520994667    1         0.2585239178340608
-4803.984315817057   9582.568250101678    1         0.3424825030339016
-5436.383926438442   -9053.005291514519   1         0.714348606839168
5015.680122127142    2601.439366554595    1         0.7520873901637602
2152.927134399661    2239.8028738336066   1         0.8127893573556076
-2405.9256095139885  9354.052729185109    1         1.0659204011759702
-844.9763662544194   7797.88513244849     1         0.5869922215409702
-3884.959662228683   7308.337671167762    1         0.25510728598737353
-1387.7214877738404  -7350.744248263738   1         0.34333156108603685
-6846.773764341058   6424.847290909269    1         48.815202126061486
-1706.8529664962316  -6347.575830980451   1         0.2668393046024192
-351.23841884652313  5728.995758339041    1         0.5845875755056676
-3901.820332806778   7107.998278369666    1         33.973926909996976
-4538.937001116871   9246.63814107112     1         0.43051727478334734
4830.9781289594985   -4963.436544520877   1         45.07663571436683
3564.8878888438285   8574.460170792268    1         0.15393368438735067
3416.4788529870957   5879.778612725871    1         1.1541107271922382
-5081.683436984637   2713.6433960797917   1         1.080701031306257
-6082.261296750137   -8087.75767193653    1         0.7920143514026046
898.678384016037     -10902.938336933996  1         0.3464984453432636
-1039.779187700633   2584.3087476114156   1         39.13140754059937
-6732.625366740237   -419.72288089296563  1         0.6183548132455986
2085.6730594490105   -6139.9019789086     1         0.15771735699866274
-7924.905794185586   -1199.1330486122654  1         0.8750748701922979
6415.000378827618    1619.588675627006    1         0.3900542579667444
-8550.523679248206   -1369.416833619125   1         0.10759667970313193
-5676.48699372624    9179.52358927228     1         0.659626009236556
1479.5379390923044   -3274.2717834765517  1         0.12307571695527622
