trucks_count 3
drones_count 3
customers 72
depot 0.0 0.0
Coordinate X         Coordinate Y         Dronable Demand
7202.195500266749    6274.765523913584    1         0.9288830668019349
-26.62017430968399   65.36914913108534    1         14.879792784046488
106.83803415585406   -2717.994920606942   1         0.6214961180611085
-3793.5237593794545  -5635.388707919848   1         1.054044190825581
4986.5635900494535   -5444.723361289286   1         14.44761846973309
1099.4452624073379   7688.174053774187    1         0.9786691469305138
-1068.0081784625281  -5457.469236336449   1         0.4099436835151973
-5404.222835473049   -99.45007332613204   1         0.597225588309932
-2382.9025768462025  4571.157851431164    1         0.8990891693436627
7663.041379535291    -9736.336451343608   1         24.690270074430032
6032.500677400373    -8466.562030138053   1         0.3530610253599554
-6952.118877537677   3593.6295484034117   1         0.4107991199980138
8596.717266529457    -5382.413681192341   1         0.20274266750737346
-962.8987185109166   -1480.3606577407165  1         1.0978327685395624
-3931.7097985781093  4899.988288924322    1         2.7373079474820186
-1925.7742045931782  9011.118820065454    1         25.930960631775733
-1179.6781685567792  3852.2003565433447   1         12.914848099347541
1852.0397948016036   -4658.845010752883   1         0.8885917325611943
-5219.635335006864   6223.022305376158    1         0.5012026412352687
-3777.0228993909986  -3877.8047657453776  1         1.136975057447275
952.5060387265896    -312.5589328268371   1         0.4372229736246026
1421.2916012675032   -7206.583420597228   1         0.7477955548748043
-5839.1298513456     5781.43380943014     1         0.7119096742814714
-2172.442845814715   3508.1569985142614   1         0.34908464814226847
-2082.313829292976   6050.435693178355    1         25.54763984805575
8431.071483577969    -1676.4257849380892  1         1.9864524926595495
-5741.907267087506   1110.6666981312756   1         7.096419596374533
-6829.818183018657   7987.927260600188    1         1.206334914979437
3381.6602772988863   -6654.572770606204   1         24.25342922208571
-1409.45865070712    2137.821049344024    1         1.1540261699039567
1664.2651299756599   -8507.438425481949   1         0.23019921482979186
3408.267449247964    411.28372082268544   1         18.912103063145373
7348.649435933843    9708.618674376317    1         21.27189871565085
-6252.263063407685   5308.9325847015825   1         41.18247916365526
-2601.685837487521   -7336.551254660449   1         1.1247022698399982
-9058.153683112472   -3880.1332693139225  1         0.7636673417987055
69.96069669001548    -2992.9548447717975  1         9.769933860330292
6029.629488885512    -7779.518639586668   1         46.08885262565029
3820.323110101061    833.6440415525183    1         1.922343358601236
-2918.0375516269805  -4991.829452946092   1         0.18385884244925574
6434.493115249255    3110.016175041682    1         12.592174108265999
-3855.5728758162522  -9134.207435847988   1         30.646840802447798
-948.2164132673532   1083.083105724395    1         0.39207580922284035
-2252.1451788273885  -6800.483836159143   1         1.2052663116946156
-2187.030697484109   6622.278165062732    1         1.0585571814060883
-790.4505432367496   -7167.628395423195   1         0.8889621438625898
-3928.7157092587136  -4145.065725247676   1         0.8136154014020696
3723.2447132583584   7418.984735263273    1         0.34272718963547927
7872.060262896336    -1520.0412447846695  1         0.6134617563678229
4838.1908653990995   7519.221651680822    1         40.22926910561001
-6915.380662686492   3873.249874765833    1         0.9667827694504761
5067.297445810963    3100.9398034849496   1         0.47027940832642556
8940.644498469741    4638.152388511143    1         0.5686693486267296
352.516753034057     -9558.045351688334   1         0.28259336592743084
3763.3100321853262   -1018.4868245597089  1         0.46494777970623014
-1487.298268546486   3474.817459564364    1         0.27125904062437495
-2156.7717361597497  -6875.353641407453   1         0.22822905871076726
9138.923712492226    -5841.122312362977   1         41.42090667567941
-4404.213463926381   6433.619339591563    1         0.9944413049756835
-5629.989573063979   1993.6402021766376   1         0.8853407771315311
3951.426034299354    -1480.5337306418746  1         39.96902308947943
-1906.8200927387757  6988.5637100180875   1         0.1900420895920466
1821.8400771437532   -4037.4530785754046  1         12.837923494567887
-5158.412407782106   5318.703730543128    1         0.40255470048209185
1931.2223952144523   7785.4223130508835   1         0.20048717013471568
-1864.977608119178   -516.767685302786    1         1.0676262310643323
6848.500941165834    -6192.317251200466   1         0.6162655039446374
-4814.202625081126   -8491.093853076716   1         1.0709979932954754
8729.844533770063    -5534.947570920105   1         0.3177987154052141
6861.439187184011    2603.808797279059    1         1.228631719488347
8446.126546650052    2078.4162138454703   1         37.18788254833119
3649.876317946673    2606.656174925307    1         0.8282343683858153
