trucks_count 3
drones_count 2
customers 40
depot 0.0 0.0
Coordinate X         Coordinate Y         Dronable Demand
-4611.4349713797155  -2070.967673130184   1         0.8203287333152908
-5740.530680523455   2549.459056901084    1         13.234413074176041
-928.5032512890649   -1845.6626465500242  1         1.209842193527109
5056.157392291238    6942.221697967817    1         0.4533010164946394
8124.248174706815    1560.380240168228    1         0.7839215863692566
8009.788007533891    -1560.2483058935225  1         1.0857248397077852
-11185.776421494274  -837.9678277440835   1         10.042366764842917
-595.3232902319755   -6639.474047160315   1         41.30800399039006
-8909.981416447938   -1763.8415835154476  1         0.9150457851525082
-15168.572999425684  -3955.628623526076   1         0.5462498619110264
-11880.6905231466    -4420.187655625083   1         1.2010862590316187
2026.670558118199    4309.304465651305    1         0.17127573576846433
-8247.249607831553   6515.769663598973    1         0.5201802531105498
4818.038139269898    2321.2159727254325   1         0.17967427589438195
2288.5385095790366   3377.484103110615    1         0.4719532266305687
-13231.336987613224  -3511.3457977166054  1         29.435142221391647
-7762.348708367674   -2650.4818800488792  1         1.0692869785055932
-9810.325432833068   -400.6859343685112   1         0.7457346416119267
-1097.6913286383328  3067.6061047711732   1         0.3702846638449071
-10123.580116140798  1612.8927249285143   1         0.4553878228981515
8027.222080463089    6901.188934968252    1         0.45272990340046837
7653.46304532915     4545.799957031351    1         0.6361242813191391
10452.369362586745   -1594.1976346605413  1         0.8673974735135904
410.84010984237574   1491.5691092061766   1         1.165213974505349
433.65803602565586   -2349.34069732874    1         43.612589662843256
13621.055053926539   -17543.820718169365  1         2.5742429751203395
6352.1493972059325   7628.477705537157    1         0.543866394624919
6753.001388955607    6486.884407796558    1         8.569890680709253
-10577.973488329186  1706.9879375993605   1         16.498770065349685
-5493.385194895598   -3217.0314172762965  1         0.7304212721465724
-1260.0040130769692  -9861.946263628457   1         5.509036870539549
-763.1785495687145   12766.599736822915   1         0.6403577794016229
-14415.080258314656  4897.689316739365    1         1.0086654379130828
-5115.140803804648   5154.080287104176    1         1.1388708085855725
7660.4498635821565   4018.7183510612376   1         0.5431741278537642
-8936.669625917728   3307.044974906214    1         0.967304886894649
-236.5086819132113   -8493.553562969973   1         48.94012403239849
-6869.838388787118   7385.418305768817    1         0.8931013825508942
8962.48263551019     -107.48195820094661  1         0.90971805709932
5280.909476022369    2901.8525860083423   1         0.8629559480587086
