trucks_count 5
drones_count 6
customers 100
depot 0.0 0.0
Coordinate X         Coordinate Y         Dronable Demand
177.6972452965164    8941.499545717754    1         0.48916828910836585
-13035.131116325663  -4750.956743440556   1         14.001263058673668
-9883.611229968034   1817.9486746647945   1         0.22948912271805863
-4101.314137705751   4259.800228059555    1         1.105379427195843
-2335.368651367633   -10020.124098388007  1         1.1535039082500844
1524.4165851141959   -867.4869494217324   1         0.7207234666309105
4106.784246876158    -1854.5739915047159  1         1.0145556363526487
-5494.7237203877585  -9040.559092915662   1         34.34633598040922
12407.83864348953    1914.6432919945146   1         0.970050271240975
133.16707796973984   8586.930343227783    1         0.38497287662606394
6727.220578093876    6569.332833416631    1         0.5876232996486586
4134.0986720206      -6468.606370513951   1         0.7044216806117558
7552.575289809428    -4442.937430483452   1         35.10301314419692
-2384.58525855264    2309.995954342526    1         1.1966527718269517
6820.918590238633    -4120.435245922534   1         0.16312131214332695
1330.9359169218033   -6275.460977916246   1         0.11713358056787486
-2299.7990797669213  9679.601998133148    1         0.21918025187942475
8258.577522656553    4551.918560200753    1         0.9454691926422877
4290.987093565822    -1641.5882598164799  1         1.093524518648318
7078.122031283324    5477.703827154258    1         33.80082755996561
5016.543712178343    -1938.8725535906906  1         0.5098478508970211
-1242.2451049840615  -5853.1600958154995  1         0.3104890498022188
1626.6505860037105   -142.8244896634642   1         0.5196628959753481
-3320.545165585976   -5442.136810335131   1         1.0124796543491097
-8738.324121690132   2009.2370437965294   1         0.501911957495344
-424.79111082294315  8151.774191828014    1         0.47391919228644863
-2271.574773017031   5460.110952613364    1         0.6681367163922252
-6780.885261628798   -213.16897083566798  1         0.5207777869265586
6904.239968086211    584.1856102800334    1         0.23875500492685067
4485.124406202716    8473.334232815487    1         3.36842762943994
-3723.5261852461863  3197.6748566598444   1         0.41509483342076203
-4995.621506687281   -663.5484067902935   1         0.9820316029557483
4366.316855833913    -13011.980886236117  1         0.17644868914631492
-2060.479491818867   47.57395278435551    1         0.6408233776010225
-2545.4686284142736  2699.1321087577744   1         0.6447055347872782
1839.0390142790993   -9438.829351722654   1         0.8913604820183879
4363.332182906676    4408.107820475355    1         0.4752798117314331
-461.23007522115984  -7514.815277890333   1         0.4569687888470031
-5075.733175298813   6756.880238562658    1         46.15528828414902
-9426.193241293533   -16729.59192813252   1         3.8982828866947363
-8158.445356461835   -369.8147004214756   1         1.134330559318096
9349.782124120824    -1182.0118507186758  1         23.5280443440528
-3375.2880543156093  388.1950771378147    1         0.8842603806175507
-7130.0131496494805  -6594.219605474125   1         9.47878937800631
2431.5229903396094   -4847.742571074187   1         0.17420287678858637
-5977.587598983191   -6617.478696674048   1         0.9068900987436246
6689.600537390045    -4257.896804482073   1         0.5601039399607318
-1440.74602658014    79.78751686398       1         0.9719860445545816
5483.285875218939    -9439.693589543382   1         0.19473281018093208
-15305.765805019902  1696.9948110658806   1         41.75486009073245
-3324.338242295147   8054.57529028711     1         1.1201253349929607
-670.2804766944947   -5498.645562691784   1         0.3362152920053256
9903.986557812286    -782.061119841644    1         0.20910704274404762
-42.4843021775394    -9858.903011212544   1         0.8639832692140056
44.51742055953502    -3.136454499124576   1         1.1068911720299037
4437.070618538369    -4475.046587023378   1         0.9754945801596321
-4789.2386174923     205.4224354367259    1         0.982246813382601
-8351.231485842465   -3235.9069324603265  1         0.23702694885888365
-1371.1348106598089  -1269.0103302319485  1         5.0132815454111235
9239.746195748248    4397.579696900395    1         1.0603376203284147
1669.3954364437338   4065.2038475380364   1         0.724190371610753
-8801.226581393797   -4736.682399933188   1         0.2534156154187871
-215.97628614508173  2057.2066282514456   1         1.0858210336722343
-10735.552095423936  -12676.956067657517  1         25.646233994378974
3208.496354301111    -61.23008782762554   1         0.22842455456086644
13454.605536324783   -13838.355593471611  1         0.907953297892185
2773.6059388114695   -8670.851439537946   1         1.1428152617358398
-6550.23673695438    -5198.637948123627   1         1.0235061774267549
-253.80865754050376  -4233.657358008012   1         0.8358596945441684
40.631889160978794   -2698.0522285681327  1         1.1862019106235364
3613.965947506005    2170.90828897962     1         0.9113165583770372
-5857.334617249129   -1534.861263026895   1         1.1367665103475346
4024.960880833872    -4283.852714960018   1         0.5112613240081275
-6021.8240871680455  -2951.329064667828   1         0.7187608320465726
2578.283823582727    -8232.729129210931   1         0.4695968081845423
-558.3526052922207   -15301.25968804527   1         1.9950003645293466
13261.663743520152   17073.658544525897   1         0.5901863178603327
9426.228389441821    -5552.651763842572   1         0.9592966335997635
800.3604829522461    -2318.324786855177   1         1.1729763010066585
2466.7343652067343   -5681.663552940626   1         18.957848246909293
7246.861850721761    -2253.7108396175427  1         1.020168279468713
3340.739917744629    -6241.39433019488    1         1.1365053501582327
-3124.4776117145807  -9694.86466704678    1         26.587411776235022
2495.4061463548555   -4696.107629473335   1         7.9003861576682475
4907.572164161618    -4528.844801747742   1         36.64295635557352
7295.159125540833    1934.7235975484668   1         0.8572152273881629
-417.7700597205634   5542.1284054500775   1         1.162523346684793
3370.9711878733033   8507.24018581708     1         0.5725303373789545
-994.8213993327755   10425.162551610612   1         0.7161974157104852
-1903.6488569539267  -2327.8456383036287  1         29.150904929349178
-10005.77540254145   -8010.777486986144   1         0.11891325930234523
9532.986083759411    2075.8754008866017   1         33.35130975236984
-14836.645318617242  -16073.551919797439  1         0.7100521900529314
5906.169430562126    5136.177064879025    1         0.12383770518392045
-1653.1392264067488  4921.44956094008     1         0.14049310646504332
12657.454292654424   -14089.464420064218  1         17.448102362095945
13151.598794795285   -7613.315568929756   1         0.5567320964263466
9349.969744024338    2530.0899987949037   1         0.6016804905214193
9001.183276848711    -3979.2219133486306  1         25.09300122902975
9500.028279578959    -1560.0474944007342  1         0.5836071964700464
