trucks_count 3
drones_count 4
customers 60
depot 0.0 0.0
Coordinate X         Coordinate Y         Dronable Demand
-3050.8765438272953  -4747.736472486805   1         0.4341925279761967
-1579.8543882470992  3688.377672129367    1         0.34366652270778997
1082.1091493009253   -14.792623027325135  1         0.5958284838197997
4169.94141121286     136.07986144467043   1         0.25141015220908836
-386.24327522598196  5573.650442889703    1         0.3472510073249389
5644.658076402088    -772.6080795185711   1         0.5546882497290283
-3048.5558673401597  -96.11980620749002   1         0.5512447331675859
-735.9413882441395   2624.9515067240236   1         0.8229137001291513
-4260.170270819069   2.9942651293417217   1         0.2717307023005118
-2918.946901095852   -3190.7181955193287  1         0.5753872767849758
-3711.0886203516784  -298.20280262895716  1         0.5123852147558703
1942.745123480952    -3542.080815134846   1         48.24763174464394
-3329.350184694463   2822.5753204410667   1         0.8786098457628049
1959.5973739570697   1896.693248171412    1         0.44562190552704806
3815.185787207581    -2674.38265949137    1         1.0649709195420491
-1795.2703890765706  993.3344476009161    1         44.5433416549218
5566.294246559034    -1480.3088389689328  1         0.832012528639565
5665.761832343545    -5747.47928516003    1         0.9653049970735006
-4867.0382295429245  1733.5479177532243   1         0.43878474237635623
-4655.565312937806   2450.5060349503756   1         28.12483672417776
4097.640189426673    -870.8443444537792   1         22.203385391074864
-4147.391065103513   -698.8192594299924   1         1.0761255622737798
-4230.546889695939   -1699.8063746698772  1         48.08248729089085
939.3812896584453    -2501.923170117493   1         1.125765604474645
485.4316867125999    -4845.161893662301   1         0.12094866766739465
-2279.2292449756665  1690.36434274406     1         36.01895922100659
4199.348547024479    -5073.698921304534   1         0.227645829727161
-19.3320314224199    5214.599494916543    1         0.1237894408886558
1811.1791780161036   -3653.0378951170733  1         1.122869742597849
1616.084935993074    -1008.8811102488626  1         0.46001419019794976
-2839.2756130034963  1190.2431883482175   1         0.39116511190709313
-3666.349584939192   -2364.6252983994896  1         0.8291147903030129
-1970.1545810493787  -4538.027776891378   1         1.001970971876753
3798.0211123319887   -5191.495303817926   1         0.9955345452509634
-2883.0735394113603  -99.4735804244082    1         0.857750299222703
2029.399267705891    -1185.1609773347338  1         44.238891406292765
-5029.2251934695     4276.869442417857    1         0.3313662592190231
588.4342803353408    -300.2279203119556   1         1.1403210254249432
-628.861244755135    -803.1606384430011   1         7.448952966263541
3655.696757415067    2324.506260834583    1         1.0411332168793814
-2257.1585773495112  3160.4525002790792   1         0.7832942796976975
-2689.124542390727   -1402.7808764290623  1         28.907271531073416
2328.068071983445    -3435.1491124910353  1         0.9771345913037975
-966.042591708792    -1338.3149418331889  1         0.4094246691283905
276.7237566263919    256.711667634532     1         0.23937898716359426
-335.52892281830015  -1971.762817604018   1         1.0018980921971905
3950.6391209810085   3353.9297933437138   1         31.136109038860248
-1440.1666630060254  -2169.6058460965182  1         0.5090505748794979
1811.4176627793759   -5616.267720267483   1         0.3638016296920401
-4445.9008589485065  85.38002330512154    1         0.43721749719385183
-3365.916883910377   626.9517544809212    1         43.368124751192916
3987.4834331082257   566.8047231114946    1         0.9453902711409081
2959.803575301862    3167.431477785559    1         0.3023726207934666
-390.6809413216942   4819.233887470401    1         0.6121816695437838
-3906.7345403193567  1116.8597354969988   1         0.7732510911002924
5373.686850631984    -2399.436295327126   1         0.8750237516215459
2182.165792126973    5624.551582291709    1         7.096390116500928
5694.784481464515    23.215696843019032   1         0.25106560078902895
-5070.874377003693   -4115.860850650785   1         47.45359435094891
2546.439924019992    -1422.6847300236402  1         13.220895926968513
