trucks_count 3
drones_count 5
customers 79
depot 0.0 0.0
Coordinate X         Coordinate Y         Dronable Demand
133.08570387691935   8915.147287453932    1         0.2388707058031266
-1001.2367999991716  3171.1313306150932   1         1.005222681416183
-13684.000675096338  10202.659105557083   1         24.57134393315219
-1316.9650491109157  31.494815888920957   1         0.35465267541086465
7557.683744996905    4697.172997060729    1         0.629065741250937
5067.36706695353     4837.888859218111    1         0.7925301133617724
772.1684198059374    -4327.021117018699   1         36.18506842170885
3490.6838320517004   4499.345278415317    1         0.847556044422897
-5419.5206313669205  6509.772972921818    1         0.4002226621189934
199.3397324499278    7856.242363180129    1         0.28853365599682124
-8172.40600993647    2696.780024437609    1         0.5962083476142868
2820.189254971283    -11560.002703354694  1         1.205146040682506
6976.179341285886    7915.9532798364635   1         1.1464029744494757
-1784.5927952503628  -5179.609037906714   1         1.2400722800429775
712.1828151545827    9554.113428410603    1         0.6691021975867837
3889.1238156149534   6030.913931261578    1         0.7175319245152257
568.1228878636616    5405.988961399644    1         1.000206129016535
-1652.6792457677766  -7723.017410541561   1         0.7043212295714804
-4194.004854864285   9703.963785347594    1         0.5358553585787008
-1625.4168902230967  3937.289147043799    1         25.322291905235204
-2842.7587973570594  -8035.802503111728   1         1.0801271963164731
8791.888002454709    601.4190060165423    1         0.5140008189701706
-1310.7206588910049  -9429.635196797202   1         35.997129167518125
-5140.145557128482   3585.4832093379773   1         0.5096416218303603
-1882.7317251017894  -8982.814842973141   1         0.5176160598290781
-3396.8480983753993  -10406.639150494793  1         0.7999047259293991
-8987.457527427983   6014.227003068873    1         30.557176563478496
-2303.379228925469   -1407.5850858571441  1         0.1890128510719416
-7850.6912377184835  -5643.18738294657    1         0.8465640710560448
-791.7627362914454   -8058.8350411312385  1         0.4333524622416295
-5994.2189041096735  -6369.533969235652   1         20.58311654688596
-8570.028151555765   6109.611495004059    1         1.2020018064365745
-2181.829081621901   -3206.9122231921824  1         0.2654533823179032
-7023.204846999007   5779.677919828824    1         1.1038021801887017
-3989.4966208533806  -8638.614352737388   1         0.779026211421817
-278.9193936040332   -1991.7251201644356  1         1.2322938555365128
-8318.361737273553   -4778.5418953781655  1         0.4113295169620962
1247.1344457269427   -9396.790161862118   1         0.4997284094415776
2150.1520965412055   2867.798406839549    1         46.823234522462684
-5341.438894818002   1354.3104725725655   1         0.5141426326253626
-7846.658337521228   -4409.888872685803   1         1.0398341813511205
-3477.95933051772    2856.57996127227     1         1.2165570260910399
7683.700836390443    2684.130203034927    1         0.26108227548656626
-5921.616229167982   6323.770034514983    1         0.329218050454383
-2025.3270975608448  -6706.590931151326   1         0.17971332095631304
6932.145708461926    4165.378499502118    1         10.518074644356481
-7543.124202771874   -4372.01945795327    1         0.405961445614206
6423.818445418212    288.19189398211444   1         0.937434453199037
12479.991090685286   -2121.774189722688   1         37.09744946645979
3460.5045454110077   1332.7356379702542   1         0.1009580883821561
-2370.6363344901283  -2814.679983501315   1         1.0430839490032715
2056.053777750255    -9873.468652380641   1         0.42594759827288464
-894.8030866194637   -5515.300411743089   1         0.1191832907610441
-6606.085035414408   -4070.2702608390973  1         8.190189450456558
-7856.434490434632   4612.559780219532    1         0.1796371546154247
628.3542754831308    -6096.752762303107   1         0.7958840300202052
-5757.176673349648   13268.57090174592    1         36.006875614851154
-7078.645074653581   6864.075076161634    1         0.8395811116304256
-7677.433786170865   4039.200387473101    1         0.42014350987747817
-3462.461698044257   16610.65146753064    1         0.30785418590451213
-15621.0645018718    11386.97695002495    1         1.1216150956424034
-7523.596066658273   6348.347909974419    1         0.831070286772738
14538.082624893439   10139.848580243644   1         31.171099971777345
8839.854527527314    -11586.89990159486   1         0.3566242966653711
-3543.445740811325   -2394.0922722285054  1         0.2217340363189531
-7864.68082330811    -6096.067879912666   1         1.1436476122821726
6488.951648274682    -2979.9496526936555  1         0.44684464110961686
4903.67569785598     -8653.024904992444   1         6.731095055193453
10785.154926966368   -261.59232434422955  1         0.5792575942135577
-2942.3196060210435  4854.4942098771935   1         0.37041891224507484
5455.161433481696    4715.851349993487    1         1.0339782912920241
-310.53599651834236  -2796.8740101080516  1         0.9592634460895296
10379.12864202232    -2637.5070886503568  1         17.429444737220365
-4686.537688431928   -8912.004317865283   1         44.22788358261029
-2398.5468044176537  6668.052994352872    1         19.105087975686594
6928.480053355321    -2532.5700947137284  1         0.28649707997602913
-518.5221614330937   -3372.771071397143   1         0.579128626565905
-7070.458394147954   2147.218758284818    1         0.2866571784009758
-4754.805020848827   -3709.7362388810075  1         0.8613599872585102
