trucks_count 5
drones_count 3
customers 60
depot 0.0 0.0
Coordinate X         Coordinate Y         Dronable Demand
8248.807950467577    2248.0297450937032   1         0.3781159083141046
5160.795830573822    -4769.016305851922   1         0.851596627548576
-1402.3824798784494  -10412.691010662993  1         0.700091321276853
6189.01369921997     4318.441199420478    1         1.2150337272263532
1838.708765400669    -763.0973189400652   1         7.231954121921515
-4673.682125242901   4839.067585661851    1         0.9669126575328946
-6953.923941749443   6264.214414134505    1         0.3471190596597197
1509.8569343364736   4972.803535588354    1         0.8399554956899813
2990.941859721377    -4712.335934511617   1         0.47346636617494686
853.256963773747     476.23902173235      1         1.1823175906225636
1445.6799294387404   591.2957142673404    1         46.800016267625885
-6800.460334778678   -7044.804347645777   1         0.3348619392954785
-2630.8061901132446  469.02792687553637   1         0.3543618135290806
-621.9072526291744   2611.137303160229    1         0.9161027335867322
8287.023073009583    3881.995451857028    1         0.6761009032021685
3370.784389759881    3785.097650401004    1         0.9813417699421061
-6551.897126315014   -6275.243883889016   1         0.19724535595870385
4879.379354916269    -3163.782329296988   1         0.6684047272554404
-331.58368663283943  1966.0265405089217   1         5.738111343036266
-8754.125556623661   -544.6649908124239   1         0.36686865308125316
4165.410373029642    -422.782266773696    1         1.215460694830102
8675.893442495943    -5419.028764713499   1         0.41055171691049275
2412.4480280218404   -9346.34170369499    1         47.85525078116182
2408.4183608457024   -6913.617135809276   1         1.061161952849536
-1920.563298645742   -6877.7111085544175  1         0.30037917466174063
2911.6061479939235   1515.1777807515298   1         40.84453097338683
7712.497353817211    4145.390310144661    1         1.1371729098336334
-6548.009902343131   8480.224135251163    1         0.4924696936805374
-4168.538380524807   -3864.955231396591   1         0.18341710578312642
8597.666698196086    -294.9031554455513   1         0.9321673855140071
1683.263592108068    -3326.915372644434   1         1.1655448317910628
4672.218387997659    3118.370656795383    1         0.8492219225021679
6284.34677391607     8903.13393201965     1         0.8315235278205677
5022.200586300501    -6073.914810796751   1         0.8542470346120891
5872.3472415667275   -7551.751844066529   1         0.8803651393670944
251.7043169181122    7730.4403540002195   1         0.6674543389083178
-9435.00295993657    5343.4695411246175   1         1.027101223735615
-6609.819930596044   6878.100521473996    1         0.24279513731056407
-1624.0807843148434  3091.8109482441505   1         46.39461019447919
-5863.399373753991   -2794.448514142407   1         0.19174884538299825
-5821.618694425798   7075.3154863261025   1         0.9820222791975387
3908.239584410397    8210.48853536366     1         0.12255716976888023
-5253.081540160238   -835.2883784934003   1         0.2683774896326089
363.35074202780777   -1902.8145845652582  1         0.4722721982409458
4443.048931816539    2197.3677530858713   1         0.40674568661088706
1705.4154917123315   -2043.7511547906727  1         4.934022348293254
-4320.535040430864   973.8032629755162    1         0.20620255353914219
-1364.0775844090692  -3189.1243145074795  1         0.8340872853485563
3655.5623918030146   -2180.566971757508   1         1.1863485705030965
2028.9797300219143   2408.427882404878    1         0.2897248795749364
5124.127616611446    -7799.903216241528   1         14.902887518789111
6551.778450834929    -8085.705808962859   1         10.611810542159716
10174.88232492197    -3290.3635758079927  1         0.47969610160108245
-2849.08595613744    156.0816469913003    1         0.3225418210721544
7656.8969491876305   10384.745648325861   1         1.2223857453861837
-9076.063234297184   -4567.350226241286   1         4.493325803772981
3124.269726385915    1178.642135183032    1         0.2833703089127293
15435.424012866417   -1039.8967335643374  1         0.25126128710582984
-2315.5346491108226  -3495.6629426080294  1         0.90383223526245
5561.096512007972    -3205.7297220562027  1         0.296206976407752
