trucks_count 5
drones_count 3
customers 58
depot 0.0 0.0
Coordinate X         Coordinate Y         Dronable Demand
-5570.094068535806   2991.4382724217703   1         36.4579863610403
-1721.5173426958183  5390.339496802189    1         1.214414917647841
6880.773410441069    -1060.0283192419852  1         1.245516574912516
4126.124460979906    5108.694146381486    1         1.217588619329796
-5833.089355453566   4553.137585672943    1         45.812512776503794
-5881.452252479034   -2891.7108813842874  1         0.16354173091713992
6751.457193757425    4783.167584265916    1         0.7396849383724031
-5538.547493500253   3184.3614312424847   1         0.1053688374075202
4778.204014877342    5254.652474080804    1         0.9757513258848363
-2922.6205089226146  4276.403953608392    1         0.8422469651401926
3572.277072818128    3474.007315987875    1         0.5051396306870332
-6934.864968642389   -562.4993904891215   1         0.22888944964394536
-4091.9670703531874  -4705.558880950788   1         1.1962492613421278
-3998.852726060917   3072.425816619017    1         0.6123145688679772
4840.326068087301    1636.592636893686    1         47.59065484562793
4234.399106077001    304.62002353508643   1         15.022617055695628
-4560.824672661471   -6210.819468210879   1         0.917589611811469
-5587.6340856138     -815.5875656565553   1         0.2212204152722479
-6270.409240868066   4586.352056030832    1         0.21157531393640935
1264.0331370085787   2474.7862420636593   1         11.618895561324475
-4898.8117041599335  225.955744149583     1         25.00112061921886
4503.766150008954    5956.461418334314    1         0.9911804525678879
0.8002254186667624   -2031.0468678374768  1         0.867565923078125
6235.6756476977935   4439.548528436353    1         11.324447684527762
-1255.1741634655727  -3214.3210590985805  1         0.963123600967451
-4747.786172384329   6805.136411710006    1         0.7612290722741251
3574.927148945957    3498.6971107180434   1         29.537998135536167
-2635.626515289064   -82.96554454868178   1         0.2742665736543058
5678.300164588759    -6701.811984126574   1         0.6989808784921551
-673.6913976207755   2108.8714887948863   1         0.5173967175329834
3816.715314973788    -3668.00792296291    1         0.5462119163564735
-829.9640332571381   1562.83620642867     1         0.4560255021625348
-6227.473532813558   4328.593061339296    1         1.1105597715673423
-3301.0854148466096  1485.825555508834    1         0.8094569483314553
-1378.7016783354502  -5898.366404461902   1         0.12498000446183218
556.0770826939739    -1213.7025415765863  1         0.4093850551743832
-5405.842197845647   -2425.003393552461   1         0.89940023309662
-3995.652987062411   5774.961663232867    1         0.9713322170944386
5008.600196859734    -6100.153078962763   1         1.1897236088848477
-301.2045523460629   4378.903814526888    1         0.37622306257448435
-666.6506639026973   -5574.591428924979   1         7.368846846115503
2929.9363776219448   -3208.3937231032287  1         0.9037944334505367
-2092.167690791882   -6792.229119992697   1         0.6347783417494551
-626.2365387984378   -76.85218918551483   1         17.149722507548503
-2760.517959496712   -4250.0800030871815  1         0.2192084855919502
-1757.7281126385606  -4078.303290866347   1         0.89075941345001
-5647.292854505555   -2264.38761126388    1         1.1616365951826606
6847.922581954271    -3918.8770670360755  1         0.28478622887571087
2428.5642978543488   -4284.837440356492   1         1.117427086245923
-3744.3002675725756  5525.539553205781    1         42.40790576520377
-3373.4853979887034  2218.418022596252    1         1.1595988545272724
2624.7846089657323   2701.7298087385825   1         32.572654457205694
-4222.48385322104    2833.7360797119127   1         12.877691429269914
5894.730696354826    -1723.3359009074616  1         1.0733289011005571
-3046.587155899244   3515.6828382531676   1         1.048013149911537
1202.0836352380975   1948.043723667044    1         23.47369586456886
-2402.8378338269954  -2546.2366626297885  1         0.8930910623699313
6934.8796505784785   878.7310571117885    1         26.367773312394995
