trucks_count 4
drones_count 5
customers 70
depot 0.0 0.0
Coordinate X         Coordinate Y         Dronable Demand
-1453.391698164607   8522.851758153045    1         0.9589042173717919
-4801.621836186027   4042.0625545283647   1         1.1440370261806736
-9451.593169799331   -2238.3477314179077  1         16.331016198746042
-1692.051007745865   3686.314531572539    1         0.40257907749041133
8675.662759568182    -8327.50561976738    1         0.2478416038043236
7227.969419895779    6845.25271570916     1         0.682913546464135
-7918.233496699946   -3510.41216990771    1         0.4228193117818243
1736.143533780561    10771.187955983421   1         0.12035023954455759
-3418.586536684634   5162.747780062426    1         1.1260810006825803
5294.760511801362    9565.007844267107    1         37.71408074571939
6261.469640060191    198.07174921647768   1         1.1460766313663713
-7283.827079153688   6143.657666364461    1         0.45339810404651715
-1424.3816850771136  -3926.7263550080734  1         30.484903057460627
-2311.0946713234334  4501.163895875125    1         1.1315335715350079
-541.572116899491    7808.503489498609    1         1.0970121895714342
-5841.7208701896225  7776.259792207078    1         1.14585353891561
4831.423292518138    -5300.493739650902   1         0.757942077955037
528.2917017438308    -7489.540795396872   1         1.0873556954569705
-10955.162987942542  2087.1926086580897   1         0.12417067264140885
-5275.040880637767   -6943.2391844098     1         22.171067860192135
-2143.6222801841163  10055.405247384864   1         0.7113365604897904
5892.46939532764     6044.580123329622    1         0.38359368078642353
8770.708113347564    5600.627692322275    1         0.6991902558478063
4048.908766843096    -3234.744771460974   1         0.12035543434196547
-4550.114485395405   -5149.226708123723   1         0.7215607119502203
6622.560694109471    -8538.539484197832   1         0.2552154196785406
9003.918721634866    -8014.716049496056   1         0.8707164763738339
10054.220945995468   1246.9231532076944   1         1.2160305855258708
6158.446858849816    1076.045180182524    1         0.25444959757726826
-5656.093937382764   4215.206436702643    1         0.5730164095713564
-5133.718462556006   -2147.6333547389695  1         0.24224047560126769
-7661.707041790568   -5537.230025741113   1         9.944519911739526
-1060.826135527921   3542.095543382711    1         0.8787918800725573
3770.3933148339047   1166.066951841326    1         0.7312036691667901
-10127.959378609346  3317.6165657973365   1         0.8501760196721323
-6957.8371970488615  -1128.7357539760135  1         0.9682639073718828
-266.4407464430175   -2566.741804292732   1         10.598659517236364
-9473.541387753996   88.66597333566864    1         0.6755735268737579
-2863.819910039114   -631.7973907570641   1         0.7655960167349207
-10856.987632205204  -10452.831764757884  1         1.1932531405111237
-6671.248000387113   -4784.185491799546   1         0.6828114823570234
7264.688521851953    -3169.6672544840712  1         1.088133735317168
-2463.1625665931588  5807.003620183459    1         0.2846001749442736
-3393.7634252193097  6170.3194224351955   1         0.9854694821440717
9007.653914473762    -5032.925594686711   1         2.0653478098612768
4199.073756447698    -6457.41885788121    1         1.1487639110729368
468.63543312857837   -3920.817309808206   1         0.19851755457930764
10755.277627494586   -11839.940701477393  1         30.821648339144676
5963.892080369061    -7668.8830732154875  1         42.461201608485524
-2155.30009503386    -1656.465283524109   1         0.3320794070625054
10976.734264563565   -12856.219892123974  1         0.2876052754238319
-1585.81138555278    1127.3436570205322   1         41.091793405777665
-6039.981931775204   -6898.374850010278   1         43.899375893191916
-2751.3441543420745  -7623.427793392876   1         0.4196629116279955
8125.294678938456    975.6726898329543    1         1.200056594609305
-3063.594294382676   2824.1625295574277   1         0.6562292581658329
11422.363129559864   -8122.921838630574   1         1.1251367408094537
3654.359435270526    -6242.994771685629   1         1.1031778936641194
-3287.9239510094826  -3807.277677671082   1         0.17360739747229043
-6557.738438139486   1389.3163021082923   1         0.3772169207919447
-7004.475296890594   -7380.574786432818   1         38.630373334019914
3333.206519828114    3414.45401093333     1         0.9151495434098702
-5001.478610697481   -3357.9489765927997  1         0.7913504412258558
-914.1667038277055   -7484.16750872907    1         1.100593566591114
9714.624312110242    2998.347044215572    1         1.1909640710261908
-3371.347339787881   -899.4741669040964   1         0.6825989963770575
4899.288380635403    -1924.9915733043092  1         0.4486729769500236
7574.635823397342    1799.5429171491564   1         0.264226793445992
-7266.856828825526   -128.65331397809416  1         0.6696392903377558
7658.472544150597    -887.9953622139013   1         3.567267488520409
