trucks_count 3
drones_count 4
customers 80
depot 0.0 0.0
Coordinate X         Coordinate Y         Dronable Demand
-2877.4631728576855  6708.36604274762     1         0.4531032982307993
-5400.122840383955   3741.3443734650414   1         0.12226140759848012
-7444.442049872823   724.8781884703133    1         0.7327441502276011
1572.9437805090017   -2099.493156273693   1         0.15175515509915005
-1714.2473030392634  4332.111804928338    1         0.31075998776413144
941.068845415848     -4585.024941920163   1         0.5861220059776842
-5982.345404667531   5744.299814949098    1         0.190923297105616
7120.008622030504    8634.633441129465    1         22.475356615394862
-1085.238469117167   6814.591206193678    1         48.2682935614404
4076.434205034961    6853.16156237602     1         1.0167452074433614
4729.0355197183035   1297.3264892792977   1         0.6040978436845962
4681.350576594551    -2490.8733768568254  1         0.3916977850414658
-6800.065943072946   -34.054526798901136  1         0.16156042805505572
-6963.64684301845    1496.1732260250892   1         0.22567689903977417
5864.5086641546895   542.7439568185335    1         0.5188846830454433
-4935.459922750373   -339.69020667192893  1         42.37364458255684
2727.6726608144804   1719.352206351394    1         1.2349924659921674
-5424.84908678299    5240.059387750843    1         1.1338154797162856
3902.82189634486     -1248.1470322859382  1         0.8797736889602267
2743.807754448561    -4947.427253935355   1         0.8220496053255021
4493.642668024591    -9047.251569538734   1         0.778830334455179
3443.0306042938246   2223.7140671421985   1         0.6554407277317446
50.01983832677152    -2275.9096200573763  1         0.25520392805552783
-4766.115622395578   -6807.177377221409   1         0.2076808460687024
2619.821100002767    1922.9078064971775   1         0.823666463931479
-4338.110716752106   -5117.929929394043   1         0.1559911642535609
34.12159810352655    3322.0462058332955   1         1.2309633377215068
2110.9232266796007   -1519.7543371100528  1         0.31996691642699027
-4973.776853194704   1089.2033296684713   1         0.8615035857167708
-841.6998617857643   -4108.718628158082   1         0.43265725765004104
-3605.6090660174345  -590.1781245241974   1         0.9958644493825005
-5286.11807613061    -1538.3001868485487  1         23.361777362205697
3590.790274966134    -7437.965574861723   1         0.5867348426731221
-4796.569528735676   8481.903721362714    1         1.1889856444065205
-2133.8923890984843  -8429.52794068989    1         0.8749715545731901
-740.1561495832938   121.31640910418955   1         0.6228766597942362
-7746.201790984329   -3640.472018980702   1         0.45649366506516664
7493.231965420729    6552.956127365059    1         35.29291389418661
-9213.003186200798   -4451.5831015310305  1         0.3516560492989289
5664.92779870455     -4402.883738759675   1         0.14301912744569512
-9430.89549724042    -4730.303183806657   1         48.730604597436844
-4710.388420303167   -2669.4794220996228  1         0.8581685395200177
-2162.837910344758   -555.5688565404582   1         0.11312863316959812
-1166.6364075793028  4291.600700707327    1         33.65243641742275
4956.8732955322885   5834.31840246952     1         0.27274577341678
-8185.5897858662365  2406.4167071315396   1         36.18929908368349
1279.562960505611    -7606.286959371886   1         1.058164356952384
3277.3445415590595   -9010.98572332351    1         1.1223757249370787
-5365.984804265935   -6092.450458288049   1         1.2235099892397
-8220.033079600065   4387.412903612987    1         0.748118507832506
3721.7229491694925   6694.404827856271    1         0.7134473297711617
433.4943082578796    -5718.274717243048   1         0.20949807795222403
8966.819247537971    6840.812605183344    1         1.1452450996330699
-1152.4691351718277  -5223.511543814511   1         1.1120131887105265
9589.374513042949    261.2018006043163    1         1.246948004965541
2495.2663324227015   6906.462641491563    1         36.13662464666015
4816.190031101987    -137.66894180019995  1         0.7051143770958923
-2499.43423823608    8762.571032125357    1         0.8943492886330012
-6976.4779563274005  3424.9833732548486   1         0.5288173701727054
-9601.995360007057   -4981.257309477625   1         0.42849525654657816
-3980.2319896108183  -5231.939663622313   1         0.4653898212773985
2771.2006364033637   474.55167145578133   1         0.7605089345126393
9969.91073527404     2402.730990723248    1         0.9881422206079332
-278.0891953409188   5940.759832896713    1         28.171746822659255
929.8779034796044    1133.3072242522321   1         1.0816022480174572
8996.745392888459    4134.237578818684    1         0.32283285823979646
-2785.67353594619    -844.8736034446146   1         48.83296884136535
2420.3501106179156   -6459.054830315036   1         0.5158886106815576
1685.253417471481    2229.9715588177746   1         0.36863500653939585
2370.6520231537615   1375.471642735826    1         1.1047685836666765
-3211.688224139374   -9226.727762394992   1         0.3715182721975431
8315.621253332092    -6091.799916662669   1         0.8629795788166238
-3433.290522801474   -6965.8833722315285  1         0.7499141328894267
7241.02217406695     -688.0578662047473   1         14.223963553257317
-835.9977454986238   -9065.70062253352    1         0.6504753553920241
359.42948174956615   5407.426749670783    1         0.758998141434162
-3590.5536173504383  -8521.23929143751    1         0.5677551233775103
3000.5009600890194   -8046.349867719956   1         44.85443529977934
4950.336662067393    5133.61369539176     1         2.354550928988927
7291.974967233006    4308.635322360055    1         1.0888701277965298
