trucks_count 3
drones_count 5
customers 60
depot 0.0 0.0
Coordinate X         Coordinate Y         Dronable Demand
5851.687501917997    -3980.52080230301    1         29.458813387672347
-786.0848895324779   -10801.631560610658  1         1.2266458104758369
9303.95105285534     2442.4007236625657   1         18.857234861139553
4165.914738988648    7784.490076322249    1         0.7061913425891629
-9224.664476521288   -3577.484335649922   1         0.3047665658393971
-1893.5135977996292  -5721.556665707294   1         0.7053726764567625
-666.1953544872629   -2560.504504987621   1         0.6260819764602555
-5448.186359565736   7489.973534374756    1         0.6570246335345323
6344.984030161599    4025.7711787863063   1         0.2989088488600013
2647.65118446252     -2217.813954596695   1         0.2001159962118324
-8767.534193031888   4797.135892014283    1         0.7989505996077696
-611.3851059048312   6982.23676590131     1         1.1552310607678589
-9361.848287760327   4985.967853255301    1         0.7049833721670041
-8588.157012480084   -1694.866694064005   1         0.11767638379738636
-4389.499261163443   -4199.604001472484   1         0.3373785764186764
2998.6971143005467   -5940.352766222843   1         0.8582474135608766
7415.228049089288    8922.192304326152    1         18.55341436659783
10223.38332710787    -2001.4391700502292  1         0.8603679043547765
-2854.295636014446   7067.377192207427    1         0.9706191532913871
960.9091251624292    10650.966028036552   1         0.26657397574761943
5263.406080107898    9546.684287744785    1         48.072931819344845
-7628.634342877276   -3024.5497557715626  1         0.4041399546967358
-10284.089406402993  7161.353101240438    1         42.53762166810413
4103.298892254106    -3666.6217938329182  1         0.49523443923537136
-2888.195852144896   -3640.700662643616   1         0.5056778614258369
5173.39165469395     -4401.7803530223     1         0.7337417754327992
11966.758003598305   3730.50689173695     1         43.68710346497675
2674.0235543304175   -2582.2769693744585  1         0.10866576260945185
2812.190836896485    -10374.543608091739  1         1.2293878590312592
-2639.8381583031023  3849.4413618687977   1         0.9435965031231477
-5105.941699624384   -5805.306115057199   1         0.7166726249317897
6330.617795551111    6462.339265648648    1         0.7698267512403818
2309.1438085173368   7111.016978701256    1         0.6464730469827394
1934.1814916259202   4481.778041969641    1         0.2936262842051942
-5128.7496575598825  7212.562117024136    1         10.140979928584608
6284.3446041812185   -412.55900592512916  1         0.8507147709907352
4104.563361903184    -8058.803827981022   1         1.2408673857172854
9511.289732752453    -5220.778606399895   1         0.725723265647972
-10524.50012433882   1698.1943013331822   1         0.7656875369502403
-2598.1220523166094  -552.9186357606106   1         1.226070127435791
-1586.56117779186    -9952.351589969907   1         0.25357605262013105
1574.4877639253002   8903.613214980189    1         0.7645225994011225
3985.435810095596    11560.146940144565   1         42.99505693609688
-50.401016075572485  3637.02779971859     1         15.554751621364018
686.1148062976539    5613.868148177724    1         0.3546981347633287
8882.090205370816    -3899.4809214905517  1         39.90705839533837
5195.072304074965    484.4793520535872    1         0.12255165771769651
-234.0492882031841   -6856.1571357206085  1         2.941572666693916
3661.227689700875    10234.542354151128   1         39.27001392560297
10171.380183325327   -1075.1841106192521  1         42.55227302833224
-4217.9275498713505  529.9397220665505    1         0.6595189664437997
9688.692851703407    5644.34330492005     1         0.20101572885077762
1880.6147221007516   1351.4804578158219   1         33.14033356830866
952.0575744081125    -6486.141295992013   1         0.7186440597970444
7333.529655134975    2572.5609442903824   1         0.14648199903696968
8428.08989854683     -1828.8347460238042  1         46.8328174303429
-4501.423968872811   -3876.2446859230017  1         1.151507187280451
8809.323529174988    520.2496124832296    1         0.779702198884942
154.59171200537858   -9959.521713575561   1         0.5467453539937073
-11507.809397444667  -27.61808222446598   1         11.339351542535137
