trucks_count 2
drones_count 2
customers 29
depot 0.0 0.0
Coordinate X         Coordinate Y         Dronable Demand
5505.653564085388    432.74125130553165   1         0.5030162631828589
4536.990673499378    -4880.627297157331   1         0.103930875400893
-5335.13166563794    -3536.521121273749   1         0.889554545561481
2750.3982108149303   6095.8840473722075   1         0.8204860967620338
-2810.46623548641    -1683.6388183011081  1         0.8730336723657136
4262.7092122076365   -1099.9171222270897  1         0.6063822558213033
-5674.717835931128   8504.51203808822     1         13.88846438924659
-7716.71083351175    10477.409263864047   1         40.232111543492096
11296.611997502769   14954.446506874407   1         40.72289342712662
-5382.541973502411   -4222.649785489291   1         0.669644953282771
7058.830163375988    393.7213866941607    1         0.49674041034419747
9700.267102637386    -6236.966598039187   1         39.22071261159543
1566.2015784229068   -727.6653388579599   1         0.5592974838920632
1744.1143910453939   -4486.855162169714   1         0.18656581258938665
-1555.1437338144337  5949.643073401942    1         1.1352766141241708
9132.923781064574    -2877.326353469007   1         0.7419255601592983
9510.108139936316    1111.5757286522191   1         0.22825661128317176
6237.897825814316    4995.003677614436    1         5.275963383219988
10382.575308664478   -1090.0754677756975  1         0.5401325890175281
-12376.07860572434   -4686.2449533876825  1         13.286964365969165
1862.0506820945484   4321.488029124441    1         1.1183111872478093
590.538341677236     10120.377512484065   1         0.858896714121804
-3677.5236383277547  -3458.6254133184957  1         1.1746447040495271
6468.487803001221    658.3383770239134    1         1.1859915646563424
8515.123491412205    4739.552839818149    1         7.1154461269017695
2480.8959050486515   -9035.494732051036   1         0.37346857633933683
-3910.3561888937816  9558.84617237462     1         30.475395715390714
10707.71076032369    -735.4575270861803   1         0.7259127929231686
-7705.784295855776   -4499.959606164852   1         0.9507073689867408
