trucks_count 2
drones_count 3
customers 28
depot 0.0 0.0
Coordinate X         Coordinate Y         Dronable Demand
5273.12979409046     5997.048883392853    1         45.279473311413184
-1106.0981403668175  -6108.508208624808   1         27.450749219742164
7543.079660025063    5677.888118438929    1         41.36708093141601
-515.071300502733    7041.961252822291    1         1.025555565752478
7119.0362887305655   -2269.510820361821   1         0.2509948246882564
-4873.99337566429    7891.40599886265     1         9.420686450915532
-2037.9819864000117  -3611.8300079855812  1         25.763547876300972
-7120.154353540703   1978.068668313552    1         7.592463171326072
7159.433224975901    4583.43908754919     1         1.1276026348684842
3297.0445378146924   -6579.116135404708   1         0.24763346698008226
7462.779285606898    4952.149934563373    1         0.2963767076117225
-285.001066650891    3134.2869872064457   1         0.6158299672662284
-7287.940210344821   -5318.7162645747185  1         0.5475474273038181
-243.47774564159135  3345.5230054313106   1         10.72583039096152
2383.861482880235    6638.45906260866     1         0.5753896646899601
2958.2837346371193   -5772.348798976676   1         0.13015535402349093
4444.636586604297    396.874011955427     1         9.88909796334247
1850.4652801556633   -7277.329377332786   1         1.1692498544399479
-7252.186510318963   -7682.710699317263   1         0.3579625842783316
5124.3673103327565   1691.227347809401    1         0.5363568052553891
-6082.816341284159   194.5653028943907    1         40.58197380271811
6256.392084699086    5594.0119324233665   1         0.5283798902295154
3306.9776547960514   3430.2764702894833   1         1.2363176010658914
-5625.252346929186   -2122.3036974615134  1         0.9535211528680652
-7921.493703069962   3353.6822919044675   1         0.16114362730500026
2807.408821199848    -3912.552600831637   1         0.16577576197258637
2626.7136546249894   4312.318557405351    1         10.12227688998191
5986.598591281197    1356.1211790359257   1         1.2072169528526753
