trucks_count 4
drones_count 6
customers 89
depot 0.0 0.0
Coordinate X         Coordinate Y         Dronable Demand
4040.2871785907714   -2671.0458418582903  1         0.6697527664192344
-3191.2743831756793  -5022.804449101278   1         40.469553405127776
2483.6402149633795   5373.303499608031    1         0.9743049674846808
975.748467681666     -2679.709945449687   1         24.40340544327459
8117.270849368624    2299.3531385778606   1         0.3014068125720615
-7098.9831908641745  -3334.2309865348698  1         1.2106147036596564
1528.0539981345228   -5191.957344294767   1         41.37775611395412
-1603.3916967504445  9135.782020445464    1         0.659329465558501
-2718.4474690831794  9274.436241929063    1         0.7124518534632126
-6246.737811777339   -6948.678430845932   1         0.56536253896185
3422.7086838003397   -9081.763510577815   1         0.6738597923617703
-401.5537829383047   8066.02825817054     1         5.797996509452438
-2435.6452904757443  3381.9624869078893   1         1.1358691507841008
3766.643573550368    1339.3284496131205   1         0.6940793498958401
1650.2890827514634   3147.8790317633825   1         0.833199379920764
-9054.802073988645   5839.182487995798    1         1.1346551012669788
-7293.038244594612   -8251.03752166592    1         1.0099804758580473
2326.9468049127377   8329.181740784326    1         26.338157048860825
-26.950241246096994  1546.3873760822953   1         18.346733585896747
-6936.713126549978   2724.8984344426963   1         0.6692425052334454
6600.332622657393    4932.240555994416    1         0.3049939046911388
410.56114691407635   4159.518137047687    1         1.09776810957735
-4263.294364839407   3769.7747773985275   1         13.790212375326176
4994.736283298956    -691.607596379129    1         0.15476612523155378
-6629.306499105883   2843.7566163627866   1         0.49977650250726946
-6542.3205636396115  -3915.1067722961643  1         1.0229495207517108
6226.03827895619     -704.1745152646617   1         0.7969291047555087
3860.1628251532493   5800.259869479121    1         1.122346065494123
3809.502624401778    -2929.4956208000845  1         0.8464889553396394
7520.3795695349245   7332.659438788257    1         0.26984970901518335
-2330.490834645072   6538.566465656635    1         1.1150038296988893
-7528.722915098603   -681.1057734138453   1         1.2909744195074824
6326.6874455801735   8756.983633628377    1         0.9657891064236398
797.1112847530172    -6174.476935948937   1         0.49940318642918313
-2540.704858289542   1481.8103765164074   1         0.3432189656091365
4956.7907221419455   -1941.7324848469325  1         0.8732380784613173
6642.316433447884    9244.746621342838    1         38.82596466831725
425.05360366739296   8633.45301664044     1         0.59051712086745
4340.793619358579    5961.547129832179    1         45.50818104766279
-8143.936350094627   6865.579897033335    1         0.7713379611882853
4204.000535552943    6291.711474175037    1         25.160053012084823
3653.64886252897     -3653.1104098431574  1         0.7013053187768207
2543.1520916257327   5146.452239744176    1         0.4743582676848267
6878.322213066028    2938.072334597775    1         15.024384365304398
-4430.960893102024   8167.212384212001    1         0.6432335393750963
-2413.698131980773   -8471.00205799778    1         0.8979827793212433
-2776.1646145624877  -2026.0397978955677  1         0.9887279631892424
-8343.093125028165   1873.046217558939    1         0.6214365180840189
4271.3690270359175   7767.361263286719    1         0.8632323021614052
-966.1254428627688   6295.646578314141    1         0.24081786622103965
-3513.313740049216   5616.915009764698    1         1.1897647053285418
7599.023939379865    -6192.505547569224   1         0.879608981570807
-6008.925439307892   172.24368788896936   1         1.180202903562509
8128.487096616393    3075.5804044880315   1         0.998848997773189
-2974.3095693882465  -6070.902916524374   1         8.722080686459037
2016.5431271020825   -5407.018212182893   1         1.1221494663144835
-4654.637767936781   -5813.20662754047    1         1.0793326626033262
-7027.223528281011   -839.8401348087045   1         0.6965717335046855
-7356.101989605141   -806.9702268098591   1         0.8566171929107049
8089.641556428723    2945.317026525606    1         0.4793765775463763
5648.840747732874    -2265.4235500792047  1         41.56461761867418
347.0601451428861    -2159.8572649603752  1         0.7916251113878043
-5649.609109772515   -2389.005314131212   1         0.5588773960032295
5972.847454604403    -3149.8972967279688  1         0.13353553769735177
-6613.130225071065   3069.284575257001    1         0.8263976024803872
465.1805223622674    -8046.175430447157   1         0.7972060153851954
-6434.727534083231   8464.34844568484     1         0.2908444663168237
-5639.468875494832   2872.386370962427    1         20.08418065380305
3451.9080883640336   -9381.306966458236   1         1.0658600718250133
4820.457296163441    -2642.801099535088   1         0.2860642588336644
-2650.8862490049596  -9343.615752179365   1         1.050827998957484
9128.37630660166     2113.1633012328452   1         1.0053624458049126
-537.3820753051194   -9343.566119833644   1         0.8864746855628779
-8620.682476862536   -2050.004834726259   1         0.6717659133034056
4332.478215595109    9180.85056443418     1         5.924677622222374
-1529.6199720478671  996.1579209449901    1         0.4432238041625769
-2706.900966766198   4944.808016100027    1         41.13227033831994
-1986.0287110633344  -6040.152882328328   1         14.417856288012683
-1602.4052822977462  -8344.45362538295    1         7.730923326486892
-4052.283526300712   -8632.791365999532   1         1.029000683269104
8524.444709661348    -5194.1029316077165  1         37.3814753712563
4505.458231172763    -4745.46675413137    1         38.95183436246835
-5862.312027987095   5101.385824275583    1         14.827698964618298
-2430.269680379404   -4409.605069979392   1         0.45005126125912154
3236.6371328160894   -8461.407217623215   1         1.2491700413083586
5114.394963465613    1041.0769033914787   1         0.44919747935360566
460.55093163147336   -5337.587943325173   1         0.4937972327072834
55.4443119503729     1306.5587181485037   1         24.590154113399628
7694.936169119977    8572.64146666147     1         44.3248640887157
