trucks_count 4
drones_count 6
customers 86
depot 0.0 0.0
Coordinate X         Coordinate Y         Dronable Demand
-5204.493713249736   2010.4358281817572   1         0.6024171497189268
8985.04637645611     -3784.1531242644464  1         43.28895056036633
-6415.392856440044   6123.891206016664    1         0.989630193254586
308.6281987743714    4562.531648486754    1         9.946442907936012
3124.711536157864    -7080.99602501902    1         0.19377929302919472
-6561.208061515562   -6625.562024651918   1         0.6289168212569672
-3361.75027447353    -5301.025193850739   1         0.40178431866550435
3874.794346624778    -389.15513658396145  1         0.22914674227518028
-14063.310451447738  7158.874282334993    1         21.881631162791972
-1533.137619211556   6697.597912147686    1         0.7733844932870052
-284.7720932592237   -4323.508530849835   1         0.7866808938251453
-5763.791536010691   2982.348272456922    1         0.1493071628073403
-11450.466052566055  1823.587698813346    1         11.518055141745595
-3285.159835170737   -5854.6551663998835  1         1.7106646489298718
-1419.9268753204237  -3183.4471597010506  1         0.5036165276825137
-6518.83506931645    7310.262182932865    1         0.2074927781368731
-499.97478372598226  -10940.205898096006  1         0.34020807195897895
-3146.5234384507417  4199.924587634952    1         0.19682194648378043
-8066.680704200194   -2168.7250354044445  1         0.4242477210045319
236.23476620735164   18181.973992325      1         12.890869462409407
2081.8139804951593   9806.690776279838    1         0.4672628209701165
-6869.00569682587    7795.7808252492405   1         3.452608324353549
11350.947002568526   -13375.620250808377  1         0.23275849057283154
-2416.603914722664   3232.2563897420537   1         0.2251304663223944
3620.8250320321495   -13039.185313661226  1         1.5469724748738591
-11931.445962881811  -2622.816241732762   1         3.1199848702494517
4587.341597690873    9559.793453132088    1         0.46718346941331035
7334.7768154272235   -5395.320753697444   1         0.49526202992304447
9140.22086091018     1371.0799865164245   1         0.31561641111773814
-18566.09502610013   16118.279841507909   1         0.6906637884348028
-9309.171668657504   -2081.5348897160297  1         0.8926256292883723
3499.376256168158    -6443.62250918007    1         0.6679374823177737
4195.680841271253    -6888.50901854315    1         11.997746380008525
-3662.7744677563373  -1131.2281623165145  1         0.7504532517215023
-5448.687033960385   6758.342365435688    1         14.818165074218676
-372.6112870820487   -2819.5687495044217  1         0.12448921761045947
9031.004411765154    -759.7819757137656   1         1.1263783030983665
-2886.0839043018614  -5892.737043916386   1         9.777822805267348
-2948.5178246138007  -265.25768224005316  1         0.3204253249910826
5734.418702055594    2852.1373482801346   1         0.6192805749483054
-7739.560626412154   -3861.3140884202858  1         0.3720444704916166
-2975.0191475959346  13365.25091874566    1         3.0232514502795347
5184.180127654281    -6643.898503444789   1         6.94702598937924
-6230.850100821453   6717.983193473905    1         0.6764624316179033
-3129.3731830997276  8687.958657610972    1         0.5907121292377464
-5298.387946611272   -3914.1508715384794  1         0.5205262595961092
-2168.3921056974777  -8994.300693150006   1         0.9584072645064874
-2690.8437795669442  8680.974575363214    1         0.7430332458688925
5961.033627482939    -7215.163985195546   1         0.3877201403826295
4679.222913908107    2264.3864225115376   1         0.9137241615045029
-5521.3810807787795  -8246.402304892092   1         0.9335348908209118
4942.915300121652    1651.7000446206243   1         1.066054446608898
8830.774304700282    1823.4654553666724   1         0.2262632638087216
-580.0242467118925   1866.1852909821368   1         0.2759237468139877
-12802.67387019816   5054.8237452029825   1         1.0593838326975484
4161.792725669653    -2084.3775538249142  1         1.1664942176053896
9062.284497818382    -5561.501033977749   1         0.22765354205063607
-6904.905208263704   3359.7078859170088   1         1.0861793768510397
797.3908258926386    -4633.1446074884125  1         45.11462554694574
-7499.487133514947   -1131.6294077844564  1         0.6413533168748191
-1677.7000156145882  9794.568929830903    1         44.112409964563895
3482.9802898131165   -2051.5599298898996  1         5.405783581450324
7547.683482064345    2931.7070529469056   1         0.4542271382209414
-749.8059403702607   -451.6092328421469   1         1.0267408046610447
5193.290183758381    -6582.864533347121   1         10.421750785664475
5765.358004072865    -8875.859868492784   1         41.181068485694496
17389.139042055423   14155.115861294536   1         0.7803410396453502
-6222.11858379547    2449.5884925149307   1         0.14596510833377369
387.9705752491275    6479.236244476071    1         0.6616246322148492
4076.3177330733274   6874.772332955487    1         27.58286416890958
4596.562446682187    6397.581305659784    1         0.996103434255752
3251.1224825780605   -970.4172087210862   1         0.6645119395421639
-3631.3717374649864  -56.29553943798092   1         0.3854860280453325
-4310.0006317741445  2552.6686896346987   1         1.1615980899163734
3863.8774852633674   -9084.89569979569    1         10.479965915238383
-184.27479173155305  7838.309123614091    1         1.2302171436598885
5226.248364602534    5115.699727198444    1         1.0621487019260332
-2458.187787853005   -1611.8545753597673  1         0.49258161520555355
1841.2869905597279   -1036.844511076912   1         0.8642199533065228
-1553.06199740592    6080.174895638768    1         0.8031218210546346
3387.184623055719    3564.0389801755655   1         0.6022018603786262
1013.8101079180976   -7165.106038254146   1         1.3394956908030076
-7573.645675163807   77.08800015131946    1         1.0376179983004103
-3124.8113971022244  1395.4069496636862   1         0.6697648306743765
13244.547828880612   6962.972532104661    1         21.591738456190324
5321.801343492116    8168.554041109433    1         0.7138318570881849
