trucks_count 6
drones_count 6
customers 95
depot 0.0 0.0
Coordinate X         Coordinate Y         Dronable Demand
-7325.9581990395345  -7664.418758806514   1         1.2035386036012117
5205.195170439621    -5643.934107465832   1         0.1861602459714493
-3405.3419167270304  -1712.2000855246513  1         0.4903868135051511
-7629.317811510565   3008.7982825016556   1         0.3850475990247789
8417.537642528909    -5690.452741154896   1         0.22378006348785512
-3240.485029828549   2684.8741537849783   1         0.22372564250654248
-3699.3783383494547  -6395.84044828955    1         0.40428414917774536
2531.3159738553695   9098.22008292076     1         0.6910663792315505
-4517.533958527686   -3209.0518448830057  1         0.5486514279072018
6918.356403224273    4999.882881138714    1         0.2974391265366405
5591.044401250123    5428.0826549827925   1         0.11447051737309687
-6080.29435550491    -8448.75368354773    1         0.3430983725961852
-6713.371443127715   -3749.637032134596   1         1.081898448760153
-3033.2691089288087  -5035.491822672394   1         21.428422163133273
-9108.14321009267    -5972.484956943863   1         0.8408193357154856
8513.618437022       6576.482495698467    1         0.760092883142481
-146.0677969971853   7434.776439239125    1         0.2399415424364342
2714.7424686190884   -1500.247606512994   1         0.29038864285024735
-2499.0303316648406  5383.990744081519    1         0.791080535047671
-1495.6845182416837  -6048.818375056828   1         1.1018650062934576
6571.231436296142    -2006.709610452445   1         0.8447377890197462
-4819.740768249685   -363.41723653611734  1         0.8788097870067106
-4695.389581101516   2260.980433311339    1         0.9705823410505486
-4681.517014908558   4196.667826183049    1         0.2452346131828951
5149.869558897499    -698.7602569159062   1         0.969580597044353
-1951.681309903371   -8089.132347102008   1         0.347363587440176
2030.4209042324571   -2791.6026888277456  1         0.6535948887352538
332.6849511389337    -7536.835601828949   1         0.3953163987217734
4306.692621256047    -8505.569982170826   1         0.12533884428753012
2477.2945045546076   2433.5290250324892   1         0.23208167195395318
3922.2178353348613   -1200.9167368027602  1         0.43484703595743035
7973.665057495192    -4133.908076646935   1         0.9414132449769098
-7883.975637687619   1515.2508051188745   1         40.63132176316193
-6909.026877422938   -1800.644565197228   1         1.2224207419424602
-735.5950361971076   -6384.778579773339   1         7.941813491693151
690.967814035941     -5206.307433162687   1         0.3263650554600652
7267.309414784092    4687.337457157775    1         0.9782661540787945
225.5591847658079    -1220.9359345119672  1         0.5539632359240221
-8440.880304535625   -3312.890129225866   1         0.7839144730728822
-7768.733331884972   -2521.523508444098   1         0.3501238532525891
8439.336594121152    -4862.724237221268   1         0.9394776540038388
-3310.99092988466    7470.088273758692    1         0.6927708069457649
1078.9370560008338   1461.600203495649    1         0.38960554474740405
2135.984193477775    3819.421710467727    1         33.8418843815257
6108.277856367084    -1563.6672415416388  1         0.17447832452413975
-5143.880709975354   266.0769890874453    1         0.2874467899861718
6293.11706938209     -2290.5811127685047  1         1.0336535409743335
-5496.0753676148115  -2429.9612372184015  1         0.5869556032941226
-6962.551763555959   -5891.727943482128   1         21.45526977651565
-6725.620367787399   -6871.969406726311   1         0.8946004613094599
6638.434432590513    6970.825528021882    1         0.7804986140892525
-7503.290071196703   -412.50516546884006  1         0.7448228850985258
361.087652093224     3757.8921692559593   1         0.1715585697931326
-4171.011470252385   584.5070503952774    1         1.2104598609317976
-124.57178470945655  7999.502267041207    1         0.5653848131956267
-7747.635931760962   -877.2819920144283   1         0.21508477598646902
7096.822365401201    6244.589692008728    1         1.1894344004337254
6586.550414217433    -1964.0759096113716  1         0.8982336199909381
7344.171075301627    -7437.956665890324   1         0.40471789029107474
-1925.3977120223856  1673.92259491986     1         6.380647783288767
408.51692373365404   -5257.706020794435   1         0.9060478527212388
-7789.604533521533   -1598.7281150550343  1         1.2475685129372995
-5098.7781559396735  6719.306937462213    1         1.1506178855108549
2007.5728194789758   5843.16603780785     1         0.5495807398531537
479.61786340795146   -2671.9608563664883  1         0.6295266793133436
-3897.558441734899   6969.937493663881    1         0.48967170627842105
-8542.136534265272   -7946.715186863755   1         25.981478512774743
-988.4545100289868   -7193.221773325859   1         0.5770453663445305
-8175.3892565459055  5284.991149491551    1         0.5032550659689711
-5692.5814264713745  4218.671112831196    1         0.5081508289328596
523.2340741854235    8425.161096249984    1         35.64580625726116
-2180.3015120231     274.7592844056036    1         39.81765353342803
4430.696128634001    -1422.4478054812414  1         0.8573431012379
-2760.9256777648598  4029.5823237088025   1         0.45568131014115876
3946.0560077487244   2644.532074533987    1         1.024954633863252
-3896.711749090366   6667.514805074365    1         22.04833494174611
2117.6867523593246   -8687.027151089187   1         0.9047467501525781
2491.1006666732997   -2212.403297501848   1         0.622147908371995
3620.124929283147    -4264.356517393748   1         0.2469189846653797
3807.590419205807    7142.016235051919    1         0.6442704333162117
2793.8927679821327   6305.409180053318    1         0.13014852547431055
-2831.5210832932107  -8432.725335750418   1         1.1367687821326953
5325.470360437754    -4169.151944732506   1         1.0728198201127903
-7274.003254615231   604.8505600114618    1         0.232628898469615
-1278.4924436484682  -268.66992183984513  1         0.8575139800838784
320.19337164399553   2377.6714876596907   1         0.9966819732183374
-2139.2778880234673  2071.3247383311345   1         0.45515919602674326
-2061.181449943714   -1964.487067060154   1         0.1795570381226864
-4982.707217480044   -3765.4042503153973  1         0.3196004264325789
3503.0494947887237   -6067.462065484057   1         0.9663925065624477
1594.8397861889541   1539.2518285347403   1         0.19909928057634355
7887.44353928266     3186.2144066213586   1         0.19291710226605227
3753.4368517396833   -7680.755772288068   1         0.36576382658806694
-3138.9527858834276  8156.7850861273555   1         0.13840499197867837
-4007.967661016047   -2747.0909076353983  1         29.263152299728645
