trucks_count 6
drones_count 5
customers 100
depot 0.0 0.0
Coordinate X         Coordinate Y         Dronable Demand
-6964.520671822327   -6854.532067575707   1         0.7464878814368481
-5545.977076985156   6832.795418516787    1         0.2979302997429172
5207.084689163814    7050.527599260802    1         1.1824162584475486
6930.213816131827    -6948.683943769642   1         0.3718842516959763
-13162.00213588493   7981.114252390022    1         13.610339018774003
10414.802299602183   -1220.1718836236828  1         0.4586314117705196
9551.60213377146     4632.981228705981    1         0.600415369450843
-8200.910706650799   2783.3285575147747   1         30.608481445362724
-632.4617828334194   -2963.003584680273   1         0.15041664287496756
-2754.6480359930306  8112.020115480591    1         0.5249172822512315
-7379.696323425901   -8514.486325559374   1         0.47438966141501193
-5109.493692436607   -5700.797712171167   1         0.8111577794825116
1304.686436626059    -10809.258775826642  1         0.807247108785709
5954.310344722561    -5783.711316976562   1         0.6832853261783461
8539.120046455473    -2207.4552720895704  1         0.8342696880623003
-8173.287685790896   -3249.4890296447593  1         1.1554919745356005
-8259.921163054623   1905.5900596641168   1         0.2940462834696658
-3390.775268974862   559.9421707470888    1         0.29791063797666995
-3028.406673635433   -2976.696130702377   1         1.2124367336201347
1077.3680018571654   -7167.6296262470205  1         1.199022848288888
5847.707671849745    5307.607264287814    1         35.214788861601164
9936.529762296437    11985.995515043987   1         0.43122636589501195
10982.41266700447    -13106.969773416606  1         1.7605976709546465
-6876.003458789571   1941.6235128622463   1         1.6308901723573603
-3302.160400204883   -2927.930675604875   1         0.8261252861148185
-10270.30023974914   918.75320622532      1         0.5451873386104683
-9560.550347003042   4479.492238715494    1         0.9694852586124281
8857.839048913871    -4629.395013387904   1         0.9026293784658675
1018.8438307377273   -2452.0633451531303  1         1.162528621669787
-10233.59556287013   12306.580802795512   1         1.07225219862845
-9242.348765287827   4594.196392743595    1         0.5857080194664837
-1877.436401390335   -9596.590726030134   1         0.9816818688053645
1258.659926643535    1176.7097041260595   1         0.545025246857896
-5640.716968332082   -1042.001260537205   1         0.5872049893484522
6756.659819444311    -2318.6428013588443  1         0.9670467997147866
-365.63161762845084  2343.365722338901    1         1.1280224447949703
-9597.8644607006     6649.792284081208    1         0.12005569639004518
11698.33878422221    -11709.847291956825  1         0.7611936705389598
6316.479229968368    -2943.7203829508235  1         0.23958064015380953
-6800.516443576125   360.73678889633777   1         35.55677968880264
-1621.7369916476282  -2399.336280487786   1         0.41805672805832006
-10228.033617348197  2728.955331952341    1         1.081445848135525
-10203.641799174378  2525.9063681764114   1         0.9960446066554381
4115.058554337633    7535.132337018302    1         26.128454352402223
-5114.446465796745   3867.41649513876     1         23.05213601472603
3833.580248036208    5881.021591011253    1         1.0942286565650015
-8868.733267443899   9550.40918689679     1         0.8289502792974368
-2326.8376623315235  -1240.322476534764   1         0.36108654863462275
5441.803454403292    4557.083791108458    1         20.040763618807112
-5862.212243919231   1682.9797095426763   1         0.6662230385230876
-5806.696561282041   -4304.304382736563   1         0.7247965968685478
-4365.938442000439   -8746.826704806252   1         1.1221595023900408
1295.6024693428244   4579.822637329244    1         0.807013292647208
8411.926029206848    -3912.9052922216433  1         1.0547659236123608
1928.0627026538932   6490.646502982652    1         0.10601175512677852
-656.8435825021583   6569.048102521832    1         1.160679209383845
3966.244303350353    9454.541959770553    1         0.3463023478997218
960.7553320903676    8663.696104385866    1         39.557361523157326
-109.62514537823327  -9655.862867740068   1         37.2352212782333
8003.43812811543     -1009.7488442097522  1         1.0731521305705791
-3406.4464794049854  -1815.3208395012243  1         1.1100318657620818
7143.725436043069    -7892.408638811493   1         0.3176355816955041
8803.992781956811    -5714.224269479366   1         23.18710226708964
6105.923273962983    212.23307148452912   1         14.682011684730789
1807.0101770087622   -8741.553926064284   1         0.8484559146330416
2326.2186680403083   285.06864227080587   1         1.2426287326889813
2281.425393697451    5183.132337961071    1         6.473965699004209
-7289.159394207347   -6941.155312394133   1         1.00736355352832
4334.593085972501    5307.131728070229    1         0.3482484118839335
8782.953585462083    -6091.490678946651   1         0.11698479818485462
-11585.360773651348  -8419.39103806124    1         1.1920462399538887
-5897.694282558926   3323.5213436120484   1         0.9505445660320209
-5263.33329494456    -2644.089466984369   1         0.7842754488373437
-8770.323227976454   5315.408985219028    1         0.5024650192587918
-2199.2435789077176  -3026.3012123294125  1         1.2452670655273768
-7353.027682439506   -5238.54970577664    1         1.202002647019143
-8059.65734284825    832.2335622755093    1         0.5982468490845704
8675.05856054387     10462.306790443245   1         26.61594991400932
-3899.617148709584   5557.131174686493    1         0.40316923893349454
6213.519099355298    3517.8778933720546   1         0.8206647169389564
-7654.08368533423    2981.2342838354757   1         1.0275326011366535
1919.1803317196088   3750.8205540535955   1         0.6038559098680556
-6480.500866963616   -1436.5272020445593  1         0.9401192358941638
7895.571944736121    11515.211269896588   1         46.02536988924115
-3783.7882089137465  1441.6340677019653   1         0.8006872118874566
10733.792770909376   -527.7020164770838   1         0.8545716371405596
10168.944287373923   -4710.555035370426   1         0.5571477802250175
869.1761955602525    8048.439096946392    1         44.907031702883614
3375.6782410706114   -7767.151466886708   1         1.0382131650603685
5538.551268238102    1395.0398282945714   1         0.5284995016874018
144.5462282864712    -3649.739559700423   1         19.16233417087039
8710.706913616375    3997.5835046071647   1         0.3801555338245495
-761.3892415533442   -9385.595516267926   1         0.31699954052741586
4098.491441369872    8277.281410921942    1         2.3219241737763308
-6618.642947474785   -5289.129560068645   1         0.25024554712366254
-1951.480959528657   5308.15577688351     1         0.7995045179900129
4297.145178866934    9842.709664232623    1         0.7722566501890528
5371.787058513889    7854.852373370545    1         45.322526637364916
-12313.704698953372  -4135.313063704929   1         0.28207990184129883
-916.2903344222636   8556.558016996252    1         0.675107282745902
