trucks_count 3
drones_count 3
customers 28
depot 0.0 0.0
Coordinate X         Coordinate Y         Dronable Demand
-12209.562867526183  -8106.687021390623   1         43.69556814405683
-8846.995532248031   4440.287032767392    1         0.9214562316938322
251.81218334687568   -8553.489509063405   1         0.5974826460461018
-3617.522707345863   4517.593039618058    1         0.15897778287103692
-1219.0641521726586  1063.9436232919388   1         0.8972961151433233
9508.284718401988    4075.088869169151    1         34.86203921953845
9101.414445163586    5049.097812888929    1         1.1527580347939739
7946.928603883204    6710.456653927405    1         0.19996963323999328
7959.836338887529    -5001.00756879174    1         0.6698217953863829
-7865.250592108472   -11934.992918193533  1         19.000672054073252
3294.1705609412475   6936.309287608707    1         0.12119189309075028
-9732.628867178431   3292.6672910842685   1         0.9171753582126789
-8242.56070430106    7836.8911239234585   1         0.13255981540554898
8190.935124444908    -5395.2179998644215  1         0.5190090405958134
6166.633696619071    -4952.981177386198   1         0.5560106461149243
10401.515398297626   -7046.279260252316   1         14.347557737057045
-823.5934436253801   -1871.7368205259531  1         0.2983969153057997
-3060.9086018420885  -770.4755469965523   1         34.92560962328243
10324.591096949613   1671.5457796721496   1         1.1296458005407837
2855.6978780137756   -3135.8521134165594  1         0.7070280757626862
664.6095474296197    -7195.718844428142   1         0.7643954626501251
8073.081119561971    7019.321045657618    1         1.2216712187419319
7374.022115917642    3439.1254001476777   1         44.80053323090449
-6205.597342642416   2766.6068042638717   1         0.19299675148082757
-668.6827804116226   -1805.959035410468   1         0.881093247618345
-7763.336954814708   -3746.9964738626063  1         0.44842224241381834
1681.985748878579    -2307.0799818194514  1         31.68567801449558
4097.114202102958    717.9081721024404    1         1.1804871502789989
