trucks_count 4
drones_count 3
customers 56
depot 0.0 0.0
Coordinate X         Coordinate Y         Dronable Demand
-3496.308526831032   -3652.2436650784384  1         0.9738912555487048
4742.937156408016    -5423.449704598038   1         0.7672438895871921
-6792.028067512572   -3155.057777678201   1         1.155626671868893
9618.717981657472    -1105.5000653150319  1         0.767292115182483
3800.411972309046    6890.706433077712    1         0.2831701029076063
7727.797787190065    -5426.124956421882   1         6.401526320798289
-9672.471121567272   3398.788932392188    1         0.15106076349877118
3033.7480562080386   -6493.774391515003   1         1.0572615854035576
7064.559111112285    7544.70093214506     1         37.89248233978069
-316.4870778577138   -9904.846603894857   1         0.9614833532625695
6054.72630746946     -36.506733909481056  1         1.0496262288009524
-3081.1436383721057  -1276.4768761124835  1         0.1394965179812166
-7254.925239921423   4485.051822589622    1         0.9123091841963085
-5502.863865970055   1183.5122168765897   1         0.4974195819583188
-9701.038184749443   -8547.494843033493   1         0.31856452520411427
2497.9777287638153   7361.816574192643    1         0.28770614976471187
-9492.236288039458   1980.8055247536413   1         0.2674913538226845
-8519.748926635835   -4309.77142141841    1         0.46606311548367585
1525.1505649982082   9533.454762932539    1         0.9695896393881102
621.6670022128673    2729.3367051726923   1         0.7941521920941388
-7330.235486826211   6272.563673067146    1         0.39444129914913817
-605.7902299491925   5757.313675933828    1         0.5336329209036373
3778.213986116341    -4323.749491517148   1         0.5451857311832833
9146.811923783736    3159.6203517993995   1         0.47481676818229435
-7320.073382991966   3074.2527473344985   1         0.7781307311048584
-7758.015803313373   7205.7048722115305   1         46.925420018417476
2584.811266990138    -7779.643388904203   1         1.2461476357938337
4396.814284309059    -2695.9857426831104  1         0.2216706917015722
2662.006476035159    -8588.694651627582   1         1.1193773472784574
-5552.4518467268435  -5582.845705618836   1         0.6265752303685056
7917.505387327659    -3123.253527128949   1         0.4642412007029544
317.2785338295049    -9586.57983707745    1         0.17083124891241067
7146.921853523537    -5770.581775473385   1         0.47975540209963086
-4587.677436049185   -2774.691799425372   1         6.320125742404721
-6816.130697483492   -5502.386522187812   1         0.7187810441445974
1910.8329480170232   -2004.139213464232   1         0.9817444129782805
-6037.227131410502   4791.759853500062    1         30.761757380342125
4469.942921005985    7513.16918753117     1         25.661811422680678
3259.7442908529674   -2331.0500485801313  1         0.5962384037041413
7698.605211072297    -1017.3019541172038  1         9.15152846684617
5348.283273949006    8351.25675793481     1         0.5445092121823676
5027.949856941792    3229.0674174169453   1         0.8526088056496266
9884.827855999012    -2949.280959972259   1         0.2828703506887168
9452.569394034912    10001.078682095911   1         20.808668812606324
-2112.9623937962283  3171.616022377547    1         0.32328442788043504
-6369.189997948959   5765.976048908152    1         13.791845053941941
793.0177216874168    9098.039914107492    1         0.15334574385497501
-4348.139524069835   3174.942527390529    1         14.700340065776448
914.7040585094046    9968.830470082421    1         0.6926728238885734
9205.90352870972     5575.460015109076    1         0.8100423127587114
-2695.6028656251656  -3602.489643204698   1         1.3896840704738913
-124.99932430508602  -6826.345600228961   1         25.1841835582579
7432.738334746897    -95.73481798272587   1         0.9435917699367864
6797.505350847619    -5658.048181649816   1         1.0654933002554432
7422.117410636062    -2412.437078287869   1         0.4395411912511725
949.5636822317811    6653.915442281851    1         0.6688804519715251
