trucks_count 3
drones_count 2
customers 25
depot 0.0 0.0
Coordinate X         Coordinate Y         Dronable Demand
-6196.076440296509   9757.81412041853     1         0.36363229323886215
-8698.319755629023   12794.317141202126   1         0.8424818386194249
95.92910849694265    4057.260349050685    1         0.50622228662359
1710.1983016648906   1647.1984542227985   1         0.5272674016460464
1386.43118375631     5084.889721435349    1         13.403597532065007
4042.90456360449     88.55645060490512    1         0.4917224240658734
-5356.507471131714   5174.646260531426    1         0.20635679504644833
1778.6914581859396   -8335.320372781014   1         0.10125946144658236
-266.02660558884145  1077.8349853712      1         1.0844731344498604
-2506.0467815815896  -9644.703373555025   1         36.32111664282781
-7028.9316733911455  -6744.619972148987   1         0.421376615546482
-6402.3031725480405  4301.351046223709    1         0.8989699598332324
-7974.757392065666   -4788.655269550483   1         0.8380180580181482
5439.473884377371    -1712.2344326188397  1         0.20365724866621343
-4661.682238911153   -2572.835563828612   1         0.6887187704738893
-6165.80066560152    -8183.81913578846    1         0.35522726471340793
-5670.994090884018   1329.9436576440385   1         0.518902952191767
-4920.739686093897   2311.300006833442    1         0.40301491723335114
-4574.381460958587   3939.1069864346987   1         1.205342785398932
306.5297515402391    1755.6637161750593   1         1.0660095928048454
614.2528883160222    1819.9241918987784   1         0.3699336010636455
-9607.381361354272   4718.256286926292    1         0.8205535433596451
14158.26216700636    -6113.720500908359   1         0.5018406735861778
5961.86008442378     4697.447652735352    1         0.8689852176076268
-3135.015405586417   10968.16740524277    1         47.16880549760641
