trucks_count 4
drones_count 3
customers 77
depot 0.0 0.0
Coordinate X         Coordinate Y         Dronable Demand
9480.561714308256    664.641933313563     1         0.5058630597520632
8682.928671833963    -2152.666965862975   1         1.1280745807306929
7024.907157674261    -3164.1936082991915  1         0.8608076940911732
5212.5067293578095   -7476.537225869933   1         0.3972950214039156
-10222.43495693786   -718.4131547693214   1         1.1606073093579914
-9.356101059281574   596.2790155427294    1         1.1033787016761865
7165.011472029212    4952.805273593681    1         5.914123023029076
-2605.7066478362176  7333.198737474403    1         13.052779900488867
-2557.2664096583467  6781.13640411826     1         0.691024548133742
7728.176870811552    -7957.032005900523   1         0.2769757902169728
511.68143335204144   1518.9824445179095   1         0.5129084874887347
10009.815209746253   1624.6339067503425   1         1.0740639093367594
-9645.164723855018   744.2577405147753    1         15.213776816821404
2805.4594524506033   8064.483532830538    1         0.9754497889383817
3310.386350827328    9030.419522606322    1         0.9971307895621816
1247.1982837326439   -8277.727613676932   1         0.10250172141671589
5991.0137804318365   8704.136241859207    1         0.6147161591070549
4912.373481325461    -2083.0349671955605  1         1.1706445459855566
9550.9456230678      -4400.060629656467   1         1.025607416464481
-7745.125972251861   -5529.401126944285   1         0.5995640655497543
-4699.443145970828   955.8592874323203    1         29.30819279472453
-2846.0131380150265  -8316.453610783057   1         0.631843722703859
2234.7825130616243   -535.5323032582314   1         0.9848066542666141
-7149.285656298694   1044.2592021045657   1         0.4612904138584839
-3137.993523110922   4465.488487301788    1         0.2116005543995657
8965.71782122825     -2136.560918071247   1         0.2336931716606445
2463.042982214306    5098.509591353801    1         0.9720029157149149
3130.6627764274785   -8780.071057771067   1         1.1469797065825782
4337.791870164797    5080.670837650456    1         34.23360494612995
-9018.540156599018   -3106.35442637937    1         0.3809461484116844
-2026.8445733849167  -8048.969817998063   1         1.2239680480041475
8730.146429575465    6483.276921132955    1         0.8040880443390349
-8447.157079563029   -3889.1970271579444  1         0.8013001532249389
4423.05344443744     -126.79810742122291  1         19.675316373835592
-4166.174861978217   -6033.212746372831   1         0.33053327553058787
-9822.45272472119    4415.515873118015    1         0.7330577905075761
-803.3431621380552   10070.08314064754    1         1.0094144625411086
5167.254024529202    8874.458592150815    1         0.23606213678501548
-1668.651634182902   -385.75972232118806  1         0.3331122530143753
-9600.929086105452   -2215.2094931063357  1         0.7866860173725171
2528.068100901375    -8065.6917309570135  1         0.24510365775598547
-289.47741393205047  1495.8850079649974   1         0.3638029229783879
5037.760488361863    -8801.963515804933   1         0.3644622191722138
-7457.092787135201   2212.4882687241643   1         0.8259812543033875
-5032.000985155021   -670.245098413904    1         32.24497132445339
-1201.1757184740552  3036.6408305175028   1         0.2501738703778289
-9203.050465785078   4089.3703203340333   1         0.32432654860166676
-2005.4805219929676  -350.79524361021504  1         0.8462607010262679
-1248.9455741089678  -7501.239487596054   1         0.8396938788454725
3271.567724008491    324.44675505403495   1         1.1341585344463951
-1367.1214483973672  3312.5886674253543   1         1.1997277890991886
2712.9592429117656   3287.2179556451206   1         1.2049573306832593
-1577.7104039819296  -2885.5557885968256  1         0.8803623263551491
-5209.877253816489   128.10646962072732   1         0.19368340623959274
-819.6819174585231   10123.050183432459   1         0.6081100573899962
-4618.4282327207075  -9802.002051450509   1         1.1800344904203193
-4165.356767188571   8012.083095265972    1         1.071184182458921
-7043.44638145544    -1001.2154757705448  1         0.6763690371933087
-1445.2536228760769  -5341.798521611971   1         0.8081946713405068
1522.4266345067092   -6697.115357505593   1         0.16013952837179882
4685.1999976261895   -9153.403231439173   1         0.8749360968468999
-9880.640166645595   -1534.251700383651   1         1.191813677670443
1327.7133971975088   8732.30829340302     1         0.6873153360447534
9772.052903210915    96.32679476022271    1         0.9927795912718573
2792.1103466563236   -1469.4256562215035  1         0.8288307640890353
7387.535172707212    5935.729141326471    1         0.3571885388639173
-6886.774244409776   -2774.832892521284   1         0.4585653940087657
9714.264222944963    -1087.9620659222041  1         0.6819506896951375
-791.1742049157654   -8532.97487739174    1         0.5325816820761601
-4278.524746107613   878.6025280195121    1         0.26366851388257523
-779.3726359827142   -7983.624750118928   1         0.9076977947385286
7243.552707013619    780.8298853658106    1         0.8105174011925912
-9487.63462754596    -8934.199671153156   1         37.62429486085151
-9190.017614343571   1980.7395707543396   1         10.245962789461132
9844.694661343205    -8948.485072120166   1         0.27040123914190184
-6676.451116840541   864.4619916869123    1         0.7339845518826045
4896.364728049879    -8936.56907273052    1         0.7157748653674229
