trucks_count 6
drones_count 6
customers 94
depot 0.0 0.0
Coordinate X         Coordinate Y         Dronable Demand
1149.1748708419127   -5017.696828246423   1         0.24266300834893567
420.31556668266126   120.43649693979926   1         0.873672963382619
-1512.727074971399   -5481.451441042962   1         0.2404574554768022
-1213.262437550669   -9587.728635647987   1         0.3545296630853554
-9065.794255698826   -4861.648553710012   1         1.1811804231249325
-5462.333052517394   7038.666828037563    1         0.9142602539933523
1810.3745574165355   -1878.758911747251   1         39.64141223836177
960.9765271154907    -2164.437569372035   1         0.1484377774837075
-5784.450564386296   4684.707768653593    1         0.22089856338731867
-4109.52752213797    1060.2795533557614   1         0.47511238622790397
1544.311564321848    -4889.980058682677   1         0.5083357253269298
945.9047001107908    -1995.5950024339986  1         0.24507113428206742
4796.853478644319    -7122.6054268098305  1         40.04662621726105
6539.656364544159    -2590.5290655875874  1         41.998650565156076
5231.278616920118    5567.7617257844      1         1.1594720026936407
6996.073968510309    4091.2612233938985   1         0.3728996897826675
2644.309489699724    8402.46063887479     1         0.3444745888557682
580.0413412364259    -463.13876202435563  1         0.38070631878785477
-717.8387425507481   -1101.8882065906892  1         1.2105823109282505
-8420.887525976956   -8047.529254662246   1         17.14268654062922
2570.1231964003637   -1412.474984061212   1         0.5336792116435743
-5794.933395145601   -4951.657000102844   1         0.6224686906166726
-2425.3247159521316  -7716.735102709978   1         0.15030258428601936
10371.263885382396   9904.965985469364    1         1.0992165087011618
-1048.023023128426   -3740.660852511292   1         1.142087574350638
7388.262760158308    1228.023793065664    1         19.260080767764055
1047.1984722094676   13.18827501695705    1         38.62104246174114
-9165.224434410447   -9362.568024920301   1         1.101279474642219
10048.99231505062    -850.3276583380979   1         0.9154338460778471
-5180.564307119037   -8122.739164824652   1         0.3387744532139202
-10156.798230077135  -3480.038637757646   1         1.0911045375665405
3660.554578832872    -8943.578494951196   1         0.5132971882412433
8998.141159807892    1428.2555744092479   1         0.9116365854995641
-7448.97012441727    6568.515342293322    1         0.5191150461268741
-4902.421335299824   4967.928360198742    1         11.482390681668925
-1296.0949228007269  -1817.3162514800838  1         48.45880113972682
-1865.2039094675263  7431.859838342767    1         0.46618565340436513
-691.529615406049    10326.016472194622   1         0.9782790504555793
2695.669647763318    897.5099595355434    1         2.534180938883262
6723.1331886035905   2972.588751510064    1         0.9105081185625149
4992.159576915214    -6340.004595520058   1         0.9303424062641579
7733.439814529382    -10523.446235175254  1         31.521243215771356
7342.160379897472    -216.33506458479567  1         1.2134395650032306
7451.0849869026115   4346.877541071369    1         0.978116285258348
4018.0169738547143   -7057.623389459517   1         0.8869525916186114
610.430138224381     -6779.661416256739   1         0.5452767644122921
-7914.373269762491   -6336.435480703907   1         0.600852076894826
7365.703559334888    3314.3137740916045   1         1.0288248437015104
4419.197280052785    -5709.005135323      1         0.7568702679874609
-8321.829231052368   4371.779105391179    1         0.14557249838334052
-6316.579016404497   2535.3610925726334   1         0.19310184125465196
309.6240212839815    -2779.5309077076377  1         0.968037976733487
5415.220295450824    656.4193773472364    1         0.814781165094048
6877.063564643562    5761.461348659028    1         48.134841739630964
-7563.703521249309   -1492.552353699186   1         1.0006467680193059
-9909.98874757073    1302.0445113103797   1         0.7084436023554779
-2827.930906840971   -9551.232107408778   1         41.73974971250037
-2940.347209219944   523.6387737228107    1         0.374214208871975
-6548.433348096965   226.44968832593887   1         0.9530203397095459
-5569.276099074868   -1590.46874426642    1         0.9220328659482754
7498.467967846869    -7455.322658385924   1         0.1908105263493422
-8364.172216236722   6846.274174536389    1         0.5288244641711825
-1952.4958948441729  -2645.645108158935   1         1.1863501657663102
-7819.03762057235    -1368.8047979329813  1         0.7942473352466082
3184.018878843178    -2499.000364550686   1         0.888204739077747
-1292.9085179497142  -3063.0957346001974  1         1.2254798277553793
7355.499256632781    657.0509946752388    1         45.87951982882129
-2446.2358360964377  -1332.5326285798928  1         19.299116903919487
3190.9965061929065   -7639.14118568742    1         0.745551941114797
-284.11015618895993  6012.0093149640525   1         0.6164913535482506
5182.699747979488    3235.595578994114    1         0.48123489464218816
4864.034820660078    -3768.516015878595   1         0.2854268157056522
-3161.229460622823   -2646.1690686943457  1         34.65324794992181
-4860.795781167849   2801.4273423955815   1         0.626801447078173
4151.236544053333    -8065.4304526146725  1         20.90806955421037
5365.698810942753    6786.857239519189    1         0.9567419709579056
-9857.186325249677   -194.74231265128446  1         31.500491974238614
1259.928826240942    -373.94198115305176  1         1.083113615738829
-3390.6173395959504  8927.964815795123    1         0.31809646183238816
-1839.68330066878    8472.295476874036    1         0.9780857121679859
-648.3114003232627   7782.841046882871    1         11.610428658624022
-3706.7384404119366  3406.0334996504957   1         0.9017954996468196
2797.3619262592656   -6367.798338605198   1         0.4566982773323366
5233.6735517560455   5058.510860624255    1         0.15501165753543594
4168.823735758999    3963.537502345479    1         21.284238454269577
7659.535162702409    4291.893015956145    1         0.4487391805068771
-4925.781801507167   -9646.50305754267    1         0.6015734464686756
-9422.868879583935   6642.998722440469    1         1.1444006745048654
-8722.495312024097   3384.0426591377045   1         0.7821617830965327
9457.72999193141     4274.3713735430565   1         0.11217980789015095
7146.588128693054    939.6612471818283    1         0.8881654671531287
-5664.713706780368   4030.0288091365715   1         0.5456385931855824
-2135.302824654268   9166.178814498819    1         32.18160775675793
6307.731644043033    9840.13075315845     1         0.9026648757097389
