trucks_count 6
drones_count 5
customers 100
depot 0.0 0.0
Coordinate X         Coordinate Y         Dronable Demand
2214.023317144488    -1863.0966419763522  1         1.0399737243549438
-5643.095079393483   -6789.615356364434   1         0.9213049814644885
-13880.996521071578  1382.7413698166129   1         0.6100322513122951
5353.2806833987415   204.06571487609625   1         0.81959907150854
-5157.888482233292   2431.5782759262197   1         29.590268772971154
-1441.0929731596186  -2066.2983352246983  1         0.60085563096981
-8008.119028086599   2857.703302674196    1         0.9291094506580476
7216.734310352841    -4158.31408038421    1         37.17176725123064
15823.190931037283   -3425.2453303344937  1         18.3861720074982
-6928.699503417153   188.75394193726243   1         0.8214068334683859
-356.15879065757474  8338.064708312022    1         0.3203231175292874
-4177.405223066517   -280.1205828490207   1         0.8831498445834375
4098.055810020754    4462.515518797601    1         1.4622590771962891
8409.769837704067    5658.229499260517    1         0.8900053003258345
-7335.146906109485   1373.7567579578497   1         0.3583965377512437
-4075.8719908381386  425.4056186595375    1         35.02616518724778
4442.7901286382      -5660.2883956111     1         0.5017041795335542
5313.303917936588    1747.7153129244653   1         0.7715085918484067
-2630.073487578836   -1960.9367622446825  1         0.22362222785654007
237.17108128837208   -6501.859816357388   1         0.8978349204074524
9528.845441986849    3291.664336230791    1         1.0271750457302116
5189.845830265708    -775.0716057281554   1         1.1320175824888434
2607.554919548886    9476.109514681259    1         0.5455081103477859
3783.1874101141257   4186.598848027544    1         0.7585716976595667
4778.437456087178    -4180.256369936702   1         0.6993462053490134
-5178.260069315569   8939.81961942746     1         44.66779890906737
-1887.8853031218719  -10739.87608788907   1         1.0334267213306532
2811.033074108584    -4918.148881407083   1         0.31566060873918333
1854.1901063911748   -3.075077057381714   1         2.9689030592922254
-367.1999234969514   8556.821698311775    1         26.67514281416227
-337.91881507498647  1333.0419601180333   1         21.322395903094034
-7027.894731689495   -4640.477347602615   1         0.7341974252152322
-12340.695192298688  14216.923548542429   1         37.787246931072126
4415.184028475152    174.4508150219535    1         0.15046089897249987
7157.445288371862    -79.35128530689157   1         0.8266651473986923
-8235.040166287303   -4580.639543664565   1         0.33909489177465957
-3346.2396660562495  10021.338323041922   1         0.625895222525066
-2822.590821089578   -7147.169151470635   1         23.48380510528232
652.3957057653286    -6307.614427398298   1         1.0034304303862085
7325.793258424823    -7933.417080058097   1         1.2436213164506358
5780.580416850893    -8791.356545862885   1         0.9373581061224617
2691.231042347565    -5395.68225114072    1         0.38984389996943014
7702.020380363939    -5604.675147403648   1         15.069614586064931
7647.150744755957    2779.2953070558847   1         0.31530849848168097
-6460.941089143046   8763.737048505858    1         0.6875100175923391
4867.372132548309    -8769.690335177238   1         0.21296045136599503
1494.3963479597862   7883.790252867946    1         0.6248694014633086
4240.630066433505    -10063.318810267121  1         0.8915405154640967
5527.197271189737    -8385.47422259348    1         5.65620454325641
-24.578875348601287  2447.3381555580745   1         0.2129228783860814
4985.609805616512    -2349.8771420155945  1         0.8054508418996129
1599.241287944902    -7594.450902332652   1         14.936836986789796
6939.220872265858    -4323.700786300606   1         0.6348698345952788
-8022.989889513656   -209.53042848033044  1         0.674123533258311
-7377.412600223369   1963.0399351337421   1         12.537968433597921
3347.2406787738137   -7613.072958599727   1         20.26958517004276
-4718.328035473677   -9659.779956458902   1         0.5538622336012734
-4693.154975148001   -7954.012356100578   1         1.2337355609450689
-7478.327285512436   -16346.265865020636  1         0.9110264091516852
-321.90723376972517  -2242.63066609337    1         0.1276359304928329
5599.472901593538    2623.1827641060036   1         0.9171435900615815
-2173.8443110301537  -9559.865465728319   1         0.32202749667260944
16722.10923872586    6575.643854704587    1         1.0617303983952486
-7966.061165351709   -4272.77556591309    1         0.4029753923057645
-8167.801562398569   6821.725597810445    1         1.125994100203142
1491.385774140682    394.6917486150654    1         1.1199191160799384
8574.120318533194    -3049.410037499223   1         1.1226120513340305
-1114.7371874883577  8273.479578306813    1         0.14139607848578292
5732.944421860779    -1348.8536439565505  1         0.22469009660567696
10331.724892339407   -1781.1990875539852  1         0.5917995569399765
-6994.088066170416   2307.769907672548    1         38.73533287240598
-5327.304345175535   -8718.182693486846   1         5.406349368352233
-4647.792202269661   -8079.189431406595   1         0.9541657462449172
-11887.244173457577  9145.489133900224    1         1.1228843765884289
388.42970850450894   -2194.0019961152884  1         0.2778763475539989
-1191.3183804709004  5878.609235263756    1         0.40902942010404775
-7727.237757699852   -5613.179300957589   1         0.48183575981271476
-6329.509242559192   4832.0201279881385   1         39.969398405893656
8911.844660607854    717.7799988414336    1         0.4168259797094056
-9928.834764197944   3598.385058267767    1         1.033368048210847
-14029.835980953463  5493.003469373452    1         8.544853134804754
7618.557192174397    -3537.0836552396668  1         0.5636013136519734
-3634.092625993368   -3588.4518815037454  1         1.057631292453198
-59.0949693267346    -9536.013372013467   1         0.8119146065952854
1781.3928675998793   6684.268016823284    1         9.254386132448854
-3813.7999456767197  5467.9835508520355   1         5.3032753633649055
11146.989540174502   7286.853209056437    1         0.4332809725075517
-9216.335087077823   5557.921645362166    1         0.5507951976808204
5023.870124026475    -2135.332679339769   1         1.1772562261643473
7602.6051823367      6457.000361612124    1         0.4732477113953516
15216.814630879642   -14154.807167006964  1         19.34280944388845
-2888.6729895584212  -14640.829635949427  1         0.8819310663926656
6973.266497286469    -1941.829547800607   1         0.6369031341906303
8148.988185010006    -13194.405696641461  1         0.47883192467641833
-785.4913660515106   -2091.4409819483963  1         0.4830385281423114
-1191.6862021958696  8518.06043660802     1         0.6457850391758858
8774.8925076991      5207.742631469042    1         0.48962534668615365
11483.507440228805   -6453.3283802369715  1         0.3080166194054064
16280.513313810407   11621.150406835848   1         8.911485590134479
-8889.627250698672   -11939.572229804418  1         19.700888459321902
