trucks_count 6
drones_count 6
customers 87
depot 0.0 0.0
Coordinate X         Coordinate Y         Dronable Demand
7160.622360912984    829.4701938252471    1         0.5850480292355572
-6206.140818247035   -6273.562722095097   1         0.8927065056354953
-6042.636751817183   -7321.5791902262645  1         0.35076279210693906
240.41480866503414   -5716.486167050164   1         0.5658636791692256
-4462.095532533544   -764.5150204828564   1         0.4860018489703013
3370.8230197719063   -4677.704319422528   1         28.53939196377596
-3401.6157206103     5565.32883811541     1         0.8886396715390161
4869.476908296956    -67.15042144322422   1         0.16310185897914736
-2099.785414324768   -5456.651610577161   1         43.886767421569566
-3751.816945169401   -2039.194232785491   1         0.3350637282045514
1085.3902341649537   -849.1200854588973   1         0.13768737338735007
-4357.048825710348   7235.974865774289    1         0.14054133390615564
-1747.3512546086413  -5087.972063608051   1         0.7816599823838469
772.5702091483705    4318.132734585142    1         43.87137101131494
-4326.643732753656   1328.2782706714095   1         1.864288702087479
-3301.8423293666397  -1853.9270529880187  1         0.3408818063328345
5466.5041290060035   111.84819624677493   1         1.1432926234272927
2739.2122081560883   62.700756008762255   1         1.0881944259360812
5114.324707417928    2379.7712803296654   1         0.8678909436578535
1681.369625832106    -3688.090953229362   1         0.6015717215215006
-2802.05127105916    -5341.984449799309   1         1.0481598554919778
7062.7825787291185   -5473.932798157734   1         37.77925248924298
6127.3123269653215   -6886.613820988592   1         0.3870335499641029
-5433.540055537441   -4407.238528831089   1         1.0512247717843495
-1081.2010602605949  -1257.4953514904935  1         33.43870342223949
5254.062761434807    -6746.887220781021   1         0.3600600479384817
3961.9225001283435   -3069.602157516953   1         0.8303279416710388
-2036.605533074667   7208.459924906939    1         0.23230581474691608
3412.018497641562    -4356.484166021888   1         1.2031142809666526
328.95855392387296   -1478.8101959002263  1         0.9734969601813522
5130.6026263041185   -4337.798473622402   1         13.516703023269525
-2086.1103110831154  -7219.932359101193   1         1.0969967723498497
3196.048293826094    5671.779181250391    1         0.5383030348694307
-5453.34934834214    -4072.744099433934   1         1.1595795113363594
2667.563041513409    -7292.8882633320345  1         5.311295683945189
5474.3388460917495   1605.1636194107277   1         0.6167758885688804
-1189.398470192994   -1058.4027716295896  1         20.146676946013105
-7363.4600756464915  -7155.781871594459   1         19.162366394265803
-7173.849816658272   -1043.7706216717693  1         0.6854628963340246
-4726.016574891337   2104.023126418002    1         0.7898668155297411
2020.6799643703025   58.603250025334496   1         0.9025042171381512
-343.52199827393457  5245.969134543982    1         1.04230726692713
3449.907523754051    3122.3832715667177   1         43.37978444661585
-2146.9804954513675  1036.6620151417292   1         1.2244451930684828
-5354.535737678488   5122.25830421741     1         0.6802636393678372
-736.4336738754755   -3255.1229006636895  1         0.24111725044154456
6594.325466326003    4142.486062599695    1         3.4562037205918945
-301.6407618970752   -277.41190313259267  1         0.6737244250427045
-2350.0480984362925  2254.6439370906983   1         0.6242362399792386
3131.2074463769386   -2790.608318235114   1         1.1823617379855675
-712.6820503000455   1704.8828745511123   1         1.0994191545743113
3012.429534489873    523.7314206603933    1         0.4328517020115392
3643.413937101706    -6635.202479303617   1         0.5168187857705272
4111.803916341129    3566.598974539267    1         0.9129134148054472
394.0638065662163    -6671.247471546775   1         0.15400659015557341
-6168.09975053458    -50.67340503481595   1         1.167307088057763
6293.946521531378    4380.465272996914    1         24.96469825658033
6346.7366092451075   -5976.347505881576   1         0.933565475932921
371.936686462872     -6503.566763569587   1         0.4981250941145976
-2251.8764674704116  -5001.5343206523     1         0.325308184095193
-3589.589815620829   1000.6808144527731   1         0.6048156794029462
4796.612121531527    -1091.6445568650092  1         1.023166282766396
-5521.768122075717   -4211.164501069676   1         3.252565405596914
3006.9029017736943   -2809.0936906782595  1         1.1557168332770487
-4703.53257291592    -3137.8416430676207  1         0.13201035625017898
360.70107566214483   4156.884420121245    1         22.994128438693554
-981.7022577399183   -4962.34442940292    1         0.6943323206582254
1550.835626040204    4658.366186342452    1         0.46691088962698957
-1565.0397714443964  5409.977216990701    1         0.3198851601688376
-5243.9087532920685  -3771.7345009571004  1         1.0315731100311758
2085.055805601562    6574.840949377213    1         20.65632393159192
-4667.042022744381   5042.17112464948     1         36.12518636372237
-5429.014167376824   4247.160955421384    1         0.704619022249838
7387.725121917828    -4567.872369678065   1         0.4714400422939533
-1023.7437352859367  4370.824161863087    1         0.8945501729087272
-893.5749199805762   -6621.712529138253   1         0.2314118585302344
-5526.003160767541   6576.119716306146    1         28.919670065303254
67.93668671804339    5590.8309117912495   1         0.7907508922967549
-6443.143104578396   6770.424312866774    1         0.5085707138619239
-2045.5265018082696  -4902.57268244925    1         0.3573150852280256
-770.6190917991944   4648.380148117226    1         0.5339653737348408
4397.483035008752    703.0815972167954    1         1.009715963613688
6366.815071326839    6214.325553422648    1         1.2215864258058793
6984.973251243672    7077.284831548731    1         1.2035218492474324
-3592.20284477466    -4531.1152903854845  1         1.2420949899639153
5919.218246194458    622.1371851498482    1         5.348910839337161
6568.156852023608    -2382.20614743217    1         0.4606961182169471
