trucks_count 5
drones_count 5
customers 70
depot 0.0 0.0
Coordinate X         Coordinate Y         Dronable Demand
5581.671354434879    4966.3502364004125   1         0.1920012316433108
-11093.898151134314  4744.002340585976    1         14.223450724421616
1010.7160446073394   -4693.934999502403   1         18.45913014493535
-5576.3882959058155  -3280.507045758906   1         1.1925823394403203
-1990.9068221417476  3593.7418336909773   1         1.2423544064994618
-8372.311175107088   -915.0125645575592   1         0.31025322222743434
-10549.857806213486  -1467.1542569900837  1         1.1127345984288264
-7555.419733093867   4642.8004799853215   1         0.41957879467405235
-8284.606762893367   3665.367019179179    1         1.1440079683380127
-2785.209230421879   4848.088111462234    1         0.1965171208122979
-1697.0232047010595  6153.4886977264      1         0.856951945760962
-9038.145629643537   4015.58604415332     1         43.392944255524206
-9864.223585884261   2630.352194638609    1         0.7119007361997627
9584.966757029128    4116.840602544638    1         26.44234625087571
8243.69524518015     2517.831121582229    1         0.782917670120119
-8796.570918443862   -5978.34845620373    1         0.958252655519617
-8363.828188836915   -6056.755155145574   1         0.7987646253245082
5190.252795557514    5609.417597898722    1         33.808444701929936
-6828.803133286459   5293.662736229154    1         0.7035803114224585
6311.236436201173    -6591.162098191407   1         0.7720875816290967
1630.166929880262    -7852.5468308024265  1         29.499446930197514
-7754.275493498021   -4470.0591774792565  1         40.019133926840574
5511.77496923712     5978.296806152818    1         0.23849596488051072
-2921.184202349658   5288.264471561763    1         14.124440956066056
-6224.974628666892   -1451.50155934568    1         1.051933795820876
628.4337349198915    -6768.9789129403325  1         0.8618028068534843
-7120.8681321597705  -559.2030810770995   1         0.5318834604123542
7684.187853314312    -7797.529554166475   1         0.1209634825665174
-5328.495134434735   -3666.223913377239   1         0.5372700978957172
-3345.0897843068215  -1281.9880208457657  1         0.2716787436383729
-6462.132007305303   -7864.531108546023   1         35.91330248367921
-7849.440492432717   7210.785126925351    1         0.4468278509322572
3285.8406347585733   -9699.312076819488   1         0.373393484882819
-8890.346500682523   4624.259200194892    1         48.17864884928736
907.77648732016      -9139.996304828612   1         0.3359609518644787
-1612.2303386583342  9720.991107208925    1         1.0013836163490843
-731.5035174028087   3788.7766243880365   1         0.23693263460626207
-9340.827828548101   4387.941891364913    1         0.28790645943751636
8900.0101171948      -140.0949947641937   1         1.209013622375317
-11418.545765608653  -1543.4430131674835  1         19.31340721665441
-523.4574983037492   -5668.051769778365   1         34.8914616960521
-3815.1958855886032  -822.7231192312969   1         0.8825675861176259
-3787.1429065600646  8644.1368390793      1         0.3829187140620449
5567.029024024256    -5907.936547113524   1         0.6487870779456945
-8379.591450730224   8052.943692281482    1         0.8165312759508357
4188.401000873576    -2271.9779367308233  1         0.36452516435723037
105.29222563566691   4195.109687992548    1         0.594987832235258
8189.2371900543285   456.0190435539396    1         0.2585789961997027
-10305.902993646394  -1321.4335663045129  1         14.857295084780949
567.7847471706241    -4513.5915499715165  1         0.8644418107290603
-4769.7664466637025  -1596.8091969971224  1         47.96626577926213
11213.218704718252   3210.343341415297    1         32.283962771090245
7280.360508937422    -2451.366994041129   1         43.96056868889427
7875.11008604509     1811.7648241597453   1         7.868463967071943
-1084.0184015889672  -1942.7287819770888  1         0.5695342558512211
-5690.0449629351315  9211.190662477642    1         0.5644760708977613
-7351.57257878889    -9340.009798825635   1         0.6952416049503459
6910.178847348881    -305.71903762215044  1         1.1140253944257554
-2114.1748565042603  -3578.299656124613   1         18.350273359012075
1411.5407842948557   -8037.27596388861    1         1.1992916188756815
-1049.0369598213686  8830.784953289307    1         0.7291830746651866
-7633.988303868916   6393.892960166485    1         1.1167902284866558
2156.4378013493156   -3416.9015212273575  1         0.30655722239046884
-965.3520069584754   1441.6818601754783   1         1.028795035483003
3304.3874829853867   4689.065359060045    1         30.156332128975166
-4823.231167047166   7783.85430200577     1         0.2585050367591416
1378.2848821184598   7315.536463755565    1         0.8557211224786493
5314.953848446194    4343.857010448687    1         0.9130928576541395
1656.5288322734355   -3501.7400539297573  1         1.2352356798143589
-1579.0208376836467  6419.7915738587535   1         1.0183405607604357
