trucks_count 3
drones_count 3
customers 65
depot 0.0 0.0
Coordinate X         Coordinate Y         Dronable Demand
-14025.602749356283  -9067.184338913241   1         0.1531021850689948
-9352.75020001812    -2634.478742084054   1         40.79751444937218
-3886.398300053426   10062.213714520794   1         5.839514966902268
-4028.8336604519404  -3321.6029500035565  1         0.3979868046021452
4949.604216216797    3629.625232912768    1         0.30477945928187883
6745.026715892762    8540.188541041964    1         0.7670398505055867
10263.708172461305   1417.878107579624    1         1.0440809651836493
-4119.35439439857    -6674.178293392484   1         0.7482235720186848
4115.827973386604    8418.985337882785    1         1.224661329201807
-7427.042371346406   -2573.6521039567215  1         0.2870934827745059
-1237.0987212668178  -7150.51788838227    1         1.243187811627589
-2187.473355675262   -2991.928096058044   1         0.6624113270812194
-7737.492604087771   -110.50766330773011  1         48.43805742887046
3149.9411133326334   -8246.65023709686    1         0.661118411212559
-1759.5868367978535  -6688.165271387054   1         35.100185610914
-6713.719957677572   -6483.872974140944   1         15.494472607835984
1084.521568612513    7343.7948351344185   1         0.9672823293438289
-4535.106727114722   -130.403987852647    1         1.2406160637950883
-1417.5832886187823  -735.1610023244783   1         5.117640502971398
-316.3135889648695   -5443.433215876688   1         1.193018125900276
-10515.849302088245  -11894.343831615706  1         5.062715449885928
-3130.981647089835   -1198.8677334170036  1         0.10797340306589137
6797.348937326446    -4780.562193862894   1         0.19961716491297077
2374.5778414392817   10410.435012203898   1         0.31012645711567816
-2268.2748717464924  -716.9126861313001   1         0.3358450124607171
-7881.7325794627195  377.35835967983076   1         0.28389426760847025
1293.5128575247559   10079.163682263135   1         0.8290324452474467
-1802.3704204115154  -2964.382718803105   1         0.34740508557512684
-2046.4224479361837  4237.516116490311    1         45.29732988326082
194.31490460905653   7564.9591356888395   1         0.9023729316185822
-12955.19165746338   3009.4862368094873   1         42.24557919199732
9156.22191688906     -4673.286643824683   1         0.3760468737938608
-630.8083495739513   5793.3995364585735   1         40.757856033356546
-594.5458589269547   2679.2863350653474   1         11.546526278218856
-1026.0171873258043  605.2731417188664    1         18.110492852156227
-4243.665877129971   -9706.822387447213   1         0.9310218199977979
6593.222197062581    -369.4458378950691   1         0.8225484387805355
-1339.9975170895075  6512.867989386551    1         4.276697345747175
-469.55300113057956  -5049.129433883177   1         0.22515331071089337
13786.356705878967   10169.09974320975    1         18.203080416816494
8073.595948419069    -6920.503110944559   1         0.7069321353938635
-3902.805283749783   8333.02093300044     1         0.48108444895099556
-2230.6438558146656  -7653.540821532271   1         46.477394604262365
5930.657801571718    -8959.48175241679    1         0.20619604599103236
-4302.126628972972   2984.3284356557606   1         1.0235082138732594
1049.5751782217687   8818.92840439113     1         7.35073025377251
1941.0386140836708   -4149.658767235716   1         0.9339455879777574
5579.664017022648    3984.078679521057    1         17.918069732542936
10786.458513972411   15398.611893956324   1         37.422616963492246
-8535.643653252882   -2345.435954364919   1         0.4948152366619276
-2353.443630319476   -2801.2887905004027  1         0.6922076326204291
-3651.7892010615874  -4177.304913279977   1         0.5727710968638468
1627.548099958005    2896.4218001777      1         1.0916627782776742
-1120.6850783836435  6569.772719986307    1         0.34930825372347074
-15317.560855336991  14172.05770360454    1         0.46344281505665696
1232.648709563594    -5497.347003474093   1         0.7340151130605295
-5752.136076744661   -5730.064652234644   1         0.26056268028256657
7884.336066760082    3583.1262730503067   1         0.7629240534961783
-5494.5176624534215  -9789.431249572663   1         13.77021322055471
2879.9734077957723   -4391.987004564132   1         1.2234067464806626
-7241.163534809399   2519.993498337899    1         1.106682632393356
2862.959521417038    -868.910067889919    1         0.3905422503327536
-6197.752171796629   -2209.1570166412785  1         0.6057515696049228
-5695.8202261469005  -9274.46194976288    1         0.21361194904407893
-1992.7900913277917  6972.288567073116    1         0.18480036824050117
