trucks_count 2
drones_count 2
customers 37
depot 0.0 0.0
Coordinate X         Coordinate Y         Dronable Demand
-7771.268371393509   -1809.5732184340086  1         0.43570048656284655
1960.518156146986    4384.449770453745    1         0.8175909621420959
-6.463255000150242   -6107.121738604046   1         6.014848030941748
2548.284351803437    -9715.902951364256   1         0.5816547103645331
-7236.924680942679   2594.188222819212    1         0.7271881660464193
7006.46633706584     -4238.434972661312   1         1.003065620317827
-10144.556837578155  5992.752825023497    1         0.15611611918183574
-10195.541911377883  1783.1447812207666   1         0.7265730629592233
8233.133627166568    -1799.8495578477011  1         0.7158896597033897
833.9775593772429    7788.034553172172    1         0.24717997879903794
-14144.621677580591  11068.230025848952   1         31.1131136819179
4342.423095709208    -3081.131533126565   1         19.77146622540113
-4786.158919879698   2913.710347496045    1         1.0460650467963495
-7045.262901979981   7861.279374199868    1         0.8201909748067383
551.0264889918435    -13541.553471595958  1         25.799337123203053
-4909.201944264223   397.5443869658489    1         0.46080453982904357
9825.322206875057    2739.3501657391826   1         1.0117625258241785
-8934.525371484173   -3326.5853873407314  1         0.8200613148298473
7070.360048110478    -3099.0180746304695  1         0.3012284868347599
7101.105783474835    1390.046232788321    1         0.29483113959822416
8311.44849156879     16940.364397449797   1         25.489077144171098
-3236.5108583234323  -4969.827826846766   1         0.8739694948222533
1647.676337152632    10543.44101948217    1         21.254300452744914
-4696.111437303618   3828.3425359629255   1         0.2553001859186881
-6491.17382748692    -6063.451328863616   1         0.7355864312745901
3095.7222771754045   -4548.909309082713   1         12.131269379587117
-188.8479016978485   3651.8196987865517   1         0.4834867508813727
-1823.3886448738697  10238.407184842301   1         0.30100313416740576
998.7961890226799    3591.5930885249068   1         0.278801712086831
15292.170945037593   -6838.873828188931   1         1.2231242668460454
1947.6947580141245   -3182.9400741480213  1         0.46864258848476126
-2073.3554922570484  -9085.740706110113   1         1.1536557316128728
988.0803201622748    -2954.2053152527997  1         0.9404975398499011
-16422.79638143597   11323.068497016407   1         1.1928255590067065
-565.3532349442377   -3491.563306849703   1         1.2187941606062291
-6185.595132206448   5497.2136604671105   1         1.2401556027227272
251.7361620420197    -2936.483780252898   1         1.090309303744411
