trucks_count 4
drones_count 3
customers 63
depot 0.0 0.0
Coordinate X         Coordinate Y         Dronable Demand
-2390.286846841681   -911.3118552150246   1         0.8046577451491016
4204.100639540352    -7609.7107806112035  1         39.181698706262964
2775.2847573777926   1001.2802871047606   1         0.985275021227961
-4927.471429550118   -639.667908089902    1         0.9802196406397785
9585.367294061927    3623.1318715337225   1         0.9666635785695243
-1639.8197336341955  -4450.71711416944    1         0.3561980659484759
-4601.115243712059   606.7490667132574    1         1.0157795701148373
3439.025231412761    9475.112192380242    1         1.0987144137320752
6421.746223378784    6514.626364032928    1         0.24544777662428022
-1467.3634775622609  -2657.3228862906194  1         0.2629762482160436
-2310.8053374393294  2147.0143206764624   1         0.7939936608072623
-8153.5549612822915  204.2288613727306    1         0.26969908693384315
-1670.673872990032   -8553.7437990709     1         1.1635728818258007
-1281.6074573907883  -343.2906440004768   1         0.8050153888875355
-3941.028732157458   5375.842745672956    1         0.5195342970110066
6062.019122608588    -6596.636906749056   1         0.966218114008609
4045.8686641442937   -1331.0787567445425  1         0.6680167276090182
2137.97854528731     7314.312263909479    1         28.28134815754366
-2471.049494328416   8667.699496155179    1         21.926664988884287
5831.441279485937    -3277.7602809577947  1         19.462963902717323
-812.1228257559087   -4936.276992851326   1         0.892911391651452
-6472.555866770531   -2010.1945781408     1         0.2684499681693199
352.6470259183573    10659.103657042237   1         0.558668623626018
-1803.1438928449038  7449.177321934748    1         0.8165961940084953
-1862.484775870197   1980.0461454022634   1         0.48890415802902076
2989.3376944247593   1618.4204327467978   1         1.1259389453509954
8865.33365970675     -388.2587137391471   1         15.04798478561161
4433.930752383534    1713.4045127802274   1         0.4049617465759382
4649.697305185217    849.2386111615691    1         1.1930936322465275
7924.688287700768    1118.952087034112    1         0.8029467564029098
-7977.749291367655   3649.893477904584    1         45.784265977752284
-457.1759049276351   10459.373555081567   1         0.7691854257483813
-8623.064258321057   2736.8142600623737   1         1.021213750177355
-4528.4326514522645  -4739.051527645732   1         0.34164170395893556
4247.657060845093    -2134.3755053726777  1         0.37281019542935534
-141.49910731365708  -8453.86564863445    1         21.6658514419086
6619.560325118187    4020.194674406967    1         0.1400356659509454
-9271.90548711946    14.876589073477811   1         0.7007699396930624
883.9743001648509    -9022.852429861994   1         21.28365515946472
-1843.7647798309356  -6261.992895947587   1         6.16157237038408
-3066.3481898218106  -5357.2334050492655  1         0.6379160764152573
-256.3534841160662   -7167.741026445989   1         12.057954311326121
6023.03080444643     -7966.273785091481   1         1.0721793749585686
-179.39726826307503  1026.0251538392438   1         1.0384944216809338
-9157.595761750803   8451.296545719199    1         0.8321039452216445
3472.11855894305     10228.01949985173    1         11.386453001675198
-4235.784360554536   9870.931716476773    1         0.25831991621719996
48.16138857675119    -5526.309092871067   1         0.8604376626046809
-10086.83264930274   -534.2414412763146   1         0.2905021242378829
-3969.6072064258146  5898.910358705484    1         0.6401698617830047
-10583.04355243152   -1657.8903070143851  1         0.715521707745695
5782.111360960807    4964.688889422113    1         6.478363324322686
-6185.025876151974   4687.530723585808    1         30.3357395499069
-5570.6861587963185  -2859.2588733269645  1         25.550816006754314
9785.742956643717    -2566.38628319001    1         0.7895464782360535
4199.769370961312    9553.707874244146    1         0.4136612149049853
6389.914900195998    7669.6015315812465   1         0.6205937064073608
5063.696496977323    -2937.4871502737365  1         0.8835314486241893
-5040.520859967805   -8024.087045559216   1         0.63507701155611
10160.740492867119   -1525.179288131947   1         0.9345911652828655
5632.048922283935    6152.915092333941    1         0.7778300685088823
5354.036823172966    -936.9369919519869   1         0.4188622263842341
-4981.999911339536   -3952.233718217979   1         0.8943282650175431
