trucks_count 4
drones_count 6
customers 86
depot 0.0 0.0
Coordinate X         Coordinate Y         Dronable Demand
-4814.225923188466   -4341.830722891276   1         0.9459583760485328
-3144.9584052032938  2762.191815185387    1         0.10958456881885878
5320.3338434260595   4724.616852668701    1         0.8321860721084225
1672.5606201726016   -6817.729500522423   1         0.24794485668811303
-337.89355889456846  -248.39063387230445  1         22.466057887642624
-3380.5632417404827  4874.541745044237    1         1.1829604787769017
-1146.8484302447996  -3011.572259315426   1         0.6518745696299652
249.05904104875452   6796.2880879752865   1         0.5136983507390721
3008.1517946666736   6914.398389152058    1         0.807904109724138
-1410.6404993049246  2293.978618710509    1         2.4252175122533526
975.1528918341902    690.5812855717571    1         0.725753751723843
-5803.1259502071225  3564.2518321438374   1         0.10327780088067315
3924.1196788246343   -6646.5403691796655  1         1.1512345425146162
-782.645243878248    -4008.0934173461083  1         45.92932988542881
-256.42649062477903  -1120.4804392503374  1         0.39800893202073007
359.4022312302932    3260.528719501838    1         0.4980826301323953
-6746.017168444253   3886.242211747577    1         0.6580903506340623
-6577.697846355439   2347.9142114537967   1         46.14852347694079
5683.777551630844    3812.201060239657    1         44.992614247770696
3966.927807086488    -2690.5624386988115  1         0.7373631957612741
5923.289352059801    1349.069203094848    1         0.24026732595725203
-4194.8114828356765  1069.813564145329    1         0.18768908715684593
5184.84667206116     6368.2859887607165   1         41.8940782065396
4022.3436826896595   -3512.6211687670343  1         0.9006239420904536
379.2665118605928    -675.12337016538     1         1.027475762865141
6581.033418218375    1592.750291872407    1         17.54896788576354
6427.5330474112225   956.3453150527846    1         0.4972737019548298
-1831.3137070263272  -5578.516218660746   1         44.129280800427736
5135.123607563319    7377.28327349358     1         0.46424884370174824
-4566.23875331085    -291.08060430234684  1         0.7739391611085564
-153.2077107330419   5204.62131299223     1         0.2575098313695422
7397.448998681342    2563.1972503249344   1         0.944726819132964
874.8892044448278    -2098.346266178091   1         22.16193851610923
-4040.762070708103   -6629.655472206614   1         11.861011894125632
5261.57019597027     -6757.090971958349   1         0.2501115272509169
5787.838175431359    -163.92071474896238  1         0.2489308102764778
-205.67783964503244  -1023.891672031394   1         0.3742433174045563
-1321.2335804007573  3617.2069816127832   1         0.9589701469464973
-2995.544666957896   -3247.6238855194088  1         47.392349804015595
-7145.850728513952   -3782.9876838638806  1         0.6229189877842283
-3218.545039223378   -940.6046212484889   1         0.5443097595261078
6367.224764511047    -5301.649370668257   1         0.7357932480185138
-45.231466488780825  2116.755005817391    1         0.5230732057498187
6696.979322300765    21.770422180605394   1         0.7883975579644433
-4981.981602695438   950.4983183887571    1         0.7231710192087631
4632.729074579103    5304.039773365353    1         0.2702667981667064
-6159.801526361944   -2597.144343465341   1         0.16942907388008166
7206.158904914068    2441.4578840137488   1         0.8517306032890898
5371.1200266986525   2868.3811690936727   1         26.36004226854197
-5170.7825327418295  -4764.565758674353   1         0.6465089415915709
-3959.782445632204   6886.025697019593    1         0.18647863951759155
576.3993543986767    -2183.8443771348807  1         43.57356206819721
2066.0318100213326   -4538.0161333984315  1         0.3605591212923265
-2867.432347023545   7409.027148871411    1         0.25587542943830444
4348.609745549029    4551.429512955161    1         0.7553983916578716
6632.300652092689    1906.1751703086584   1         37.32513667712231
1663.8483499677143   6349.355811993281    1         1.005211912226684
-1333.1830478279771  -3586.47782705229    1         0.35118657547374776
-4295.467553694634   -2641.9411286186896  1         0.2769782270775206
6372.065369644345    -5913.531952066269   1         0.1400653215560144
-6153.93814014126    899.6568613258901    1         0.853179837192601
-2403.4882016585734  7161.054948410024    1         1.0505149098238733
6729.999043204852    -4988.665500243307   1         0.8029241746262312
-6596.605689655812   -3664.1109061401053  1         0.4616356235113702
4758.31164495503     4999.748627195249    1         1.199193292239344
2837.546966234933    5058.299780237391    1         0.5706857563875745
5434.478207508935    3903.4150422317593   1         1.0298394031562077
-6511.217787322503   -1386.4717143833634  1         0.38502329848138594
-3983.8277345741208  -6280.846910458811   1         0.2556463948484695
-3810.0459369023206  -4120.1886799032145  1         0.46779422743107246
6598.848799634702    870.3155194072978    1         33.834748759843436
3374.095090626438    2949.0194638906332   1         0.9526541806719724
-2399.505360566827   -2591.1946774833805  1         0.6937597322592952
-4101.972618145854   -2178.221857380974   1         0.7662953006556626
-6816.31682447537    -3004.2580605181897  1         0.7451348235006063
-6700.715153882365   -2492.057129284306   1         0.824004536412639
5233.912297912025    5246.412516488135    1         20.4864768467693
5281.109302491584    -139.2448029214639   1         0.944207294307364
3093.119905305838    1648.0412225135458   1         0.3468973028696719
5349.8532885752975   -4558.987230603704   1         1.0709892146300997
-1120.4542090089903  985.6796036557942    1         1.14104327158378
6983.451268043715    -2226.279062092568   1         0.13526827067112063
-4374.7877270320405  5937.994991610442    1         0.3613581784092137
-7138.035827939505   -3251.2160644979003  1         0.20507702418966578
-3200.4200203599144  2284.465832157559    1         1.09478819606009
634.2911941811393    3371.590981681375    1         0.7065667666197817
