trucks_count 5
drones_count 4
customers 86
depot 0.0 0.0
Coordinate X         Coordinate Y         Dronable Demand
2664.1665311532693   1329.9176899220133   1         0.13585867039233074
-2861.9285261022414  8534.202060447973    1         0.30774431398749713
-1959.6774931039063  5119.590815437737    1         1.1768466332920346
6847.112598802484    2819.492250716537    1         0.7346084040210905
6780.475946791793    -1720.1430451933222  1         0.9162577843940729
-2434.591003273113   -4309.644131921428   1         0.7329455591580538
7633.628186885231    -10570.783475569173  1         0.6260401408398852
-8886.789810677274   3615.1696409728893   1         1.172211012252627
-161.287943410665    10828.04141682123    1         0.15429776073639181
6632.7038506852605   -5263.55144319789    1         0.9897780954664324
-4297.265890107904   -8553.2916416343     1         1.1848317493555487
-1652.798913609924   -7889.119640983064   1         1.1789903632768315
7309.819762858555    -8954.773599386242   1         4.191812477877425
-9199.137897854225   -3929.0034761570496  1         0.19807233803294327
3731.340142348538    -2096.5132660701333  1         0.3680469153883973
-1688.7316051712644  -8468.218868865357   1         0.7889974138660237
8537.92721932608     -5373.411432397671   1         0.8504102844755096
-5108.40437316022    1181.9123673557826   1         0.5957963096641962
-1271.1688508591337  10862.545156564585   1         1.2046133038162876
-5776.31126842005    -4805.276240824666   1         0.7937747165412736
-6071.279390218009   -4199.083047171619   1         0.17812946351518574
-11425.986926317484  -2615.3963982969453  1         28.765514596224765
3234.388450469058    3346.286299890214    1         0.8489988407742702
-4132.700774805294   3974.4194795283825   1         0.15424317915601896
7753.757489449439    3685.4812899135436   1         0.90163248862838
6548.013019025877    -3776.7891274265517  1         0.505272278928233
-4013.4284025945817  -11048.259963555058  1         1.2096088491213859
4697.985579160573    4494.413514284728    1         0.7327363154957262
-3759.9113456532086  -8939.838969377965   1         0.6569733031439144
6881.0428885584015   6473.802533289128    1         0.7754268701210211
-983.5525037179029   1019.6614140766186   1         48.01176394683215
-4582.443996074264   -1721.765528849399   1         20.95575411646142
-10348.12250182781   -196.47025241967572  1         0.6498955666120574
7744.46843208436     4279.808462916102    1         29.59972846791306
-6702.123301876309   276.01472381241985   1         0.8684686957957167
7860.275523501154    1836.5584929056388   1         1.0036006827782349
5345.206292112591    -9226.959937293435   1         0.5675828209839022
-10602.207283654225  -2609.2243108408124  1         43.29432213627544
7902.018810583317    4736.837998089164    1         0.8033256752988039
1328.6643684712442   -9666.205363603629   1         0.998117917031744
2164.5465125227474   893.1682448560385    1         0.9197542546471366
-7724.029218705025   -1100.9189186211015  1         0.6421366786031029
-1422.7688030737415  -10285.471803182889  1         0.3268756084920599
4565.949854973274    3251.251755862064    1         0.9845070747846115
-9893.352927849804   467.6095488831109    1         0.47526909025490804
1776.3121593733158   1512.0430353218344   1         1.1872604585464102
9846.06135678843     1653.2890129757707   1         0.3473808838465915
9475.279011276267    -5268.564067780059   1         0.8096688428289008
-9800.920126645937   -4210.777366579763   1         1.0236536290046605
6613.060069619702    2548.5861386782667   1         0.23536008942359066
-9239.572996633355   -4295.864596155185   1         1.1192894162250844
4419.021980512593    1921.2151106585352   1         0.8731121156829222
-1895.834471937149   7092.804218668007    1         0.5423098279916866
-3380.2281136952497  1304.8238991431676   1         1.2410379040526984
1872.9635323541006   12096.693210349731   1         2.3643006361181786
7111.836395075521    -1573.144312771113   1         0.31349257776912515
7037.491214611297    981.0650264257193    1         0.12237097899201585
5539.822439517655    -134.5488182961144   1         0.24325797942316066
7610.049372655646    -7249.420363871042   1         0.8111980386656712
2976.792047389414    -1702.385233157112   1         0.762848499748687
-4257.388397894527   -3100.734386738632   1         0.2875814932986679
6996.803500778544    -1409.5210012718926  1         0.4762726562753774
-4594.118522317642   5801.655993064238    1         0.340123417785825
7446.34436773873     -939.7505366759647   1         22.804289836047378
7317.396177403673    1333.1221233971      1         43.553403400430554
3830.9803564234508   3669.5502313187053   1         0.7174404902265039
-1057.23110261375    -9284.643923439178   1         0.14487622033204495
3140.003289395776    10257.939502348483   1         0.5257964281611088
-4163.927538914442   307.57810942447236   1         0.17121492155529733
-547.4510229479799   -6069.387902840857   1         0.5496726712067621
-1771.7205468433103  -3233.8121755489265  1         1.0806865945305069
1479.61285569618     -8752.682687694756   1         0.8147752836407679
1873.8410488972127   5591.26931181493     1         12.208492175383652
-6720.272235033432   -8111.274814491552   1         0.5506483223851147
10944.711149360097   148.88205809690137   1         1.1195903728936276
-8004.5100436917455  11563.318233531467   1         0.2664310918165337
-4115.279047349333   1526.6480139346374   1         0.2677394540378176
4893.5651485315875   -9159.441976934615   1         1.1136873532213711
10903.443259661011   716.6816229167939    1         0.6498031759160453
154.45468152916146   -800.7880049151026   1         1.2063112400688392
9966.677851010654    -4254.887438849347   1         0.2620317574278699
-5076.077228020358   9104.999897814963    1         0.6755041101992556
-1369.5637870043138  6087.227798255031    1         36.695138290749796
2.88108436662873     -8324.59494793505    1         0.2500369892796634
-1610.317860443698   -5065.153605998223   1         0.3104213857912979
10311.332871791536   -558.6079260410423   1         0.4989291095705949
