trucks_count 3
drones_count 5
customers 51
depot 0.0 0.0
Coordinate X         Coordinate Y         Dronable Demand
-3390.8766022796663  -5099.085125649005   1         1.0488608432541866
-1136.7931644655996  1974.0315946302194   1         2.3759976384457606
1293.4281780908389   5195.159678792003    1         1.0913200128833596
-2981.3760893906556  4923.3353472592125   1         32.05487284499831
-7669.911865628455   -1298.838040284174   1         0.890477514596772
10196.84221549263    -7263.634888630235   1         0.9509820540453149
-10194.77881247596   -12386.594071229438  1         0.38700575618209376
716.5867660920046    -2739.200319200084   1         0.535696081977603
9440.955627944519    -2327.8709306405794  1         0.796154198338053
-6453.527674577324   -5453.27333597553    1         0.5300245255777298
-2658.588060526761   -8173.354292175385   1         0.673571179995656
-5435.2242256735835  -8270.872412114992   1         0.7136801037440083
10633.694677215188   1640.7689903088174   1         0.8467313458569028
3494.12811631336     366.9917678696233    1         0.5629688216727782
-4249.478628065031   2897.312384515699    1         1.1448279399205523
-612.1009877024311   -5632.354720801609   1         0.36789614598559794
-10572.324751350521  -10884.932284058385  1         18.0108055995315
-49.86176060352136   -10731.665273793478  1         15.065242984649302
4816.6872364842375   9264.89532877216     1         26.5230780144835
-1760.2785572751231  -1683.5460629607157  1         0.2723277150368384
-8418.942867150248   -4075.3609441866734  1         1.1063092594612405
-2577.9060506520686  2521.559135839325    1         0.7715548799327443
-6258.382034840231   2713.8741112381467   1         0.17201168388854726
633.1819466600011    -4998.336737795928   1         21.549842151315666
3383.013342905256    6730.087023076085    1         0.2926599447922894
6869.932670576462    -6223.170474589183   1         1.1891934845111038
-7106.738193322808   -2390.630357126601   1         24.312312348694157
-4576.310573913223   8923.333732499812    1         0.8867374437893851
10811.196271052671   302.1790042729146    1         1.079107019835278
177.96486015478882   10585.277915845345   1         1.1292988486819253
5801.751617815479    4311.475113561844    1         0.36313147855809824
9927.326781452712    -1831.8245524146223  1         0.6996162334662592
8507.96452353758     1049.8652104137009   1         0.7193425352962097
-3656.888062588082   6421.837609691781    1         0.5169091939905893
-5924.776021957505   524.0455220379433    1         0.9164273598414399
-369.69739259892594  9798.204334741975    1         0.3193441973355697
8936.645536947999    -2807.3896682176655  1         0.4221527402144698
1904.2970891846242   7208.474956784826    1         0.9788796866748087
-5450.275110179891   5896.402007392293    1         1.0401879660845132
8605.99933835332     1894.6954411972765   1         0.4006740500321977
-219.69232230507447  -7193.675288313798   1         0.7880993364204968
-6499.278146863702   -2294.9857617104276  1         9.808286840633125
3533.3283977982      -4202.985439720837   1         0.45600056642508346
5660.67663215757     6552.904442548234    1         1.1590153074511382
4990.050855267212    -2040.12609667621    1         1.20278555587945
-5667.543086497366   -1185.9685526096746  1         0.8602242692664711
3349.0471313529397   -6731.618208811868   1         0.8988629690590222
-1659.0898932164089  2809.8612812146603   1         43.4398102997111
-5961.63643261534    -6606.71826485541    1         0.8703620341227251
-4139.519132785296   1585.197073312988    1         0.4988229258048885
1666.31270772724     10174.67696653504    1         0.5273669871134773
