trucks_count 5
drones_count 4
customers 63
depot 0.0 0.0
Coordinate X         Coordinate Y         Dronable Demand
4660.133056745288    -5551.647891684171   1         0.2041096085196687
-4448.8747216467045  -5976.812408634973   1         0.24133912241998434
6734.938727266937    -3346.314324068943   1         0.7316110300572133
-5126.4792710180545  -1671.8184645883985  1         1.0485711285118857
-1804.758998147157   -3829.668306640939   1         0.46070528927655574
1514.9816562606609   3729.238714226467    1         32.88182247049494
-3922.9617543439003  -7695.154967575484   1         0.45121356459009265
3541.835556523497    3152.9349212905995   1         0.4438046193344848
-3272.2586881418506  1275.0890997383744   1         0.820559590967653
-2871.013539427735   -2577.8550442662686  1         0.4661871233765611
1390.2977500591703   4813.6393858610845   1         1.0388269686258937
3710.101179597083    -5183.21822468643    1         0.9946965499925786
7434.16032730328     3567.262233990925    1         0.8668270335512527
1551.3064300408716   -6092.168726642528   1         39.03249417850666
-5121.075502003497   6327.007962119289    1         1.0829810228808385
3170.0382856160686   -3258.169622227446   1         0.6084081071730448
1011.922481928524    3120.2258046895754   1         0.16413568191754815
-2291.3024234332875  -6175.981089311505   1         4.551126606526648
1800.8574632356147   -1419.2777718904626  1         0.9876528713805406
-4077.959114074902   227.70481146397873   1         0.2542727775668451
4278.558716726477    -5548.242672600172   1         0.7488819860412959
-2231.134166887302   2291.296819859797    1         0.9245890129164113
7423.567701578193    -4459.748413220026   1         0.6517956622691095
-2661.587647381353   5770.793916807805    1         0.32482044592814285
-3210.133671384884   6242.635005248594    1         0.16860649042898165
-6879.7560730020705  1408.0446926516752   1         44.50459265833957
692.210070812358     -6765.386145853511   1         0.7065934603243695
5498.31958965567     504.6380883601196    1         40.548025606004465
-4098.020946568851   -4388.903256121259   1         0.4562289055318951
7107.637330952521    4971.866822364288    1         0.1625310406374328
4638.826618266462    1503.3670678768153   1         0.792273725229629
-6152.178420000803   -4257.020249631285   1         0.7331360975972989
-3440.063090982976   816.2747942458241    1         0.4861185122414252
-3494.220509993379   3050.4820730189003   1         1.2374292877806419
-3278.3381854928766  1006.2896231302865   1         38.05335800508905
803.0721014076329    2367.611036244023    1         0.2104706838467543
1731.7093723376358   4058.1065077110666   1         0.7303941925904311
3019.858772838704    -862.2246242668615   1         0.8942480730983193
-3732.9285399839473  -4037.5710296528255  1         22.65615899497115
-4009.5227546809665  -7247.925111253776   1         0.7647877846315175
5319.676052102217    -2250.9463902009297  1         1.2395740674378668
4440.142986569901    -6821.628096145136   1         0.5608243928877092
-5102.972301164576   -2232.641836774403   1         0.716551627916797
2750.5050059360874   1394.8494361684625   1         0.21566518294627363
-656.122437166111    -6222.443959338054   1         0.9187222165689853
-5668.077548418799   -5614.820736009886   1         0.8105753861794014
2154.6863553150088   -2094.19557218266    1         32.70453523410794
1639.1584800307714   160.07578791565444   1         0.46210582531039934
-1750.6023177141567  -5403.199756178834   1         0.13660097482631986
-2225.460456662563   -2256.584559083776   1         0.9279794928216222
-1744.522279974206   1933.7337735597212   1         21.74831610920029
393.89791902323117   1781.0984434713016   1         0.39046620232298457
-6663.4315833284845  2646.5874170096417   1         0.9409479965331177
-3540.62178055693    3801.5988167119235   1         0.278756049755697
-1234.1404333922685  621.802578446167     1         0.8483372496459349
1866.013790866221    5118.325701439187    1         0.6218002916810631
2883.665295246862    -6571.018462388985   1         0.39450380329451085
2944.136203209526    -2548.243467485987   1         0.37629686408465146
5255.878447445564    -1320.4059298357365  1         1.0250920033190623
4031.8983459042265   -6590.562649923994   1         0.17688708494657607
3817.091674280417    3134.1527507802803   1         0.45673261526671327
6418.534400935694    -3674.09879542249    1         29.712533293174715
5925.262431346827    -5816.857358046296   1         0.7957579290984822
