trucks_count 3
drones_count 5
customers 75
depot 0.0 0.0
Coordinate X         Coordinate Y         Dronable Demand
-2708.341707125729   -5538.908973359523   1         0.5698430744492327
-5380.426865998559   6952.193259554496    1         0.5727404514564585
-369.8592152692527   3531.231317579429    1         0.8988843459411036
6197.880501263176    -1800.5533091519783  1         0.4189335427780262
5116.092291743757    6670.161799555629    1         0.4530475756329301
-6230.166507633262   -2822.8024000967234  1         0.7481005680238921
-6458.8052258272155  5660.824420374929    1         1.2037982349333005
1391.316636727221    4954.831820460552    1         0.4234089456850545
541.9120768118255    654.5618936662831    1         19.983004919663202
-1345.0186535626626  -3349.435824821208   1         0.3472845566839431
2505.987267450203    930.0067755268947    1         0.4428752044447424
-4999.283150887143   -359.9773001514828   1         13.215059784702012
-6776.690842909299   6390.278620439471    1         36.90177137491003
6053.896876006605    -6381.634086349759   1         0.17301975567999628
-6965.263946263629   -6723.096883742054   1         0.5258042993115503
1215.3387889195985   1211.0128655084716   1         0.5025814675506948
207.28433189124493   3514.646454820448    1         0.6460728324481436
4226.8276952102115   -116.75337026148729  1         0.7466198151751602
-243.82516536908128  6896.7841114719895   1         1.1513551224671388
-2405.647119765397   -4492.947318054486   1         0.19174183816772772
-6236.999482491789   775.221656267974     1         0.9026091634535495
5142.802103623343    -6033.937439492709   1         4.582846464697119
-3870.1191059837706  -4598.504153832238   1         0.7168053302941425
6582.719281738556    -5887.692201648401   1         0.4591295743102243
1182.5819922314304   -5902.218312150817   1         0.12811999528341025
-1252.5935659183779  3867.58938006645     1         0.6909475616107355
-4511.210219971304   5739.510427782524    1         1.1835041681164677
1827.2296615451603   622.615138477196     1         46.492095817983284
-516.4545572668583   4286.339248884788    1         0.1070281386373959
-2534.1343635837998  -6148.28905891992    1         0.26361203541663575
1272.2085568404962   -4656.833224276125   1         1.0138639738784727
4125.954568965356    6411.6597537171465   1         17.087208157585238
-907.0534493097099   -5016.2624726356535  1         0.3793545087178757
1106.7572643071087   -4928.67378825655    1         1.1761943672708213
3342.745892453563    6328.7866165255655   1         34.22436678304827
2124.473926945423    -4301.680780730954   1         0.7249433338428249
3474.092046235921    -3589.3179308052286  1         0.3537603100587883
5765.237683650072    701.5710729924139    1         0.909869666095144
-5690.629406855463   7218.453352938274    1         0.9374111986913443
5892.814161774287    235.7021465755768    1         0.24506474977206277
-6027.553039941614   -6896.261306057725   1         1.0625278512307639
2546.457385230673    -7195.87276330559    1         0.928923587305754
5478.822089974174    -3517.282142539073   1         0.552035277362217
3058.178982491122    5765.448739246903    1         1.230800661218483
-3082.973922422318   -1021.5727961919342  1         0.22411146753170164
4723.450928051235    6664.208021785303    1         0.31656880730489106
1160.6371592583428   -175.33676055617798  1         1.1732291835697455
-6763.253724287997   -6590.300845547953   1         0.1975733694014571
-5741.162820816134   -1720.3465132644844  1         0.8720026316257627
5821.6453961361785   -4623.940096477646   1         29.996948843643665
-6064.498672163592   -4107.527045856545   1         0.831854043611533
-1626.9267311682447  794.6308071809947    1         0.7128339416821152
-132.5058479660219   -3288.2322728774134  1         0.31821385590055296
1617.8033917088708   -3587.9249597270705  1         1.0015736293132735
-6125.263206334535   3832.885788030579    1         0.8341359517517579
-5494.110179126229   5733.005453760392    1         0.5582597214887233
3243.4100023838523   -4461.818716960639   1         1.2312222249316325
-6491.007447433585   5695.064887499087    1         0.699102686653605
-5226.96379872378    5317.035381460914    1         12.366184826575587
-3636.543029060232   -663.5956732777472   1         0.45564470425298564
-193.77358206620437  -3290.1306299847647  1         1.0531852314441832
-2744.9375837430257  -68.41218704826612   1         0.1286062475732462
-2234.240821895354   350.58797526612955   1         7.468602591664202
2386.0249628655865   -3214.8749481680447  1         0.15618092855751567
-3106.5523713600824  -2973.763889215872   1         0.7433892491225002
-2332.0967686282065  -1631.485360584611   1         0.5594021806050026
1434.4279916056216   -1956.5667678607872  1         39.764086631841025
-6166.116601387216   -5355.714029340728   1         0.14304308823801565
-5696.590945176592   4592.528453904644    1         1.1839094952681333
2891.9118665215738   -2809.6742460700575  1         0.8294991416594582
6990.559969534291    -6006.869927008647   1         0.7559139498893847
-2688.0204400322664  -1365.499556785939   1         0.2913642645801826
-6914.092472576222   -5583.42480767012    1         0.5735723905258883
-7217.166746078219   4271.278909514025    1         0.44855837755444683
5256.789821656023    6313.930624245217    1         1.1807373289941803
