trucks_count 2
drones_count 3
customers 20
depot 0.0 0.0
Coordinate X         Coordinate Y         Dronable Demand
-10313.533960626282  11976.341993200385   1         0.4292095948792799
17120.008400044942   1465.257796636979    1         0.8918883149302138
2994.4235674731176   -10368.399174211414  1         0.11752098089415036
-17922.120172061557  2953.7499737332146   1         0.44525806631392495
-710.7307621293492   -9386.126127590436   1         0.3719645924491526
-710.6206915823858   -6804.945370348725   1         0.683567089767752
-1047.8158203832584  -10191.537508495954  1         0.16720561255311203
-14080.31147703413   10836.325921203847   1         1.1240114711035505
6930.030808027312    2216.5422197047014   1         0.14820577275848493
-5109.924848231299   -4027.326956756256   1         26.969373901146742
7815.453717070591    1410.2726157177965   1         0.8863343735701966
-19476.577993318486  -17204.39241549927   1         0.5307320893224678
-1789.2979478565865  1641.2173904652716   1         0.36741763673199856
4560.373296799706    6124.395688379931    1         0.6781267740967211
3129.629299701896    3986.3196964548447   1         0.6084363977565391
6962.151156538516    4529.029518603881    1         34.36583264400658
-2942.431911351973   -1588.0903801192528  1         0.13110159030532448
10609.379258906998   -2183.743245946691   1         12.449543828337337
5138.193956976508    -2066.714677029965   1         0.6739051233867616
5844.462655279723    -4771.853784199247   1         0.5005213277030335
