trucks_count 5
drones_count 5
customers 68
depot 0.0 0.0
Coordinate X         Coordinate Y         Dronable Demand
4195.018468841263    677.1997905872653    1         0.26552124538077043
-8597.977326886885   -8946.174640552057   1         0.8175112051987554
-9835.65129042443    -536.4643114619008   1         4.302004422915628
2095.4758715679595   5621.22512867547     1         25.23377371291481
6223.851483603754    7956.874344071359    1         22.348300675177025
440.6647412139753    -2284.3458425084136  1         0.9053232660785981
5448.719703767512    -9346.47771750303    1         1.0094264956764565
2582.189689487059    -2491.278509122264   1         1.1068824577957752
8729.665021392639    4739.425212461793    1         0.34480490286793347
2557.2838485195807   -5166.86649916324    1         0.12718832612251152
-5403.570268973676   -930.2688897048104   1         0.14810225081692024
5025.480532620193    2037.8631549514557   1         0.7480166317907146
-101.56393741436293  -1791.3210257194678  1         0.6068899083322633
-7009.048744016774   -5655.540332711136   1         0.31142737605412496
-9573.100536472099   4707.642788009111    1         0.5611121906091964
-9689.956017299035   -10420.725962896498  1         0.9821809370844831
-10476.28312925998   2669.0443627904947   1         0.3116789865422326
-6393.893687341668   -1553.7421453682916  1         8.036458731940687
-3578.9093862013815  9459.928133646103    1         0.525070888687341
-7938.467445250155   -3867.209569772848   1         0.24597294839679548
5599.533571609783    301.4806613409534    1         0.2815077509350739
1630.7378376964834   8131.5055574069465   1         1.0376532928968163
2592.7734533410976   -4641.44265325907    1         0.37409322617015817
8369.080291025915    -439.87264676790346  1         0.9573676235383093
3492.533643538771    -2555.4439031774345  1         40.36153324703106
-9424.919830726918   -181.6859496175704   1         1.105364490286008
1409.4669310154352   -1370.500776070086   1         0.32387222869287996
-1451.1238041165122  -6379.971254025065   1         1.099814837451202
1596.8464310427114   655.8935067099042    1         0.9435022748380565
-4553.31819869191    -8475.521059379827   1         1.240489371983206
2694.639178606331    1888.059745894683    1         1.2457605419366478
9916.379370538407    -3184.977298678951   1         1.035245400461134
-4560.374638710063   6303.0775338375      1         0.15338889416677873
4236.772354248429    6634.197008436225    1         0.6134210038701511
-2532.947447180957   9997.894430480386    1         36.85745022519116
3963.579701805444    2290.5968936885506   1         0.9579153290498733
480.2919631196       9045.734170157528    1         0.9187125331654669
-5304.156792982166   -9063.25390061587    1         45.29227133009556
8646.74155159052     -2310.3927541545772  1         0.1632819609271455
-4680.7337427274815  6388.63035681781     1         0.3656697010762945
9162.372072186527    -4119.892383701554   1         0.9205215650311344
9217.50542829144     1435.8569110451444   1         44.934334699737065
-6490.104948061726   7491.346579275659    1         1.2097567781989158
4220.236431669332    1718.6893355638997   1         0.1634710029456878
-8805.307330058273   1222.8233771871778   1         0.40275370386080067
1073.6744063905687   1846.0384098336442   1         0.15864599397867876
9437.24458117212     -3449.801644548364   1         0.94776636551133
8486.274207780934    1513.967692618729    1         0.8480498232728442
-3504.661712500515   8616.285141420112    1         30.025327135489697
304.1820747267559    -6974.6670042954565  1         1.2258098473859345
-8062.162727269951   -5739.820141822491   1         37.50255438027722
-8558.614710290381   -5899.536313796304   1         25.867142791800035
6633.477066326313    -2104.071896898786   1         0.17234215365344563
3597.1017889372347   6465.70917747583     1         0.9434042965362673
2772.964227780752    -1032.0899462765608  1         0.4992963637115798
4391.4551451036405   -2956.171902268473   1         0.7056761802472524
-6298.013520158334   -5640.115604760188   1         0.7165723911350259
6918.383210224633    7507.027493152254    1         0.42380150197766586
-0.23787382165465934 -4436.830351013496   1         0.4281704885006087
-7124.085046087975   5094.412220549418    1         1.2438355322598293
6703.752045413637    -5337.906395168036   1         20.755980432446123
-2715.122029590622   -10233.640255754859  1         1.2105115608064139
3625.747680737368    -1498.383770907746   1         0.34648709601506145
-3059.7879195921346  2562.8998918709763   1         0.6005667723213316
-10572.263435232167  1625.217947198854    1         0.6042204111037731
-9191.852693650862   2930.2727917203065   1         0.7341113088858253
1449.948026596656    -1612.443362957393   1         17.268236309671355
9027.163225572527    4758.4339850128      1         1.0648393507167395
