trucks_count 3
drones_count 5
customers 64
depot 0.0 0.0
Coordinate X         Coordinate Y         Dronable Demand
-10458.362674720902  -1734.1803721956837  1         0.7856226531769174
7244.967818261515    4518.111481266859    1         0.22141467119440722
9715.328425550768    7128.943348019733    1         16.06771913345569
-6591.620071832914   -7496.913641728177   1         0.7554913371322672
9171.631546996095    -5541.464861501385   1         5.022014152740555
4966.2045277842635   -5289.475978096527   1         1.0428915856707184
2068.9200535554614   -1246.3421968293044  1         0.1993633961395506
-3516.652250384769   -9642.338663888246   1         0.11253490890716288
-10746.555761242524  1569.2770429581687   1         0.1683332945876906
-5915.075196115398   -551.0167328273848   1         0.31989375355416577
1769.821514539659    5463.435546219316    1         0.1613943112103172
-1145.3657459849946  4369.265926599104    1         0.2812873392932802
3459.356777904279    -3767.0263040372492  1         0.3785872397597798
-4887.405408733611   156.62662634024664   1         1.2021626320335044
2873.4878967835903   3081.779456151955    1         0.8927576699757126
9094.178576144399    -4331.90795814259    1         0.4696693685086868
5304.660301997042    -9131.564108635088   1         45.98368087984546
2238.047306663633    -2468.6325459658583  1         23.55123053253086
-7986.326864517778   5076.266574245317    1         0.44154279781901007
1707.024544114358    7458.63248182352     1         0.5815940711593983
-7739.239643516906   -298.980678932164    1         0.8416851973403623
621.2297440604859    -2249.8534690629567  1         0.3877376126360925
-2125.085910764111   8784.43722851383     1         0.5144379987161367
784.613434783219     5432.431356229083    1         0.740616722386731
4652.906038429603    -715.1482673217124   1         6.041892445795686
-6502.5103507446065  -4712.103310064804   1         0.9508610885302586
2750.272072567416    2501.39485464077     1         8.642616145162178
10551.84442961029    -2583.5346645265618  1         0.3621536518146329
2019.2327024597623   -3264.0100554451833  1         0.8629971415597933
-10145.914544058704  -574.049929122959    1         0.8298789453726237
3330.4493072840814   6396.074982572656    1         1.1790773861343355
-9266.738604825037   -5238.139365884342   1         1.0906757369410618
2073.744250973412    -2954.249713259387   1         0.7142704348920917
-10346.58536684132   -583.0459546709044   1         0.8150900917899022
5791.817367661227    -8103.979550196861   1         0.19300744854921748
6330.137954233304    1181.8413330277601   1         0.27481666710587715
-5803.025751961246   -5975.197366500752   1         0.8089995132106144
2189.82325052726     -7936.918414945679   1         18.261498805303212
8241.272629055366    -1006.4873117679714  1         0.40342680671146336
-5407.192591826024   -4949.585999096966   1         0.47135716685077356
-237.2998804036337   -8961.850145473862   1         1.1265092797393388
-5018.449640203034   -8064.882478713056   1         0.8893551247281505
-474.22062185958555  8889.53941905957     1         0.6235649156177674
5535.918471537711    7963.037210018326    1         1.1706391686157374
7080.576844561461    2701.6297382204903   1         0.12748925891119905
4254.15336438612     -10250.761437200752  1         7.444822394566813
2564.692038369121    959.5664204877346    1         0.38030380055665025
6398.5380078359085   5475.222795973413    1         0.13861614493367425
-6719.27383639259    -8397.3182213315     1         1.0671979008309178
3001.0803040428445   7458.573852401557    1         0.6268623373436485
-1151.3232616517969  5402.531572424794    1         0.9733716029907147
10919.488240248673   8902.886681809297    1         6.7625452430442445
3448.59626445572     1832.5414724405643   1         0.3967441389836064
-9422.10675394818    -4808.921400729031   1         38.053649903894005
-1702.1553016487323  4161.922638807535    1         0.4295731813378084
-3419.07605828789    -2138.9628067963113  1         38.47367163308478
-11666.333031226835  1069.1974320836252   1         21.579990291948015
10024.441976545795   3353.8138715558466   1         0.8667918940454239
-7236.67078646717    -6362.443694089038   1         0.11856232613675764
-7802.186002919429   3469.7054855172537   1         1.0655561060157848
-9821.356821150483   1859.459956356331    1         0.5514252390153443
1446.5475504722679   -7876.551905122075   1         0.8061281080394932
7151.042599546178    6222.94378944051     1         0.3719377525838433
1579.3415746721546   1892.860690245878    1         0.40335899943195197
