trucks_count 3
drones_count 3
customers 52
depot 0.0 0.0
Coordinate X         Coordinate Y         Dronable Demand
1317.8329746013014   -2155.6549514529866  1         1.096394872178428
4735.094354102752    4044.464298521725    1         0.25763665655476053
3598.2145626840793   1816.8939099174454   1         21.75668205178258
-4536.435889702761   2896.524745794117    1         0.380394855438716
1943.8103915589468   1273.0496896314528   1         0.2250275201046423
-2651.8862756801836  -4227.888941379896   1         0.2660450674311109
275.9851463614586    2602.576082535967    1         0.9933156309668558
1794.9838558636538   3688.856700648157    1         0.40059272798505785
4638.78285405162     2047.1656088959028   1         0.7289210800479841
2060.258168158854    1788.517420217379    1         0.8247715981694843
-397.9411526537515   -870.4515021668194   1         0.25397086700589466
-59.6391265974133    -2846.076395512514   1         21.71060018846953
-1247.4657127945018  414.9138734674781    1         48.77532475271042
1120.5533821956049   2733.051869318655    1         36.089535321976314
-983.3892613498613   -4309.457895549923   1         0.44058837403732676
-3703.433519628864   -1668.3663777577735  1         0.6042141594338746
-3809.197806468528   2392.1881050831025   1         0.3458641128210036
2209.9695748965673   -393.22960636966724  1         25.310510632322195
3113.3668804962854   -1516.8584813619414  1         1.2054443807811257
-4791.679092956642   -131.6567130481379   1         1.1369896894721867
-3061.0378383498487  1751.3752244225695   1         42.34992822661788
570.2337887134024    -1900.2529730371498  1         0.7688088555695533
2063.177815890497    816.6150460524977    1         0.7316195515716072
388.56011092506196   592.6441051439779    1         0.9931726618465917
-2281.697490599152   -1601.0788780508874  1         0.33989306623547694
4719.176390189386    -88.30622058965855   1         1.0764170157618147
2666.6474804748473   3971.915328612183    1         0.37594277623479766
-3219.725783715893   -3974.651854769294   1         0.10726503358469269
-888.2092880314882   3723.243212204122    1         0.785955847334108
-3133.4303804147166  2605.138206403712    1         0.551081104310111
4021.4136673903668   -3184.7669682909545  1         0.5779179888953969
129.50666929373827   4398.038162445883    1         1.229878531186579
1150.9509406497577   86.8023813747476     1         0.8910133535086514
-1279.6236229318756  2209.3985767913928   1         2.892248926666894
-2301.476362989242   1083.8966188212305   1         0.6931195568787853
1835.846173913585    -3142.7761737623773  1         0.5557186998816391
553.849671831391     -2630.6740037711447  1         0.14297722305528884
-4942.153479582429   -392.30714729459964  1         0.9841659405120122
1284.385612681912    -2417.087989761112   1         0.7432698898708144
-2659.8742530351265  1202.7173963594287   1         3.198583636934125
2025.0646798972425   451.88961674167797   1         0.41333482422488155
-3508.690223971407   -1748.065321028258   1         0.13259806916898892
-4278.10444699767    1117.316036803484    1         0.8628290281914465
1381.0405468069941   -4975.704450762446   1         0.6603455055825448
2458.4856038692897   -3247.544707337547   1         26.902018058531596
-492.33260609791523  946.5470259517169    1         1.1124351221369078
-169.41206479269658  4003.889098337044    1         15.897742735237893
-2471.3673463791743  -1831.5456659724036  1         0.5155901508836994
-216.1153359150845   -721.6694551106265   1         37.25609452282564
-2396.3515722426414  -1629.5757154487922  1         5.608725222065685
1698.6416224577881   4893.6881938552915   1         25.061538437924877
3245.1015915467306   -2906.0058717295356  1         1.18199947001572
