trucks_count 3
drones_count 2
customers 20
depot 0.0 0.0
Coordinate X         Coordinate Y         Dronable Demand
1663.0186651756792   -4855.924834638451   1         1.020961505818435
-5771.310454032597   3023.730146917909    1         0.3320059902523885
-965.4552853816949   -3518.4488066566255  1         0.6962978573616635
3547.2568583383163   -5849.489695405329   1         0.3018260833897977
5945.66182355021     -4610.084282202962   1         33.90974227396324
-68.52783319302958   2684.991367029076    1         0.2377640134864178
-5386.813856399365   -420.08888899220045  1         17.365308958683983
-90.04010263747406   889.2736414038874    1         0.23070842182763043
5919.259838033202    4421.54024334751     1         45.47001577061875
455.87375529188193   -5504.788232734279   1         3.226733729765643
5320.85840670038     -1763.4040312584316  1         0.4853832240435655
3512.2263087146544   2208.7338677680077   1         0.12780337983460838
-1739.3028021032978  -2029.2454633105372  1         12.426806547630934
3257.2330097713843   4848.355211084388    1         0.29312209297813474
1569.9474838744293   -1696.027139093668   1         0.3760584577258449
3741.0789385138346   -5418.972021070597   1         0.21186999649647303
-4849.743908333941   -3858.732578896125   1         15.742146252528988
-716.6655603608442   3353.103654468514    1         0.2021934061028638
-4987.21689330387    -3262.1696405746484  1         1.1688498494729114
1080.3761296825464   -3875.2093065062318  1         39.67758034401589
