trucks_count 5
drones_count 4
customers 84
depot 0.0 0.0
Coordinate X         Coordinate Y         Dronable Demand
-100.61275756559567  813.4943567828864    1         0.8303070641762381
-921.6259352450525   -9008.790206303467   1         0.30739390700930724
868.4898907319819    9945.396049612475    1         0.36038086106007416
-6438.532467706707   -8652.260409130144   1         0.2639245981697106
3582.1846805555774   -892.6328087353486   1         0.5509779363746132
3249.837760877519    2813.312098383267    1         0.45740689302648985
-7398.584144645502   -3684.6370257774156  1         1.066257070626878
-10366.97101300518   -2462.0253512698537  1         0.6568754085242351
-4017.7740396590166  -6663.555867347592   1         0.9448904618911943
-1067.4100475790092  -360.5737241604238   1         0.3755253371517201
-5826.19328572128    -987.7606807837321   1         43.98954976726027
4898.100968429336    -5623.002781772834   1         0.7259748849833109
-2335.2895358768856  -9775.312138264917   1         35.31294996573136
312.8110409570963    -7982.869934249305   1         0.48575381741023915
-4743.100264429293   9226.1750558467      1         6.431786329009042
-7039.196587958197   -6159.731818545169   1         8.129471227848292
8151.061894032244    7002.074853479753    1         1.2330766569150198
2619.62472705576     -8932.510834925362   1         0.4852619749611732
531.2583552075885    -4606.944683339521   1         0.6456726822812053
3842.8088398669643   -1373.9095404434806  1         1.1044775067840849
-2742.8018782545532  -383.52269556174656  1         0.6805750055940392
153.290170171398     7134.331583807433    1         15.76607101491785
7408.489725377332    -3658.49309197519    1         1.176272371727466
-8842.186090542578   -4094.7150821612595  1         0.7677736064874471
-7838.690396316102   3853.2316499467724   1         0.1284129892819717
4393.3142815252295   -3322.441356414539   1         0.6407892479294018
-5591.481234841827   1954.053213146919    1         0.5715954289519941
-1709.1195366690965  6607.380080177558    1         0.8405266646488851
-4202.5439799282085  -1778.5640525576773  1         6.866460901390645
162.48764822157906   -5539.800819075578   1         1.1105162134567454
-12447.002642634523  -7359.1687374469     1         0.5887173288507646
2290.6065744800685   -1930.5877479231387  1         0.18226788222550155
1944.961218703129    975.3593715657207    1         1.1662539587544773
7518.670627525001    1833.9722485402415   1         0.9035753802167953
-1830.3455150895134  6067.1744278340875   1         0.1388708889896421
-1462.895050127713   -5087.031661906275   1         43.927423431667734
-2337.4920244457476  7381.291857571997    1         35.80620512015397
-504.25382827687696  3877.820967048769    1         0.7724300906665734
6724.263426872636    -3312.2032582268876  1         0.4563910283446577
254.24926134718368   -7341.544295795576   1         0.6340419411299105
-7631.79495669522    4317.7342336462525   1         0.395979253842873
2474.771133093248    -8742.087038879057   1         0.22407967792972253
-7481.596291295132   -3026.1783015477286  1         20.97851004197991
3540.031339245876    6989.0363566356      1         0.17099119808577687
-2139.6321431842366  717.2307135814594    1         0.6012167334657309
259.07412081624256   8423.99902379851     1         0.9592304373804659
1247.8708193078928   -9855.020833744627   1         47.05886271167246
-3794.9535681285197  -7639.883360100902   1         1.1140053379870294
-8293.983217885241   -7868.8414676035545  1         0.7784532106627868
-10107.164883729602  3761.91073763534     1         13.555334820010897
-6382.034345064702   -4555.879983268476   1         1.1667029906628814
-4323.921462422947   -239.64942614194592  1         0.4348531325298052
45.6296818507661     9563.72521446318     1         0.12571592240755997
-434.616499001185    -863.3540035408984   1         0.44071427468430713
-2090.910136151535   -9724.754397750412   1         4.9283366220025275
-5423.12416038708    -6009.994264424629   1         0.4710831645898089
-4919.245915723359   -6976.126892285299   1         48.814090484029514
-4147.420063940282   -1458.2820728353868  1         0.742803423290634
-5423.243416283029   5483.305734772195    1         0.2883906531047371
-5878.26623032366    8708.190359115888    1         28.20459182150225
1497.9841830184369   9784.430634520088    1         0.949630650653443
-787.3982327926323   -6616.247525127935   1         36.29349294921068
946.7158474014178    8772.067926162339    1         0.9629831043533912
-917.1827230731178   -10254.785600032024  1         0.5080314596134007
-9720.058921980439   9970.795241267107    1         0.27760888563575675
-325.06494128601565  4013.592445680413    1         0.22827924490669282
-1800.5277226198848  9343.310997048338    1         0.44188841849563776
3460.9823968090036   5427.982760866813    1         0.4888570463378007
-242.17870702244645  1915.3310482548397   1         9.857258623257257
-2690.323735215985   -3040.0491239987387  1         0.2214041167153521
-409.287714983402    5375.031159988825    1         0.5269519751226598
-10883.118004619038  6061.157437166708    1         1.072462132055147
7409.231183731538    6581.375113399492    1         0.8063808985924541
7169.205660642899    -6527.62642879863    1         0.7891388363850544
-773.180104362077    9192.162011855753    1         5.08154456257126
8353.100930047294    1175.924106550954    1         1.1909297947300965
-6196.039574062462   -11459.462183472036  1         0.9269181718055037
3632.823000769907    -9953.636305977469   1         22.253173807493898
-613.9950914546373   2574.8851978778703   1         37.930675312030665
5316.944335113217    713.358706400447     1         0.7375581869087915
-4555.124923651652   2281.5467639815683   1         0.5950770127620145
-7482.74415749818    3909.9726019879513   1         1.1616121857088413
-7076.562562345321   1033.9472558649957   1         0.45965459879244197
-7021.954157953807   6757.484327746946    1         0.9385837032371512
