trucks_count 5
drones_count 4
customers 51
depot 0.0 0.0
Coordinate X         Coordinate Y         Dronable Demand
732.6302491088419    -6222.5036811943     1         0.9111704946852818
3852.941019630661    6347.423027138231    1         0.7468395519763743
3657.358818835526    6310.863387907592    1         0.4344877247407938
4937.3788758433275   -69.07882263468127   1         0.901732420611357
5320.7546864117285   3500.88036395964     1         0.35453342432351365
-4123.708974302076   664.5369282955107    1         1.1167758694720304
-3383.3407885547085  -8274.679048836706   1         24.50672195796374
3694.754135744268    -448.28228654133     1         0.6522697150720181
-4354.670979263963   -7103.106449735079   1         34.94218893653522
2568.7576745562583   2762.6071025608835   1         1.1646325235157404
395.22705596578635   -8278.369495139159   1         0.2881582904498767
7526.4043003154175   -3647.613054786411   1         0.6374382614347976
5595.87570373757     2715.7877631553665   1         0.6020419975546267
3469.7140163829154   743.386123756905     1         0.4867531611794689
-2939.4859215740826  6161.441955998764    1         1.198057238027168
-7343.235878364828   3454.0014180751173   1         0.7597918743390435
224.36716402342427   -4809.703642312247   1         0.4774003248137616
-5499.231179969166   -3743.611964368342   1         21.3622560750026
-3562.5667403610482  7650.971111037202    1         1.14065554672794
-7363.153143562678   -7046.961312080285   1         0.4897256032370688
-6947.878368476948   -1750.9525483343423  1         14.571282863829378
7303.051149220181    -4511.250549908145   1         0.775109377749419
-3419.800381132934   2431.0617783632924   1         1.0387168727895404
-1988.5107312506263  5076.032332139075    1         0.4381723864069905
-1780.499130360598   5029.026707081872    1         23.621520167886697
-6430.577263328341   -6095.298188293199   1         1.0472338921370712
-1977.3458100903854  4284.453886900506    1         0.27744859720862386
3323.172763538469    822.6381072897365    1         0.9177001941166923
7994.804439816814    6646.974336501713    1         0.4158641592848511
-4507.338165321562   -7670.037907659045   1         0.2797378330603414
3547.7562863588596   4137.232879538784    1         0.7447619784186784
-8298.452347698667   1255.7793619052752   1         3.354199610738693
-8205.567077621692   2341.769267282395    1         0.958358501666275
3387.878696522593    7115.082414996042    1         0.147569306814332
2725.5475291674124   2414.8959699327056   1         0.10170720631097033
-2046.3219632932742  8073.623659916201    1         0.32074817430687713
-2578.7761752466454  7416.391536085963    1         1.213966088258213
4881.53773686739     4739.809352945797    1         0.7423319973295455
7370.256461754024    -4354.264542215736   1         19.886791964496823
2207.918435362914    -4391.438644738764   1         0.4966352285985878
-6679.732954966886   6343.024320930637    1         0.2304958234755005
-3935.120585685456   5124.921919249929    1         0.6939934961279408
2628.1995588122427   -4444.8535850827475  1         0.21502628319342038
-7088.4015096198455  -4767.948809766797   1         24.53858236359641
2156.092784825282    -5766.59016840841    1         0.9878610611399173
2415.8255450257993   7998.108931552431    1         0.6436292624478863
-3781.2392188359427  -4992.888160794781   1         0.6241347294359944
-1697.9740800558172  -6687.648534514614   1         1.2089129865718367
6589.20203768272     -7998.151940952132   1         43.74822837063089
-1.8256750193931035  -3225.730668780005   1         10.231876835178062
-4148.786646515713   2357.246952024963    1         2.9749502814640385
