trucks_count 6
drones_count 6
customers 88
depot 0.0 0.0
Coordinate X         Coordinate Y         Dronable Demand
1143.805972006677    4132.784225086804    1         0.25155303900967074
-4207.369817708287   -2651.0971837085685  1         0.5132118169694678
-792.7271322862114   3921.5550262419047   1         0.13862027451518025
4385.420016106697    4193.1743402863585   1         0.39181217346279473
-3288.979126071835   523.3638950945975    1         31.88354764724906
844.1560690273003    -633.236122222836    1         7.449720440590658
-1308.9685331955518  5618.335183430103    1         0.9236748511281379
-503.38930412917125  -3446.554613285938   1         1.0155917274362443
-3110.7140867555495  1497.5363315410493   1         47.47845239042387
3368.846216514767    5909.465066101755    1         0.34016045907978126
482.0417016988609    3999.7778008168543   1         0.8910244231778911
3624.4917578982236   69.18539609524645    1         0.9241229490542818
1122.734671638872    -1074.9921882930926  1         1.1524252991676414
-3785.1157495979546  3190.7230273636624   1         0.1606724538593301
-1939.1199163100737  -238.96148631522468  1         0.3837721599851385
1707.9543026449255   873.6976601603446    1         12.952088426326098
-344.8802596538611   -3264.0691679249153  1         0.9813309789248489
-1486.362168813992   -2380.488166440073   1         0.9459086484924393
2262.257401961412    -1328.307408690289   1         0.9893733858813847
4459.706010335297    -3085.8015023407866  1         0.9140547548646338
4153.261987999558    1082.753231244163    1         0.9358626738321588
2057.077779150879    1627.359466276328    1         0.965478878259239
-4850.011540820361   3783.8755028115215   1         0.7478302534049961
-233.3052741537623   -486.9855324263863   1         0.3753661259973261
3239.429063450576    -2945.0299274751897  1         35.96063216634739
-5065.000452384053   -4013.6965634825738  1         0.12084783469553333
237.44423339249047   -5180.454722172488   1         0.8856395306429619
-5179.727346074928   150.80221940935417   1         2.267351832989543
331.3064696885975    2777.0504296180616   1         0.15985499724051425
689.1590321447293    -3664.3093094619126  1         31.27670732371052
-715.2491281447154   1521.8087171927282   1         37.761419239007296
-5701.28663645155    559.2533198549966    1         0.7489739836698632
4047.763732155051    -5490.8953220138965  1         0.10814227504943241
1188.7258483385524   -1361.8353472490628  1         0.35622568082050343
3639.4977503594873   5618.846191175413    1         48.672379354753026
-5079.207952221886   4471.582684458719    1         1.1164167594788534
-5739.694263571771   157.40550219702882   1         0.8133658741884423
-2759.248448797251   1007.2298762023856   1         0.5246087536043114
1395.6503533024497   189.21921653200775   1         0.5849440536962872
5249.0429208307      -3241.4129351688184  1         0.8295262495668441
4120.559128161708    -3097.6866074257614  1         1.1159430519954256
6072.186499855523    -3297.0797837809473  1         23.74187617625103
1750.9401131514805   -5404.585246655064   1         0.6436056562766186
3503.639549897639    -5883.475114359179   1         0.5057299168061801
-355.96561433221973  -1748.638543015434   1         1.05915707856874
-2732.572174677815   -3302.5416827142276  1         0.6959014385043895
5733.410424817853    -2993.406848743311   1         45.87149272522095
4788.484736641206    5342.353975683222    1         0.5019063131590632
1690.9854828811383   2785.329792339575    1         0.8509704147013976
-812.9878512336682   -2740.1019977215374  1         1.0171547549877447
5312.7429901972355   -3429.169485305454   1         0.4477395039374593
-4711.453751417754   267.22893035835205   1         0.7076190311814636
190.2817365913398    -1678.6755842782309  1         0.47733603678531944
-4205.121256018988   -1539.6518013734178  1         1.1462325249030638
-4223.862551822448   3481.9253629616005   1         0.6859115537948459
-22.143984359033503  2671.4957617702407   1         1.2318239376543005
-3097.8145301731092  -2458.700531547041   1         0.5052826712919449
5333.032888652265    820.8373501109334    1         0.4148016756934225
-3855.82877111517    -5785.685204192508   1         1.1667906535098156
5073.747648660312    -2864.822925089132   1         2.7664219174266065
4396.970284977047    -2334.617327114037   1         1.0891329630380022
-3795.3135465749892  -452.15490713644795  1         0.5531501242659516
1892.257113128997    -4995.495146962596   1         0.8726763618885631
3051.9020216270546   2589.714609742863    1         1.068929097835989
-3421.8120272763413  -1281.8579981803844  1         0.43765391368461315
6050.139598961053    -1812.8455832851203  1         0.34140837294536996
-1385.7585057887495  -4013.6487778108417  1         1.0285704209400806
2880.534921434877    3920.1880205164616   1         0.3722413140803079
-3027.0279298980136  2795.2907976716865   1         0.34323835542099623
4049.095896040657    4623.849125498725    1         1.0415347964161348
4724.057630512197    -3462.930860388115   1         0.8182344824360256
-1757.7972822536667  -346.36312068452406  1         29.832587852959357
3565.643041582766    2836.000346393347    1         0.47230706843699477
5225.06166261771     -3936.909915750984   1         0.9004068904599751
-4268.25576107365    -1439.1977806079203  1         3.7456259243825594
1946.690826332026    -4323.558590797434   1         0.3618332991331693
-3755.771514266653   -5027.434252579247   1         1.0308969632413134
2780.555454351317    2925.2997017630187   1         0.6008636891820484
401.4263383464145    -692.6773905671952   1         0.9905118153958372
4197.396971361954    -4193.3732956380645  1         44.103578234466916
-3952.364129156242   -3517.349177072707   1         0.9474134323422827
5924.129456864556    -4539.855474228265   1         0.16143554597135112
-3127.01583161432    -141.0328848770397   1         1.2109372617444445
-3903.464240980963   4503.390128383907    1         0.32970418633961146
5377.816726673811    1597.3966288947065   1         5.705588079047484
1088.822744678709    -3067.7343595276716  1         23.565210470919684
50.85199428663193    -1492.3531156110196  1         0.5895185516582986
5162.30414003186     -4079.4671902565715  1         28.12134324082534
