trucks_count 5
drones_count 5
customers 78
depot 0.0 0.0
Coordinate X         Coordinate Y         Dronable Demand
-10276.041904600661  -1493.850832093726   1         0.5518626561288154
5170.191334917952    5131.554671799742    1         0.18875776811390296
-11402.963091875576  12458.408646177635   1         31.04045825356233
1643.0397651425246   7593.625723277011    1         0.6478051209771043
1766.1987605249958   3315.776896740123    1         0.8873027163131865
4211.633846287699    9013.919451104899    1         28.31365307242816
-7267.928905808064   2969.7557639067336   1         1.1620677779948803
7128.319178342081    6770.55114501268     1         0.8275236239122417
8285.557168004401    -2483.3543778118874  1         0.3817073916202728
-204.9557628246912   11744.479814111433   1         16.93888844919603
1987.096631902929    -2589.773013037046   1         0.12414119337951768
2139.4333143392378   329.93434303678447   1         31.80258004612232
1579.4102736953755   533.0907684673039    1         0.21095910962285142
1582.6377017843647   8821.711309130154    1         0.8804537364017142
4277.5952549120875   8666.316677247129    1         0.2757331088802648
-51.71925535913234   -3783.72099049031    1         3.8601438434583466
3044.0185147998723   2205.053241019544    1         0.6858818956278804
2524.564194334419    -6899.693390507162   1         1.1059858471484136
-5040.68742631861    -4259.780056911737   1         0.9008758778732171
6618.774396293435    7523.1684201268345   1         0.8349806778708231
2670.3029672872235   -6997.280910601664   1         0.2336188070279553
3213.9406458278604   -3076.762818644672   1         0.3274592789029701
1045.256640976801    -7576.912575794772   1         0.21442176351524
-4780.967328399102   -4295.027607550447   1         22.92823320271436
2717.0828817037905   -7033.088346307975   1         0.7242556015288267
9265.412501932346    -5087.140260434244   1         0.2755041685963181
-4375.762347330418   -71.16457130774799   1         0.1853066696734966
-5201.413803675369   -365.7074292664447   1         0.8329424970133752
6949.62093746366     -5188.315257680225   1         0.574900442290285
-2832.743185586153   1458.0129713422314   1         0.9387753494340595
-529.3897378971875   -8289.907013633614   1         0.6021602092860152
-5263.81856231501    2015.1581134648711   1         0.9345961111117985
-2623.7705945276225  6770.7178647026685   1         0.884680524733488
3291.456028308807    9566.52483732852     1         0.9981027131429574
4199.554465720627    -9694.295378352459   1         0.5459677040814774
-5413.804443731882   2660.0712328639356   1         41.37091706295375
3864.2018500054733   6585.437303952187    1         0.1701534525898699
1139.3295069934154   -6130.910152589851   1         1.2317391038134589
2350.356493426603    -6632.114213617047   1         1.1735528381728064
-3743.435416512222   9807.375779904556    1         1.2450317122159675
-504.77923684978043  -8761.094707607897   1         1.0580840188602891
2335.677953910516    6039.59711014163     1         1.1147775804089162
-227.30061690926692  -3269.7512852088053  1         0.34141759918795134
-6154.930807420411   5333.688407623798    1         32.10544703003044
-6116.077584711805   7669.848127103532    1         0.8421746312560461
4628.8297008310765   8968.530282013335    1         0.5328290061635497
-1341.105068690078   -7451.496740198912   1         1.1561752138434107
-8122.710769858634   -7561.419964210081   1         7.030415068486519
-3885.3823579228774  3374.8928863996407   1         0.22299253066636188
-1875.25652761375    5273.039630125692    1         18.931609795228677
-9812.940344969524   -3376.1998922232906  1         0.5932291905406197
7298.727308793122    2122.2261965094654   1         33.80208344720382
7676.97065309749     -3709.292773927838   1         31.844835398067122
6578.231663208135    -730.4233153344642   1         23.64855961493658
7123.846895616829    5520.5058076781825   1         1.180378786649399
-6659.041019052997   8351.465248487837    1         0.5683797326391817
-2701.497054564761   -1956.7367400269818  1         0.6076510835382287
3376.047237464103    -12435.208266550884  1         12.119586012758875
-10798.352127205522  4075.8231777940673   1         31.454081666071303
1402.105571679999    8908.368831210175    1         0.6350921966258002
5353.273087797294    11076.590358053018   1         0.4810439546908445
798.8960893186891    -10040.795224168458  1         0.2800577646651202
6424.053493889047    -5302.860688083782   1         0.7612351241077389
6469.67463194787     7363.253148575951    1         0.5590690822491633
3436.3243473825687   3151.500268384843    1         1.007313888852306
-4260.05125577855    -7507.426070392569   1         0.7747825410985618
-4659.167529848886   -595.4512700624546   1         0.9935407406962068
7861.925170147849    5546.101744094736    1         27.30482428326198
2581.3849607775032   -6658.688083908756   1         0.5354162321160221
1359.1892404657463   8008.65834225693     1         1.189895098540072
-6325.260910518565   1257.609819553054    1         1.2477042071503157
-7992.110361477396   -6129.145775744536   1         0.8684657972626081
9885.995842862849    -1115.6660730601764  1         0.36395113929057366
-652.0323553992146   -10190.277843335058  1         0.5229836649392363
-3835.6320027437673  -5740.780013546641   1         1.1309611021483659
4623.237893813183    9185.337450508714    1         0.2323557168839849
7693.963091467569    -828.2239035898183   1         0.5065101322714516
-2672.8126397507017  8096.470956973814    1         0.1217091190511272
