trucks_count 2
drones_count 2
customers 30
depot 0.0 0.0
Coordinate X         Coordinate Y         Dronable Demand
-3570.728391653627   3610.6185281756116   1         48.96890372614522
-4537.033889135902   -4188.768611918258   1         1.0205453777499838
5622.627149990956    -6431.409239601691   1         0.9487722283048081
-8981.318980324824   1471.823422984269    1         1.1426712098429497
476.95475627113206   5384.163314983225    1         19.572655677247567
-163.1745695246595   4627.206239961375    1         0.5673775160710545
-740.0309657683138   -3773.7745858385624  1         0.18049272716683318
6877.771054324806    -2864.554081462782   1         1.1189384170164112
4609.75073872852     -6864.682948052539   1         1.140932234188464
-6837.406953611779   -576.2812274993103   1         0.13519922335769835
2616.4964149335124   2636.9325163947656   1         0.21295366171186988
-8325.611455229811   4187.005635828393    1         1.2013216647546436
1375.3655519297536   5916.067246277503    1         0.959887443697077
3586.6009990008024   3253.912807941196    1         0.26993752018446093
-8359.715540489886   -1030.4100135343747  1         20.233931950091847
4884.393127143031    -8763.046074375554   1         0.2261445628379199
-4787.739066091191   2352.22123600702     1         1.0584186706921508
-5676.941552944541   2900.932370566726    1         30.264564669481736
-4033.7629547979295  2776.3369903740313   1         0.9615542401204643
-10174.175582586577  8289.72669346644     1         40.41221988016946
222.00023539340873   3328.951750377275    1         23.63064602934797
-4847.1202448246095  8142.642659536024    1         0.6180455681033149
3695.440201246582    -8042.866717642181   1         0.4828952013629989
4878.932088172686    -6180.872983309526   1         0.3921073360187246
6195.402867034569    -8116.731420442805   1         0.9325983519349411
6606.953308031166    -4220.737595662971   1         0.2538186575633535
-4567.607587586138   -5837.18772185232    1         1.1304463197390153
3951.4045274259734   -1041.12536080524    1         32.17404461207684
-6544.9749568108755  2875.0301721205124   1         1.1256769941723486
-1204.6738460321014  248.20126730315067   1         0.478730020629217
