trucks_count 6
drones_count 4
customers 84
depot 0.0 0.0
Coordinate X         Coordinate Y         Dronable Demand
1070.3317617559428   1292.878007783121    1         0.6206907091374712
3348.280115823788    -3719.3874772678682  1         1.146858506460612
2557.4045140487133   -3492.2451601604475  1         1.2466181928009263
329.31682177197735   750.7316614585288    1         0.12611576295710894
584.0094653860044    -1856.1050373703565  1         0.6465909652139595
667.5278837490969    -4638.327296384497   1         1.0173823145614052
3161.9934748034766   -5321.876771674102   1         0.4729764614348666
-4014.503421657909   3541.691194274242    1         13.418440043909047
-5293.696470515894   1920.4327665828403   1         0.9855069888988881
-2437.034896071563   2671.6250707363583   1         0.32662786673129374
4415.28220055424     -404.54638382980386  1         10.36978096457882
-3208.314824905669   -1066.8490416868995  1         0.9180363267945937
787.5094408062205    -190.9012164216747   1         0.7822214392558982
-5510.397567561053   -4425.37433892634    1         10.193265993895356
-1767.5347557309542  -5475.57732982817    1         0.9634783290908195
4868.549736542286    1690.9641247973932   1         0.9018869042550147
-3092.456423030314   5335.203710397684    1         0.2591047292276131
2812.2071733462258   -847.3470364262485   1         8.62503238161894
-3325.1960537769764  -204.9287968220592   1         0.605271824156069
-706.1219090330119   3038.4520709482013   1         0.585623517608102
3698.3295930731724   3099.11300578428     1         25.85523619045941
-4284.3583838581935  3846.290896055748    1         8.487659378576684
-3289.759998714179   -179.45734290668042  1         0.2832464066596015
-1157.8421128615523  -5371.338677976217   1         0.3936888713859862
-5082.253802039241   -4863.160259815288   1         0.6665313320578873
-2387.545006150218   3291.286222258201    1         0.1103764544437425
1859.0522351983027   -3778.4666264692755  1         1.0323165765495612
-2179.7352751527756  -166.86492719609916  1         0.22254471475181917
2899.835796770355    1711.4702897796533   1         1.2087473347560858
-1816.740369575441   -1308.795323222766   1         0.8796165141164003
5516.770130200607    -2677.5274564023066  1         0.4248199713125811
2939.4646071692923   -2763.697834524614   1         9.304057740733288
3550.3380683797777   2678.518039343321    1         0.7151646921280567
-4587.120721950063   -1274.7516306601415  1         29.491557110855222
-4218.496232741896   -903.7655555766378   1         0.10675904971864733
3199.4155375941555   4062.9836405093083   1         0.5568579927909382
-2007.1296221529285  -1568.5018393167206  1         0.8791366964960861
1150.7125939388688   494.35239356812235   1         0.152947094527203
4895.90024994917     1238.5210890149501   1         0.13071416102774272
2043.7402740444957   -420.8261476902288   1         0.5450422923328686
-768.1647916668272   4897.083993142291    1         0.49981276882675796
4320.144049556214    -3045.862811909329   1         1.1686002322584066
-4592.13247556525    -4140.371146742126   1         0.7509879754793151
3441.467720979786    -1933.3070081413437  1         1.2162867009795173
883.4353176833387    -5067.0183074849865  1         0.22372947488946915
-1232.0296548270449  -5645.102761976333   1         11.79663185395941
2605.7474912346197   -824.649759354302    1         1.0476755857914688
-1035.552973475065   518.025747285579     1         0.6272422088218268
4205.5417216377255   -3642.644193967597   1         1.248849501810791
-1526.9044861726923  -4048.4786615714606  1         0.687840552939297
50.16610129530455    5442.204958668373    1         1.027272742021267
4699.143471759993    -1668.9951207279064  1         0.18471988772272438
3771.4344678382577   -216.49932454655178  1         0.6886971542872203
-4871.723930357349   -5609.858909261388   1         28.554040809630973
-3778.994047409546   1478.621420726975    1         0.5373376256650839
2258.854489154046    -2994.8009775774817  1         24.150039799931122
3903.0285738375796   -4299.749958180234   1         0.10302448829044057
-5548.301133784165   -2266.0368025379807  1         12.424840187321294
-3789.9360984888986  4172.439772424205    1         0.49146578950730513
466.43262303636027   -459.7293980599212   1         1.0614520059719201
-2131.12133944705    3510.6571843916927   1         0.17707777450233572
-1279.535791170281   616.8650919382042    1         1.01967546136316
-698.3267465428298   -4025.218479707962   1         0.4782639429247225
5585.332850579531    -2929.1305682711027  1         0.19825985385154965
5132.497074034394    -4860.38079684357    1         0.261385910912737
5471.941227454203    5040.690262907995    1         0.5369714280320117
-4196.502271713493   -3359.0235648178214  1         38.69056339200515
3880.1925582010253   -1364.484156141234   1         1.1258476990587294
605.3260820367674    -327.5033645062459   1         41.47994713927154
1484.4498997807823   2929.5355809111725   1         1.1185137896888941
-4002.902339304494   -2609.7936852742437  1         0.7640303195518511
5230.387165368852    -826.4812153982612   1         0.7390439020946843
-2094.9909167318065  1731.2478788288618   1         23.246693141347965
4487.389396459392    4129.592719621397    1         1.1757095713921584
-5478.832768014295   -4168.615620605661   1         48.88349318605428
-3049.4766866827113  2583.3085423504735   1         1.1587555703585284
-1920.826535450784   -3729.31698218158    1         0.45059729163287054
-4611.667320650471   4073.516254327368    1         0.9959628232677797
-3040.496837749949   -2217.3878704481444  1         37.80677099816043
956.8865719145477    -1459.3427527361637  1         0.44342836575562383
3309.2398713731905   -3913.6808307054835  1         0.6455586945993229
-181.46534564356094  4608.105204801904    1         20.37267872937454
165.12844319462874   -1584.5049106669003  1         0.8123975426990273
-5462.463491879691   -4917.932074326697   1         14.383080159937764
