trucks_count 4
drones_count 4
customers 52
depot 0.0 0.0
Coordinate X         Coordinate Y         Dronable Demand
-6299.59186873908    4911.066767565654    1         18.67623088764901
5614.377311239061    -7332.604933347035   1         0.7329685001658539
2052.3047155225313   2503.9036843457134   1         0.8299971180980424
5137.31258916581     -7472.225623629156   1         47.71734259857819
1946.8126625548698   -1073.101638066364   1         0.4121672532991171
-7116.787817120198   -533.3968067348973   1         0.3648745453949743
-2197.896605597245   6192.532895285497    1         0.3818133763888971
972.0663756166987    1703.4124276112116   1         0.13606755077155908
-5147.855060722003   -1982.4133659981835  1         0.32470634471841503
5227.024943127433    956.668317816938     1         0.9015828277425092
2249.1853660517745   -1976.7216245428217  1         0.6838301778574479
4572.439173261654    -1098.9428184390567  1         0.665732800900705
3770.842145946279    -6284.67003992045    1         0.47739805725819273
-5466.885738357283   1818.6061446114336   1         0.5583357777509966
-6678.271099578262   -1563.6056188441075  1         1.2488420486291838
417.6729075937448    2451.3704731999937   1         0.8723571997553946
-6893.644603003739   4861.647004035466    1         0.8306266419129114
1022.1653204015993   -7000.69847320897    1         0.3192210507594252
-67.31733510155735   -6959.733139918927   1         1.173956474727831
-5654.025239565551   4250.105430786079    1         46.961057415886884
-275.66553475463024  6727.793380775684    1         0.4596386626854343
-1990.3410934454264  -217.56660721828476  1         0.7162814726642432
4734.452607793042    -2166.7930221211254  1         1.0073640238393016
-3798.1371436017102  -7579.153600202252   1         21.31567124074474
2832.562858202905    -2482.124942924778   1         1.1143874206767432
-1265.45433266814    2560.4706124643467   1         0.45800327578064415
-1517.4347441702848  3027.207058957355    1         41.757710721740786
-4558.219037637521   3628.2049791481254   1         0.10194199011001345
-7146.624588645879   6351.559809540429    1         0.7608141238690743
-6505.898732926524   -7369.622992878255   1         1.1443356824199629
408.1422532097622    -3005.3455199206555  1         1.2107882805768346
2184.5798346270794   7658.103084255647    1         0.7847176959126698
2254.7813074810547   -2371.3365419587444  1         1.1377519964676763
-7188.051271163266   362.2133105894586    1         0.17177381804465455
-2054.325110999396   7375.801977393824    1         0.926924915288217
-5044.1933971536255  -1227.042278062152   1         0.13162790990424386
2876.8838622072312   -2068.266077630269   1         8.743486018322743
2856.3001726356656   7108.927507916333    1         0.5231706299882498
-1904.9326059353266  4122.190286977123    1         0.7830676008487018
718.6676997649815    -3015.220856610673   1         1.1822716124091945
7189.327652512516    -3165.9604875206232  1         22.085827460663182
-4443.399629974329   7080.622397604312    1         0.8882850562982517
4807.999761969483    -6473.4503072566     1         48.739068534092475
7438.510755099568    7400.211024460438    1         1.2145632598675427
-4751.543257647203   -4976.685463289575   1         31.077826050966873
3191.36636737995     -322.030859204636    1         0.27209825927919057
3202.4824787963944   -7532.977205491385   1         0.48358442248294187
7149.5688948003635   6834.180713038471    1         0.2795683722240709
-3757.4480554600473  7473.744449322548    1         0.6072498098466096
6363.292722413083    -5773.923190525335   1         0.25977407614466175
479.7434942191955    -5586.725782163317   1         0.9004471917555869
-7404.488457706223   132.89743360536582   1         0.24819394216758908
