trucks_count 4
drones_count 3
customers 47
depot 0.0 0.0
Coordinate X         Coordinate Y         Dronable Demand
1469.3851955574785   2164.2383125911037   1         46.377330707435476
3511.9151728014867   -4454.697112391933   1         0.9282065560862216
-5983.246200968788   -6133.257548791214   1         0.413656116771006
-7734.911363930961   -494.94662063968065  1         1.1969801080242386
-6775.730811259675   -1503.1331940845205  1         0.7175280184203064
8057.8485783686065   1943.8196484953396   1         0.11262011985326886
-7777.783357226443   2477.2009698395573   1         0.7866155825930259
-2009.803473876082   -5566.442273794385   1         0.3714347392866686
604.1056730369957    -8139.039040857968   1         0.2292621608005867
-8386.80718344097    -6039.021789330149   1         0.49956203485226114
-7478.629951210126   1369.389038800643    1         0.312819820749474
6985.233302844235    -6338.037138937715   1         0.912376427735122
-7670.383456060449   -5118.790885769068   1         20.593357858282783
-3645.556149108795   5087.010343108564    1         21.16374266350086
3189.582391371084    -3449.1816550924946  1         30.39656949957646
532.640314413924     6428.994664149536    1         0.5893893460195706
2084.265822823502    8732.290381774143    1         0.7127031044927148
-6307.632956538186   -5695.188050771662   1         0.887358871143613
504.39216516109514   -1559.89863754257    1         0.13996423754022008
5608.319998380382    -3212.4589322504935  1         0.6353059053815241
-5253.15424921679    951.0934342044449    1         0.510526288745491
783.072291268846     4625.680138237076    1         16.859957206631854
-3737.1191167726424  5258.060020840154    1         32.13796265574088
-8460.90104212521    -1359.0433612998704  1         0.7270231051085637
-1456.7037382398164  376.571560909482     1         0.8513440230357752
8712.733583597175    4140.922664087462    1         0.8778579993330233
8360.421564375947    2514.0124503892803   1         0.5868293599929804
1209.0142731787203   1102.9578376115635   1         0.7395807499716117
1357.35888085498     2905.6477834753427   1         0.7121476466042682
-8086.12965504148    -3198.660996560019   1         0.853682920740847
3257.694790706132    -3306.387930556415   1         0.30913446447668913
4394.4156575395045   7172.061541151394    1         0.449620966592595
1848.7711709991345   7402.395754104809    1         5.664821522701409
5980.869977138335    477.1063300117519    1         0.3385402001509345
7310.9412690703375   6816.978190397023    1         0.9523364267993821
-4606.655284854991   -4701.777595773165   1         1.0160155638213029
6825.73407489907     -3050.156414948079   1         1.1710985068343025
3980.9048147307753   1251.2003074088252   1         1.064005610819893
-6695.58108220418    8207.907114714977    1         32.46595186628116
-8179.951402035434   6455.789933196509    1         1.1220378688028227
-8230.64333789185    2350.5250164712534   1         0.2013528308018639
3827.5672775834946   -3099.5802671607366  1         0.6641629024705538
-2650.0328614991986  3576.5471161790106   1         0.3971106621075765
-2581.0002706930704  -5088.290437784649   1         1.213076225168183
4955.40646556267     3316.630081310348    1         0.5128633258510695
-1760.0043734149428  6516.098574509412    1         0.5120211864040527
-1533.1933811393292  2450.090131562524    1         25.62351287257869
