trucks_count 3
drones_count 3
customers 53
depot 0.0 0.0
Coordinate X         Coordinate Y         Dronable Demand
-8414.494907616978   -6305.003663141557   1         0.42328416252351664
-3717.1615593910406  -8910.313429720949   1         1.2442823091452175
9340.05519622919     1197.804115328876    1         0.3568107025846482
-4372.169163129523   -8634.069492201139   1         13.90594255735926
5477.393049455544    2460.680517692952    1         0.8991263067098613
7348.456450047346    -2889.3322999885277  1         1.1370387081185387
-1970.7190936365066  -8664.159203649246   1         0.5201295039691766
-4553.497453468279   7265.798122795278    1         29.815487794563793
-4247.617364049393   -2237.7703066831323  1         0.7044796192725591
1405.0790681519975   -7148.10355738032    1         1.024532081043443
2876.8527699054266   -4362.430351160256   1         1.063007741941005
-4571.17668313565    9172.427711602695    1         12.272768869546177
9201.55552792437     2311.4519216805484   1         0.4655395301081944
2572.256506627957    8523.690500645991    1         0.6965606777244603
-1.966965169575122   3328.0493076921643   1         0.40155960227128606
1260.9696538832852   4067.622545605895    1         0.7718755463093093
-466.63286528714525  8342.392712437124    1         39.13394330705843
-8010.464396327685   -955.739255397468    1         0.7601995030569526
1956.7428266069655   -62.25863929303322   1         0.33211052109815303
1678.7717253311685   3174.844062678827    1         1.1562343049320876
2687.739213402134    -6417.6657768824525  1         0.4575406793068082
4761.301732442396    -5120.261526075874   1         0.23672410669188948
8776.809313997564    -8624.17988500946    1         0.19232441589570076
-6045.570257509379   -1851.149878641314   1         0.7392918687293464
-4673.69458844152    -4211.540471939731   1         1.0900999537264056
808.9101481317875    6623.518863378321    1         0.5566851777746199
8547.81446352485     -8945.415912501257   1         31.426440156493182
7634.110527484951    3123.7523467767164   1         0.6380720446557945
-1642.9408792471613  -3544.7896815679396  1         0.613260544008317
4739.49881504016     -1668.9962720663666  1         0.6549290432096038
-3928.557098446491   8873.938669214644    1         1.0303690441039115
-249.04415017088309  819.2647252966315    1         0.32192717236541024
-3217.023623774467   -8193.968832706983   1         1.2477734960022753
-598.5004239111986   -719.936875576177    1         0.40470717496564024
130.97664642385098   -7536.426516335536   1         1.139272050210775
4895.728199880994    -8003.883372335925   1         0.40981579282779035
893.1374583508521    2932.6507133781106   1         0.9932799683098225
-4274.885188560684   -7732.400372632145   1         0.44771262952111024
7302.460211474791    1608.0721737198612   1         0.7443547597007014
-2157.360424925423   -5450.513418745979   1         0.9103015565119619
1419.8835675878709   -8241.329661321928   1         1.2048969819805335
7957.707399636942    4681.686536653139    1         46.71620150769541
1804.6494181541889   7531.796773653011    1         32.07961796918336
7201.079269928328    3754.6334677637874   1         16.411920644102374
-8250.964619580745   -1621.5788178089579  1         0.475525394539394
-4222.817917233768   -2201.9914874394126  1         0.8793258958187402
4966.560197504737    2263.5418617175574   1         0.9751988722098153
1299.2192072780445   7066.939312877915    1         12.026398028161935
-8333.598336844927   2715.326975806568    1         0.9963157406677957
-1154.441969627067   1774.8309151047852   1         0.3860091145347794
1891.4759647195247   -192.5673053822706   1         0.9570681717414715
-4075.372933181721   -6076.459590874198   1         0.4406575908667758
-7615.291661835916   -7620.011845668297   1         0.41839243253957936
