trucks_count 5
drones_count 5
customers 100
depot 0.0 0.0
Coordinate X         Coordinate Y         Dronable Demand
2387.7428205620745   -2876.483487503797   1         0.6759043750344046
4043.4035702146116   -3266.046637730819   1         1.1555476204060429
881.4901105187137    4061.170204935136    1         0.18371271611983325
-2144.7205038322177  4584.937446369973    1         0.1343035201540917
2592.870748549137    -4217.144465594975   1         0.1353464499267129
-1236.1501013768388  -3998.437326737959   1         44.597080126802695
2570.362464635486    -3534.6706514220946  1         1.0860424153442119
2065.895093650309    3308.204481751876    1         38.52536271590294
2838.5615678416816   -2334.8947893438262  1         0.2141797659146899
-5028.6947381366035  3722.777155861927    1         30.36427000139876
-4721.024491071097   382.2974368328952    1         7.720562080152726
-675.1524253322694   3955.657007668206    1         16.27387599409331
-4964.065081377525   -2501.490206470283   1         32.895568165457895
-1404.5926864621965  2167.8065592886496   1         0.20429522428736616
3195.2327868983      -2221.7368544269193  1         0.4947475289033403
-1206.3792366341515  4035.3466360615575   1         1.079214491999239
-189.47016464926475  -1262.8150561872756  1         0.6490694460811941
1284.2404576091533   2425.629591113778    1         0.5651382105072508
4672.621635841456    2470.3820388121603   1         0.7848236938245116
4183.6238296298425   -539.3065831692002   1         0.4373272802624152
-5066.582649677686   1869.0854897526922   1         0.4800865230558429
-4611.67667603316    -4376.690332945674   1         0.18961070399261443
4242.111854440489    -1764.2240883958834  1         0.44820910005099457
-2191.231735297606   4247.15785430031     1         1.1605040909226487
2493.0359533238807   -168.29531160828083  1         38.60130646315538
-203.9020259824541   3504.6467652723095   1         0.7880892839671273
3702.9704468498694   -1982.415479549329   1         23.174475003563614
3386.87399571766     -765.9061870971378   1         40.36691497867806
-426.32140014902143  676.7097488218124    1         0.19809794613414455
-4746.848792916765   334.81193810796856   1         0.77425752773791
3996.9055183066266   4996.294804431708    1         5.33398405853294
-1402.8890796653702  2056.5683170036864   1         0.7205179205711275
-1398.0568135872547  -2533.201205666669   1         0.14102151158832466
49.64567035933405    -870.5355081985914   1         44.60898761553635
2592.2468952091413   -4370.142810682872   1         0.6099336993465184
2826.0464059875917   -3148.7826989573427  1         4.2997422293255205
-2917.429926168955   874.2619910784497    1         2.408154017292546
3305.588394987034    1683.6436571648792   1         0.12417757678370756
3169.4361915171185   -4925.616560533689   1         1.2443804864458352
3096.052028052662    717.416822519388     1         0.4332344784920643
-2020.1003939616596  -1309.5356819586264  1         0.9573966606913222
-2366.770978054727   -2257.3700619873503  1         0.5252425195674042
1017.6627955254935   -2875.402315082066   1         0.5285453010749485
-3870.293526553786   -1819.1722103729048  1         0.6398760609508817
4961.224110293916    -1031.0592975190616  1         23.98196901260296
-2172.5822256145257  3811.6196225579997   1         0.5318584955704846
89.10568013715329    -2600.571840980793   1         37.75620361533006
2728.0854655032745   -2954.6507714004474  1         47.812758124174096
1877.015691746927    -2506.0182580969786  1         0.1460295250819001
-4532.515984794707   -2737.3438704704145  1         1.2279205527179191
-3497.7082711132257  -721.5021351329531   1         0.17447387062754655
3210.9412192031687   -874.6223171363417   1         3.592665273032397
2687.6228645390725   -114.92760913624596  1         0.5455364794855145
637.3076898887284    1642.0627248047076   1         0.4233305089088809
1905.0877917284206   2962.1867581337438   1         22.074180147631637
734.6063190321562    2808.0806584707384   1         0.2367898316794376
2203.521924317621    -2937.6796287263624  1         0.8178661484345122
-4658.166197886079   -3606.2456336404744  1         0.6248774300564885
-2963.4897654315623  -2865.3687534108353  1         0.615636758752197
3059.633644219929    4148.542789440401    1         0.10255505736669362
4128.87727240569     586.2343813305906    1         31.332151635531893
-4482.630477185927   4828.662143076941    1         1.9420192842210058
-3069.243824663424   -3510.037806562315   1         0.8874492012929082
-2338.621489555774   -4772.891123259794   1         0.30257675800130157
-4320.021311999513   817.0224165208947    1         0.6420135069886783
-1998.5215225859904  -237.7790544992361   1         0.990047798258469
2784.176707587668    -235.66715498865366  1         0.8127260440410936
-3783.8423437439396  -4005.1272881304153  1         1.2018234821064897
4449.442751255025    -743.1950657356066   1         0.7981042464867543
-716.2665246995546   3345.6337439388803   1         1.156573965944942
4719.823856552474    1851.5925936789156   1         0.39621822490285885
-3958.0057731715697  2604.377165426575    1         1.1461062788484606
-1105.475596146541   136.2496277336096    1         0.13368120774689252
2323.9860442499435   -4663.0912968958655  1         0.13652337123955757
-1621.2601751705438  3314.2445361485893   1         0.8556747307910572
-1105.0872242955404  2832.812281745336    1         45.036579222983185
710.1303497914156    2360.9399870873744   1         1.0685827099555933
-3649.8994343626487  2263.874778851036    1         0.34737677347408247
-3164.470755911303   -4536.258067945625   1         0.6678961677590582
-5117.580112036817   -2589.1946578865773  1         18.61515494578288
-3333.0375783854483  -3709.1731843725083  1         0.3328004541952643
3339.91862493174     2664.951857449765    1         13.3253274019727
-2213.901821330872   -2733.296490401256   1         0.49114474500223304
4311.276582883772    2759.1101296223683   1         1.1492538262884644
1884.056029376535    1283.7827262012052   1         0.7795177272321812
-1062.1408253294746  3220.3729259387933   1         0.20016600685995045
208.58075528427335   1335.3286773262332   1         0.20656323101734353
2724.969126427137    -2888.295387816328   1         0.5801202403069615
965.6978439091957    435.38115852270533   1         0.37525402407687547
3756.791775406945    2937.3585179184865   1         0.41170889774376795
-954.5347215098063   588.1466297318476    1         0.33878178445340074
1588.26661831227     -606.2339399324728   1         0.4851273396279895
3194.8791047436557   4376.9407428908335   1         1.0486779179218002
-3547.004259303678   3465.1559346916783   1         0.5330582431966581
-2166.7894800715903  3165.806071818576    1         0.881066812584262
3224.3655064638597   2162.311860411702    1         38.56494870810431
1609.4762780635315   -3840.614180188594   1         0.8556908218801705
-1907.8997588083616  4198.811923896604    1         0.5465831317814167
1676.8768909344749   472.1993436237764    1         0.21464912252537272
-2283.7391136774336  1834.5387075113802   1         0.13751837177494414
