trucks_count 3
drones_count 2
customers 23
depot 0.0 0.0
Coordinate X         Coordinate Y         Dronable Demand
2394.3869064120886   -321.78568484224877  1         0.9689602629517499
-5628.606936143562   5252.817344828647    1         0.8132286504118975
-5478.112687827537   -3237.3991494802217  1         0.7494348396173457
-5564.1100864042455  3603.27388997404     1         23.30013202720246
-5512.385852360718   -390.50920601950685  1         25.044275237068916
3210.361427801278    -773.9006164936256   1         0.3969791594974844
-569.642555040914    -3633.4904976389967  1         1.164157414897234
3289.637166243489    -1903.8622996128001  1         15.281513504636548
5817.784581934179    1134.165508213062    1         0.45917100609130423
4977.814472055803    -1392.4063473192336  1         16.339406956857037
-5791.57571844682    3480.831016486392    1         2.418512450975884
6009.965947208693    -1368.2873130481587  1         46.049453344329116
1493.2742857995433   206.03420639643255   1         0.7195129288935014
-5058.260382215653   704.743426075697     1         1.154109603327419
-475.1219578802611   -1253.519242155905   1         0.9479586166699216
-49.807856741130124  2775.77317854496     1         1.0095994408277638
-4532.766893980969   -2216.731599063854   1         0.33567986490252066
-503.5032678148418   -233.36178553579947  1         0.7566657116761568
-3152.2845970158046  -2647.2600217721397  1         0.6481227712955139
5467.67158418113     3248.9863264323976   1         0.40589975314130555
3134.443611313565    -1547.8173875938694  1         0.9260809412784328
4182.365960754364    -5961.104394099902   1         1.2476538279569338
-4219.48696335842    -3096.370009337526   1         0.8195412535816334
