trucks_count 3
drones_count 3
customers 76
depot 0.0 0.0
Coordinate X         Coordinate Y         Dronable Demand
5828.9091536565575   2180.1760849394636   1         7.775634053902981
12093.385318378958   12020.888459034653   1         31.070982128926794
-14604.12507711978   -15538.898696323107  1         0.19076743967264145
-751.0932572009568   5985.605306406083    1         35.62022599373876
7915.413820813961    -634.9686912073486   1         1.1205588794699037
-11326.53736816411   12716.424830642638   1         21.2502689746502
6230.301251939707    -2011.7037854433547  1         0.5623514903271533
12482.925750883282   -14276.290518396685  1         39.919658217978906
-1788.6331781301965  7236.6719031655975   1         0.4759246742141585
7769.546746071828    -8762.964793748459   1         0.20070073241235736
6107.8868903890325   -1800.3709647461153  1         0.5367698110391763
3921.10913973871     602.4334520052169    1         0.9764137235404942
5665.273523340469    -9325.98486989571    1         0.3566197428452167
4446.470358015034    10630.837576129346   1         0.22316308554490405
-2419.899231091576   3896.4215024871482   1         0.9364273914647722
4940.304230920757    6135.869305524188    1         1.0277634055909113
-8929.361893456415   4515.247970788168    1         0.40961361237803606
2223.420229911732    -6341.746487442101   1         0.31963273560502964
4692.513678301211    5011.5358143006015   1         0.6345780665330429
1678.6571021432726   8186.952953305635    1         0.9265231450064747
9232.970004847164    -4813.908799499853   1         0.33769837076307396
6256.863894171241    5128.947775255061    1         0.36425475237886173
9584.888713947606    -3236.1455561447615  1         1.150992625144972
-7903.146113670162   -3851.117174335267   1         1.1240413446505295
-6614.4908154536915  -5178.247441782634   1         20.625430619282685
-5141.65146587004    7833.248215686755    1         36.2298585487681
4810.90499564716     3691.931134219555    1         1.0008307225466924
13163.815253272984   -12980.047031477818  1         2.689283812133544
1601.7613820700512   -1407.3292297768355  1         0.9710689142309411
7993.10823298006     3585.3756711812325   1         0.7158436294837118
3429.9951879586115   2350.7674724423487   1         1.223696737844121
8618.092844722565    3004.1421344346068   1         0.9837261857205253
8557.056267819042    -4417.961863785204   1         33.5572305851286
5769.62059086702     8001.310682192248    1         0.8585595280570388
-9900.150278879919   4022.8405549527247   1         0.4418604190513231
-2388.9056838185898  918.4856193878683    1         0.3396198179866218
587.148112265086     -8890.41967617737    1         0.1978966295821188
-4702.394348834263   7005.656083993513    1         0.5950954261798947
-3548.5165386662925  5813.013963845529    1         7.691864517674021
-9694.568606186673   -13920.517450497251  1         0.6134283571458256
8535.675213522647    -628.8921913590336   1         0.666577737051257
-3330.516642829911   13674.006106366294   1         0.43067088439874546
14501.216297896026   -12340.748188359597  1         0.4097225081263268
-4108.5455864273135  -5963.615818588634   1         0.23288845685426612
7011.779969937414    -1801.3872778827294  1         0.3769369391895223
10263.748622034      5161.188743904753    1         26.881373771988944
-4813.594758495767   -14.810633161408369  1         1.1679914392180004
-2559.182489848757   -3417.6031816563946  1         0.6927905771315449
-202.526260883031    6845.525870490852    1         0.5777514570329558
9283.168278249883    -1145.8664488794946  1         1.1318396735920173
-5265.558090423617   -2238.6016062231206  1         0.6407566103805912
1755.604357570783    5710.388974157766    1         0.1293911901171574
373.09080845951263   -479.6438547327137   1         28.92017205887466
-1221.8156845141636  2949.1682132096053   1         1.0598717293613102
-2590.950484147359   2079.9265337807387   1         0.22218645264673847
4592.554300427147    4921.642655693622    1         0.2036127424505682
-2684.067087547101   -9164.644500788676   1         8.326470314787379
-6714.6775886561745  956.6948006756339    1         1.201683321309807
3589.74511138071     10340.64080527214    1         19.495940138956968
-12915.018693898191  1965.6081885469066   1         17.687045409138474
7127.663997224599    -6028.4909808046095  1         1.1971428996030427
1568.4131845482887   -2284.0424049423355  1         0.5823994140864552
-445.545004161845    -2642.7939357247683  1         1.8876063642584138
2556.1136031580004   -1352.3659299199596  1         1.2084025193127925
7874.9491733669165   -7284.387090049038   1         28.58905371751167
3804.798892548777    -13003.745892531238  1         0.19187330582842163
3034.654708618191    -9399.221029508015   1         1.03427428420911
2124.6435272446925   3668.7502145567078   1         0.491355537897883
-6357.198458650316   -3913.9847336940866  1         1.0134400059728819
6317.4369243492065   8042.123204847637    1         0.6972859733372918
9007.811506652448    2159.4715416289      1         1.130383166859008
5824.391943253617    -7346.762563015731   1         0.9795167861598353
2562.0064050996975   -7043.775658653636   1         0.6439624725762845
6997.944927961498    7236.784046096135    1         1.2167866733504853
5709.273192339882    1151.7106300782668   1         0.8595868523670792
-4877.760168804654   7272.439338938709    1         0.41004896925979184
