trucks_count 2
drones_count 3
customers 26
depot 0.0 0.0
Coordinate X         Coordinate Y         Dronable Demand
-4465.656227993768   3949.6318259963755   1         0.7605061111045499
710.027372323096     -6637.190518766064   1         0.574526888046356
1600.021795241138    1075.1870418684216   1         1.1680741689191145
1535.7644235992282   6556.897412764348    1         0.40279274496524997
-596.1544281681088   1806.335073334264    1         0.6242202647277922
2954.057092805474    6420.780820971881    1         0.6782222768929016
-3442.1357302148062  -1493.197359713602   1         0.16849781057886737
-4639.413965400743   -2222.241618190274   1         0.5273251706763386
5815.676290316735    -3855.6323505091345  1         0.4327407716543318
-4888.913301969173   -1597.146262586533   1         36.6596084325538
3100.116873331153    3574.0555098145564   1         24.208303574053705
1052.6022978037702   -5681.064374805153   1         0.7355349109281474
2353.091579208043    3883.4782422272147   1         1.1272350122269759
-5135.311475710276   67.38352100141022    1         0.1191557584868421
-5041.9583548229675  -3655.3447302797504  1         1.123426471928252
3161.5262859578197   -5287.540570949154   1         0.8462753540327109
-6521.930378811422   3511.089110181376    1         0.5672049404923392
4619.900196809157    -5059.139680568386   1         0.8653442607679084
-1820.2526497846632  598.3282883311416    1         0.2891878005523817
5200.949599496169    1261.6664404358755   1         0.9542297575199696
6463.569722727354    -3810.6441377218825  1         0.6436982546153787
-471.13693856142254  4596.47584166004     1         0.23137579469176053
4940.701534813988    -6016.94159478574    1         45.54297206189343
2496.1050652436134   2290.2300852590106   1         23.00953525722751
-1041.4860736727235  -5341.017076899195   1         0.13020341037153224
-5941.178155971277   -4686.704151884196   1         0.3809543255597949
