trucks_count 5
drones_count 3
customers 50
depot 0.0 0.0
Coordinate X         Coordinate Y         Dronable Demand
-7277.512273733829   6485.318033888717    1         1.0269145797467512
-7762.17050901249    -4697.649930681894   1         0.2027304001454569
1277.4032776894778   -9353.207024070807   1         1.097219840814746
4444.814468616269    9866.323789038439    1         0.19403710811185432
9231.683977692495    -1607.7238501347292  1         0.9242661706036457
1736.908847339694    1889.272386563138    1         1.1227970030128716
-11033.387226415161  5945.98178194239     1         0.27149817144022736
-10263.159283970206  -397.53213099510725  1         0.7778456319773078
8636.376729233234    -1202.7892549664232  1         0.6426137934205459
-2578.577032807523   4409.386395326192    1         0.33740510921213107
2020.3520639278497   7893.301708366128    1         0.42811879808697195
5894.360232119143    4151.213635562987    1         0.5569910784371357
-713.2819978875067   560.0290524481297    1         31.26045971772771
-2266.686474447515   10446.24692280426    1         19.851392556411827
-4651.338298993734   -6659.166345239088   1         0.4088018571738382
1023.4213177039011   -1251.5677111345403  1         48.96322450367488
-1287.9171649819523  -213.0160603283735   1         0.7867559015158907
-10028.6491997107    -2421.3199210539196  1         0.2770877894141811
3198.4889325177955   9077.297629584753    1         29.89458730237476
3585.6019072811728   6292.460469088255    1         0.36743415206323293
4040.333114591893    -10038.408840786227  1         19.993058837318163
2969.9768256463376   4841.319502018439    1         1.172130028414577
-11421.696139502723  12964.516068908631   1         0.27678854338754905
-3681.7935411132075  -9358.34905645905    1         0.15113864860020626
1792.2804833483945   -8547.752179421645   1         0.24533642740575914
-9194.88425278873    -1928.1269040177042  1         44.328887939359625
-4880.184749042116   12438.601775185298   1         6.241697042169176
2910.1616728531512   5028.39909954647     1         0.590115602737362
11526.270485934687   -9161.513595707445   1         0.8255931404371266
3424.356427875036    -2345.8119920095905  1         0.9738845179129506
3900.2103856898643   -46.94341392483075   1         0.1740739031399311
9772.682161665392    -5982.437708740232   1         41.56609902933733
4059.431118713017    4061.1400552807468   1         1.01765591542817
4821.248339953299    5219.2449943391      1         0.15802510089292937
3788.178436277413    -4907.453317064226   1         0.7283835249822245
7062.593475067752    6643.780063445852    1         0.19292034844254613
-2213.601166792162   5322.294724798231    1         1.083161180787904
6311.7435300425295   1311.5528214641654   1         0.553443321556007
1404.5169915318188   -1517.080402035676   1         1.130492816128547
-4831.553534643974   6680.639541583008    1         0.5138973051792867
3718.733418979014    8506.891574443875    1         24.31763382308666
7771.78626728162     1815.4351224825593   1         1.2141088922539052
-4094.066220294024   -314.1538246387389   1         0.6990065604240826
8004.417365546333    5616.604371055888    1         0.1038135364058834
2002.9520724809408   -8201.259987336993   1         5.457362788044367
5142.451723638793    -9617.14783875265    1         46.68245408443284
1008.1303010876787   -7462.864594319772   1         1.2430242687872686
4477.555119315193    8400.403844980663    1         20.601960454800025
6772.696690928203    -2044.9963173155263  1         45.77325523315693
-6060.25973789217    5648.595927657284    1         1.0518274389066982
