trucks_count 3
drones_count 3
customers 29
depot 0.0 0.0
Coordinate X         Coordinate Y         Dronable Demand
4219.018755832386    908.5893444662457    1         0.40925329152099743
5400.076940632172    -2233.8690405540524  1         0.9842130382158499
-10389.804799327287  -91.28680019502656   1         1.2258926243299635
2124.227795664093    9798.685804797004    1         30.07822728626877
10430.141216351369   -2068.7630865768915  1         0.7333897990433154
-1972.3344899636277  -3215.5161091757413  1         0.8941865970821102
-9550.736983723242   4766.6516979027065   1         0.5729262856456249
2749.375321676867    -10127.011910799009  1         30.172913721601915
5577.255075622329    -8378.979355267105   1         0.24412689849456204
9682.636374472004    234.85844242182074   1         29.252957591721028
-5863.821889500102   -1113.1911208372458  1         1.0650701029714913
-2823.34114892257    1933.324436540836    1         0.42308469612745814
535.2522365030057    -2590.1024937638     1         1.1716084326454936
-5192.656347837564   5187.434582535302    1         0.5761037477605584
2604.122827625859    -8715.163984129185   1         1.2047792829538149
3131.7328327364635   3713.8277821300467   1         1.0669684730181486
1289.8334115352561   -2037.4129179484278  1         0.4397122621365588
-2362.555588739321   550.8435731758988    1         1.0111491199989642
1666.5845197592273   2631.1436870856596   1         0.7331327189824374
5762.804038581554    5183.859160329273    1         0.7360651357013728
4335.887343770137    -6463.587320913389   1         1.2428895868922607
-2602.6683320950942  -6967.5157971272     1         1.0201964890987998
5201.7132137780145   -7443.22734402327    1         0.5165018178243433
-1779.6169760021291  5705.172921175526    1         0.8056240409438342
-9026.53990406286    -6091.388477663168   1         0.45052321321729905
-11051.7562776501    5502.581179226421    1         0.43482519644381856
-4219.241533767246   -4311.730777975756   1         0.5139622447551423
-5619.34434023556    2457.287427152431    1         0.8219058854777427
-2805.0672804635233  5247.1142202788915   1         0.199889165988631
