trucks_count 6
drones_count 6
customers 100
depot 0.0 0.0
Coordinate X         Coordinate Y         Dronable Demand
-1102.6156376684332  -299.7068300138143   1         13.576590599962925
4584.159823074438    2669.0490603592502   1         0.8017736469165709
198.45770617958513   -4945.027241638303   1         32.64045733817272
-2004.0782520416453  -3424.0786430588328  1         0.4898554641873528
1637.6217366588517   -1785.450260032746   1         2.339143426522112
-1440.0784956984871  -3984.269419380997   1         0.7461740554553388
4921.494135111123    -2889.30413754038    1         0.16166747948564747
-5568.137665000149   -870.2880385791341   1         0.26564718948754695
1360.6359416028552   -3259.746126435881   1         0.8512526990394201
-4628.054565739576   -1061.4576131566175  1         0.548238796263872
1181.40273358426     1851.800049865579    1         8.589470385774655
-1776.9703172200614  -5380.699677199114   1         0.14018764992300953
-1935.5199945988352  416.41552234676874   1         0.30511873806403483
-4192.6896942658395  -3439.0151766870317  1         0.3712565919514522
-5239.342381204245   478.1306376332489    1         0.22327810694512612
868.3641578727671    4566.556515154447    1         42.04386176590338
-5854.8100381602     700.3546244821931    1         1.0338059549588727
4462.0238338350055   3616.450292551683    1         0.779012666023027
-3000.127697626485   -3184.1396257784963  1         0.22974146279302615
4849.978860833379    -4784.843297476516   1         2.8392520318333796
-1014.2673844216115  -651.2957520978238   1         0.7924138760438001
4189.226700862902    -511.0760393629477   1         0.5817446158109322
3917.675846361338    5046.707491293626    1         47.42761891061962
2005.4745627461841   5324.238705534603    1         0.6668793734605439
-2653.372001073275   -3101.9384214009956  1         0.6410784326562328
-6021.053649038844   2917.4430379361493   1         0.6094645433237759
-4242.876153752199   -1047.2672366221595  1         1.1748866538612555
2793.595330663932    -4185.544409144057   1         0.47921809916465685
5762.923965294147    3571.9077196460244   1         0.8784612110848443
2304.7700710975805   5082.047010419295    1         31.53385180497981
-4704.714128089468   4715.383730150304    1         0.24464085332898317
4080.751886326591    3826.3068064627078   1         0.9453162531371041
3802.821075986225    1764.841112979264    1         0.42588219594828447
5849.372923415611    5502.329461102102    1         0.6151284408559721
799.6653415011815    -4773.160765517419   1         1.0951806759162472
-189.49452712904284  -574.626542565193    1         0.862916551092799
-5761.224556197295   5946.496345566921    1         1.083441139747577
-5577.553404288936   -1117.3368187505348  1         0.471447949731736
1942.4302746209974   -529.9299559183125   1         1.0856566093829083
1344.1260378097002   3020.665549369557    1         1.0101073695830112
1830.2737114742322   -3870.599206467775   1         0.41510244877827984
-4292.857284685755   -3373.2180055285726  1         0.2539183364585385
3040.4650060191025   -5463.437665833232   1         0.9180488658126341
5643.790001699218    -2442.206261649956   1         0.11222158346202774
1413.566990218118    673.2559579234131    1         12.934565183842397
1410.3570694995792   5816.004574011512    1         1.2292388546254138
1954.4046546019442   -5234.438040327234   1         0.81514747012296
3192.8159220151724   -3053.3099811036495  1         1.2238382481513195
-2721.151457052551   3826.3954708351607   1         1.0626208217178004
-546.6456276872152   3512.0056139173053   1         1.021793191862863
4068.9621751741774   -725.3230245729281   1         1.16810902733251
-4963.313634791156   2645.520791416652    1         2.717300575431718
4916.172153615467    5843.338295568068    1         9.18392696684337
5147.876836874956    1490.910896339953    1         3.0058393098992764
5400.007354595277    -4440.158288376622   1         0.4456182361037291
2693.487080168893    -1696.3893873828556  1         23.70722364891674
-5556.495844177187   -3259.4410606676884  1         42.54295748943206
-538.9820658124031   883.9022255107367    1         0.3753621325928914
919.0651827475009    4096.16470035189     1         27.714528561085615
-5514.75581768948    5022.888361662371    1         0.5273564194234864
-1771.3330951605913  690.5050382746945    1         0.5260018551831042
5620.520339880255    -3818.2349153546675  1         0.18262849915492824
-4279.544664487042   4664.225738247455    1         0.4545293814765722
1673.6961254980117   -4248.625794995311   1         1.0291341499512203
-1491.4715347298286  -5982.4308456778335  1         7.028820744514119
4683.337663097588    -1581.6524112649713  1         0.7291857615741114
116.86959908344416   918.8361357425676    1         0.9279610601698368
-601.0616526986769   5736.434227118131    1         1.0537784852364884
303.26855372702335   -3765.4052358962936  1         0.3201012379650668
4967.336120130767    -5059.293527165552   1         0.39423349925011764
3602.310714614036    846.696303467799     1         0.2851617762374897
-3856.339672176488   -2910.2972760224957  1         1.0446045884066308
2595.879031190558    -4991.063403690189   1         0.8477491958840414
-3266.993325845695   -2067.5855267668458  1         0.19701257028435581
-5297.848601468349   -5186.310237775428   1         38.70677335167821
1025.5456947258976   -874.9223064803077   1         3.0354531513313345
2493.2565016240433   -4145.482760163764   1         0.5396754237113126
4413.518144079754    2402.597556938505    1         1.0195159947268813
-1047.020435438737   958.4143883920334    1         16.356567689081942
-463.1726525833917   -4114.342778066938   1         48.968201254052815
-4823.941862974407   -3815.117503221856   1         0.44457993240530025
1816.9062094183912   -1510.973851104986   1         0.9905828976304264
-1895.9274531399074  -2884.7905384162295  1         0.9253931733736855
1668.6409547285643   2497.8914472985803   1         0.3108612546852637
-4186.9695220288595  -4011.218992898429   1         0.6366566465162459
-2936.7495356406434  5599.79352852629     1         0.3634866389814475
4029.5036622035054   204.69335108177867   1         0.9437248558799448
2208.3130240954265   -2712.2760092458484  1         0.8798209353403088
-3446.2385599998715  -5350.351832553923   1         0.5488969733315301
775.5393141069161    2493.3835675956      1         0.868361162826071
3358.981486926564    1050.5402506595938   1         1.010316528869539
3599.1656649753904   -3345.4097635911953  1         8.544584204545089
-4564.845658739087   3555.770905149334    1         0.4574563297231604
-2.1076395570180733  602.2257430326894    1         4.062698383919827
3550.572946831223    -557.7092899893285   1         0.2831473356260717
-2194.0720342446093  -212.47707385494758  1         0.29396680640459333
-1426.2768530480666  336.4387650485895    1         0.1231457817584305
5015.855924614621    -3174.3573052222932  1         0.7105765047312499
-811.0513865242209   4560.109746701079    1         0.37097004039289694
5613.713870882499    -3287.25489456885    1         30.58471879858452
