trucks_count 5
drones_count 5
customers 52
depot 0.0 0.0
Coordinate X         Coordinate Y         Dronable Demand
-793.6823657128837   -5058.679430616928   1         0.7107794214696526
-2019.288776235781   -1076.4207024290852  1         0.680923405768425
2429.886462545135    3324.6953412769235   1         0.47145342575703153
5058.720525731685    893.8258970251665    1         0.7337767902321723
345.55996055833407   2147.8023268910083   1         6.781121836283273
-1721.227275900201   1359.3231404471749   1         0.12691749236658947
-4812.674325654637   -1431.48515179188    1         19.765684020279977
-2968.6686359984546  -4002.2940967641634  1         0.8034015986160066
4929.720014227026    -1193.0982363946423  1         0.22386759296436243
-2735.5322641918256  6012.754869552994    1         1.0134099513060835
2060.210252889556    -3774.9297719760634  1         0.34400126603084136
-4054.523613513712   2544.9968272116857   1         0.2638851556521388
-900.1548190066596   1019.0365346642725   1         1.026572691888546
-3304.4450763722325  4575.605764410213    1         0.9075752611206795
-850.3405518135347   3707.8195097438634   1         0.1609983366159654
3557.2162864672355   -2364.177067282925   1         0.7463760369440396
-3520.4585623838907  2694.5459671692506   1         10.803094516071514
4271.7989972957      433.5231865913712    1         0.1537723795540492
2001.242381768332    -4991.254009274699   1         1.1141695028332586
-3345.3635206095037  4152.098933032975    1         1.1983042920259988
704.5585849467952    -5273.643275062321   1         1.1154300042507772
343.55212704801096   -1321.9027287574136  1         22.394679800120212
-2569.740210465359   4002.0526830154986   1         43.37119401975488
5343.762930426401    1337.952764537168    1         9.75875011672073
5061.279133304125    -4521.971184058755   1         0.18520507997819424
263.9554502333042    -392.61274245784904  1         32.34031616276332
2283.591737749071    4099.401833921607    1         0.2952254023367602
-60.96512325023339   5313.119010866982    1         0.8180460587254863
3852.4749204475684   -2413.6510440725415  1         0.47284335066745276
2933.223549835907    933.8741330395169    1         34.10598260099675
5005.803884910668    1663.3555027864186   1         0.9721045466707305
5915.626860477526    4344.783529942391    1         0.5468312707767629
-2889.0932416592286  -4024.0284847194184  1         0.8156571575346313
1313.6414512672018   5382.193385099424    1         1.1499454054251288
-3757.6179952802563  1516.8674590035198   1         1.2369062186327626
-2450.8072717432647  -2148.959545633833   1         22.050106945475015
-900.6540939824528   -5844.845850435703   1         1.1930394140521186
-5594.096366686402   4197.541638157329    1         1.2225630551138764
3498.481649969703    -1598.0459777545602  1         0.31950765373915063
-1590.4023969362954  3778.290373613637    1         0.651817978692195
-5618.3733332706515  -1256.6455524285495  1         0.4488251350929858
4627.744417630761    438.0033687467664    1         11.442620632186518
-3943.8362998704874  -5051.001812052727   1         1.2192604054248828
4315.182385465114    -4858.181546731845   1         0.9794778851605482
-5995.000203580504   4762.106674519479    1         45.13453329077051
607.5256430146113    11.411105712508773   1         0.8374471446357213
-2647.7773334888852  -4647.419248742687   1         30.547793591686364
1217.1297511897765   1311.5775909405766   1         0.2964444910346612
233.935250503051     2356.3051694086244   1         0.8260658403015271
3422.479881597022    -2713.640040563415   1         0.3862512227668835
3093.451073028834    -5744.987217144772   1         0.9259887067385847
-179.92804639774442  810.2859340087938    1         4.080216070272613
