trucks_count 4
drones_count 5
customers 89
depot 0.0 0.0
Coordinate X         Coordinate Y         Dronable Demand
1077.431568311446    -7345.376504964635   1         1.0312688789665179
-8820.755875756342   -6965.535978334432   1         46.06382178736595
-4115.445264510613   4985.195474671019    1         0.5388553224224613
4812.35466808268     6755.382258807636    1         0.5492916210645086
842.0550591800747    8148.458091078828    1         0.3424139942769063
-5368.018357409354   2142.7857445811646   1         0.6510224598190663
5455.450013617248    133.0433803744899    1         0.6953197731512399
-852.360280849538    1805.3402903021724   1         0.5095798942487784
-4055.223545989267   -1029.2043275852361  1         1.2365118218196351
-1873.0382914546378  5617.806690380804    1         1.215288915716747
8665.279679347343    -3452.8957973839374  1         1.080471902388564
832.9056119798238    -10824.671418617247  1         0.8885077626714224
-3396.0338505041345  8498.195273049674    1         0.9770143491111769
-2880.1937688636963  -3776.5437642486763  1         0.24376022912279166
4140.512065332       4170.878753059352    1         16.6967147388117
-7523.9117616891035  2314.1194240823675   1         0.43349748272242505
3558.1045550783783   3045.3634858006785   1         0.20629830185403522
-5182.575299810074   5871.960134480956    1         0.8187401102275896
-4358.315649122636   1736.13441253985     1         6.791965753487168
-600.4862820734664   -1477.305807588234   1         0.43286172432497017
6814.360727894205    7053.918011769476    1         0.3186787414043447
198.60401218791213   -7964.804319111023   1         1.0760550424728408
7366.473060849064    2542.80825158418     1         1.206782866042843
-10877.290294460936  -367.61928032784306  1         47.60692126523091
4710.046265403318    -3046.896210459936   1         0.9264086588132696
-10367.250189806948  -1891.2606400047628  1         0.6978598043835512
9296.814031788243    1041.877823710622    1         0.8274271062245727
-10006.226633722277  -7259.657407395875   1         9.774019014517291
-1714.9161028226267  5779.459804327239    1         46.28104204432013
-4499.695869648693   -2439.6971908526402  1         0.7735552519606134
6497.127383420228    3371.740741246359    1         0.6216361620316598
-9053.92630731059    -3197.0333854820396  1         1.1258154688220643
-6987.622227495225   2928.903228699082    1         12.950018939082286
1398.4552378388362   6816.666389159182    1         0.3023823889162159
-5455.261919087886   -1972.3069873154966  1         1.136623806685529
-2923.179404191202   -5966.746174272091   1         0.8745493107241542
6270.44217085516     9655.6175209182      1         17.632452850637097
-4670.820349518268   -67.19022640366012   1         0.9236709692500408
-1133.6944490107649  9370.69842258085     1         0.6016081434151901
-7938.9113229698805  9671.869722972093    1         18.903739102927492
9739.18339277567     709.0509262294709    1         0.6904473581410452
-4178.182811934453   9628.069069298945    1         34.08440966241818
9578.085878585485    2676.3624527797797   1         0.7448946989488912
-6771.858221987462   4724.497858936494    1         27.818548841642237
9921.88578869977     458.0950936072038    1         0.3459474444360841
-9781.860983430335   4321.223421559353    1         0.4613024205544545
9349.40641219258     9785.928789313559    1         0.2526020444517825
-2711.0448271239065  648.8692664574655    1         0.5382909403633738
1559.535676247513    -779.0658314536413   1         0.3991395718894434
-3693.952596624167   9131.68767439555     1         0.981192262311734
-3707.8310954242556  -58.606261441375864  1         1.0928463712128262
3695.462530472805    4715.244333487244    1         0.607523818686117
2059.8277393511944   7758.789961531114    1         35.580283307051616
-7255.303376141113   -11694.864434115194  1         0.14667373563310465
-1788.0783715742905  10105.439046435655   1         0.23815050724539136
4007.1044342368314   -1214.7186114679664  1         0.23142883267333927
9995.87675250371     -1133.1174786799536  1         0.24291245433896824
-1870.8869053054964  6626.158081768996    1         15.585259322845644
-6677.358595587815   364.5154201088254    1         0.47957565234868293
10101.586310838902   2395.8674932406484   1         10.81734751198995
10560.757738285422   1228.3704964191427   1         0.9439480432129884
1386.3389196616233   -5504.021954749652   1         0.1701497589716831
-3250.120634182672   -5854.977552744389   1         0.902772030505463
3804.3270838719363   8376.656499775945    1         0.686863124889508
9006.439586909975    -4246.235647373105   1         0.6356093233817652
-3978.412234694977   -4499.888128233311   1         0.4088123547155065
-7814.940873291932   -2632.720252944127   1         0.15498877704884417
749.5452318976099    -7503.080617142182   1         0.41625037364717954
-8249.439438923933   -3221.8077007520315  1         1.043889764356685
6843.93331811738     4821.648159866601    1         0.7418235666233618
7854.191041235214    -1664.8530505663678  1         1.0312889814239787
10240.236593677952   -2184.1949940487834  1         0.9800397619837427
-5812.010020472668   -1308.6115291410856  1         0.17965954597755326
-4865.274896518083   1247.1507302064788   1         0.7732981054705628
-8261.528776220379   -2223.441021842238   1         0.17954837536898693
4763.710701299282    -1842.753988638664   1         0.4241868785397823
2008.1619583838547   6995.832422973697    1         1.044124943419108
-3442.321369042438   9296.309230224717    1         6.719474775887319
2768.20199022875     2573.23503212584     1         8.133383599029184
5383.884131184463    9011.193843423138    1         0.18339492208547353
-1001.6472362113848  -917.9179023783063   1         14.639523447025196
-5895.918665886656   2852.5217283356055   1         39.83036147562152
-1215.3166273916997  -8997.031260007838   1         0.2738595890039808
410.25216258425013   1055.1217060743288   1         0.5283721110441574
-1360.097278703427   -2252.314773152611   1         30.653692795215093
-11403.661068047099  3079.978930432326    1         1.1100260527871122
1575.673965923932    -11779.643689929891  1         31.87560247406717
-3882.541816325831   2483.2428811101418   1         0.6857785507119264
6840.328204775433    -5698.423236810002   1         0.9388841381260293
