trucks_count 4
drones_count 4
customers 57
depot 0.0 0.0
Coordinate X         Coordinate Y         Dronable Demand
2958.997655916925    9237.178421808929    1         0.8732557578276613
-3396.949212187728   -4099.590612194092   1         16.247320474932536
-266.73781587560006  -5597.19114620531    1         33.96552338440153
7398.977504055906    -440.73213716103834  1         1.2163469977974757
8823.223263320859    -6232.603026786135   1         0.7145294023422442
8837.604173541891    2461.889403836085    1         1.0588617740368742
3440.8286836594743   7562.716613093498    1         1.2006281912404682
-2412.2358557072866  6870.330027048001    1         0.5330671752263232
-1791.7202408722371  -2965.4551512067374  1         0.3661535607597728
2152.4540525086986   -3299.16206616369    1         0.6891671551414486
2210.637810340849    -863.9578250781205   1         0.43297734264245
-1547.2279756794273  -2350.5447754070533  1         20.129406074064352
9666.893906013518    2904.0688525953046   1         0.44992026102284166
2712.216509417082    -3144.064469101808   1         0.8541152143864659
-7051.920203056513   -5903.743886056236   1         0.38818194168357223
1668.8877726031142   9267.361434004779    1         0.6766377895086868
4630.418943129981    -6166.962724716651   1         0.5366030378022906
683.9599447133611    1707.0615218890605   1         1.2247792161061757
4948.245297030557    -613.5128582710978   1         0.5744393206383276
-1320.448892558857   -3801.9017307706795  1         1.055314387926268
6001.0006271502925   2975.960734516932    1         37.870327879475866
7704.48309143961     -2031.2524196180102  1         1.0400689646868562
-215.90178476304422  5081.815823448748    1         8.112079075921933
4745.358380253595    -1843.998284634014   1         0.22665099242777953
281.3700916772721    -5048.022771472684   1         0.6176091331227579
-8719.961588585693   -3798.0544230355613  1         15.13607302128263
-7162.500833715284   -1202.9156702466096  1         1.1161720113048843
2985.5294588839124   -1710.5595934527219  1         0.8706060994341661
-4604.523088532119   7693.539009836807    1         0.13890680498132973
2895.139682630645    9568.78534863967     1         0.5916515013518281
-3926.2505472952043  3642.132913692989    1         0.28775180256388355
1950.6409843872266   -7403.777077638021   1         33.526744711559985
-1790.8472981698574  -7528.302313959247   1         1.1509048288713477
-2180.791486055703   7282.201176226421    1         0.7054243447838806
-9428.315385176233   2140.894306525819    1         26.6507810841717
-6100.262290708079   -5055.693056690007   1         0.552768942914776
-255.16600262060092  4421.559192930297    1         1.0659738318423402
1082.490117083476    9661.835200074202    1         0.2523790980948276
6954.63545359813     -3280.00520427743    1         0.9719986450631282
6087.20924766621     1666.6136474684365   1         2.419760817501295
5852.258029693262    6676.251612587346    1         0.3321582188805441
-6348.803065652743   -8859.180732031866   1         11.066629499243636
9485.024440743258    -2097.064015213932   1         4.910019721982115
-5470.537755945749   -7491.216126256216   1         27.002961818182047
-835.4268009402689   64.45134109777375    1         0.1459210811419901
-493.2456122894715   -1487.6722011139323  1         40.85482635327379
-3556.562313854361   7519.139505560441    1         0.43751263735067514
6066.751986628351    5319.047126437947    1         7.36832638489506
-2686.2815794464177  -8945.555855679271   1         1.0464535563290256
1241.5099488664578   4238.01029137843     1         1.114607530744918
3927.4490240512505   -7805.458914766418   1         0.33910397677666876
-7426.0576568672695  -1595.098173254097   1         18.787042398122143
3404.073119179008    3785.6980297606574   1         0.6170152447198204
7121.410770344285    3325.365049081318    1         0.8147896101899582
1788.802029930479    7053.2690019657175   1         38.14221418309371
1964.0435101760072   8378.737103340709    1         1.0290053753267059
-3881.364337375581   -3256.5057636583515  1         0.21363725369479175
