trucks_count 5
drones_count 3
customers 50
depot 0.0 0.0
Coordinate X         Coordinate Y         Dronable Demand
5056.273130446721    -5178.108188410987   1         40.94535883416464
-5686.627264313527   866.282325678956     1         1.1090941511496155
-7025.326882700138   1607.7654450238742   1         38.46608152126898
-4046.9013310541864  5741.680782593325    1         0.3889354605768788
7366.846863119038    1969.135620309001    1         1.0428003844300051
5092.339032767349    -4382.007023816919   1         0.3825999184477309
230.7763584145705    -7413.895348917224   1         1.015666462104746
2566.4128217061584   -5118.813204880096   1         30.152826399817894
-3878.056726399366   -4955.282029256184   1         1.0305823794477573
-3273.3514359636592  -2167.396279808655   1         0.3975308097147955
5910.115712237817    -1628.1356105162038  1         1.0210887769989905
7459.018849785791    1805.903471526166    1         31.900170211608057
-4773.391091535003   6902.49678388698     1         10.380896071182583
-7051.745748547461   -2190.074441231662   1         11.602620014020532
7257.29127554336     1585.885052977711    1         0.5700938448042494
3524.453576051085    -770.7213236785226   1         0.18861242599691722
6989.024979750503    -1286.7394410893398  1         0.801484534522525
4999.807597278656    4875.335272091263    1         36.354307381568994
1114.580127803162    -4762.498919171011   1         0.2035087905146129
-417.7663823967558   5899.888140839985    1         0.6191837599189333
-4387.945516134567   5210.346440768797    1         1.0306518939140208
-6982.369043363455   -2030.922144679069   1         1.2149035476752013
-457.4568454470078   1406.9617732885044   1         0.8476231325632974
-2519.2471772339786  -4244.275805920587   1         0.35673990691172
-1481.3762969722875  -324.8593606554589   1         45.61609256579304
-6058.312389788698   5088.584202379849    1         0.7362717051087481
-6518.866715680491   716.2535038732212    1         0.2115076755459388
7312.582354446588    1085.34391770727     1         0.25929095410528546
4742.590291855027    2297.7841340001264   1         2.9951642962808096
4334.213816136014    -1508.972076790309   1         1.062797569682571
-2326.044984780227   -6030.3079485949875  1         0.6997227497390354
7124.757780259302    -3541.5595558540654  1         0.309901435764827
5895.958713204367    -1101.280802218192   1         0.6618022027863202
-1121.461281929187   5568.418839526212    1         29.582917739806806
7341.738886540795    -7502.60120613662    1         1.2091404280235019
-1853.5390052327973  -7030.962814102534   1         23.597055721280356
2935.2513642170547   6119.510896300294    1         0.9383422021928173
6807.8540701439115   7245.270047243539    1         0.8927670482504533
2043.2128064829092   4194.129647904108    1         1.1378262137164656
-4134.125701051508   4267.484615893466    1         0.9221397345292032
-386.0306537642496   7313.758206014081    1         0.43344795130749403
-347.1327953481385   -4659.633804321724   1         0.601390364678149
1568.486884572576    -6737.1680661101445  1         0.6804601561522848
4494.219146327108    7103.885983109291    1         0.474183005196556
2872.652397717337    -3831.468067495363   1         0.6958758965277485
-1911.4993002635251  3006.028615458775    1         1.1199240090179658
-3216.3533139813635  -2012.4784427612722  1         1.0646170473193106
-5298.910307397036   -7412.234079037274   1         0.9299971664462807
-3710.4269734282307  508.62581204786966   1         0.7033572389867915
-3942.391501563818   1179.9656330098103   1         0.13178805179224398
