trucks_count 3
drones_count 4
customers 52
depot 0.0 0.0
Coordinate X         Coordinate Y         Dronable Demand
3441.5536879854767   2535.17631657712     1         0.5140896663960449
-3562.6516091725352  10187.84496454526    1         38.832200554494094
8751.767467964217    1496.2239913316926   1         0.7459544279677036
5801.855137657048    180.7458779302404    1         0.42858580347678754
-7206.436049328433   5503.997929130245    1         1.0496742319465218
-3484.2608739474235  2659.035390094116    1         1.2374075850029065
942.1182086469632    3298.7672536562986   1         0.25152505661879887
12017.53026351504    -13693.881911206254  1         0.5411047519588782
-9427.688270694121   -10167.138861928142  1         0.5946202719403199
-3534.5199382870032  -1197.9953702807493  1         5.137787897309525
-3668.791282978464   4534.256573249014    1         0.1492372852803257
5207.173987762845    -3737.9753748327885  1         0.6461099029355494
-6482.873823137265   -3798.8691435414885  1         0.2339777688659921
-9628.107307421751   1065.3591325300142   1         1.1217659049870323
3928.171150358346    7580.074152497267    1         0.983347205451626
-2906.088488134373   6621.697814674713    1         0.29034693743271434
-16079.77077730059   -16278.528729833504  1         15.996677594896457
-9545.843695813715   1816.7870406430395   1         0.2348333624434463
-8796.129390919446   -4497.772104322506   1         1.0477131935669568
-12772.798346997708  -8408.420547428916   1         29.80781413699435
-10843.058579057972  -1167.2034445434165  1         1.0215893897282484
8106.021397494656    15865.126248376786   1         1.0000628730809287
-2040.8408595365183  -3114.2648165631203  1         32.4896128828956
9081.29410103122     -3373.6865826835356  1         0.18644621261558952
6208.54438406663     8808.91622658435     1         1.1744365918507471
13956.94677680829    11756.163493238684   1         1.4755287767549736
-2730.3107401608363  -9122.778163566752   1         1.1242736942228333
5930.34466036304     -12130.15118598335   1         0.3850123467936841
-1126.346904689183   -7875.804095897883   1         1.2073622541785618
8577.493315882306    747.2643278751088    1         0.49580449022952333
5212.966415101745    6887.060988607947    1         0.776191315417775
-12906.313293580743  5497.130318600364    1         21.731621871666164
6641.730508654274    4186.151073138746    1         30.385483983368605
6318.14277620831     7150.373565559355    1         0.14145928249285597
11652.802313763306   6460.575757496714    1         44.43843273262514
-7596.660235983735   -5591.111749751093   1         1.187234731684155
-5602.410011668578   6424.260809900243    1         0.8486777294802117
-5013.120196773384   -69.68223980935198   1         0.6712823632173638
-11312.403418851482  -12313.890874311266  1         29.936951883704204
-4416.0243090559115  4375.273675092791    1         1.043594989574491
7186.2866597849215   4253.624113826364    1         1.0508715224304546
1962.1252844217158   6689.537524140507    1         0.46100200109768774
6757.412637375031    3105.185402673688    1         0.2852086058738885
733.7749017967154    2020.9034384783756   1         0.45818005304796605
-370.10655527377935  1776.153361973152    1         1.2416293589620035
-5513.964112930537   -8331.255556650272   1         0.9024419799719415
1912.484828959248    8637.495894138725    1         0.9190869819573311
5795.835663032209    8231.771690372258    1         0.8684675422133008
6248.2347918313535   -6046.785332210202   1         0.9219630911744713
-1114.3615405244077  8957.626457940074    1         29.23908988965713
-779.0146829783152   10016.328510558113   1         1.1277163897156803
-13895.506030016106  -10925.301952918438  1         0.8779274351002131
