trucks_count 6
drones_count 4
customers 85
depot 0.0 0.0
Coordinate X         Coordinate Y         Dronable Demand
-6244.105154719153   -1239.7576052469885  1         33.58178807720014
-3463.4143029224933  -114.48863753847158  1         0.591666640980888
3732.445442551753    4764.046001861296    1         0.17943447167762122
-12000.449869601209  -17107.56092247352   1         0.8390804650378111
186.3027368617345    10934.280671878825   1         0.7643230757797045
-11015.377208261449  1428.528187836935    1         0.29203180804929485
-3147.8868878587377  -9120.311089220786   1         0.4481311945168325
1134.162029253354    965.0230807171496    1         8.751118663465821
3663.0019689042324   10291.897427652488   1         0.5340417553846392
-4619.267641932902   8975.1908680473      1         42.14718483025437
-11695.072163819375  5934.447763817654    1         3.525121909962069
-5760.628054658731   -3094.268481078539   1         34.53304031136057
-478.90056393944906  -7524.7117267174945  1         0.9293711262364523
-4857.602246683021   5435.747702577074    1         0.29425119710598746
4353.815731978426    -2698.6984330353994  1         0.8092163719301144
-4627.800267877422   8687.542582395727    1         19.882687685457313
-12939.149566092437  -15117.906368953076  1         27.49524023847234
-3795.01195307437    -673.9595222910989   1         0.5854054605978706
2691.5090119809556   5288.056019623598    1         39.96662133070355
16780.45727028676    -14927.47951293564   1         3.9989654798796987
9253.64336259775     2692.9336429286964   1         0.11265908828760754
-4063.156530185054   1564.4789537530062   1         0.9402527525915603
7289.4690663728925   7177.872227752778    1         0.21748411011420593
-5351.528803712838   -4817.463617127807   1         0.6981525783382625
6507.4187637746045   -8295.180290028353   1         1.1758177892406223
-9768.81699562005    -2805.6095964002325  1         0.845130240573071
-645.8903739942477   36.33105645134414    1         0.9281503742223693
-7203.94405509004    -4125.923993743548   1         0.2761714906306426
-328.55091587764923  5723.436697375098    1         0.8009337128952794
1880.5126303821994   -4402.027394965175   1         42.05709445927399
-86.90938828539853   -1458.6823503505807  1         1.2044781372391882
-2492.6860530868753  -1897.1210335400935  1         10.367199993113678
-5058.141017566748   -5054.036463210352   1         0.4511434430144038
-4822.503221046445   -17416.837138255036  1         1.1148419967204974
6463.471458309652    -8323.339885957206   1         0.8493053871090948
-1900.0502356084999  -4235.673973393103   1         0.38967822333824464
-6968.600194206622   5674.101746448335    1         47.37406328036191
218.74336169024582   -2838.3435542476964  1         29.21535254300303
11340.887681793167   15610.465805490669   1         0.5216176706443273
-2175.3535011216372  13716.769087188139   1         0.9391795810442493
-8599.124628389598   4164.121039725411    1         0.4481558716779648
-2601.898542752123   -345.9260240966684   1         0.10232012071483668
-1735.953113742352   -10247.399006058697  1         0.9706279411495741
-2459.518517116189   -4828.217185418221   1         0.8637723323272848
1463.4324584407104   3193.1558949747173   1         1.0618023584614735
7273.699964487354    -1636.205380696847   1         1.0146679817465323
2341.000131723711    1109.1057773088542   1         0.711952600578476
6930.101856261645    259.67821220222055   1         1.043968627041037
5964.768824180745    16345.058486647169   1         20.023779526961842
-9972.098101260439   4056.3188502232374   1         0.2524227093108686
7152.06482006945     -1995.5041749114841  1         0.8938333800070238
-8937.251225736763   4310.6635214477465   1         0.8314474916762284
2097.3939208954503   3658.832006856675    1         0.5063553359146996
-7163.345616986868   5063.04173044717     1         0.6642695824022293
5950.207067102549    5780.2246281029775   1         46.83018252197661
608.8893926056036    -3587.4532163800163  1         33.76209091471693
-2527.2623846394617  -10374.327363836588  1         0.40094198434567285
-8322.386896914237   -4859.9396185425885  1         6.951389051284791
6198.061184488583    4538.7286244826755   1         46.30170053973817
3363.1273032117997   -10390.989948553724  1         0.4321150172307917
-6435.208145526956   -5257.707463496989   1         0.24976594515400355
-6713.9453393681515  -8460.832063127222   1         19.149206935424914
-8815.3207546135     17550.46178636361    1         0.3011318157381277
-2222.8997627423     4258.096168524756    1         20.923875310509757
4768.464195845253    4168.678181186791    1         0.9947661061767954
-6841.537744739472   6018.398661738068    1         0.6110765418280608
1530.6103523300708   -6734.816500644435   1         40.67062268871778
-1556.0690935948128  9079.952932535662    1         0.2601017723283604
-6548.93818358761    -3638.069483443453   1         2.9145576617362403
4976.5011836073845   2064.421586163586    1         0.570224762230229
7536.365916490642    4896.751957096994    1         17.882187202879845
-6055.880510362532   241.98822910265994   1         0.6616810356310782
468.05026838694874   5712.911697156185    1         0.24928617805290265
-6021.825945294182   7518.788339254326    1         1.0722672003752853
-2418.7076986771744  -8953.692786115329   1         0.5419886567943031
-7826.530398681732   7211.0869773331315   1         0.2349834297001421
-8092.418915589535   -2244.2462421558284  1         0.6400711025630671
9751.213112361997    -2547.1625689308826  1         0.33342182369123075
-3158.2722110816617  -2777.527337943554   1         0.7154918868727398
-7348.665082141852   -4057.4189670172846  1         0.8119980617535705
-6155.409429487597   -3258.6818056828874  1         1.2431459382041046
3140.8692817212027   10226.529779146362   1         1.091292682387968
1215.3521295041983   -8798.589687460222   1         0.7994298529447496
-2484.331525584582   9406.25014449865     1         1.0868389691500873
-7264.929925811368   6663.524989194492    1         6.309247421347523
