trucks_count 6
drones_count 6
customers 95
depot 0.0 0.0
Coordinate X         Coordinate Y         Dronable Demand
1359.962563580201    7013.424300884579    1         0.18597942078457433
1284.694567973811    -6120.908712523105   1         32.30959491995529
-7044.7511927932355  -2809.381574828043   1         0.9235520597973287
-1519.3301416592867  -1528.2044676245469  1         21.047765493916764
-4750.127344071319   -3488.474619625964   1         1.1073239541261477
4740.795909056656    -1851.5661977798736  1         0.19988213487671036
6983.7403057338715   4014.783673650054    1         0.32673009771832484
377.41221337285276   6600.320282468633    1         0.5234881670350614
-5460.972395140487   -4156.163445423139   1         0.12281014647899319
5827.365250814568    3707.481081354804    1         34.29274718018612
3387.691595767224    2128.6427024066625   1         0.279204840853857
8253.841128355842    -309.59493451919974  1         0.4973348821337119
2118.186059833588    -8316.77589401889    1         0.11996863503777491
-4600.817921718411   -4176.891855917721   1         0.6977340077075166
-4691.523908748683   -3832.137460451349   1         0.9817097785027222
-7001.879678621291   8161.655152923293    1         0.46439636415896823
-7845.866170020941   1642.8141554613255   1         0.8936056213368382
-6906.35255532969    -1960.6180221831594  1         0.2255063035984554
-2248.419976372809   8115.515807308778    1         18.939553958373597
1722.011185290606    -7986.000545284653   1         0.25658897103605627
6906.309327405452    -1601.8587860455373  1         0.8868418497253167
-7688.563261542094   2330.2951577817134   1         1.030145714082091
4725.969245817931    -1882.7234698877974  1         0.39715453113307464
6624.746674983755    4032.2609478358904   1         1.6425072612832738
3288.08246356767     7793.232258337685    1         0.1365340129667657
1344.5513391839513   5107.548936348787    1         0.7709959544942544
-630.6800946770096   7777.808766825361    1         1.2337339487338455
167.20416422506116   -3052.8475552460627  1         0.3166340413541807
2096.080724207499    -3578.2366141206694  1         1.2474870242343596
-6462.859906840198   -2522.365180978344   1         0.7457041861826499
-5415.398208855132   -2243.2166925192355  1         4.361132390723389
5678.781284816589    1947.8172366264157   1         0.4682876525423739
5729.811902398949    -5740.732120336626   1         1.0054125224929997
-1426.9670010818288  -7186.151236399333   1         33.0121650887116
7243.970602767558    29.2854575492698     1         0.32377508501613605
-594.7064884663552   8326.82092384152     1         27.69054737641573
-7369.703034317458   -1102.2520937673216  1         0.4991948686142206
6284.8117951060485   -258.4702765990309   1         1.0823989724587555
-2943.3476840962217  -1681.2988689512256  1         41.14190604448198
-4516.134650699253   -1620.6557719383713  1         0.7602892783488698
-2716.5762338217437  -1320.5779367807072  1         0.34124935998685857
6210.573121649889    -3651.1902296572657  1         1.0315897359379058
7304.7511091293245   2242.7959688481105   1         0.7737412919887968
-5408.725417523514   -4706.828237455755   1         1.0753111928017234
2864.7360285740933   -4428.406159156683   1         0.36518382487665557
-2479.7196160071235  2816.205742682096    1         0.28128032483532817
-7983.722650297113   -2754.0779773545382  1         0.42248142344260164
-828.8103798700131   -5532.9509647240975  1         0.1776339260012719
-4063.12975238555    7343.200316011821    1         1.2233447562324278
-6348.469151416994   -5698.430229287078   1         1.2346019267284034
-2688.3670183623863  3024.9280848020053   1         1.0368340680540153
-5387.496445193554   -3031.498901293281   1         0.6037821241384329
-3206.472367124533   1401.5720295543852   1         0.2776635924419779
6582.151376440983    -3760.417439514425   1         1.2172349906891287
-3207.157741066681   2832.878365632185    1         34.108889199507104
8219.653650846063    4211.68971353921     1         14.465606302446222
-1558.0288636001846  -6465.978869619949   1         0.70052625621411
7430.508384760368    1995.3589190857383   1         20.612835064756933
6390.405758498316    7846.745204152593    1         32.436601036877605
-8247.287863996844   -5052.516123679591   1         0.9078149638250474
-7185.537372342658   306.3669653464058    1         0.8747918930165923
185.217247390407     -4337.804980508881   1         46.10192523665505
-5891.967139263121   -7454.151677161652   1         0.25605934895037236
8264.348282154582    -4095.8162018943035  1         0.8275252264387348
-154.02899288023397  -7892.969328519312   1         0.2149507258799234
559.7992823529836    5698.12566232664     1         1.1643783315172809
2080.4573147755436   2254.442985241525    1         46.11352331194491
7295.531910375918    -3336.435462123747   1         1.1854720903448368
5792.93815546347     -157.66318999187615  1         7.973325631738265
-1537.5816158630662  -7201.362605755535   1         0.949965053939863
972.7262434753012    3956.3497826015305   1         21.656948936369126
-4929.927050166544   -4362.210575751045   1         0.450621528607291
-3569.5099286054465  -3709.462043723996   1         0.7174302795665772
2986.6220758723116   -4784.941914136778   1         0.48421926640579493
6114.540828527689    6624.458953273512    1         32.140883213895364
-7357.892227198124   -5424.262164000982   1         1.0307207483203298
3080.3452118917976   8012.214938419245    1         0.8075518894639626
6242.827138809899    619.3302884756629    1         1.1169939342973838
-7431.001197776237   -4745.101926208963   1         0.9171148471416831
4408.285495294329    -6485.700253296631   1         0.16444175551291848
-3646.0067103742776  -3236.381299210516   1         26.748806597046176
-3131.5571285739597  2130.0684695012314   1         0.5922443616858809
-247.5449360309924   -3805.272743383012   1         1.002377018538281
6041.722807660272    1216.6834519276101   1         0.11681682996766077
7765.649772870659    -2742.1497457017945  1         0.3168044695723914
2402.063898079273    -6216.782015225844   1         0.1224982848706032
-2224.128483543007   902.7352199731104    1         0.32219961101792693
5100.560309032241    4813.8089893560455   1         0.5951772635166208
-8106.858846551499   -2463.3655388217785  1         0.7501485005598255
395.4674588041723    410.0685557716054    1         0.899023415058444
5169.30061314559     -3563.5938564043895  1         0.31460013654860747
2501.947854786042    7759.477886314286    1         32.41351592910651
7478.288816915372    -3058.875528689765   1         0.30457114920743455
-3866.6098812242813  5550.142550513073    1         14.87533685039691
33.14959647506093    7567.302134287632    1         0.9400286840337888
