trucks_count 5
drones_count 5
customers 92
depot 0.0 0.0
Coordinate X         Coordinate Y         Dronable Demand
-6077.250757464493   5042.564449991709    1         14.073056312034671
1005.9499827726197   -8228.490627748679   1         1.1150759665490702
-13778.662721039504  -10937.28101078002   1         0.6191466786574058
8416.331351270539    10573.816157910802   1         38.859687179415715
8412.815091235087    -12097.966487587055  1         0.8357149486002061
-2249.150118447498   7853.163460077456    1         1.1741489318740013
9846.997092294992    2057.858972988229    1         0.21666189441115702
-10815.84000006031   1130.4720456282284   1         0.7913530113567557
4855.418301836438    940.4340526812484    1         1.07937978212421
4857.550288918502    -910.392694830731    1         0.2093227667645441
-122.04452165503588  -3274.2991344587895  1         0.6741507947982842
11685.781540398053   -6451.063786009025   1         1.191971173190771
-1302.3961055650025  -6307.696393020276   1         0.12299091349026134
-1798.5211321894246  -230.45007905828905  1         1.1783316566559705
9093.678473215083    3732.0152552114555   1         0.5307716384434018
-5415.812419661105   -1871.1762330430245  1         0.25675430321294335
-9650.96701786951    -437.9740224099572   1         0.18522390582135956
-5554.161040463037   973.1099691859781    1         0.8422061404983029
-398.5289173362743   -91.85151769187674   1         0.11057735688699741
-3948.7585579304655  -2581.4550208894107  1         0.2835291610639371
-4647.814168729378   9117.162368769541    1         0.39571379627751635
5159.3896467870345   89.7457923438708     1         1.1533072741479025
-2745.877578281733   -8574.512160279248   1         1.051677602839034
-7287.162206522978   1453.9658155072577   1         1.1705812517848821
-6652.811597722814   -6493.584200005017   1         0.4341137094654748
2627.0376444941835   -2254.5798542059315  1         0.3012151328786916
3428.8158246746607   16331.193785548654   1         0.8704223460625464
10393.382433448558   -7688.318353371034   1         0.9873705451370509
1787.7226976898771   2253.254722522722    1         1.06495066652489
-12183.122875283349  -5699.13802640796    1         46.53001442777884
2627.0182789371333   1747.9603259964058   1         1.0508116146281574
4368.510361911349    -60.27776907375737   1         0.2312735247352472
6668.348372329707    -15895.122184659056  1         0.48018927966556424
2241.628997759671    -8803.070191007953   1         0.9579301510118184
-9586.748017562273   -3558.6430853585566  1         0.5597866634563183
-3345.9065309460934  5339.1235273854      1         0.6425836083651795
-4251.65641234569    -1670.900641202888   1         0.8651218508117666
4037.3310872249845   6054.627417520156    1         0.24959923689497507
-7435.312319825696   -5965.459664152878   1         0.3525428211603231
-3168.4127636559756  -7841.823507170915   1         0.23057400808427986
-9322.519168569102   -5442.1297095009595  1         0.8374637093480682
-10877.722772001423  -11131.621315393968  1         1.2285590842184986
-9290.842923232109   9827.46965615459     1         0.31814549473700654
7345.566303276449    7367.811426677441    1         0.12104714173029547
7145.097588015716    5022.678410751621    1         0.9017693078167678
-5914.429637596965   -4125.29221307769    1         28.443327562437233
4737.521183106511    -8208.156000669176   1         0.21776174925785197
-5990.316583626441   -4607.119023231359   1         0.7520866804235267
8038.341266558309    -2692.5339555566247  1         0.11004108214297037
16496.8993469497     -17076.531893152925  1         31.241562844567277
-2749.024630729558   7415.85258737503     1         0.35590535580758054
2031.3712036473694   -9780.093589947353   1         15.007734311027086
-986.0660281163007   -8414.164857245321   1         0.9848714844324051
-5182.021344793721   -8121.642054704952   1         0.9029652896310503
46.585249789980914   3230.8834494566995   1         0.15940110912738303
8574.719999239951    -5166.341592756614   1         0.6659984314787102
2060.904925371884    -2382.7136359174983  1         0.8995512136583673
-5123.275273035807   -791.0757355221086   1         0.27017829760732764
2782.5387453990484   -6058.748755336105   1         0.7335759322253422
8555.905565798805    -5245.990101306291   1         0.6540861380645818
-2055.8026240996282  4206.776203703597    1         0.4236609268151176
-358.551891323561    5149.469334176516    1         0.7496924643658123
2330.8751678141944   -1740.7963661081887  1         0.9139570451080364
-8797.357903690838   -6501.5974349376975  1         4.165072882183397
-4263.372432385172   -875.3415647370368   1         0.44718784339208184
86.94833483622767    6666.9454612846375   1         1.0696529456087198
-7912.12358203128    -1638.431959647415   1         1.2199496822209341
-4202.673443232006   8384.040811430183    1         1.1197090150819216
4628.0744808517775   -3326.4041259261626  1         0.47045502521766247
-8062.38425584566    -3002.7801472784595  1         1.1336289898089889
6316.44420656551     -7243.482093374207   1         12.228389397296386
-7377.423995303995   5803.512693843193    1         0.9846981437745773
-4932.156043954434   -9725.160511539416   1         1.2273046913921482
8734.612696589156    -7551.853473609497   1         34.57649317185737
-3309.510907629794   -12915.845633426528  1         14.084025959260591
-13742.104082406011  -13771.234325279696  1         0.12371330744315837
3779.198938240579    -7483.21771965055    1         37.34045698452708
-13417.335224981993  -6213.156977242057   1         0.3191741952463616
3251.470718188107    -2114.7427631239743  1         45.03930347497783
-6686.939694749624   8288.027375495845    1         0.44616747227076625
1630.1449061368926   -1220.825287888436   1         43.18331057490209
1148.3141931662005   4422.930701709586    1         0.4344263162242158
-8196.025004015331   1878.8994727851666   1         0.11604682377741109
-9677.232611974701   4973.46303247575     1         1.0400573694237452
3024.2635368877513   7038.271317662167    1         41.957504512941796
3753.1283139974557   8390.730514224018    1         0.416082271270409
3527.136074643419    2425.5585644064163   1         0.4272573655783629
-5757.852100676277   6902.534442502748    1         0.43421908316638735
-6314.115243752584   -1403.124245145192   1         0.14613039965442817
3945.9933616581648   -3016.9661229743333  1         0.44493912391940005
12054.333426361132   5886.370608583966    1         0.534170315056088
-3683.1796709578393  9649.549243277876    1         0.127980677223849
