trucks_count 5
drones_count 3
customers 59
depot 0.0 0.0
Coordinate X         Coordinate Y         Dronable Demand
8159.733051621487    -538.7167802982057   1         1.0523112397558605
-5212.3334859619345  -467.73089853882925  1         0.7022972953401698
-3091.03093322371    4985.858426049928    1         0.38815455568770285
6480.5574394354935   -1437.4216646033474  1         1.1154334733932416
4548.326151081329    3391.505887286668    1         0.12277134000411612
3313.215533370404    -9531.837062724253   1         0.5426752761945022
1482.1553450508034   5561.121075013149    1         0.41880358665016737
5222.0505002896      3223.4728563959106   1         0.18122317609545688
-6310.064496254679   8410.47893144639     1         0.8944648906243079
5523.00663680393     8921.887207755153    1         0.8069379104088273
-4356.0331948611365  3106.2385695243884   1         17.0561039998346
8395.344334746047    7948.258913891483    1         31.618635745307685
11374.18614687064    -8227.4239207492     1         32.337036294537704
-7726.068864771569   -6901.879655856265   1         0.8698927877924632
-4642.721561047602   9849.081012978724    1         0.2773354282246805
-5108.9371254101225  4279.531783413585    1         0.7103598962800007
976.316970110458     1038.5268382256124   1         0.3313180259944106
-3959.0378734581514  1508.2315937141043   1         1.0156538531415586
-1913.8281028260892  7760.454667741453    1         0.8776939577131109
-12493.89069740381   -12037.536257407257  1         10.434572129569228
9173.379603441363    -106.01332576581369  1         21.94824651379544
2784.2513407001015   6344.887245601198    1         21.833529615736502
-10178.680754338706  -1894.7593246648073  1         1.1274188047762708
7860.509027150164    -4232.097248817783   1         1.026045703314275
623.549628735866     6222.569039514299    1         0.46116255096849024
5729.36550741428     2721.91596776442     1         1.0774358871727348
2230.011445014889    9379.272647463806    1         0.6401909021576406
10418.181419093818   -7020.305191117526   1         46.814244185600685
-9220.22356123344    -5653.243513080616   1         1.1710357469483286
-10490.402438031502  -1837.1572345678965  1         0.7210132599924824
-11281.999252411366  8256.366332127132    1         0.24239234752770727
2743.93659607842     1268.1227606926338   1         35.22076735656015
-7814.684807339784   784.0675770756005    1         1.040561614034689
-2705.273127825289   -5898.8700683122615  1         46.66620542361619
-1567.1155968010532  -9789.368215547938   1         1.15677617818544
9591.473521420263    -4072.647761156596   1         28.27925020067143
-1107.7826416772295  -3148.486671992674   1         0.4850721451880562
-6973.940000940452   -7318.013470926761   1         47.97849276491325
9340.868071502451    3032.717236230028    1         0.9341398156554791
-9239.783957121808   4689.172313598442    1         0.6532127877783775
2210.4042385686103   -1598.749476072308   1         0.8725986197289345
-2463.6255326199857  3984.7495289829767   1         0.7785138430904155
-1137.2611078077239  10777.878511075241   1         0.7323102729021097
6967.03774068644     -7417.405206727895   1         0.16892221769768992
10332.511415813764   10091.336537137982   1         22.608954921909078
3167.957459448356    -649.8109256614968   1         0.47104442548571857
5249.049570413208    415.1087823591066    1         1.0180985562395086
8313.56374677097     3083.9852537785764   1         0.7771029127017378
-6855.93911741445    -8208.288287186047   1         0.265091917068197
-8878.182302035866   -6770.612485485342   1         5.7102710298148045
-6556.341906505267   -3815.8071752676324  1         0.150682781766772
4524.253901658508    4972.238795357246    1         1.2423123620208576
6301.030321729823    -6437.607589061365   1         0.10154314439804969
-9920.401158395603   216.2504352279072    1         0.9447503699940709
-161.5316606428209   1001.85990532963     1         0.4328906946103098
-436.6811737478776   9188.549693660187    1         0.47771836888336183
2616.122964053193    -1893.3302803661263  1         0.8760865553619562
5444.015100682417    8514.319910641976    1         1.105010315298799
-13152.254636272512  -5676.812470372384   1         27.287116165498674
