trucks_count 3
drones_count 3
customers 63
depot 0.0 0.0
Coordinate X         Coordinate Y         Dronable Demand
3387.8759020492107   1498.5733340397126   1         34.6378190331629
-9083.231788761123   -1177.97210358761    1         0.13836092907943612
-19.601665125540332  3368.376685435708    1         0.9981795634833582
-250.40197116879378  3051.9374100724012   1         0.59864542765292
-84.11732787366964   -9621.163883817331   1         0.8585591208469748
325.0831434173441    2181.1099780391914   1         0.5116406627515454
4042.762603570254    1590.343996841629    1         0.90084099042034
-7756.877011271978   3286.5677788906164   1         1.1559941739770603
1988.1323969854507   -7641.273597351537   1         1.1931756831776614
-2500.5446009728616  9010.790709971694    1         0.8663703336655658
-2985.6633381268703  6409.273142586924    1         0.1601243540591349
-2023.2644987669253  6544.402904314793    1         0.913049209606454
-286.3518945319588   609.1247645523044    1         0.7538944543168372
979.8831558402617    -8850.989402762403   1         0.15867051377565988
-3766.7666230283544  -7562.5071493999185  1         0.3892682496388663
4919.031386690672    2845.8634995763387   1         31.08294662586441
-6281.049884359233   -4035.258266269877   1         1.080498583724149
4485.484662377039    3251.52318199386     1         0.6252440821007452
-5438.8715394529645  3071.66294707347     1         0.2687245470720633
-3589.0720075094728  1715.2397807085026   1         0.8818081641336967
-4107.900300782838   -4100.134174667488   1         0.7324986812403049
-6881.153430331984   -985.7494395244374   1         20.16658638901988
630.318749017297     -3048.021395908276   1         0.2780287994367089
2730.492714933973    -8017.740537592181   1         0.12168443198358132
-1769.1216920484785  9327.765504063656    1         0.733065771468277
-2545.5200352185225  -3772.125643251423   1         0.5651564851415463
-1523.12536570858    8276.449600451659    1         1.136934582927617
-4738.230218541332   1620.9903325171254   1         1.2310867811977453
-8158.110002669276   -1078.467028026331   1         1.0475592027739673
-6391.88399024815    6008.74749023343     1         0.5285640817426956
-4245.183802249088   -476.81436799043513  1         0.5940066597574941
-5889.385119426229   7242.886278392733    1         22.196867161467026
3945.6374707070468   -6651.612918010617   1         0.3231609016403544
-8957.067041862578   -3907.252148683273   1         0.7139949629986293
-4706.330614021903   8417.229184342046    1         0.25739010764768244
6476.45868613449     -3191.6589383108944  1         1.097007150987168
585.0340916423218    -7888.558735964764   1         35.9508204133889
3195.4395057613083   -773.3159149799981   1         0.35025557477680647
5869.486307385789    263.84171236978887   1         0.663799161159197
6102.2207540680465   6979.867608182564    1         0.1493836300294519
6672.905932991832    -8064.281076499953   1         7.981764488747192
1902.0717937557145   2899.195923294107    1         0.5544207908340126
1495.5361166612465   -574.0256873366425   1         0.9366967559555647
-524.1208539817969   4173.323861000372    1         40.320708225335785
-1914.7361980662279  8741.573994488503    1         1.20685726339648
4472.6013869184335   -93.92781265655364   1         0.6997550218905526
-6769.546653660257   -1981.1717688368915  1         0.13455160302385455
-1112.7059734375673  -312.4131817172989   1         45.14693278553357
-3515.2805446207176  1680.2445769404567   1         0.6739691132251759
-7806.940552242297   2604.412084103231    1         1.1821547938756858
-1391.62825240501    -4992.3291848107065  1         0.4364655244816691
9021.78335260331     7557.5452726840485   1         0.9811056637317986
-6938.385358608562   7409.505550902737    1         0.4749223276253721
-7038.231201094476   -5828.799412136454   1         0.183899677445535
6280.750805106153    -1998.6083169620126  1         0.1295202039193863
-4232.100968172823   -9922.784127323199   1         0.7406320839758705
4920.5086869102915   305.5147332399227    1         0.2728011162578353
-4628.5591090227035  2377.950168419906    1         0.15962316478856636
-4997.7176665026045  5847.415571115595    1         16.364089150172934
-9748.66914742366    1124.5593935734614   1         14.359323643657898
3596.6918944556733   2661.2006894959304   1         1.016493913131823
3497.7256968593397   1446.3995544999204   1         0.9556034232724044
3333.5966387273384   -1138.3018182791438  1         0.4021116319946275
