trucks_count 2
drones_count 2
customers 31
depot 0.0 0.0
Coordinate X         Coordinate Y         Dronable Demand
3655.283090767275    -367.5737552442434   1         24.310340073438862
-4609.677066374151   5252.316718169133    1         0.7853875987863501
-4965.95412677456    -1803.1754212598914  1         0.6263993878975433
1096.6457503898216   -10257.442876241523  1         0.45956988560809997
-1456.7010859655547  -10549.386140450315  1         0.6382226545682244
-5193.2599197115205  3112.510633270617    1         31.333456668583313
1450.2953975229889   -4619.86514176173    1         0.9067570391348662
-3973.963919360876   -5376.983897522744   1         0.33323003577376054
9618.47931453712     1700.5227321167172   1         17.063913893494142
-5513.7900214392575  -5941.467707474516   1         18.49974596481024
2356.272039874539    1852.278560835013    1         0.9269559489401071
-1008.0255922144571  -7731.223797621345   1         0.668758788269985
-6456.073693325352   6556.107955763486    1         0.8051972079479237
-243.92220543338664  8034.503984815138    1         15.240074161040022
-4941.379533985937   3457.8122865920236   1         1.0406610318429634
-13679.64697100364   -9797.626983108514   1         37.50307994446844
1770.0833336713672   6991.039285647289    1         1.1930542303610485
3857.9962748419052   -5684.0485047666025  1         0.9052867947321075
115.45067064517335   10.026110476328828   1         38.26451911540321
3891.871306413427    -4157.079624488955   1         0.7573844963224797
-158.30167907363446  -3286.4207238241443  1         0.8233952443243406
-3873.1407264811496  -784.4887424746257   1         1.032134213694866
4145.753156494247    4943.914160192137    1         0.2299204857194563
6913.2989919057445   6936.530389478233    1         0.27275238430719495
13890.979112504989   -990.0822041266802   1         26.065179757382726
1151.7829712913078   -4544.946833121067   1         0.6313993458377567
-7883.679186933304   4718.510020026397    1         0.4489773271268126
2773.3692424251167   -6016.390290794488   1         33.43071656798822
-4115.475677258594   6257.689773533835    1         0.26603951076485777
-8659.027443380539   17913.14613588505    1         8.390116164122793
4215.21709067047     1874.4124455221872   1         0.7694872345232087
