trucks_count 5
drones_count 6
customers 83
depot 0.0 0.0
Coordinate X         Coordinate Y         Dronable Demand
-6678.413717344235   -7181.017586208269   1         0.6058944600644706
7351.8721336429235   -7332.6951506978985  1         0.19251218445065044
3677.227047130282    1917.163614450772    1         1.035909651486151
-6790.795164196978   2746.4927906082526   1         0.8367897758894931
1329.3516595022593   -2237.2606437055642  1         0.329975253220091
5119.862677595298    1446.838799705325    1         0.5749897809253425
6967.937097349858    -8339.653279552798   1         22.937360278268365
-851.1140968568026   -710.3601763859035   1         1.222949477426002
2277.4735283871      3785.659110888465    1         0.873607664846589
10680.295195615698   -2291.9887643740144  1         0.7877659313196045
-3491.552565527245   5701.454881490658    1         1.237883149732708
-2441.518676568525   -10291.940709185721  1         0.7851623596818698
3350.1901410134374   -7887.080546058661   1         0.1961809009162767
2832.6501436549634   2413.060948242448    1         25.418347815049117
5851.608523509577    -2443.8771223829453  1         1.1045242035132312
-5188.301108882466   2585.626559457087    1         0.23083481541117076
-12270.018515563675  4519.589942959359    1         0.602859436962326
1044.1895163911445   -9000.261133979633   1         0.3217925283691089
4323.26894075914     -2315.450522758373   1         12.26713772633295
5455.528775417253    -647.6877028023966   1         0.9138635870245698
2851.055824856129    -8306.934910944234   1         0.9558612860699309
5006.695238088515    8120.041781464148    1         1.140649284576984
-12305.20672474763   -14123.558913280764  1         0.42606394837182104
5735.015742930273    -8183.09592037734    1         0.6818294796213532
-5223.050669615427   8827.012321121912    1         1.1784167997571946
4656.901695051041    5694.3317660771745   1         41.406499850925776
3140.2041498370986   2604.1534887427047   1         0.3356783444889959
-989.7115784755342   -3982.805144978827   1         0.22990224640001136
-7379.690417301946   758.134220418701     1         0.19810125765659925
-1898.6217467607478  6244.994582782658    1         0.4595208943388822
-7367.6442915913485  6964.533184759573    1         1.0671717425568419
-4783.924851466441   -9775.450211559873   1         1.0786615574774367
4275.104531971313    5745.586729225217    1         0.16212038592398614
8784.68122243068     1825.9662016229192   1         2.7471796714316414
10309.41906780347    -461.1650576348698   1         0.7983125000478554
859.681186951694     804.713865288735     1         40.29581186182459
-1348.296191748275   -9337.966393612363   1         0.7155379182972686
5636.00170105717     7682.317814073923    1         0.41163815654714375
-6362.85382364511    -3102.8016506988197  1         32.62650229818492
10368.421243803195   -1967.3733947798698  1         0.35285510097547745
6155.231389567918    -1138.751423646705   1         0.9474684885592145
-9822.46807420709    402.59360091412316   1         1.1517682178359991
11264.223075888342   -617.5983969188474   1         5.304591325139307
4472.91939141559     -3371.4998754641906  1         1.0458446529715444
3251.551872279939    -867.1362034736776   1         0.2164475970416349
-39.265515143103265  3325.840180281768    1         0.4353496682385761
-6258.8400196746525  -2058.8271719174822  1         1.0973781420525968
-8627.418722477161   -6432.029534148866   1         0.5360405361279078
-8790.212369185047   3100.904505758084    1         0.4705464153205311
-4221.927934784115   7798.604656814762    1         0.26956501431775437
7935.964142627701    6281.176877437152    1         1.1359027504645969
-8913.890961305928   2848.7798874361565   1         43.6864760480892
-4519.939270567004   -1130.4776698652697  1         0.2627505391426933
10678.85526119229    1181.244959082783    1         0.9177244070519077
-9249.724019580173   -1714.5703560725915  1         17.706193715412777
3455.687116405529    10050.476076538276   1         0.9319496202705929
-7451.959018986968   3407.435065647624    1         10.705556923927896
-738.118907569177    2989.3399651619843   1         0.3278590592969689
12371.032432057658   6820.818299539871    1         0.9442908341635323
4487.380325981709    -6816.567583190021   1         0.2429013848996782
-3082.211800238482   7746.580791216654    1         1.1992733507422901
485.64098703000155   -3503.8625608002153  1         4.774307742870575
-8378.272556660273   -3559.872112603796   1         0.1599384363538427
6517.315531929511    8253.386945655826    1         5.9056189298545485
9295.175817248757    1880.986309679234    1         28.62003154681878
9096.620041669492    -1251.541504100739   1         0.7805421542682003
5855.91721806051     -1364.9954868594582  1         11.788571045320172
3895.317071726025    -10086.636633817225  1         0.14417119732078704
7182.323920754039    6107.707720471613    1         1.2014735021152565
-5279.588268304714   -466.87175201645766  1         13.178422364146375
-4306.433127737035   -1788.7306093375614  1         1.096628416013001
-1786.3730494891622  -5211.138627614346   1         0.5299045372052184
3027.610070621049    1621.6996505571597   1         17.01985486920744
-24.03268343176853   -4150.115343618383   1         1.190095594020569
-3520.303504447482   -6503.044676310354   1         18.48012887759553
-5928.550568695731   3472.113085358599    1         1.205243508146903
9179.52650832609     -2518.7022172404686  1         0.8532496953201342
-829.8314537449038   -2314.077582357544   1         1.1662339759558857
-5034.604599423589   9472.555750878906    1         0.45936048618182923
6212.511565591723    1682.4678177743563   1         0.9649676222047701
8450.647807784615    10960.485853808666   1         19.75566534545314
6042.784795677778    -1314.2872477697708  1         0.17990043061698408
402.3460952542582    8564.997704592744    1         0.8046327134333772
