trucks_count 5
drones_count 5
customers 83
depot 0.0 0.0
Coordinate X         Coordinate Y         Dronable Demand
-699.9050172336458   7820.218110959293    1         1.0705632980270956
7103.946379722992    -3135.252746886739   1         0.7884148528447709
3063.365762055647    1269.7258275662055   1         0.780011797404018
1536.3140968202042   138.7337266314129    1         1.0948564882794727
-5554.756277497074   -118.15199955652874  1         0.6226776104779602
-5483.589597289801   5666.555207277787    1         0.45481460741121615
-1938.3430233714862  -2081.995520614461   1         0.13910131754189553
6171.933846355925    4583.144204970422    1         0.732526456656482
-6109.9663476280475  7554.831775980315    1         18.00909628380184
-7024.47703049957    -2053.38754285144    1         1.055350453385243
-7090.410564418034   2572.2183722829477   1         0.6580015574435694
3584.540953923322    6367.169356212839    1         0.5937811657621298
-6646.174676679852   -1613.4001043191665  1         24.234483059498164
-1382.4011209911441  2632.669095134179    1         0.39630936895860014
5516.928489519655    2819.273480956919    1         0.8791109129943215
7570.705441887577    -3018.551199692516   1         0.8656242200120959
2092.9793969333887   -5854.911957960898   1         0.6432484484476306
6050.233236752962    4170.688997094083    1         0.40316451661651564
6787.412297880609    -6894.140579159742   1         0.29663471806833763
-4244.108113450005   6429.578546365886    1         1.0614256376321705
648.4253829174286    4432.363768040452    1         0.6400254346732178
-5998.959761500372   5584.992642072595    1         0.36765246804477936
-2990.3499644916724  6794.286452159866    1         0.8240116861631563
-1607.6209201598315  -4059.4567141178254  1         0.6287871641162124
-2136.6146472350642  -2282.4550306856104  1         1.0834830003896065
3489.3700422622383   7092.125797516729    1         0.5115610309004531
-2829.007626515262   -125.28404517602394  1         0.12468761327142872
-7358.777460107649   -2463.007822208665   1         0.3666726270204791
5530.220388798592    3495.5097827312657   1         0.823285926459716
5380.105749377961    -6530.525408334908   1         0.6742586232014256
-6766.393792524165   3254.839428736957    1         0.1371123666944294
-3301.0581139151304  -3019.1261372704193  1         0.7040526579708938
-3423.0755260130018  -4510.48067539143    1         0.35650684977244174
4823.896135197923    -4781.236218978802   1         0.4271207763980833
-7031.05008834628    4798.953035135219    1         0.8009153358204487
-4231.55197921301    5857.501270077565    1         0.7490605345011043
-34.775679927967374  -7946.496025892818   1         2.8416487836792577
162.0773687147237    -4263.946871507706   1         0.3241234006534597
2292.861707141915    -936.2125839133553   1         0.4480241172613394
5873.192003883168    -7779.758274837667   1         0.49252114889781595
1984.261329646191    -5641.4950877015835  1         2.7370624455770827
-1443.9926025463017  1835.2330691983382   1         1.1737773241069736
-7639.355975313301   -736.6395032564907   1         24.529734289978453
-2992.5149265449418  -4377.0004196156715  1         1.6758354279456071
5560.8990500760165   227.92163979920016   1         1.1475150364562217
3615.7951430127837   2119.7228162368347   1         0.5404005636594863
-5294.657780640683   -6434.197679036865   1         21.3532362699912
-6590.4639149601035  5596.80924323959     1         1.2409858530398747
-4690.783388377112   545.8472105626652    1         41.40022957119984
4010.767592430233    -1315.7937746781324  1         1.2275045337654922
6883.267800772608    -3892.594937801625   1         0.5279287810004175
7248.112288871045    -5188.164106841667   1         0.2312509143225845
-4505.468558411743   -506.57691953151317  1         0.37001751340871525
3172.059300773772    634.9943390291061    1         0.28481163114936914
5535.064032915156    -5985.63527925627    1         0.7152906207330634
-6832.128647953387   -2516.368545040796   1         0.46139090212897194
2076.5918430437287   -1297.7336559273672  1         0.4595556793391363
4505.477943318963    7558.384763142444    1         0.7280548299301544
-3794.4923786689137  8085.924922731752    1         0.9161608349682389
3782.733013917159    8142.1140015485435   1         1.2239665358741165
3636.828662558761    5316.859877661612    1         42.4956880302591
-1254.043356621365   4150.889643758665    1         1.142495299667571
-83.84009943689725   6680.298023828508    1         0.6952760662218418
1517.3828818660077   281.863625094913     1         10.219096164175957
4351.8688615921665   6025.311983146124    1         0.4788533195394352
-6793.509226318015   -2948.6396022449394  1         12.759355923006435
-7444.365238395433   4051.5591683634866   1         0.2220735500451379
-3437.8538331434765  1705.0290442166752   1         19.96885192064745
1501.2423355319668   -3112.231200792882   1         1.046637992821749
-7153.137144129739   -8225.51220178564    1         0.7492020743795952
-3147.714285996294   -7121.56488673777    1         0.5807841434656955
-1778.899278614787   1633.4583736239479   1         0.8075762341534346
-4593.996925452809   3224.8572611833456   1         1.112737866722927
2882.5996106750626   -704.5136978523288   1         40.35542786318179
3491.466767026775    -2670.346693539509   1         0.8618650251710983
4784.72202785895     -4865.963359391919   1         0.541793224123417
-7892.753703366655   -2925.387907658452   1         0.7686821064028884
-7426.570823260059   1279.5554133804565   1         1.0160504773363461
1792.047975030224    -599.932424180711    1         0.41418864617872087
-315.0249585478923   4947.510579612919    1         0.33307690103806986
8104.483242859105    4831.379647760257    1         7.205382608886314
7345.150025269434    6943.013302145182    1         1.0446711028427522
7535.349423172074    -3190.7997839820528  1         32.19310914163949
