trucks_count 2
drones_count 3
customers 28
depot 0.0 0.0
Coordinate X         Coordinate Y         Dronable Demand
9214.157531340166    -1310.6450142436026  1         0.2879355186683572
-1181.8117190297712  -735.7329086358131   1         1.2247197793467879
-3963.175251865166   -9317.377609212224   1         0.4105390343149016
6578.025893358721    2143.3924997259855   1         0.6829090169565619
-5890.56748149057    3056.262577779025    1         0.29952459317759966
-4169.298132288589   -4671.517274651833   1         1.0474416798052406
3576.568810467663    -7044.71358359346    1         0.9554802792430149
-2413.642755165005   -11028.839323343936  1         18.441115115429252
9694.214435570513    455.2016772011448    1         0.7687068863375609
-9287.924219156861   -154.77107302186099  1         0.18716247897830954
-410.53349051965307  -6460.798466592892   1         0.32427121312642887
-4439.624596897444   383.55772918082937   1         0.17348438536899874
-6471.544417603065   5157.676006624691    1         0.3840250136606884
-10650.360302775887  14365.617073787595   1         1.208652353344011
-5574.947033367883   -1192.4267566480157  1         0.5047592033941884
15652.590154838734   -10514.83653880926   1         46.029996956319565
6446.021368433338    -2127.2796057713754  1         0.2668136026067315
2446.79690073546     5352.298464391797    1         0.17100075377038632
2506.4816294941684   -4691.6765777817045  1         0.8795172580569134
822.1156668943277    4645.700794743571    1         46.48315665408125
-5201.660115714129   -8677.602971202095   1         0.6358216477419896
-5939.3004740871165  4897.596781914082    1         7.011023297269797
15259.353691903936   -915.738088073047    1         0.8143153130004204
10123.848346602048   2828.7068733010256   1         39.95717034020693
-5306.046556075426   -5177.4918201467235  1         0.3121610104451793
8447.119680791116    -3346.0566817203535  1         1.0187629422252236
5331.5230345552045   -5070.078312444004   1         0.48854703914275777
-9182.572911206471   -4984.553357943418   1         0.3375552633896001
