trucks_count 3
drones_count 4
customers 60
depot 0.0 0.0
Coordinate X         Coordinate Y         Dronable Demand
-3019.2086690818323  263.6406189516099    1         0.18453675269352948
13132.197420715427   -13614.980692644564  1         18.99402976312945
-2195.551741005462   1547.091083967716    1         0.8974682035925416
51.76203811067186    -9263.649222826265   1         0.7071867394257495
-5194.749870120992   -2128.66410963622    1         0.932731625328529
-15248.748949543688  15942.516865767895   1         0.32270948025631896
3169.6653381622664   -9503.935621979905   1         0.9965656880261217
-14648.635302025177  -2547.8235485069436  1         0.952182339573369
6243.16918601694     4004.265274036328    1         12.779911692756855
4685.668972652818    1568.4549978697278   1         0.28162073822817757
4181.537464833048    -5448.235951185113   1         0.7723899651465752
-2453.56693835309    4531.588688908742    1         34.442987309239086
4813.751921484818    3821.237076068177    1         0.8134758953004665
5917.249245190591    1341.9566602255504   1         32.63421102651695
-6834.051788143625   5274.689320123064    1         0.9417663381406475
6430.48185344706     8174.834265364135    1         1.1366831600823593
1117.3899606929774   -3987.0036845376235  1         0.16365950389842893
5242.444433978959    -236.1573717621438   1         1.2205263265307646
-15184.656885627524  -18140.55317305469   1         1.222109220970996
7007.000708292084    6737.899964770114    1         9.996219029544433
16650.27235412023    11934.775777010113   1         0.6492822044599946
6333.691318765588    -755.6893244909734   1         0.20208656720963591
10878.086975600843   1184.490803078689    1         0.34607510737979996
-1871.1877143403958  10007.777203194233   1         0.7219993138492119
91.28306712764254    -5788.428658281153   1         0.9790543748176921
-6028.835830831834   4511.317470908423    1         0.2796386020757278
6147.299369891501    7400.332564164704    1         0.5118787859827745
3029.0930004517395   -841.3241524477125   1         0.6144357520157441
9439.287328031996    3975.8290179617015   1         0.6709606001233532
-16205.647943044678  11506.407569239662   1         0.3834329745141244
9132.38933283496     -5589.914830046209   1         1.0840136464533763
9731.651163562703    -3410.4734808641215  1         0.3954376063868228
-1815.609868273116   2584.4028021961094   1         0.3438038018669075
-7870.1061585442385  3511.1287306350637   1         1.1429347402936967
6233.864299183163    -7317.368989670321   1         0.38406936813996295
-8025.709111716073   2144.7836271887054   1         0.6374251841930834
-3392.086375590754   -11976.9958457434    1         1.065507656078033
4819.008677111418    -463.4739017459069   1         0.8922130948727569
-3640.998100178679   -605.1382313729755   1         0.11459751732616924
9084.544798300833    -4354.465945065813   1         1.1308024547407471
-13456.51774019883   5456.547946620944    1         1.180402212039033
-48.7084887607732    -6994.6447329926195  1         1.0446947722515731
-139.06605789182146  -1951.3121321921185  1         0.8438235984005795
-7222.833389937389   -1605.8513069556236  1         0.8158645650138703
6722.578771617262    -8016.040182027721   1         0.199119959871013
7791.6884490234925   2665.9152244244733   1         33.52546353322255
-17638.065677586415  -2979.4996669293014  1         0.3818728788043476
9327.56967627175     -1296.2971746719813  1         0.5364856865923175
-1069.817483848623   -10204.441476454445  1         33.607941814371834
7506.887201636091    -2458.080958156809   1         1.210422542112077
2411.8618743624647   -3924.5487146734245  1         1.2293598768696867
-5096.051402149999   -3985.9253771682297  1         0.9013768533673444
1480.839696337336    9359.902445257077    1         0.24278955543209402
8819.83593670528     -1629.1725285935029  1         0.5745062626904989
2144.4428457941144   10627.867315368705   1         1.1102126532477288
8795.901672418318    5629.042330015839    1         0.1425213455448815
861.365398624439     -6658.11389925436    1         1.1821988034977629
-1473.6595465145965  -4533.050927404029   1         1.0993007458879756
-3452.8871179187745  1973.2732929347978   1         0.9481074812883801
-9348.493310648544   -5424.405779834346   1         1.1911112298697297
