trucks_count 3
drones_count 3
customers 27
depot 0.0 0.0
Coordinate X         Coordinate Y         Dronable Demand
5508.789764862118    5450.681610710297    1         30.339022094933018
1452.5794602541578   9639.681178770821    1         0.4127269904389369
5808.8664351274765   6444.65426306181     1         23.1035728086619
5816.038114939163    5089.021941018733    1         0.9125916669329236
15959.535402904585   -4655.66046221851    1         0.2849032696397426
1747.0732963911162   -8271.972768610673   1         1.0516118347099452
6985.510751729701    7958.926037239919    1         0.801836577593665
-4837.5531286683245  6488.791520311303    1         22.206915206691185
-7826.630967866348   1137.8419267144416   1         0.14785222788452296
-5817.974306485085   -6968.882107415654   1         0.8955452446443525
-7183.0978585359     -6521.76699195353    1         0.6846820101680089
-8922.47900917777    -12093.267245570709  1         41.709027869944485
-3872.371765852275   7057.9773466468805   1         1.0591176126919248
-4471.613101440113   8337.63462724603     1         13.882027681967926
10988.38964289974    -15014.971954676997  1         5.711514024071371
-1250.4146760429685  -14376.192301549638  1         0.40986242841878306
-6897.639693715973   5785.479395138031    1         0.6181211002948291
-8855.30233731452    4927.157819935041    1         0.38000321126547565
4682.739973533291    -6100.317152672039   1         0.6197650293113582
-7696.754035783422   6889.955833997308    1         0.6529071801789222
-8105.634766490091   -2270.8586727819475  1         0.401984337833429
5012.417827974799    7930.475937010547    1         0.4379119423847676
-5112.828922848717   -1131.515986340355   1         0.6240779261233355
-5024.20660398397    8245.131828350073    1         0.4094066113894851
396.6933679200421    -2729.060788768153   1         0.343274234959585
15353.201072585358   -2099.7694262525474  1         0.3639951635533678
-11056.603362954094  10808.815561452266   1         20.75166198275836
