trucks_count 5
drones_count 3
customers 60
depot 0.0 0.0
Coordinate X         Coordinate Y         Dronable Demand
-10006.18297649566   -9730.589970764615   1         0.1327694930628568
-9370.795533281289   2648.9643572463556   1         0.6071587885234231
-15408.981228421353  3467.5074787408685   1         48.28196741701837
4355.5357256274465   -1989.1212816272196  1         8.411094540248602
-642.7921619048011   -5214.783889128221   1         0.3828879236803746
5645.12205715068     -5861.983836334179   1         0.9180658081159903
7952.349748926894    -4696.830000025211   1         0.41921234529953644
-1239.552587750166   -13974.389868744725  1         0.4198165388263172
6493.397534843718    -2620.500285589101   1         1.0647345056147837
2901.139822487069    -5495.714951565988   1         0.8761328667820429
-6553.641451161421   -2082.9154367810816  1         34.32057123725385
-11009.273988237946  1338.4683831035709   1         0.2569141514552
-5489.176602471809   1290.302863652907    1         1.1416848122672603
-1447.8384771324174  4491.192251216741    1         0.8112240779034052
10530.141529294477   -2676.046022013374   1         5.329357067442609
6005.564739536587    7234.140931037074    1         0.9326872739758718
-9425.886095098691   -2271.7952364684206  1         1.2474254264935998
4217.96100387933     -1925.58613659541    1         34.975479691517904
-3024.169500633891   41.016643908165534   1         0.7932645765248588
2156.231982225335    -5933.597962303361   1         14.527892918967156
3739.4099652077916   -1764.2842100691528  1         0.7387600524835438
-1396.2964107354303  -10283.246338261988  1         16.293381558844587
6706.247450601798    -3017.7752589373263  1         0.4600222700590748
16037.547575445229   10340.376142084506   1         0.46480134827815034
-7819.8519858403915  -3934.606892983975   1         0.96812036946971
3459.5368954581263   -2640.792625883888   1         1.2416339393495694
-6595.689996770261   1699.052507776118    1         0.8228473987242281
-7120.121212508984   -12574.764761623754  1         0.24954665184143685
-1387.2852104920985  -10008.902843212329  1         15.304160477935975
1341.8616574100704   -3782.9519126646965  1         1.048164945253316
3853.655324522091    -3474.8971005575295  1         0.772660619797876
-8689.279594325462   -276.4334419234969   1         27.75038759574481
-1473.3641016436086  740.8871618064177    1         0.7480256925074371
6170.446911211155    -7322.814269936892   1         0.8484049948751843
-1776.642869801124   -5147.250725139858   1         0.8091497490239868
813.8638442494523    -1813.837880202703   1         0.9464183902282407
-6680.325270323371   4340.124347926523    1         43.80287696677746
-8533.492719374517   -6158.242901301654   1         1.0867904941607702
-8682.422839423916   -4613.83142157156    1         23.401278595094027
-5120.231757690574   -4309.394719362909   1         0.7614221358180264
-8653.384321369156   10329.620212378903   1         1.0676726777260905
-453.6472174762494   2.545736299336625    1         0.3945746349756103
6171.451773485714    4875.676087056834    1         1.1576502379437876
2951.715592351964    -9736.863420354384   1         0.8694868150059719
785.8595486944836    7637.731444432484    1         38.0457824286012
-5450.823308567261   -463.5457566134089   1         30.72853461163361
5786.177671054238    2775.272702049462    1         1.1002614283065206
8299.816106135273    2233.6241357382614   1         0.6733856902446754
3264.0288640788235   8213.041626952425    1         0.4712047628046241
5463.487279364495    5208.878108475724    1         1.05568168558875
953.2318078116898    -1426.9380411823474  1         0.8077601718400026
287.79991572399933   -3481.037353861238   1         0.41558852997567175
3287.4633266051515   2496.0994270222027   1         0.6509379198863732
1015.0931228043507   2610.7801836553604   1         0.16887200566970362
-3343.5738102144205  15439.005837770785   1         0.11121380057218454
-3289.661706723331   -47.53912187602691   1         1.2419248870658566
-1481.3539531027782  -403.98577223904726  1         0.8938199937354516
-8016.674819379699   -3848.7956261397753  1         1.1931116694962665
4900.083873091206    -1121.311469229492   1         0.47203185747772636
5268.776895414896    1377.977591344143    1         0.3254419334262958
