trucks_count 4
drones_count 4
customers 63
depot 0.0 0.0
Coordinate X         Coordinate Y         Dronable Demand
12804.41898190899    -7308.497899383733   1         38.93836274136545
-7233.083956924317   4530.09314339545     1         0.146364675136263
-5093.6936929650865  -1837.5914519434434  1         1.2268410211078156
-5512.740911750234   -2658.4574564059744  1         0.31219443033370353
7998.779645194203    11871.051735002426   1         28.521308199431356
10840.225675732121   8456.924424603856    1         7.93486107748275
2793.058139474203    -8090.911569501092   1         5.197616980330717
1248.370480981488    -8929.098640764056   1         0.4913930825552334
-627.8738806531182   -13851.245550063215  1         0.30549249487460683
-7699.663967069334   -6246.189229153196   1         3.816245457747319
5292.8712958828255   -1590.708351317622   1         32.46166459988776
5140.231414651875    -3007.135065393023   1         1.132877874481213
-1193.3182588635188  10022.095359387347   1         1.1688245144901992
-4951.099895746262   -2127.913468398203   1         0.5960665147505918
9089.615209621712    2061.04484215125     1         0.11526201528879407
-1745.040772334645   -2578.0942555629263  1         1.1886893712517796
5774.1009657529      2678.28541313212     1         1.1848157522208598
415.8185588350693    6912.520910611306    1         0.3266830404835832
6065.10392650445     -2670.9510184832006  1         0.22158231816458943
-6157.389105253214   6826.128761653446    1         0.5878224289658145
164.09404974114332   -2306.2668844382547  1         0.2854270739371093
8730.045675012172    6565.396423885559    1         1.194956826570356
2391.813436182841    -8037.033242986243   1         0.1801065372397713
2127.9198836131964   -5177.096286930291   1         1.050246222956076
-11.664185170852946  1752.0442264283167   1         0.22431784812418765
4906.1775599591365   -6519.3468594530505  1         0.5949126580324235
-3963.130785957641   -13665.183260550824  1         48.775653620399595
6982.720191354345    -2391.3950269563156  1         0.8240839994424353
2411.09659845347     -7958.8298859433025  1         1.0722788394457847
9295.889903881269    4221.541729647697    1         35.57610008007882
7586.832291359547    -5089.412582951398   1         11.696765785915007
5646.179061211355    -888.9719955788869   1         18.213252107540114
-7219.7058754943     -3638.804878894576   1         1.064079813764853
8191.905744195145    -4106.963738526861   1         17.445217777196824
-10317.142695385097  2571.9910281625      1         0.5877717585404582
8808.261548928569    -773.0117297582769   1         0.5684281475028068
-617.9722794486444   3460.2952497357337   1         0.6430564448864156
1501.7031683764228   -3884.898648064632   1         1.1476470272845147
3896.6633858829396   5296.938342523755    1         19.992544021834853
-6143.995947608029   -5023.273605336693   1         29.839692359711563
-11853.455748545435  8421.252681478118    1         0.8966355109325751
11591.656311181485   4243.915034600455    1         43.52614706522189
-4357.768824106057   -3465.3985559342104  1         1.129207290188196
-2515.7302033892356  7448.8205713128345   1         0.15229988537102113
-2821.729233128255   6075.428405810659    1         1.011092273337899
-6531.126971845773   5715.309908504651    1         0.5318121530749568
9696.739491718983    -2544.447720905677   1         0.2854283857524609
6617.310266028466    -6541.470015085747   1         4.311303224174124
2541.033644213292    4804.448197878164    1         0.365088553266839
4726.049330816583    -5217.863619392333   1         0.8041626849075715
-7567.079496677448   4128.513269982181    1         0.12188825636718242
-8005.727853697905   2256.704482053478    1         36.72333316389899
5008.673653737321    -2019.9664469970526  1         0.7272235994810595
-8035.040198518893   -2958.9420131487223  1         1.2370342429955778
-988.0725925206734   13861.008278223866   1         1.72040827177499
-1501.7479774012304  6486.772808083363    1         1.1319555073295946
2781.0552108403917   -8735.44652193588    1         1.074056350992536
-8075.344362498614   1593.1194097241087   1         0.7299714167913631
330.66836400857545   5875.251991470268    1         0.6949320306701617
6698.457723230783    5281.191231451224    1         0.5992553013690791
-8215.770635570916   -5076.2414313184845  1         0.7210572068041098
5900.3026155768575   5612.00405863056     1         1.2021838243845564
3450.083364479155    3464.1176808904247   1         0.6787213628086611
