trucks_count 4
drones_count 4
customers 87
depot 0.0 0.0
Coordinate X         Coordinate Y         Dronable Demand
12746.411208525176   -16732.493513476966  1         26.143808043228393
5288.310179713702    -1856.0819561188805  1         27.718327478109952
-6687.9145606055035  -2836.2151206580943  1         0.11488034046149105
3176.853050089554    -147.2726799764815   1         0.13889838540630042
9085.9092072833      -636.654877535269    1         0.17421776824308546
-2959.0040787630505  -5843.4085512671945  1         1.068679220734962
-7471.625426138212   -7774.109512883579   1         1.0531065912557103
-6538.577779023175   8565.736683185496    1         0.13426056606531822
5594.152751140235    -380.3163545300954   1         1.1127176413747242
-8217.02216282458    -4471.748799590385   1         0.5147047599194381
-4113.159977305289   -6069.320479889129   1         1.0976040981929498
-5175.272689303694   -4488.336036854182   1         0.8308109166655239
731.1536406924596    -2451.751608625456   1         0.2985980544291206
3163.1572472414805   7106.477621861327    1         47.553130845329605
-8395.439096178994   1418.7951214529735   1         1.0093804838597418
-3283.5547292066476  9132.73001178929     1         0.39936685595624877
7798.4938960051495   6614.910498763312    1         0.6687248692703515
2321.764865168589    6447.676354979278    1         0.8033033306909144
3497.2846558890633   -10168.728895146774  1         0.6902580982070797
-13417.818041976658  -10345.328363862092  1         0.8749916306835572
3960.768225100186    -5275.662676611373   1         0.709181070193075
6630.329613858513    3452.487512111521    1         0.41377441576729956
-2036.5487304317749  3661.9945576852324   1         0.317423216451151
6425.183692116223    -2888.0590054200334  1         0.7083621508920798
865.5604399172153    -15489.991243704508  1         9.82179272113069
-8441.60313676259    -4454.995389410245   1         25.997943978639142
-5303.698321639855   -4282.305361810251   1         0.11740274750203658
4917.97542016549     -3720.5695049615247  1         46.909946201271495
-9549.963961924388   -5024.084730564894   1         0.4167514279314445
6668.231976504849    -1431.4684729188436  1         0.3523214094969188
1679.5699066394423   -7882.28610544506    1         47.82891785589379
3966.9999322321273   2438.380080578239    1         0.678350669857519
7122.243317558603    7099.0874708316405   1         0.943709401851279
1271.0100901296908   -769.4454490706107   1         1.148793397739311
-7130.300477606679   4688.468217254103    1         0.8959994606443908
9466.879267502627    -9457.202880519962   1         16.59509392825709
-11542.898836309781  13165.81527857349    1         15.024481665536943
-5853.470500646668   -8776.992260643487   1         0.6754939052007181
-5180.824744777124   -8575.692844807054   1         36.571929777467446
-9640.553136156343   3406.43811374781     1         0.7524853593407204
-1216.3816171623293  2011.3555592418872   1         45.56835078739066
9106.421086913273    8053.9895809111185   1         1.92772769563654
-4622.804430833488   7247.247855103861    1         0.2981967252493232
2435.363492978489    -3060.72241905049    1         42.37085392843212
-6629.676019695174   810.5674635641191    1         0.7841977154794506
9683.885100734267    643.0253742117133    1         0.9897910958813078
-754.8059356792709   -3218.6468894637846  1         0.7748039373621964
4757.003628674015    -8092.076289607385   1         0.3928586625995858
5214.408373573235    -7176.702907816113   1         0.5827424540179202
9119.045159738856    3629.113347169815    1         1.014416576349943
5101.513484241601    -6792.72273131873    1         1.216995351659543
6838.2060503382945   6247.5409373484745   1         0.4321397263420016
14171.342101007871   9074.490066351642    1         12.229621736905191
2230.1620881024573   -8638.536102325928   1         35.07883911002041
6561.508830177202    2799.403862767071    1         0.42293542427228614
5356.05729345204     6319.479494853016    1         1.1840802605044534
1186.5286556080287   -453.2388679004559   1         2.792089962652069
13962.787234441916   -4260.721129566464   1         0.48011947474174244
-3115.6691979160137  -7637.907518479456   1         1.0553488480406006
-1496.6948669845908  9490.430881400256    1         0.8502091181799497
-2937.424575181839   7066.248505267369    1         0.15851294358132592
6856.616995445799    -6040.669485091216   1         0.5467815426975031
8477.755164966784    -6778.7796747836055  1         0.8267205142217935
-2621.802606700548   -286.8922637176882   1         0.46167649786039877
7423.027969216411    -1105.028740413892   1         0.2868428359884191
-2629.8152422319104  -2177.8037159696846  1         1.1194826131798743
5898.282218086375    820.6463226001669    1         1.1739719668318764
-8725.927595281215   4500.325499838223    1         1.1353005945907344
2170.0698226353775   -7447.252847874577   1         1.008404796959178
7792.3692861599075   4634.761175311184    1         0.43217440911102545
-5033.813840115572   8101.981830924032    1         15.987934936271579
14565.721640121315   -12401.14956960014   1         0.5752388614583107
-5155.565262535121   212.42131130369393   1         0.16999668477844534
-8651.60663147075    5888.276753084148    1         27.464667957673644
-2346.4624966454935  8056.286352821953    1         0.5886592732884254
-3990.9090632085527  -2604.51522811462    1         1.1733733342489021
4031.5599090265187   2177.310514670128    1         0.30127691282079594
-3452.6151985017227  -8863.050909146588   1         44.865496053415335
2601.0605001065396   9123.459522228914    1         0.9795113216762876
493.7330969641225    888.5548327444812    1         0.888124893667304
4603.908739025915    -3150.18686909373    1         0.3271588637834847
3626.732379056688    -217.89671027042274  1         0.458909071267661
-7458.663554996318   5029.4308783063525   1         36.8737811268124
-9448.66782072429    3978.7958735982097   1         1.2490560565019528
4900.383200368376    -9516.579449489833   1         0.3712118286689635
6469.740481847809    -628.4007757747713   1         1.075694720312497
2971.5565729840782   -4096.616852338787   1         1.151332969563523
