trucks_count 6
drones_count 5
customers 100
depot 0.0 0.0
Coordinate X         Coordinate Y         Dronable Demand
-7610.95954444038    -6819.804250591713   1         0.7669786268702233
-9812.082497658006   -2386.593607755986   1         0.5933966221935717
-3007.3702336069023  -563.3371600386282   1         0.2776720858555555
-6534.3185569643565  -8447.938482524163   1         37.966148752447616
1125.2063282361755   4281.726993033121    1         0.38987121225713683
5558.63702217605     -2001.0875679261392  1         0.10207267439183454
-2561.2749361448346  -7630.452362225089   1         0.11999737735029564
-848.3147057322011   -1925.2378710617934  1         0.9646848261482148
18131.390945227613   -5984.872273624918   1         1.1909648083176436
4432.20219498113     7439.0811525589215   1         0.7798277146100173
6130.771209978314    7905.556784927725    1         1.2066325191354303
1446.6080477077558   -1821.9661671098656  1         0.19335596144717543
856.8622388647728    7621.7314763430195   1         1.1917722205790044
-941.3772701888827   -1146.2770771118749  1         1.0688182385536307
-7778.7395202326525  6724.636679679653    1         10.144434359271761
-2318.168829628825   9867.400045855744    1         2.8078826010651188
5070.272806120762    -686.1349829569716   1         0.6022886869432867
-3008.9274241234725  -2298.236907983873   1         0.9598975313541798
5070.493925424043    -7886.348096288631   1         0.21336281711666383
9747.556042053817    3246.030970751833    1         29.770955213157187
3258.758062303642    -6790.723608988181   1         0.26824101687001456
2711.842695658031    10426.260468815697   1         0.19628991582410377
-3175.942775973135   -6112.8878546826345  1         0.33153070337997853
-9805.86232190906    1910.045834903231    1         0.39237478362663114
5716.152664452525    -6967.147336269702   1         0.529701847632517
5848.830276920647    1208.790869355203    1         0.6054863114744863
8425.313414943928    -5951.375436739289   1         0.3750765429471995
-2466.566335264432   -3556.8719267648366  1         0.601777380850963
12489.483685432991   -15259.069832418772  1         46.34790208184798
-7100.734128279584   -2190.1267134155914  1         25.770596237561517
2172.562073654327    7120.602553465188    1         0.6878555175129362
8121.345974772084    -5484.802884298811   1         0.13233164573071476
5174.317368290029    -4475.826632363289   1         1.1555465613075242
4658.16952728192     2744.8244127410626   1         0.7250014956911458
10457.134383094439   -10781.242603338467  1         28.486340795593016
-4865.332422775122   -5453.604635959198   1         0.9265198683772906
13195.346883809445   -14437.60185241669   1         1.156715098058362
15246.347114069395   1445.1417128634894   1         14.319775693272332
-12785.459450637034  -12640.353090856745  1         0.33198101746977665
-427.4187349375678   9752.542288006724    1         1.1252935624420677
-10460.261191044436  -1465.5021061565647  1         1.1219831282149864
-7395.6339242844815  364.0786714568409    1         1.0552959995970796
7930.601057642712    6720.984062924503    1         1.1991443326095343
4142.348796314996    2332.298063654153    1         15.35652293523561
-1340.4239621191978  -1993.5346280723782  1         0.39301461045100095
5508.058092420975    -16027.894030611798  1         0.4821325340260456
10001.65075134836    42.550949264037015   1         1.2418791770605837
6464.098374646861    484.52440260681794   1         22.033986824805368
5266.401716501143    2721.3421386258483   1         0.3266039424635313
-11727.446570997443  18885.66065483571    1         1.1708866021263968
3720.523148627615    -9987.287390677344   1         0.8108303818259918
-8517.779867038993   -5901.1144775390285  1         42.697128407984806
-742.637178189821    -1771.6434463820635  1         29.17049018431266
5506.935461413733    7235.253420326188    1         35.9605200227901
2693.445929186131    -6030.3693167576     1         0.4113245228385666
7058.569039430036    -8093.0444157215725  1         0.2716203070398043
7073.682607975513    -5220.37646347014    1         0.12035318072482161
6806.71978567598     -1276.783461634269   1         0.3383589939416762
-5479.329045240918   -3445.665833782819   1         0.48723145230035914
-6177.645330793013   -743.3331027234344   1         0.4598713938636262
635.8619767463498    607.9740474384257    1         0.9788226769438318
3294.0525288123276   -4898.8540072243395  1         0.7681282624326553
6261.099870039901    -7166.045311314889   1         14.704594988124718
2922.5958839661453   3308.945137898971    1         0.2043384026715308
-9105.286001171246   5775.574131819143    1         25.540419158276727
1183.0091996990811   2370.0325178983767   1         1.1883906923417469
3646.792117462102    3983.74243568068     1         0.5797791064107095
-4897.064433835829   -18812.04699702139   1         18.08217463381886
-706.2998805371234   -3255.6876561605873  1         0.9090674472504556
-3535.516125525804   -1486.4350238781637  1         0.9567553234236483
-1506.5881625570523  -10592.05585665672   1         0.6530450355189318
9256.986371533727    12567.97663480405    1         0.5196279580922883
-8540.32663134927    -5577.409051961447   1         0.20779528264804908
1122.0102096141418   -17787.404074136095  1         0.7921718127927604
-6392.870798054476   2124.357959064726    1         0.9814467985549713
-9121.766833239975   -4419.1269423442045  1         40.68270181785596
1731.0977987961478   -8479.030173193643   1         0.9372969507291493
-4700.441650672378   -3065.1949421740946  1         20.2457769706679
-163.76366747422273  6531.900600973263    1         39.461870948386284
-6176.569162233653   8269.503857669077    1         1.1521661475847647
1331.3187618392235   776.1109314607967    1         0.45796430582004455
1186.1506555438043   1367.606950832545    1         8.255292575783065
-4442.36894623192    -7288.28785011242    1         0.9036538308525963
-7865.114944834129   -8782.857329840303   1         17.997158375015143
174.64652681418988   4046.621084194884    1         33.1171014622152
7870.03520286614     -812.8863288208995   1         0.16369962528690443
7352.5525262677365   -7547.181953933373   1         0.7270811784192271
-6003.348181024417   1085.689025574729    1         0.726518413421782
-2308.713296019586   -7574.117076881157   1         0.292931164720308
-4306.483197503405   9796.301884420991    1         0.3046015495116063
3832.84215439496     7436.358274964995    1         0.6480258382815753
9392.725430153698    -3393.339835195692   1         0.4858648953357576
-4782.0520478177     -4206.145390170278   1         0.25066719971419615
-5952.615063273915   1659.2371124103643   1         1.1467042768826095
-2051.3557227448646  -2487.0957450145543  1         43.96953200209488
2174.3375918808756   -2247.020274596386   1         0.21794711281022172
-4020.521793445665   -18304.16582077835   1         1.16599399425061
2680.2521884707667   -6341.29704325392    1         0.3285108375116651
-9879.458716348854   -2038.1002210604308  1         0.7409804044962249
-3498.1620904557435  -4054.916380025855   1         19.79836709239758
