trucks_count 2
drones_count 3
customers 28
depot 0.0 0.0
Coordinate X         Coordinate Y         Dronable Demand
-3886.221660561878   -1100.6892843076037  1         0.4652899405110945
-6502.804505586039   -6999.044519588332   1         0.8700590235444553
-10704.156053240104  -1095.5434278171876  1         0.489556618652368
1177.7160091191513   -8948.610830742924   1         0.7765543197023483
3878.556706560963    -7024.790869355026   1         0.6639055520578419
3374.920080237456    -7319.405504438514   1         0.9652051647223908
-9329.43437294292    2116.675050968724    1         0.10966860692752343
9631.880023577974    -13283.334157072912  1         0.7582930968793629
2104.028788048905    -3692.046943184245   1         0.5769020447564053
1904.7136437613399   10109.864752692909   1         0.4230772507652927
-1887.005159957807   -934.2627063931296   1         0.8777767281567708
-5510.535446019046   7301.232423053918    1         1.1331778599455884
-1930.0445469149222  -4106.401950554231   1         11.981664412026664
1810.0308516531802   -8765.004239820477   1         0.7067299036893597
6782.990666449026    4932.668796472769    1         0.19146030300360872
-5815.197557201644   1926.544693105678    1         30.905022137866972
8493.432070234307    -3263.7462859890734  1         30.810533604150272
5603.108386601096    378.26693546517726   1         0.45628829449744057
-402.082722913159    9692.894411973537    1         34.401793964405684
-9576.27933011563    1018.5752517056583   1         0.6834153348396901
2101.243767954944    -4195.617749088916   1         0.3131356521514629
4291.198873444502    -5010.779519852675   1         1.2376659234130998
-4045.9604276559153  -1678.5578587019252  1         0.3801131549332091
6064.447843980584    -7450.370848718112   1         0.15694657570448178
-796.7876223138924   5419.094578698593    1         0.6131011138080127
-1726.4427638960567  -2604.3719425983463  1         0.9706515333413246
-5608.571687764964   7017.801914868507    1         0.2659333827875568
-8494.092266398886   1023.4875274735944   1         0.6387088248191319
