trucks_count 5
drones_count 5
customers 73
depot 0.0 0.0
Coordinate X         Coordinate Y         Dronable Demand
-2916.596509331077   -2081.7446859139545  1         0.10258144228782155
-711.279730947724    2677.564371508212    1         15.636014242746205
14847.223473263135   2253.089236549391    1         0.6011244601633913
3380.9833192574406   -2576.156035129768   1         0.19992237572426852
3319.9188487713304   -6229.702142086274   1         0.8425567699080937
2422.5934513001043   8459.29036114557     1         2.3163706648482396
5016.8806731592695   -1414.1308773901867  1         0.4169664595642911
10615.108958307641   8482.789472774597    1         30.080427005665417
-5230.5294842594485  -5077.525114936336   1         0.7248657107156196
-8391.790293581815   -2708.6989031255926  1         1.2000083164331163
-6775.534018998257   -6529.440129562129   1         15.348620078011729
-1520.7877195140402  5734.483228917602    1         1.1011410063030014
-4658.314035771051   -12256.925479049343  1         27.543082117046936
1900.533708025634    -1520.1393255766725  1         0.8617287570538803
13814.101447172254   14413.07984599404    1         28.983315955836485
418.9542557041666    -1512.1865065903223  1         0.23121955165835584
7468.822793936917    2710.5887047097767   1         25.903386607245945
-5789.977021123606   -1389.4166270056928  1         1.0092645714797355
930.9773485762794    -3492.6957803285436  1         0.23635339547951517
4632.272265714586    5698.578892541124    1         45.268146924293234
7113.084075894147    2551.8916526669977   1         1.1155351941037026
4315.192220554407    -5027.655357867782   1         0.5852445004409378
3201.944219503037    11139.165628545421   1         0.21389195000602862
-9420.45959718253    -2716.1888647942915  1         0.580849584503661
-581.6875403808012   9794.05732260522     1         0.7588366937806447
5664.019827121717    -8191.61428665593    1         0.789572112164262
-15553.986897592684  9075.69964909729     1         0.8892931427095333
2469.2869067435995   -10602.627223345224  1         41.555523402015474
-1777.7166281254267  -5144.270986972428   1         0.26637715750023605
9034.707803268167    -1035.5286800915546  1         0.5793361928401964
-6803.134600559087   -2096.9061888474603  1         23.521435575465624
-3107.8491287458824  4773.746936026224    1         1.2151891438154556
4009.3750996537983   3489.7026342829863   1         0.5622159654655499
2316.5085245041696   7835.806718021718    1         0.9977536873742318
-4565.967697711663   -4689.8417617091145  1         0.4844942929840439
7026.183206762826    -7258.68690255892    1         1.0297987170597827
-1181.9488210874952  2018.2395901799678   1         21.566245036944917
-5525.680816599918   -6856.663414855047   1         1.0561681035229462
-4093.535595371475   15752.207417587671   1         0.7209681480348473
-5289.949239841132   -595.9308578794039   1         0.1520965510782579
-1944.4516237276498  9922.731308315811    1         0.12644477183884678
-4821.2468840680895  7341.775173247476    1         29.12206060727599
-157.315126900861    -2193.083065187928   1         1.2463860351100342
-5028.434087200223   -3929.577085308814   1         0.814420353659086
3408.3589657385796   -8292.147378798329   1         0.31716286994145604
2696.0339747014164   5741.548811275215    1         0.6896801770531554
6228.763122028722    -633.2617014965981   1         0.5576943520277085
284.61955050629496   -7516.10025028197    1         1.1138164661408196
1549.421096033611    2046.1985485273551   1         0.18300321934207286
7115.547150704785    342.0799120292702    1         0.3865969400898135
1188.1532249522013   1853.8671199865262   1         0.6173645285113138
-1753.2656726849505  1793.5537793962494   1         0.6366474389427829
983.3415532614736    9405.796888996116    1         0.9139523785807965
-10447.248039620397  2808.305795080471    1         29.223346384621642
8291.746481975277    10825.268521703643   1         35.20047020468659
-2568.111000531914   -7550.319259371161   1         0.19603259094884734
-1939.4667920647744  -1392.1685948276613  1         1.047202587063486
3522.716478626937    9916.180742622428    1         0.8477208044099207
5108.261383950945    13720.513047894712   1         0.3541435872181391
-10206.297231069122  -3914.7354012781966  1         0.3958741120654874
3681.009032712964    -7187.272989325675   1         0.7125211894099148
4121.283081278068    -2853.429858797841   1         0.3710700155560608
13338.751997094541   -14982.979102383064  1         13.65477268442156
-8736.897372976013   5640.023023811396    1         0.43883127390117194
794.1712355736872    -5358.145452812121   1         0.3139201424214639
-5094.911094265955   -5533.02724638347    1         0.1190576627518709
-6755.281389743066   -8233.595483869867   1         1.0446474771888605
-1847.7880171837733  12655.034420325506   1         0.7006830355917583
-5609.117910704881   -9567.497572257602   1         0.8803982590522474
-2083.640751645015   -5312.181039265308   1         0.6865749560697909
9922.397039305733    2079.7579554158892   1         0.949962163709347
3379.029039546642    -13974.929836067755  1         0.7870121643806344
322.73769270102645   -3840.2049774287266  1         1.0697275080053783
