trucks_count 3
drones_count 3
customers 56
depot 0.0 0.0
Coordinate X         Coordinate Y         Dronable Demand
8444.787424601365    -4479.219888170564   1         0.8384126621147451
-9058.749074494839   -3359.865153360356   1         0.9331256378255595
-9615.446585464173   -2708.4105748261663  1         0.24202979015931528
-2887.7905461842847  -5957.854882659172   1         13.973821478861701
2806.5486517020768   8666.595410871587    1         0.9821022264271287
-4383.953182553624   -1071.7276007427765  1         0.5910856936711489
2694.0154828423874   6651.564289429299    1         0.18683317895506635
-8447.710297141122   3816.731797521861    1         1.1417235471394118
-2833.593004487337   3958.94653884077     1         0.3105710943958793
6336.262766828347    6522.855789943258    1         0.22979393274417942
5413.531073706299    -5092.694912647485   1         0.6053865679344906
-3195.0290719744125  -9987.4640278846     1         0.2788089326612561
2237.0415148399215   -5905.912796524725   1         44.327667490755054
-155.9337217095802   8873.96107912449     1         0.460167689322309
-3138.6584778620695  1760.9231030063502   1         1.0014880755035334
-4728.742673332583   -7594.0379942710315  1         0.39582328632531805
5576.34269799433     -2367.956984308953   1         1.0073898597353783
-826.7635192188654   -1519.411668107005   1         3.791959673148625
5511.665662196716    4640.929815477982    1         0.6038801996783448
-7339.858701494221   -7710.4631273744135  1         21.69430705853428
14852.252952665458   2039.7281614781314   1         0.7076176086461707
1543.5433364194464   -4340.847030621054   1         1.2190053734193147
9153.523527804444    959.702698427522     1         1.218010641127
13191.609538281871   1163.2798150360031   1         34.74364529662483
-5295.780286269523   4263.068108008418    1         0.36472461491885544
8068.592629434475    -3811.6035789073485  1         24.634303547725477
16251.747617632514   6803.628317590905    1         42.77282730916727
6829.024013799215    2826.729347625066    1         13.001713424925933
-12899.300488975035  7890.051734404344    1         1.0142092890718655
6537.259959577671    -4524.820705870944   1         1.16210875503614
-47.151289854295534  -2151.2419664160743  1         0.40918473605030803
-5978.866593628839   2220.7861296233423   1         24.10525606536296
3657.315938913854    1016.8757038879176   1         0.252868270496579
-8446.63125142443    -502.72312491215746  1         0.174279871239296
2414.3935672903285   8984.941549113284    1         0.8604882838473715
-2585.898987970308   3231.7879587592483   1         0.6746158203459474
-130.35342715141365  10346.693392348692   1         0.5913658668838347
-6376.01963658143    -8038.5470152449925  1         0.5952407950594462
1809.0525436452772   10383.508927614683   1         1.0876989285495273
-10756.598704341872  581.7972804991696    1         0.8131433664884036
1003.0881827931966   8391.858463812132    1         0.9610768061835102
-4356.996206086588   8876.442608261252    1         32.76092040416249
-3383.0483522580475  -3321.078404576913   1         43.16135682811914
11249.667822976415   9116.67666425305     1         1.954155279297634
-7158.279922074722   -6233.5369366846635  1         1.0516649888654668
4986.200577153308    -7838.107009218392   1         0.8210516855082146
7603.505473570766    -5014.685613592868   1         0.5791730007956601
-8537.658535669621   6331.003370267643    1         0.7399606923070184
-6093.150439160774   -194.35269918199538  1         0.2457753353455017
-2881.982159015315   -9706.642959950783   1         1.065697518467065
2091.0993286327853   -422.87008228849845  1         0.17906110034334166
-6059.020607561417   -15130.083807600862  1         0.9657286842668845
6066.873326050683    -5714.846389013511   1         1.16838179493389
-5957.931741447183   2631.1715201751435   1         1.1214886595089786
2074.9875335603274   -2461.163633473771   1         0.7358816528598583
-5575.143124605571   -9341.291411233346   1         0.41070766543994186
