trucks_count 2
drones_count 3
customers 23
depot 0.0 0.0
Coordinate X         Coordinate Y         Dronable Demand
-9111.475709509821   3669.4184430794635   1         0.6259110761289597
-2089.9381318372016  -8805.932800078906   1         0.23188468884144986
-1688.0928486544663  -1795.060489046254   1         6.445525289415982
809.8477642075081    8737.0584789581      1         0.3256439063780586
8749.80824876901     -2602.4114945498504  1         0.23140188302634687
1960.2759529541431   3127.081921479663    1         0.2290721291728749
-9143.185153127897   3670.0812043065407   1         1.1101423724707755
2839.6520330548074   -2697.5147706926896  1         0.13018553640673958
-5944.413758259259   7231.558146623927    1         0.9800277858006882
-7843.837422706799   -12729.269653490723  1         1.0498694015089798
-4050.3961563520734  -1815.1213716570346  1         0.7433884269365273
7222.558860913382    7826.683594640168    1         23.088099139286506
-3102.6315963827     -3993.4292626108963  1         37.472238250316856
4645.726208111086    -3377.9512094817683  1         1.2449745396681584
12440.741134716252   -3422.7690669086023  1         25.50488226134029
1109.297576298984    5012.950258329559    1         0.6607382488092062
-13612.186027672336  11118.211414872658   1         1.128443636251483
-3136.575436922979   4298.315062464948    1         0.6515432651813104
-2112.455870500132   -7673.482666156273   1         0.3527901138205989
424.6856352132577    -9470.98243007779    1         0.6706689392869715
-4289.037952827982   9702.490470404295    1         46.41057164768451
9516.037813166717    -2870.617337513372   1         10.42448988615185
4005.609020105975    -5514.793149010383   1         0.6204763069668967
