trucks_count 6
drones_count 4
customers 94
depot 0.0 0.0
Coordinate X         Coordinate Y         Dronable Demand
-5751.050561132437   2839.83563682329     1         0.8963925787637463
-4536.684211163699   -596.2650716216901   1         1.0513337328296786
-1108.3182714719178  3440.0931767785773   1         0.10473892259449906
-6462.613673817812   3289.124783343378    1         19.623470362955832
-1710.5192645313641  4098.2978651688445   1         47.705927404983306
3030.761858907414    -5582.726150587633   1         0.6863170880516922
3352.0242075619303   50.08497196543409    1         1.1604298329550438
819.089251389333     4059.928628072469    1         1.1021155447551094
-6277.591125205841   5700.965746153722    1         34.76957562871509
-1118.3685884056374  411.8607153040466    1         0.6940212515030254
-5975.342603924706   -3499.4453575953025  1         0.8409089913829095
-2321.9470474673126  -6172.186236969893   1         0.5637108456472083
4665.081220505471    1830.5297484770845   1         0.7655394414423592
528.3693393647698    5234.539887410909    1         0.5392118079326129
6099.894846682982    -3169.1592071553982  1         1.1731721121170107
2996.0571510469535   2555.7681082552417   1         2.9828016910265975
-5036.793575643168   1029.8551636252469   1         1.063764631977796
-3173.3214678712206  5966.81046470933     1         0.5750259716683841
1838.9673792360109   2204.7226945165157   1         0.3096397972530025
5633.3524585979385   -6023.004326620135   1         0.6529499143819827
6381.907985551738    -2282.4951870783016  1         0.47452403090216566
77.75741714892229    5646.702439399412    1         1.1199295434227996
-3606.45568244291    344.92222672081033   1         1.2112529800362175
-5159.274817184824   -4811.142691522523   1         0.8114146534741107
3359.1410643118625   -1262.7734602711596  1         0.4222774171655368
2253.329604041196    -4084.0177525652452  1         0.616322365408592
3587.8948728152536   -4701.673136167598   1         0.6098843779560237
-4079.7335387665307  690.6567976919522    1         0.9732077608203101
-3813.5313287565436  -1757.99243403593    1         7.990989073857408
-3379.433527423991   5598.494267651048    1         1.0190047765237347
1551.8561745807067   -4021.675940606073   1         0.8221085281996137
-5574.3519903271745  -1503.9515634761356  1         0.9339185551222409
662.7979951789843    2538.59298280646     1         36.829487367085314
1528.7135366364398   855.388126455932     1         0.5950126681453365
4003.3383830845564   -974.1325465653133   1         0.4752475084145287
3640.945526071583    4264.078917987835    1         0.669294495853572
6142.798460217772    1276.1104545505673   1         0.32441706368119877
3936.7281204167016   4505.810592828531    1         1.0738058897731586
-2330.157766075349   -6052.988617508648   1         0.6480096522050658
-103.14968070573494  2571.552362727906    1         38.37943856147453
723.2256000501759    6197.2769585322285   1         26.338415503431158
4677.475673259269    3657.9779497916725   1         13.297726721433925
6447.108031567436    -3549.0141043602766  1         0.20191154983033727
5682.915055609644    -1125.5732802332304  1         1.1522489360723465
-4188.87298113934    -928.783283911812    1         0.5813944077800745
1717.0051315551273   -457.3838285022857   1         0.5658494504687506
5839.346477608905    2913.5979270279668   1         0.4511151926932392
-703.9368602343357   -5750.06167314842    1         0.45011162005968464
-1255.7245104440362  -4109.532541960634   1         0.8827192134516915
-5859.449990754483   2123.49469300542     1         0.19341614100632237
-3670.0560314687186  -2414.2489829517567  1         25.531472231552463
-2780.139099275232   -1594.8082322854893  1         6.587253978771871
-4696.926857453451   980.6300039513949    1         0.5794301449362809
367.8708676488909    -2133.436240230488   1         1.0923615387458765
4943.115395262119    487.6496716566245    1         0.8095026016671194
-556.5082887916069   3376.580677418967    1         1.0933475156798038
71.47499834244354    -4740.068962246709   1         1.1521738729508901
-113.26193494075142  191.982204010219     1         0.17962345388636586
-3082.8402512799853  751.8335179813755    1         0.5138270464586127
-5384.164225242926   3694.590770157506    1         0.3842824939907782
-4083.3766351156205  5420.507633131615    1         0.10784114317649461
5742.64575682905     586.0321075775308    1         1.0530169876848376
3578.054243761137    5751.506590065393    1         1.0402359148379745
-6215.26125713312    -5096.218322494116   1         0.542162438817704
6077.436801198589    -5407.134677474698   1         0.9600223298933093
-3321.8015733265825  994.1592290232356    1         0.1556263269806929
1104.241452075718    -2354.8014513700236  1         21.672978007936056
2584.2683952085076   690.1397730208097    1         0.9647260058653035
-4813.615571069782   1974.1669475091194   1         0.11395012645764983
-1270.0733570372151  -3564.1472367200436  1         0.8234036978484129
-20.485059038528522  -5619.821143868574   1         1.187144281685697
-6269.907381928229   5143.6281992061895   1         15.213500113285205
2127.3164395245185   -2418.009496537738   1         0.9428845774840685
-3733.3547491838435  2102.219587400423    1         0.7303839447690802
-6042.485937572297   3456.6180965786416   1         0.912277502646523
1375.323575032161    -701.8216791574341   1         0.949067684631309
1748.0088764480688   -5992.43009436609    1         0.23519723918329974
-6158.249346634558   -1957.4016791663846  1         0.9759458261274219
2442.1039366034493   -3986.6619961615465  1         0.21219061764798125
5430.913610784458    4943.014612234361    1         0.7403037656393919
-2327.164297221785   -388.9868551950458   1         0.47426335146948173
1349.7867262219659   -3957.912729088311   1         0.7747441208106337
-3469.71945115216    -3128.8226546881233  1         0.9211996357578592
2043.9949478123199   1771.0858089453873   1         21.127448431927323
-829.7120324924418   1935.443233488713    1         0.4202981797829589
-5337.389566893025   2506.6185563304352   1         0.7494610804790622
4344.579947556392    3365.6221445340993   1         18.479443434271765
-5345.820188232485   2999.621500725768    1         1.1127974201367763
5616.806309491855    3326.0192685332318   1         0.8236657480805865
3411.545327664611    -2792.949401249881   1         0.49709691936686484
-5788.491172376993   -1165.0249617119298  1         0.29950615046211854
2123.061740484582    -6097.541225348454   1         0.4413422074617964
-4380.870990759154   4156.51328406604     1         5.128107098369304
2564.3063341790116   -5885.823985957383   1         0.21252881541179558
