trucks_count 6
drones_count 4
customers 82
depot 0.0 0.0
Coordinate X         Coordinate Y         Dronable Demand
6543.697778597198    5788.3351079663535   1         0.41894632205678817
-6506.5682909455445  -7707.295088777092   1         0.48078901038188027
4111.3238747357045   -14.959262392437372  1         1.087921938693946
-2989.9026122319356  -3012.3651490377624  1         4.541721224029252
4907.824740320788    -3940.532612958414   1         0.9981821746974601
2969.3440615519653   -2919.5838824508796  1         0.5664574585338681
-653.6061306191768   8112.581235470712    1         1.0441920830738443
4662.897579932518    2886.5232383339194   1         0.31193696528873793
93.37571756821377    -7882.872709328912   1         1.1778297502332262
3623.3761032151615   2105.148387019226    1         0.44267327106126597
6780.463657435236    -3754.3710829139704  1         1.0511275025154796
-8863.543025760971   1209.0655816140468   1         28.233170729250958
7275.412242112602    6713.534464933763    1         0.9317415854735541
-7556.00387738531    5655.30297122526     1         0.44587789658229215
7484.261028381616    4039.619393230954    1         0.7446376537646323
9208.808604960377    -4498.091549821585   1         0.15664666244353842
-5131.117700581061   -6446.609121723101   1         0.6991671714052156
1361.888359068844    -7461.325375929909   1         0.9228969917718024
-3983.101632181048   -311.2492954196046   1         0.1733064661701592
-7377.942363684827   -3011.7714287126814  1         1.0914851119401527
-8225.478929246548   4916.749527955246    1         0.9413309395469531
-6270.718415240585   -109.37369575502042  1         0.14348504055131162
-9197.481890092418   882.0619766409036    1         33.291254114297544
5591.0760080322425   8951.90512447637     1         1.0990441802516027
5371.6649517019405   -7493.985031222968   1         0.4422886621926364
7921.117960585195    400.53271032639987   1         1.120034938802401
-6734.042131949938   -3052.0247814400486  1         0.24594373449370055
-7082.844375415643   -5963.38708613555    1         0.15541689357112046
-6251.791171158979   -6.383236183464015   1         0.960810668761003
-1367.263731969809   7355.2119797943415   1         0.6119175478353105
5826.80964822745     -7041.24856410336    1         14.78238673389666
-6292.349512388149   -2805.44331457502    1         31.743552854493007
-2149.8642481513084  8346.877407141159    1         0.3619677471240469
3476.7175300155786   2542.3519904064547   1         0.8688094025477918
2122.0343144584504   -4427.240124587467   1         41.79834256538998
6757.647532089767    -289.98223744795206  1         0.5191998419754783
8075.4849309394085   5225.421778887011    1         0.4736403541757106
-3511.224635268779   9104.227834581114    1         0.7900038978497667
3164.5842024110493   -1848.161788462785   1         0.22006620389714487
5430.841851999627    8834.796924063745    1         0.9967028009038015
-97.79353367105006   -1609.8132025339169  1         10.201329956426353
665.2751239479298    8204.971860964419    1         0.1069147976321106
-2567.9602918433875  -6701.777423867365   1         0.5115929970417775
-7225.879814805382   -7459.827961166391   1         0.75898166478427
988.589843085409     -6278.139043395255   1         0.6410782826815544
7078.974892179648    4331.177576659082    1         0.22311042167879047
-2346.1256222504935  -5436.2714777068395  1         0.34228788702535695
5124.287615775521    2076.5177528265563   1         33.867673899830024
-8630.99970165663    -2206.153730161252   1         27.67053080939386
-2359.2401817155887  -2406.5554082541435  1         0.9833143372678522
5002.019999140208    -8129.427024403809   1         0.4277030460862411
-5515.295790429014   8123.762319398568    1         1.0536701149335703
795.9953148275058    -2250.27650116635    1         0.1137314282800848
-222.59924330786558  -8394.360078149963   1         0.5298025724811684
-6023.031393327685   778.2215703504203    1         0.6098851379639614
-8765.776184460981   1092.1350170149492   1         1.0210490633744995
-1612.2890755306976  5509.292233288596    1         0.4931302935872304
-1065.1213409773986  -8060.948275284954   1         1.1060388804215342
-3351.009031786763   -8504.835177898389   1         0.9474150769732367
-7240.945244633578   1142.852609137257    1         0.17072495095799992
4766.219090612306    -3576.967051559543   1         0.30683056997478
-8427.517485136148   5028.587824362206    1         0.5153073960904738
-3446.9711418599286  -1375.2510109817104  1         0.6357470507976365
-7557.719585504728   -5756.411524114815   1         0.42999600560224505
5623.818087749592    -6358.42490218014    1         0.8876778018889427
8625.648546825523    626.114519783623     1         28.84360763916879
5706.611081493821    3749.794813669329    1         0.38968978444510183
-520.0812056442231   -1422.773264718005   1         0.20422954638874063
2422.2260872163024   5633.530128934634    1         26.525673030476966
-1882.8379159154977  -5291.483034614602   1         1.1296311265052061
-6889.273833508894   3646.6597996480473   1         24.027662836043127
9164.634972665668    601.0464535549708    1         0.6158088301346011
5626.85353761111     3851.453505406116    1         0.5949455169771881
-8702.17295455457    -3830.0481796091885  1         19.557535642447224
8581.158897966512    4916.299634529642    1         0.886681307768358
8527.768375657157    -3846.9264595299232  1         0.783959900915602
-2867.2529801125356  -2923.5865457168434  1         0.6455129967271765
2178.922773236758    5002.635231843333    1         31.825488678734605
-3749.076565361409   6864.867296018       1         0.9601050567474384
7521.537639436701    8435.235889829291    1         1.1053409748484415
-4510.512594839029   1005.1025734827381   1         0.7578376094732377
-3922.0394842530077  -5858.155287911366   1         0.39235949594955677
