trucks_count 4
drones_count 3
customers 63
depot 0.0 0.0
Coordinate X         Coordinate Y         Dronable Demand
-5805.349398449995   -6023.723067606262   1         1.1351128528048937
9812.157188630084    -2346.1900732022586  1         0.6286034848225375
-2924.1536872621937  1473.4615072971499   1         0.28889587768093083
2346.6956606594417   -5124.195192824099   1         0.16745722409306785
-1955.2655190766764  3299.306243684059    1         0.17873251551676972
-10547.612273770446  -1514.2270979796306  1         0.23534265421875195
3760.7012687613037   -8864.755104077143   1         0.13486769395361653
-5797.025259859099   8496.238645379915    1         0.6234789873741806
171.66623025213298   7697.073308875715    1         0.3892648083347975
-1426.3351464226655  -3789.964828067777   1         1.1939458115697428
-1673.558595123368   3310.000245105481    1         11.848126706546472
-231.01810254745214  -8537.136639568287   1         0.5316374923108351
7155.42506379591     4140.2489299822255   1         0.5321586552550743
-4706.431015781373   2542.9965814875195   1         0.6703707809986311
10393.601514202623   -520.5278506683524   1         0.7064907849716954
-4524.338478592869   9881.117667027807    1         0.6878500407911896
-1244.272371148596   -11821.08277358651   1         0.25285155363906486
-2665.39125045379    2680.873349651304    1         0.5663021197131335
-5234.382037575151   9172.739714621955    1         0.2278130095888215
1935.8523506864171   -881.6885703720294   1         0.8223613131313826
2059.0323923928545   1606.737697225682    1         1.052476904747487
4750.208784798147    -9438.109269084858   1         0.4291446334539266
-2212.4366510758646  5706.568742585814    1         0.5909175193516973
-8709.911803502404   2252.026836381165    1         4.553880387397157
6062.788294981079    3743.826872017175    1         42.24352138806072
8560.312243431854    4443.675426451235    1         0.8417959987929471
3641.1788965727683   -417.77927879724734  1         1.0686829354226763
9084.832398909532    -1515.9159301476338  1         0.12802887158159232
6100.692129727922    -4257.320718105764   1         0.25276476394724856
229.42069223654136   -10742.274593538767  1         0.27975951789187237
886.6879961368068    16780.667575964122   1         0.623547748104329
-6464.151434125095   -7024.628728624762   1         15.679240916777342
-2573.6896533455965  -2989.469069019319   1         0.23065991420782977
7622.671420432515    -5982.853866745034   1         8.492243026494055
-862.2796534072276   6138.13463260009     1         0.3412296056835788
3305.861053597256    -8116.361219722603   1         0.7618024759374471
-6069.890335109745   314.2320664450453    1         34.20046612028513
-5226.6342068773265  -3124.2848363818694  1         8.6758327312963
-6312.783344299316   -6042.1278329292345  1         0.2713882606157283
2350.8373701994788   -1396.0184697325487  1         0.605982502494755
9342.266758481142    4333.536804678327    1         0.6633812011910958
-5110.855861870514   -9301.158850367647   1         0.5901844618919454
3645.755869373482    8777.209498525446    1         0.8808864185126389
-1389.3120238914391  -1114.1772863252202  1         17.027786634262146
6548.564331313443    -1356.01908682556    1         0.7338285412913961
-1027.5356180497315  3223.092635802207    1         14.114238634117402
-4859.38912854415    4646.91627275108     1         0.29481816449687426
5888.4527737696535   -3228.370494596189   1         0.8173728274150531
2808.475436420671    -11587.271080341412  1         13.9936242759627
337.47702599201295   3763.134642807907    1         0.4324138833786242
-9342.960824256661   -4394.220960729149   1         0.6641050533064349
-4369.544637333418   4528.518183398923    1         0.7806998463091271
4881.28961048787     -188.82741162072037  1         0.5227735309981238
3693.2098484580615   -9300.888946635176   1         36.25337769783372
2032.4777237346013   7810.673374535112    1         17.621823106311208
7057.943423709077    5040.628010771162    1         0.8209377333735687
12299.933189632895   10786.840220511946   1         31.633287427869924
-1097.0072991682528  -7250.339828296058   1         0.929072853103702
-3977.551261647099   -9871.346160076942   1         0.21685926587106535
-2728.353470411305   -345.89466274738373  1         1.2128476376433937
-8306.183238998596   5560.615154769354    1         0.3101818960795193
-9.625093218867988   10844.22019648714    1         0.43754080631748604
-907.7374365710025   10724.355827323167   1         0.7033776281703868
