trucks_count 5
drones_count 3
customers 56
depot 0.0 0.0
Coordinate X         Coordinate Y         Dronable Demand
-9620.14710739415    3751.6897978174907   1         25.26330931275416
4825.356288978559    -7451.626854512782   1         0.18779030771962285
-1569.8008470804539  7590.964789584842    1         0.5422618466251595
-5315.102273671679   -4549.253494886289   1         17.08538697775276
4264.784111117484    7391.1643595282485   1         0.14988282939964181
-9319.611812720093   -4788.934009802944   1         0.265193362718927
-4423.884691682678   -3237.507535033126   1         0.9198727203998873
7625.608792984989    -5554.381175898588   1         1.1061011013266162
-171.82959814902625  -2274.9447470045448  1         0.27998561523636767
-6642.601412876109   1907.3185704350094   1         32.28167225150662
1080.8561488554374   -5307.480100931469   1         1.005000365442953
5329.963762406863    -1281.5763467928236  1         0.4275723657819641
13147.031071035408   14191.076294044198   1         43.169133131807655
3325.5906832320416   9061.872083235878    1         0.9250392544247612
2059.391706268635    4730.773140098389    1         0.256726797606162
7218.346147785691    5429.610070114523    1         1.2451040361225976
-5063.110451617598   -4455.7172410606645  1         30.209436388595154
-3496.0433821345673  -7863.712483377014   1         23.521029680839593
4021.408811020066    -7736.792168015071   1         46.926965767211925
10819.836862744118   -13980.950776257283  1         1.231453475240918
-7785.279965258597   5425.054963698519    1         0.9108848257738693
-2562.133716107874   -10092.592656021287  1         0.8566813465035207
-9516.149489225656   8791.198672302418    1         9.562648570350138
3998.9490272384605   1105.5888937632888   1         10.435145774943045
7675.748534304005    2593.4177675442984   1         0.9852696152188017
-5348.0874484978585  7130.947783496542    1         39.00131203058583
13211.01117978752    -1823.8136066861116  1         0.4805233746838695
-6390.308024580845   4426.4432091039325   1         0.5383958713457608
1314.602674962963    9556.435744935732    1         1.1876960989537388
4334.407744942019    8375.090800180906    1         0.9659928316871771
-2056.565496357676   -4484.520915364481   1         0.1537180356271526
-1752.0246533817854  1380.3588340886167   1         13.169889087107796
4051.7539817397646   1858.1902082579236   1         0.42755603404750786
-4079.771823751997   -1953.4832313516406  1         1.1938131267718717
3693.3297702362706   4113.9284495165975   1         1.0048645854553857
5546.274725329766    -12085.623839519963  1         40.754533886799365
4005.8708447209992   2280.930958350642    1         0.14669956172954166
1857.9899190944848   -3150.566403985462   1         0.343314648507713
700.5280879814327    11440.093108425832   1         0.3668292563984592
2585.0816061875194   7944.112156921487    1         8.271902109950505
-6040.220766812977   -5054.675719799353   1         0.6524414724553388
-390.17868528806684  14052.186691913726   1         35.22114002931854
886.066208034134     2198.9284314757974   1         43.03323151008806
-1332.1393834126957  -3356.853947998786   1         1.1546631587320053
7811.121080211235    2693.2854790765805   1         1.1186872069231881
7982.624515503968    -4796.295573596372   1         47.44231355770837
-2302.729837311347   -3426.2755348373635  1         22.51143393325642
6107.639986672636    868.5170877541583    1         0.44063595378813747
131.4945912792015    3802.3667967610295   1         11.24170722840512
-4246.342724729935   4739.6527655452755   1         0.8960210977614316
3288.787800562408    3612.7805117354605   1         19.144698085052262
3827.890879653247    -8571.380045331376   1         1.2265004261273567
9961.036817289178    8637.796292111974    1         0.9819136013212134
-2937.3585273097706  -7920.842423636715   1         20.282037393780012
6995.096298225663    4093.884514006183    1         1.1890059964892679
-7631.437152103575   2430.328344548654    1         0.6235140466650447
