trucks_count 3
drones_count 4
customers 52
depot 0.0 0.0
Coordinate X         Coordinate Y         Dronable Demand
-2602.0848588375634  -151.41355787986944  1         0.8678570165051409
-5619.726210076111   -244.58690572371233  1         46.0855200346825
-6019.088505344554   5404.2310176068895   1         0.4545656400190381
558.5824239201792    2215.131628338102    1         0.30056707174691144
702.8317328520411    -3773.818395480291   1         0.7288577397179409
-2026.746440067895   -8986.324857321832   1         1.0600546640269317
2254.7808149407865   7391.193803555158    1         0.46679604056700996
-1445.603502171026   -6563.420539657927   1         36.645689633854055
-2318.813718137302   -10574.454324729173  1         0.5109746455399132
-2976.632902027231   9949.465007752668    1         0.4826682538858834
-1864.14953330181    4118.1107618843025   1         0.4317246503463381
-8958.390568093513   2803.0619952070933   1         0.6129003949447164
3291.743567224361    13061.840623224014   1         0.8817340799963731
942.9718446307771    -6694.423272492916   1         14.862507232746614
3550.9055020632672   3962.2066003303908   1         46.446924108096916
-8399.239800811296   6025.129599720693    1         0.7130656330684669
-11083.176302628548  -19.904374354693573  1         1.025766828215433
-2538.8756533123124  -12560.70226142003   1         0.2735725361657455
-8370.994561749827   3654.048927126578    1         0.679239023074375
3288.8820998170113   6390.6449334047      1         0.395341414670181
9158.868924716038    -5978.998521784333   1         1.1441341692725469
8046.65465562072     7193.643097813625    1         1.1074823958274043
13130.9520628814     601.180533577377     1         1.0975188246040837
-6977.223554565741   2137.5800471225907   1         0.48465193855487443
8950.225741392402    -5294.0320738484015  1         0.18014440476261498
5132.984665459217    -6242.356693224869   1         0.5309266668773334
2192.017858516756    -10384.631874096505  1         12.32351987931872
-2333.847821924176   -9800.788445340679   1         1.183798803086979
6415.138608820678    1345.482302378698    1         0.11653567773079436
5735.0036923814205   -7956.76162200439    1         0.9685322151357285
3297.6034553774425   2416.5946020778697   1         0.5893554891971251
5173.224054368445    1170.3487600193703   1         39.23975696486979
-7869.797442643043   -5518.312973446579   1         0.639968552510088
9095.672109548572    -516.9710516337389   1         0.40222327392876556
-4975.119950619219   8455.321466873173    1         35.726122733954654
-6175.0534662425     5107.232564101771    1         1.5297186104818548
6083.37983264046     -4209.640903991429   1         0.9541005530216293
10767.41379561267    -835.0971442150188   1         1.0228275466137309
-9355.725713171063   4791.202050464732    1         0.674222255663063
8405.163807364184    -1099.8557964777945  1         0.22371356442479268
6094.481064824747    -8840.613657172104   1         0.32796432396224073
6420.173095113635    5629.350579058766    1         0.8551063785426696
9393.785006582468    -634.2652037187933   1         0.6201236859358787
-4778.817128681389   4840.086537222771    1         1.1081706582651836
170.2467017693181    7738.1676731863445   1         0.5610281432625956
-4389.556549545308   2483.3771196291477   1         1.0514550196967891
-6135.558235840107   -6137.3490168991975  1         0.3473767430206426
-5591.88413660828    -4433.240555757324   1         0.2276231474237258
-5844.9783944250985  7001.485292722221    1         1.188434078869134
2283.174050043844    4147.242161595616    1         1.1740327420497234
4112.087589530234    9463.740356820108    1         1.0072144668581424
4241.230949451365    -7057.291880634706   1         1.0857417889125507
