trucks_count 2
drones_count 2
customers 22
depot 0.0 0.0
Coordinate X         Coordinate Y         Dronable Demand
9631.204132241117    -2526.364535391016   1         0.6069960723757873
4205.178987147283    3323.021666909086    1         0.8421444673995454
2948.573385214543    9115.596814820328    1         1.2391347437116396
1809.6248551194933   -4600.529188007511   1         0.5367200600850589
-8735.655505208308   5605.248190030705    1         0.918889591499041
-7180.501442694857   -5733.621941617701   1         41.02234008715845
5663.837993140489    762.6882596175376    1         1.0377422757898462
-8237.028127254798   -347.2982915220564   1         0.631543304672638
4476.196899899909    225.24392993616897   1         0.3986268647741219
7385.536717551783    3615.9093711876367   1         0.8670346102564453
-8103.998041862358   -38.311486512729616  1         0.26505055448771686
2891.613704632451    -968.570204630123    1         0.7571987003780913
-8836.191873871732   1639.8413824685172   1         5.18568128736965
7480.077725371131    -2086.4421438029535  1         29.85459314423066
-4421.285540514437   -6384.795698282324   1         0.42863846466932376
3810.616546676615    -2037.7766913114385  1         13.89631887821142
6255.196091196325    4103.19527094645     1         0.5836598395969259
4086.4807790854593   -2669.530856682015   1         4.224881251396939
-7340.348215646337   619.3255122515884    1         0.9998560850121287
6165.357130750272    -4480.459123650088   1         0.6551396050270202
-2956.4283590768205  -4510.535214785938   1         45.83630891200432
6674.189352567308    9889.162077080156    1         1.062263698986312
