trucks_count 5
drones_count 4
customers 79
depot 0.0 0.0
Coordinate X         Coordinate Y         Dronable Demand
-734.3484709081349   -7040.509577151128   1         0.6399195537353228
-2575.2075987258027  -7695.561925113926   1         0.5432917936746493
10768.910154425415   706.6757198043879    1         0.18838655312233357
-2678.4738945120625  -8789.950240987517   1         0.512880162768039
6644.0389467874775   -5572.660530284671   1         6.602899957517723
6255.790385591779    4806.955494876186    1         46.86349482902044
-7380.123190784761   -7368.23315130591    1         0.3122207452277138
-1626.1895705254883  -10730.126096848302  1         0.602271800649765
3623.8702654397325   -1345.9148595862926  1         0.3469942531129079
6422.794354353488    -7536.381653574933   1         0.9992301312444656
-1374.1110577179136  878.9467312255014    1         11.531502043319696
-3557.779695181449   -9633.022701030352   1         32.373003126487816
9504.480008733388    -169.20309010158718  1         1.0394128539664356
-6245.360897772122   -13786.935253122652  1         14.170364226659906
-2514.0716313982143  -6830.493440829874   1         0.941614961194309
3847.638474348447    11097.216685726975   1         0.22025573228827158
5758.3151475997165   3651.743319132303    1         0.3726875165472956
1467.01517463595     -3217.162708854964   1         0.470234411236919
-6200.127810662697   -4152.702539881085   1         0.7450861731863742
-4840.571417177806   -2210.070464605307   1         0.7438220412292267
3459.7691085663655   4701.984013667908    1         1.2235517091258763
-872.3694864500608   2881.2783420004903   1         0.16413167034205223
-6790.312439853127   6806.787273472134    1         0.7105430442873233
-3912.186444461964   2737.8344048453737   1         1.0905888392550875
-4313.38763550017    -8276.163075814291   1         0.6469510884056047
9378.734166253125    -4848.439034218669   1         0.3644620243093587
1888.5886225847373   -2741.0162577120927  1         0.9759521189069353
-8676.49917031459    757.7877016842049    1         9.676040480125728
-4479.515514489106   -2305.9683891352247  1         0.10643750078102227
-9750.917371080526   -3264.108346244037   1         0.9971442061267809
-2045.0368176002114  6338.466061052552    1         0.24913793110654664
3778.6462339535046   -2450.5478764725376  1         0.4537309091344508
9742.578754380052    11769.440567774664   1         0.22427297780007488
7337.956104993883    2624.305352592274    1         0.9636852639076912
-1416.8998045894623  9916.34146297563     1         0.749648914166466
-5767.400502705341   -6787.016843846247   1         0.403219012896908
1799.0122071183166   9426.914904323809    1         0.1846553963680179
-4131.486426030357   -8408.80651561024    1         25.759766656699618
6202.253089181229    5430.299514376365    1         1.129931206300836
-1876.7187968757862  -2614.308027968398   1         0.15788563433725572
-5335.943299880981   -4979.590124932186   1         1.1972313935538261
10860.606430387828   -8093.217797513841   1         1.1718595429799885
-6111.290473173301   -8353.743326943952   1         0.9521382648011462
-5600.62298850092    9372.599676524145    1         0.3531048267004513
1986.4931230327231   -4661.832613744014   1         0.6338615443235426
9580.469677541443    -3876.521778867334   1         0.5396478896095595
4916.670434569205    5515.944115814337    1         0.586276263972556
3065.689488895322    1778.9225765208416   1         0.65556001558703
1576.0648377418788   6505.107983448321    1         10.189090227034823
4449.268841589112    10364.603622850676   1         0.9701191956569362
1270.5902640132501   -4665.0807278868     1         13.562208437692979
-7200.301613401043   6392.170771870105    1         0.6804341766069261
3064.4388343410083   -5237.167869268856   1         1.1212302757980903
7574.661873158138    -9199.58620608318    1         0.36764911123743016
-4958.701581586436   13365.888650006169   1         27.648486175703134
1616.138253503871    -10189.09552405565   1         0.7544147262190133
307.83032211361893   3726.5152824897064   1         0.8690941043023936
-3555.2802504775586  -5995.666279048237   1         0.7688384153205272
561.8284819211954    -3302.838800427067   1         0.1372471682298821
-7850.718227563682   5299.161256950789    1         0.3892611996565831
-4722.966114152507   -6891.57609291228    1         0.7379010812544613
3210.358205528309    7216.845723839234    1         10.432631828391768
-3904.8570927148085  9228.626861786735    1         1.155305749891964
816.5529512102786    -5580.803329598961   1         0.6413710136826346
-2187.1670429761225  5028.37804595331     1         0.6040736680622533
-7147.965587061576   -7305.264613110651   1         0.418812299838093
2923.488516467596    -3608.4503233951295  1         0.5668705245086417
-2603.6047597913594  -2439.8530887528314  1         0.6020744893199783
-7166.005578131967   1002.0655899624958   1         0.7606365495765255
814.6670081032271    -6771.042210972752   1         0.38904215970952194
3207.711113350213    2356.044068301253    1         1.1390146843671087
7803.467001297353    7365.384863940462    1         0.3237273912707212
-95.98504279509906   -3224.6989065339294  1         0.290878317568637
5742.7682874816355   8700.427250290008    1         0.6847649227352903
-7082.837570424456   10508.41068966537    1         0.5840189363000726
-4603.613330591983   2527.447010807575    1         0.8801701249105647
6932.342832306012    -2340.43300480098    1         0.2201750030866938
5448.728289981014    -5507.948781932004   1         0.42511899073721215
8538.546393717052    -2014.8896682898248  1         0.9643703301621982
