trucks_count 3
drones_count 5
customers 61
depot 0.0 0.0
Coordinate X         Coordinate Y         Dronable Demand
1002.0626828111099   1035.8991242293393   1         1.1599998066053017
-1422.9304474003843  -764.6923035238858   1         0.21638124964639477
4458.873448209293    4489.660449986179    1         0.4057744217171473
2654.6013811385574   -2865.16545222416    1         0.25259244201396835
-7303.759863504472   1457.231155028936    1         0.3903236333622574
-2486.0490624730273  4231.954928427565    1         1.0886604541229454
-7333.868060187326   -4169.765905887788   1         0.6279531218103934
-3095.0331395592098  -4307.154368324163   1         1.025499725771815
-2391.243858670769   -3529.1799810657267  1         0.6407548885001415
-7349.392688053253   -3755.593710353011   1         0.10794964111309721
-4876.37909391291    -7870.192884346962   1         0.4356423039543338
-3299.527121743434   4369.938101436719    1         0.42581031348656617
6888.08370639661     -7272.535169278506   1         40.18411288355323
1870.7000600203683   2759.1407781519356   1         1.0139380367675377
735.0060834644105    1141.2095654879868   1         1.2244073603091568
-6404.188787991364   -5866.8032511272995  1         0.5139473784643526
6679.960464705758    5221.568600660296    1         1.0569807267084144
-2098.90320317198    -3911.227695334693   1         0.6099485370397318
4610.908509611008    -623.3008992619685   1         0.91561212250596
-2690.554088950692   7692.962548795365    1         0.6969556170561595
-4669.632774893907   1955.1232925570566   1         0.9728539174331448
-4171.404279987382   -4465.934077934442   1         0.7804036089327012
3360.368308291397    2367.0709491113107   1         1.13607962744462
962.149689488197     6798.398901529798    1         47.69520693406431
2880.364847818646    -617.6651650873819   1         0.2660884708482686
3947.028333838464    5612.4262594602205   1         24.937077393429867
-5867.100595550493   -1070.2664799783643  1         0.2107814531955034
4815.774135158545    -6131.218198763002   1         0.287275785863358
-1629.6847205040995  -1908.312814411991   1         0.8271716351793351
-1912.2395801010362  -1963.2991797394805  1         1.1880181476377536
1491.0100263842362   -2889.5377137750434  1         1.1511082919773266
4707.17549263358     -5993.973242822202   1         36.83528162206966
1957.0170865592077   -1268.4003147702247  1         1.1550565334481477
4961.655465991399    -5569.09466060478    1         0.2852329787272071
5208.9886460741545   4882.070059184611    1         0.812135574845975
5084.184356024484    3868.354459777928    1         3.293852123449974
-2678.802778495941   6449.221067353876    1         0.366566167621872
1598.664133530623    -1784.2330741952483  1         1.2175708167068597
3193.243859107117    4425.1019398244325   1         0.20552631708720911
-7180.4201897722405  4888.22233086746     1         0.38355223084176193
2784.2364945795566   -7222.820400639237   1         6.387252976052049
3331.16456367893     5332.151941712816    1         1.2214090439668046
1189.9659541153947   1009.0988134655142   1         1.1677742328056957
-5927.615355170593   -1252.6887080947367  1         0.5539101456594141
-2500.1955483550946  -1483.597820889407   1         1.1926919713716189
-1329.5715760227738  -4362.427533484549   1         0.7385590516888277
-6485.187155133909   421.1642666355932    1         0.8234586273851742
5368.0297308857      -576.9377561801845   1         0.1423852388099582
6175.043104629301    -3046.9359721674     1         1.1076707230860383
-4684.838197149069   4882.488737211543    1         47.371346075683974
-3359.901290009842   5220.641383066627    1         0.275866883100686
4111.603332273895    -5041.236876272914   1         5.997300339428141
7112.908636255397    -6127.129934179129   1         0.9439233186444991
-3123.455564325124   3603.8412350031763   1         0.8790099343231871
2731.3751368790627   2213.5848672812435   1         0.912571555513519
863.5813121829601    2645.9627630173104   1         0.5426966383982451
-2055.0486338603546  -1241.472103836596   1         0.18279240541500852
7302.709864958568    5398.180939996592    1         0.8728881898094102
6233.4376905785475   -803.1157328365033   1         0.6978469380103262
6257.4815297716395   -2470.384180928665   1         0.10277594875254278
7615.033275062578    -2932.475118775956   1         0.5571035471457952
