trucks_count 2
drones_count 2
customers 30
depot 0.0 0.0
Coordinate X         Coordinate Y         Dronable Demand
7327.286518616392    -3735.068164797373   1         0.16353206894614183
7588.002291392809    -4283.908741421865   1         0.8693808226081123
934.5682745823123    81.04217406532088    1         0.7213074784718495
3690.5062409557477   -5600.718144131459   1         23.37496424268313
2918.480784542002    11010.190136257674   1         1.4882285316493218
3357.5601682957977   7465.554971694249    1         29.61891872385753
2241.090717769328    -1008.1820709717764  1         0.4607126238723056
9403.25212125771     -1225.967923630889   1         0.5893984820716547
-1792.2495432101782  10033.228624217312   1         1.1100983751952485
1686.9208821634074   759.6193511832771    1         16.247940059897747
-4571.067903427647   9712.969786297395    1         0.7782904689017245
9194.173075038247    -13604.634121084613  1         0.8445254317567907
3841.6421119102492   4487.231059770372    1         0.5567668368724541
-6486.465881771302   3154.536929742029    1         0.5474682698215158
-12010.850521163084  -6622.6538661248605  1         21.880326054449448
-5770.237195666269   523.3510960524163    1         12.621508000783628
-1624.742426130357   -10196.596398333662  1         43.56555995864267
972.6930732691492    3617.1085676278212   1         0.5912649991918071
14342.848893487362   8578.931996513054    1         25.940664619507263
5383.962647184688    3963.782144484723    1         0.9794281899148221
4219.607454262513    -1838.5870686801773  1         0.29911419666540984
-1007.4177659154011  -1617.5692898037896  1         0.27058714296552555
-912.6179136191881   -9112.918025351284   1         1.0924656668898698
-6466.961794785536   -7151.840882475924   1         0.7980034060821134
10334.4297728167     2104.614939957487    1         0.20099352721330405
-1414.4364436898877  -1641.856532685569   1         13.712896235251495
-2825.8241606973206  -8380.789434402232   1         1.2026925315886061
-3811.4599810537698  789.6989799728004    1         1.0809850239798746
1343.4439371359517   9877.65087026039     1         0.3655379857396196
5792.587421812535    8589.141892203606    1         0.23251016303150723
