trucks_count 4
drones_count 3
customers 74
depot 0.0 0.0
Coordinate X         Coordinate Y         Dronable Demand
8774.27158442999     -4379.622423299006   1         0.5513424017525722
-4601.875423150272   -6962.527185440216   1         0.6796904084387306
-6026.518264805949   5950.308285409304    1         0.9203813620570457
7847.490093833828    5317.3169400918305   1         0.3585957847820982
10656.114331859115   -1952.114587975337   1         0.8181250370467638
2906.056390670451    -5574.245837234823   1         0.690828899275638
4350.938798348234    2800.1551692822723   1         1.0994016171395544
8601.315015481377    -3149.100652867343   1         0.33732991047226907
-6193.216081598088   -5233.95945904035    1         0.31954738559561957
6881.046053658504    -6620.886466931665   1         10.495072600246795
8278.153281657382    -2334.318389923672   1         0.3722011400051851
5122.246106274547    -2152.0658162553277  1         0.6164600367270335
6703.937477680758    2276.231875801315    1         0.3544268458894074
12225.452706473938   -15398.610821239414  1         37.41395830939011
1299.4258686148569   -13817.105445043955  1         0.7014284175237326
3363.591372259593    -10364.180871843237  1         0.40228038814592804
4893.147762516415    -12535.343685725344  1         11.280467444084735
7065.099249361383    4271.609162499401    1         27.906702932679092
857.330587068654     1505.3813732240392   1         7.614040905117534
-1943.2349150806458  -5461.944106765938   1         0.9490507964211087
-9719.271657191928   863.6661416889145    1         28.147016596000043
-3483.4706128399766  -6893.189582713049   1         1.0068785542145438
-2140.8488953390492  -4952.867630999016   1         1.0027393745970412
-1733.391997363929   -10628.666664416767  1         1.0440884503731176
4961.513281505344    -9569.093819885307   1         0.7101363991357031
9781.81327524813     -112.85444705554346  1         0.16971153993377605
7585.067351500216    -4589.136785600625   1         0.3773779496194525
-6899.6961904071795  3102.5453180558825   1         0.5129179004028501
6506.4921409630415   7192.23561882994     1         0.7711440474130428
224.20084995382686   -1767.4882069990017  1         0.2721319428167999
9006.890229129309    2653.682580400876    1         1.0216279745861585
-267.40124984180346  -4421.056297145967   1         33.050865682700234
8456.469302257305    -6392.322530142927   1         0.9532195470962748
110.6399230158284    -7116.878929639446   1         0.8321748261242218
-4366.98158898847    -4325.4845580181345  1         0.6579257563834598
6243.571688883271    327.9906812358477    1         0.6283001388980983
-5870.560963487208   -3686.389947570213   1         5.733649034425125
-9008.34772618346    7194.437819538009    1         1.2279579305184503
-227.39112785871131  -6527.195660475322   1         0.543913355619207
-9515.582672708055   382.50721662655087   1         0.93078932771172
4531.972808263756    -2414.56879338366    1         1.2110338099389073
3986.2303225828473   8550.111714277362    1         13.456299490232626
-2512.527584490982   -4796.511249227665   1         16.603939450762024
9956.87182984677     1153.4809965538411   1         0.29350377130854177
-88.34322889930856   2573.9194188782108   1         19.555835841633918
-3617.235856710761   2618.553369579378    1         1.0738511695648352
-4800.009278058117   587.1296076780036    1         0.8711110431305809
8591.932896103406    -4077.0556852956765  1         0.74717542102226
10449.619302780848   1964.6102385100885   1         1.17584721550208
3750.6383036937586   -4257.544812572753   1         0.8599209196074689
-8484.693256381226   -4779.4243902962835  1         1.2150286677822262
4570.1836339693255   1169.4305550619467   1         5.391381336526647
-4462.610008708205   14719.1014387443     1         37.6542335032071
4607.179473018061    -1360.340132341513   1         0.686718331120093
6576.4360809477      16879.636088308194   1         0.22701826278883258
8490.045854843378    5411.721727008044    1         0.895773632844267
-5030.400586028514   2126.7912824668115   1         0.5326708123364966
1238.5779510306834   -5791.118004152953   1         0.40644880315165655
-5400.443346248938   -3184.118003396769   1         0.2267113647442121
214.26832491626152   -9494.655196032556   1         0.4352082815713031
2897.706048284525    -8019.7601432838455  1         1.1142426582156266
8994.612457196548    -6805.358170998154   1         3.5861406809802006
2848.7998291654512   8997.19948565988     1         0.2115664935527401
8869.474768243033    -5754.621500376488   1         0.5914456755963204
9029.631914733818    1703.9141058844127   1         0.615188763477366
4598.125249318964    -6069.817640985215   1         23.316124993617603
-6097.857592392973   -5023.779415779937   1         0.9583348868574021
-2677.9333404182516  7060.518630365117    1         0.8071971590411815
-4911.5261724667635  -807.0898149424178   1         0.6002592927776008
-443.44896592411135  3074.9902850104017   1         1.1814552401307248
10505.459589867145   212.45500725417497   1         1.0578250983005653
-8136.261643817723   15537.243975899575   1         0.5219052432213214
-684.752324267552    -6702.482436627909   1         0.23938990600504384
-9775.313443179346   343.8359256660629    1         1.1501195548672354
