trucks_count 5
drones_count 4
customers 65
depot 0.0 0.0
Coordinate X         Coordinate Y         Dronable Demand
6805.174996295624    6614.999491495282    1         0.9524466157782938
-5447.42383087787    -5418.955040661151   1         1.145988055813669
5226.5416792692995   339.927784692693     1         0.7177151929253432
2480.5007021259535   -3107.2144317067423  1         0.7853832561482172
-6086.561489526845   4805.750674858812    1         0.7826430121544757
-1995.5465302685125  1832.8998808078431   1         44.2940984758484
-2753.002699401678   -4442.1777162552735  1         0.5261505354794598
5254.658027856344    -5967.136395897679   1         0.24858941894235825
-7730.120417101855   -4524.722099339118   1         0.7416609787178626
4581.095134066218    7234.68570175389     1         0.38548490718838546
-546.4144176824855   -7663.579474947317   1         17.17414064779708
5364.527679071789    -6119.756994313631   1         1.1858279719236644
286.692145350846     -357.83082375248745  1         0.47063003934507264
7817.245724718248    -2862.5959392592567  1         0.3049623814436615
-183.81447413390538  2863.8074764560147   1         1.1626025896120789
-8743.239757986034   -2014.1745965559762  1         1.0490078706215757
-7445.283843328404   6183.911362921451    1         1.1817471637384767
5237.31954046276     2226.743660601838    1         1.0607586936489788
-5600.910357932276   2369.3916432892934   1         0.11419915048389061
7542.8035982786205   3127.9276767526953   1         8.776198240067314
-6447.010627529195   -991.4533375209792   1         0.12997725121319825
-8753.339949418885   3026.673031703649    1         0.22320607264811715
-4099.187477537045   -865.250989907073    1         0.7413144882964269
-6008.150364467608   -2583.0545288408816  1         0.7275545996048286
2447.065245686635    8320.615082300385    1         0.7182653496951049
-2445.832880627412   -4865.513993830486   1         0.1952706265903622
5365.102184626372    3918.117218021987    1         1.1295619049156775
-397.92437273151984  2836.6845844579047   1         5.19155036693843
1176.7922926716717   1550.1710171027037   1         0.7924108150645808
-7728.206692001117   6615.556618698784    1         0.5634566230527628
2890.693748729596    6887.470442086377    1         0.5793927033161627
3101.5506321863227   -4710.250175404635   1         25.177334628695874
4389.0232345771865   -4308.517778538137   1         36.825261003769064
529.4103489660461    3626.6902634164467   1         0.5394606447541419
1403.0152919738007   5262.132453737251    1         0.7297801388016097
-1301.8674314115942  5372.285485063319    1         1.0960900903086606
5086.296143973497    -8185.214147752905   1         1.1893626266790331
6616.585951749031    3884.485649101969    1         0.20165520554085675
-2119.551222985614   5888.202597567484    1         12.962290501442787
-91.01799691753644   7607.974685428946    1         0.4779246694417548
1190.4621787926176   5072.30144740402     1         0.733066207475313
2656.938578532632    497.84631467477084   1         0.8352613356231099
6093.624930530214    -6230.169226856091   1         1.1130816936844006
6266.060656066175    -8471.395883638203   1         0.5654288889126575
-7270.367395767666   -8290.28247608371    1         32.9124701466368
8108.38175092201     68.94201114680958    1         0.2604579752933417
452.4844855931727    65.61038218878468    1         0.25606087456219384
-5594.0247848474455  1095.76860706171     1         0.3594207081716756
-905.6535316640868   -3324.604208198465   1         0.2851329102180166
-4009.260329750365   -1073.494676581517   1         12.322188292445771
5805.335253931778    -4835.739003829328   1         0.321263141152089
525.0024588574053    -4213.182598557709   1         1.0578519500984405
-4640.49289984494    7385.364909626236    1         0.4034176059857141
4071.044931980181    4130.018819057774    1         40.94198299094037
-1294.8635733680794  7996.5616243321165   1         0.64856242648183
-6126.830326366025   -2645.1585476233895  1         0.8556524766585591
-5010.391468206      -2365.7514266662497  1         35.85345312615074
8241.723105605915    -650.6411789878526   1         0.5673237381571133
-5233.659517609455   -2133.502762731532   1         0.27053500230277255
1850.4307280368084   6466.008952753198    1         0.22214724360074198
1499.4218315952492   870.4027774854949    1         0.25477608578135247
-2483.3361532976255  3720.734768962097    1         1.2152569374831208
-759.149155658312    -5328.345201010107   1         28.258065442345284
5931.096941776325    -3742.8657295179273  1         1.1179068117513031
2790.248404996623    -7991.479181329826   1         13.071003698746223
