trucks_count 3
drones_count 4
customers 58
depot 0.0 0.0
Coordinate X         Coordinate Y         Dronable Demand
-10214.009084293648  -1142.3041110732872  1         0.3568489363995754
8113.694258957788    2252.5531901675404   1         27.3331470219769
-443.81314507419256  -540.9678038477788   1         21.08120632279255
-4018.6865695168326  -6456.582956615054   1         0.8879422993277758
-6568.074800059896   -6481.2316508016365  1         44.96568430368869
-6046.235506809251   -8411.045252827893   1         0.36601981044468757
-1114.8390920515337  -9757.192490413081   1         5.08097084979749
-6966.195903425719   -4170.691894566524   1         0.5370109880906804
-483.67089760921044  6181.450108938134    1         0.1966469630774762
4819.488494277047    2538.934231601983    1         0.9255528241789799
3243.657356806769    7000.533447345701    1         8.470850697010963
9985.30351198312     4348.313934959047    1         0.6410561874829366
-1484.4939046306863  9280.78691526641     1         0.28611415714631017
9417.990989035216    3398.0058213507195   1         0.8129524161052236
1304.20008816784     -3837.226757296047   1         48.79625093199456
6030.723285293739    3619.285625275635    1         0.7433489642155774
-1393.9263173843565  -7400.490654167197   1         0.3138952512491174
-5890.340833632839   -1069.880126824224   1         1.0008002156620617
-316.2192456775434   4074.921748705738    1         0.5404640760237196
7350.673059997408    -7078.834328523037   1         0.12603829308786366
5764.898815714871    -5807.116706510143   1         0.5616800187864756
-4161.358674872444   2259.7831580624234   1         0.11341860744135003
4932.15846227722     -4981.571579425844   1         0.6415895515195555
-8165.884025060991   -3624.3721421793325  1         0.5123285479345038
4057.4344241882104   -6702.959612507516   1         11.266930254333458
-1208.4132055495234  8280.80309187381     1         0.4146578759866183
1340.238131158186    -2004.3484116310703  1         0.6604686883933357
-9900.958986336405   -7011.353283502103   1         0.805365942251172
-2755.5144158136063  -2083.4449062215303  1         35.81353631494211
-3746.9890550331447  9737.026818597098    1         0.22254316284908982
3742.7661080117414   -7942.717276885339   1         0.5204752774022129
686.4092092721561    -6813.4180017720055  1         0.15142545320691514
-4056.404230097169   -327.88626754358273  1         0.6808192114345463
-583.9549634176677   -5016.89811458094    1         0.5868856987107784
4498.477334074935    -8943.037160417973   1         1.1599312320100428
4263.729770686673    -6716.263770163285   1         0.826970699857029
5290.2345454125325   1266.8514756652833   1         0.672235856194855
-7233.767294562253   -7967.887988985718   1         44.26146221398443
351.45096818271367   2144.398086315153    1         0.8003241100849696
3179.820965327021    -4509.825859962923   1         1.0816509415439628
-1853.8974131961436  -10122.821707379608  1         0.9827684033511904
4084.4541982541596   -1014.8660533322545  1         1.1267615904316803
-1496.6604784633914  2833.9777744693565   1         0.12465327504406895
-7624.463218317562   8024.4250210589635   1         1.2317895530031209
4891.591076206875    7192.3539269145085   1         0.14453133888164166
-8884.341444861973   -730.1958028644913   1         1.2357395091493075
-6694.13933595464    -5095.814455600228   1         0.35822715032890784
3345.691582507996    -6079.603730953677   1         44.23247640709741
-9095.248439207297   4743.939438690796    1         0.11765044260852656
-4885.161011109393   6240.287232524617    1         0.9178945498748827
-3561.7520205450483  -675.6089453051807   1         22.69762614802936
3862.261447657135    -1476.6909046413525  1         2.746582363885561
2415.947868914514    746.0172686194486    1         1.2349831450521314
-7262.546264754632   7181.990414439426    1         0.638133062068532
10127.653219637363   -1059.5358652508294  1         0.26468921474094764
5121.401443194536    5758.915549548053    1         0.36269128412591867
-9430.327769355656   4305.149962279125    1         0.9694156338178862
8652.207134299311    5712.96266298055     1         0.34662664489328976
