trucks_count 5
drones_count 5
customers 99
depot 0.0 0.0
Coordinate X         Coordinate Y         Dronable Demand
4090.3155862143517   3316.895212282497    1         0.4947826510560188
-5195.774652143844   5352.7378923785245   1         0.5554249550666698
3699.088137861158    -2595.8212037251883  1         0.9867428893408978
-2269.182556053316   -3431.6063786124055  1         0.9935379861843421
-4439.219484297676   2585.4634675759544   1         0.5459013855746809
-2719.3320925165335  4289.619730965596    1         0.5276457165365173
3193.912064526505    4888.207614903809    1         40.76809805410478
-5243.8316197338545  2274.746317201578    1         0.6251906852131707
-1687.2297500195036  4482.33222612467     1         0.6256713882460626
-1285.3358877345263  1977.4580096693405   1         0.6177851805238754
4647.261728327229    -4776.511938189417   1         3.797575263125527
2618.5040261009917   -621.2184466666663   1         0.8074694682887978
-1626.9590169958205  -4056.1275897750043  1         1.017649614140244
3610.8201535335643   1759.4330209411144   1         0.653668485100198
3238.952218020274    740.3509030900277    1         0.3686232223783874
2862.4361967550326   5268.747090868488    1         0.9050790936241003
1319.3910653942905   -1003.6640639250022  1         1.222455441764459
2763.367801726164    2448.057199251837    1         45.6742509580144
2367.177593863875    -3150.8510417268108  1         0.5826835729525289
4621.047137648974    -2855.5388334800114  1         0.33130371501469175
-3690.4398392959397  -3975.360940869478   1         0.694221292051522
4282.031760934139    3799.569647835535    1         1.0740374956720589
4100.088299551012    2775.0645272845536   1         0.4274010523418036
745.5715339076282    -2977.380899505087   1         0.5205680496604981
-4121.203590356154   -238.85666052971726  1         0.5938978482835497
2718.224625393046    -5144.171875755551   1         1.168489091942642
-3367.124355920627   -3953.7431878452726  1         5.26248510645207
-1039.7583207137022  -386.2009804179552   1         0.856020427575184
1118.888765362969    -5054.4055037137405  1         0.7886471447700545
-2054.9213766257344  -1311.3920861743622  1         0.47409426505983776
-3583.363986679776   -2325.127816287668   1         0.7407339103985527
2258.497157357988    5109.6231924427875   1         17.812160125603878
2916.922157551674    -4715.92495023873    1         0.7744366869628289
716.052316377636     710.4356471423379    1         0.5800105557450776
5221.736057510958    5276.707547572022    1         5.465543995659874
-4970.776803936273   3452.0513295520354   1         0.9234312976636401
2258.597008343805    -830.2657457566087   1         6.613761359817053
5019.416526605562    2051.142716102866    1         0.6339180428982518
3764.706490231485    2308.013067275311    1         0.2523384715766406
2709.924131944349    2849.604158593254    1         0.15248121129800055
-5087.43396902204    4218.682670262129    1         1.2047020899886518
-381.0422109892947   -94.67287660661026   1         0.13288954154830426
-1350.2838334823348  -2524.4334143497526  1         0.4063522131023174
367.6610042534352    1790.8597015371909   1         1.1148585922854835
4064.437933429449    4437.936665174678    1         1.0419312180622744
4805.187932979618    -4393.095599479373   1         0.3892547433637562
-4493.067437253716   2677.408956732457    1         0.8448749215633901
4355.1535813197015   -237.65230302936777  1         0.11396404567835888
2395.9486124998643   2203.9564682880523   1         0.7138406762339744
3690.289067122071    -908.5152688982063   1         0.9276885823149712
-3361.9696624719622  3426.8252468319897   1         1.1861022816309792
3035.5686188617246   -3054.2196762810067  1         0.23863572041012254
4576.690036174947    -723.7073337612973   1         0.965473680164158
-457.4464353427111   -3122.2978160663733  1         0.8598352166354668
876.2635109055209    4898.703597816594    1         0.3396075437374906
-2846.6689504134856  -3166.826946947201   1         0.5402980254059055
4915.953505291628    -4153.922748487343   1         0.17357161527634885
-2675.644163849887   987.4952237145465    1         24.8226712922675
3440.2466007476874   -1199.663411662288   1         0.6452434008706623
-209.21060976375193  2908.817261704045    1         0.6833731361846025
1456.6041045834495   -977.3275655164095   1         1.0962693737001923
-1548.2271800666063  1186.1698813851      1         1.2177636964144076
-1373.957201385118   4946.169976443617    1         0.859253331752994
4885.732393335627    -755.5027096793426   1         15.978877468706811
-2076.0417809400897  652.0358731461439    1         33.495039476094774
4175.163143649274    741.2000074528678    1         0.7780806713225495
862.2478454935255    4674.869345383309    1         0.4970505535412115
4924.976730773048    1068.4231737466107   1         0.4081710472126988
3478.369456276573    2651.122506977595    1         0.5113687161784031
-4817.987856468764   2400.148139452332    1         0.5136439432578452
-4563.524189202045   -2542.354099706452   1         0.39183707773725185
-4947.008873571386   -1107.4177328288492  1         1.0459657376303053
2676.3130953323302   1433.3066505437982   1         0.718116815434068
3904.4640538285057   1156.1742065741269   1         1.164509234259335
2060.253366556916    -1008.2690755095485  1         0.5485789667238512
-591.1588073937833   -2159.3234573539225  1         0.3405713707020655
4240.027833067831    5122.207530527022    1         0.717312553680375
-2797.853246870138   -1961.2679057060548  1         23.79077263267003
4047.5455682711226   1816.204110931721    1         0.35288770909167244
3424.938355317813    116.92120009005521   1         1.2148062071991421
2051.755344603466    -4710.2320308896815  1         0.4449125349419084
555.2349565402812    2438.110774166103    1         0.28498217010176696
-646.3839231363071   -1901.8157759970236  1         0.5742684805779089
-2194.889805971662   3314.560241107488    1         0.28174520791987234
-80.82492159480697   -3922.3504420692284  1         1.059886341986902
1394.1833699006622   -2194.0800427678078  1         0.2700138364536682
-624.2286940019618   -3911.938213433294   1         35.47192978422408
-3191.9339539325283  -3059.114479770442   1         0.22640487886513683
3469.5121208256123   4753.962351497267    1         0.5194498409975085
537.2130726973238    -4178.993149210542   1         1.0455202024166823
-365.16248266021466  1512.5556463943367   1         0.10760066247546785
2868.1488639268937   2732.199346397558    1         0.8076931004214671
1358.0110378848603   -2994.6911392517864  1         0.8592624967938604
-4468.781195907932   -2850.2394272104884  1         31.50125836193291
886.5245102702556    109.73452441199242   1         1.2465785812186059
2586.2213424746237   5260.077077033963    1         42.156756417305296
210.3278517676481    913.9476058205455    1         0.7137735381235092
2712.87453744851     4126.325953011294    1         0.21221252269224933
2428.723964511765    1883.3085036877192   1         39.89444403167275
