trucks_count 4
drones_count 5
customers 43
depot 0.0 0.0
Coordinate X         Coordinate Y         Dronable Demand
-4790.155151472498   -5817.792385322766   1         1.0376141830871648
-5117.24464922298    -8802.731967152942   1         0.2517967874959167
-1678.5823131370962  155.47399451389236   1         0.7732373012120735
-5375.1764741699835  -9236.062112292746   1         0.7124440854603357
9316.831738924799    456.6994280587684    1         0.5860949958680342
-8839.9703639478     -5637.675380449917   1         0.72239931590362
-9098.49430455595    4501.502097534962    1         0.8708783094832149
-7487.144258342053   5266.78550822285     1         0.769613970301989
15541.976826494381   -6608.8243760060195  1         31.902456716795427
-14890.839273977812  13510.795385467012   1         1.8929157665523078
-2048.5315979061875  2290.3278121715975   1         0.21611200239460826
14400.596751315166   1215.0002453203997   1         0.45529597517693965
-5200.675979021787   5252.06599770211     1         0.7950484944861411
-8758.05762111871    2859.858480629228    1         0.9754897835571559
-6666.832612334712   2697.3789440756555   1         9.808579432840602
-5934.127831000569   -7488.596166080085   1         0.5875672320018632
13316.68761624291    -4779.093140192552   1         1.1259971935731288
9771.664193031167    3020.1688129912127   1         0.25796677908264604
-6094.437010943921   5837.321762274848    1         1.2445214063019434
4678.337451195271    3331.729144045876    1         29.478861685068644
-3652.6430878710016  5000.909514489791    1         0.6985725093322364
1421.4502007210194   20.022941602732672   1         1.0284894467686796
4292.426819856055    2631.8690855159957   1         0.4826637817042787
3534.170815176155    1944.8326202023914   1         1.000017966727873
2142.3250706676195   -9442.438860705808   1         17.964163059185324
-277.9513373588073   -3980.4316678155797  1         12.424715605078264
6531.480090889401    -5920.211509645144   1         0.9878321513305661
-3477.424161228839   -12152.27220294527   1         35.63356711782543
5442.829136421573    5645.862662336675    1         0.10668805489127345
-2381.717080276873   -8795.709553444385   1         0.8187494863005562
-9343.198314566731   4136.505706906841    1         0.163183538588901
6510.105855151294    6907.41096970091     1         0.7358300387332527
-7743.129421305341   7638.141058820558    1         1.2091529551198796
-6966.1649481768445  345.96668016948854   1         0.3450918571832217
3072.8450999074275   -7526.07885349827    1         45.55330390910642
699.8479098854243    10837.564216606124   1         0.36256734475971253
-846.142985043678    2111.4513153692023   1         1.2227606867728793
-10567.813786553523  -1357.7596547991714  1         15.088612579684122
-5633.157189369977   3583.4208281841766   1         0.25581816316421
-6883.7197995515935  3055.9184688996056   1         0.9426796256027852
-6801.2091857432715  5208.821224501964    1         1.0726205124671928
1003.2284136889922   -8980.861801945162   1         0.7968425487790831
3291.0513666005827   -636.3732869154519   1         0.8722993952159757
