trucks_count 5
drones_count 5
customers 69
depot 0.0 0.0
Coordinate X         Coordinate Y         Dronable Demand
6682.180635717938    -3750.0415010357256  1         18.266296855500546
-1064.8337198044721  6798.340201714506    1         1.1055405013487594
7059.819800193296    1539.8323642654727   1         0.9443835575417131
5982.229552166586    2241.7548503380276   1         0.6331539973787806
-6036.443452199611   -1166.7892065608946  1         6.037681844535332
-4762.021775606862   477.071578850494     1         0.8007173743186329
-3842.9800537404203  -4950.299656490144   1         0.35336107736106437
-4064.0210545317154  1877.5688931685672   1         1.181518859218029
3971.301752227026    -4392.4169303737035  1         0.851878303148267
-4199.634947394092   3591.083874888494    1         0.43007047757507655
586.5510067722498    -4784.528794584321   1         0.39588501380514607
2543.615639725419    2294.258952008959    1         0.3181362373844424
4813.975566228804    -394.0200736582228   1         18.69016784597484
3629.786585664577    -4438.97025545873    1         0.7779718318342356
2917.7347268614735   3864.175191764798    1         0.4873345916339358
-6803.280938563906   5009.636489939274    1         0.5603470712942044
-4175.937127072467   -2813.543494235688   1         1.0991721928130644
523.9245425907003    -3873.3228068733792  1         0.9636528109867585
1735.5183639259903   3148.717030957072    1         14.57919110099802
6880.227574604904    1074.8830209898451   1         36.61834418647796
3768.792985468424    5310.397637008424    1         0.45428042412875413
-763.7307143671951   5736.098248704145    1         28.4510275602498
2321.271109960472    4246.82414274073     1         0.9759224204705583
1116.3160286177126   -76.41816832447539   1         1.1523797330429362
-210.43379710330368  -3040.969635822705   1         0.3266143476080284
-6739.116640308437   -3507.9402714396965  1         0.8584768204469415
310.3810544032758    -6980.988505100218   1         14.95301388412649
3967.1182841702716   -240.12384252789974  1         0.2338836555312336
-1382.7994982872078  -937.2992497446658   1         0.9841224932420606
2762.2164357300658   1164.0321193744335   1         0.9584394978021183
544.7563055571314    4032.9267819372913   1         0.17959642412661483
3962.8992108913617   -4831.759391463537   1         0.2747743236623098
-4093.6165871581     -6684.373918146204   1         0.9851122898892638
46.790921450346566   54.980291941331764   1         0.20767904532559267
4661.181283380505    -3581.329646002601   1         0.9305814848542748
-29.140663836632008  6825.605585217734    1         0.9235881754634392
-3143.3200697410434  -4182.007311491824   1         37.534942184044056
-816.3834020954205   5400.300286171072    1         0.9734011637489792
4901.936140405887    1631.8044426035922   1         1.1380856567245892
3409.47521662587     4743.224589216942    1         1.1222437319035974
-2681.2103652048036  4169.462212689048    1         1.224625073943576
6565.523835198874    -4909.638616936123   1         44.10612615833759
6191.48165564377     2281.604698554259    1         0.6014978552893471
279.4009854431522    -4179.288264433551   1         1.1587848709535813
494.4916710584721    -1039.045887550229   1         0.3886555845219485
-5653.6983754086295  3361.0411454409027   1         29.164853862946412
-2568.2746349804092  1482.0342163066775   1         1.0811469296216467
3370.1165967508923   -1802.7260604026098  1         21.021719385577605
6275.492348299942    -5850.183125117555   1         0.2779492496703013
659.951223348502     -2075.5311803626564  1         0.9763575799567497
4206.319998965038    -5508.34378998407    1         0.8268960040842891
-3780.940282738186   3135.150597290921    1         1.1113913999945524
-3815.6647071917687  -6218.506719235615   1         0.20896065058167917
-4521.147365960512   -5599.973062040058   1         8.705058680824294
-1167.1853320111754  4602.867869922341    1         31.04755410379623
-5330.120753919963   1574.8976686277097   1         0.8145118212584658
-6331.698169710052   3004.3197858337517   1         11.091115453508937
5038.794034178515    474.3798207400346    1         0.5506547907112622
-1661.1170885078477  3240.6976149299035   1         1.1319683079575218
-227.69139528688967  -3354.062418753192   1         0.5904605565607003
6390.854530865468    -3327.1846682647383  1         1.1782767807292254
2211.5316831241166   -70.30573053999358   1         28.791843047728268
3840.788699271545    1848.6678954216932   1         19.10967023738699
-1513.8950989864504  1259.028236479273    1         0.4429541819701236
3926.498294198487    -3873.927804655541   1         12.048831187776885
6646.473012799513    6243.013664779725    1         20.629025391507515
-6003.295155616626   1135.7706724603538   1         0.8451771101065265
-4374.349155316148   -2629.649556040989   1         5.096809581700629
2144.9507672287236   -4091.112044548183   1         0.8785647868769906
