trucks_count 4
drones_count 5
customers 75
depot 0.0 0.0
Coordinate X         Coordinate Y         Dronable Demand
10136.36744298882    -1773.4674146380748  1         0.7280921653778489
9615.110623068282    425.4896623942872    1         0.2010967560082182
5222.326752173434    -770.7004607451781   1         29.816966913807494
9791.537310214393    4851.977215871874    1         0.8870300211788282
-2817.6420742590544  5909.367942511311    1         1.1684520356315742
8315.60190197168     14055.0665376668     1         0.6373387176658188
102.08061826396991   3579.221720169953    1         0.7937057905616685
4352.382171708262    9873.166216042691    1         0.9536849018901079
-1401.64032047314    10597.890962736734   1         0.5850086543620202
10180.876950740552   -8.642865814259567   1         1.0120819062510653
8001.978396602553    6874.747433842852    1         15.106267024092961
-2012.375914365358   -10677.857823396294  1         0.6600131395269561
-4370.245634765646   -6100.984884233594   1         38.55025513437177
198.35574834838468   -10841.15729353682   1         0.309856080115503
-9142.752646076317   -4671.758595177721   1         0.9522998882367156
13506.031274934361   3053.6783563202807   1         25.497033285177285
7898.47725376474     2049.7711021909126   1         1.120118588247594
-3307.323228828647   95.32182646537149    1         0.9108495076646546
-1597.7312005086167  -7751.155125335517   1         0.7047438664260273
9035.6183136157      591.1372761540601    1         0.13997467097908772
-4009.5794441444123  12814.866032596576   1         0.17303302888243072
-2331.8590176633743  -9554.538475375206   1         0.26808346532545724
6034.635439476335    8076.777701640513    1         0.9570404411719622
-6297.776494571436   -7359.914995213417   1         0.39416512955766314
7025.557830949174    -1165.7753271254805  1         0.41648624218346053
2392.024871161359    -7571.847541094625   1         0.5319830507518439
2623.7819958083815   -4943.639808597323   1         0.34220805548448385
893.6241497037327    -1525.7844627118534  1         0.36532959617669825
-3193.532981554024   -7211.967539836927   1         0.48633622603588034
-2948.6115686543926  -9050.805946962893   1         0.6100807687142001
8418.681804196603    1005.6249900775256   1         0.5551313064845698
-1486.5848487899414  882.6164044448727    1         0.5192955453094714
-3739.713562647691   -1330.2669421298956  1         0.32281233627466155
-4939.441509119746   -1105.1701729061815  1         0.5040031991969186
-13011.009100010668  8353.064357000996    1         40.82240892405379
-8664.353771515489   2990.024066367973    1         38.45112457682185
-833.4929496935172   -10613.314264028591  1         26.92614305940404
3515.0240967350023   -7015.642604876607   1         0.32846685896438416
1853.6996610662045   -6234.69031617153    1         19.760821201630918
2463.1362487730325   2771.5472056816857   1         34.455464166746815
-5282.384713189632   661.850185136364     1         1.217112474003638
-1637.9976670055366  -9008.399628820456   1         0.9918535079281815
-7570.205439647656   1581.979800806669    1         0.8268084410169185
-3565.5392856366143  4890.184782915512    1         0.2329935677110957
3252.674642375903    -14773.005111945855  1         0.24718846396931607
4456.140723179751    -1357.4168235982281  1         0.407358774769115
-15518.16965299727   -9832.532925813568   1         31.113226947195823
6174.9300565514695   3905.7747310893487   1         0.9590008506705177
8527.372803865705    -1174.162373927833   1         0.5952350074142149
2034.871329738168    -3378.7484519928407  1         1.1778817464796256
1661.1159157190998   -2799.3342310697967  1         0.3150441659618578
7120.888755647337    1256.9320688557711   1         0.9579819944386612
1059.1941177891126   7467.473520405374    1         0.32712938825211124
-6740.784075948483   -3329.2962400352617  1         0.20791527268136484
4875.127415016133    -5525.6547466492675  1         0.3193857220400407
-7498.342753249998   -2743.852981935355   1         0.11760263036376649
3359.653551814288    10090.053507594854   1         1.1907781534654152
-3635.8900277572275  3600.799990534491    1         0.18842667756102
-8790.825539864867   4927.993487002926    1         0.18136276339987337
6486.415922482682    2929.8269464798213   1         0.30723438248957147
-5046.9600192203825  4076.2943639910327   1         36.806557973086264
5281.0945368545745   8923.051247501571    1         0.31028225493306744
-551.7432838149315   -9564.881017964404   1         0.3637064225415423
7920.770914658082    4884.598779742195    1         17.042058664218736
853.3765185304434    7808.848452265065    1         0.6712483648684799
6665.261524957679    89.43191472577718    1         0.4868429693333399
257.60856049999285   -7349.1247439182     1         0.9388788324651846
3858.5059040303704   -4148.005637596857   1         3.3677864526569024
9955.730213640369    504.80788340240184   1         0.815357510399362
-7148.203287039667   7868.528862042512    1         0.9258661094848173
-2445.426661525228   6667.435013471151    1         0.44156749384755123
-4068.100925509406   -9521.143128211195   1         1.2046569655165056
8524.620333093811    1851.06933538855     1         0.7097584434637105
-4516.391799943774   4784.721381222552    1         0.18761175332544
-6327.760842700133   -2813.6063276850205  1         29.537054663547625
