trucks_count 3
drones_count 3
customers 40
depot 0.0 0.0
Coordinate X         Coordinate Y         Dronable Demand
9133.10569202577     -7183.206991415262   1         0.38611348620056296
-345.0448776764269   5771.799160256248    1         0.4214779869953287
-5952.4793030095225  3542.8599888972585   1         0.2724627709332451
-4462.277105633521   2752.3335533816376   1         0.8206633348987203
-8821.769500549257   2754.7624663317583   1         0.8545278533535445
8045.506146454813    6714.037035079669    1         0.5243879895732033
-910.379770403309    4054.605732260077    1         1.1094126583609436
-1832.0746752506266  770.7564050561723    1         1.2148584401466915
-980.6600789859972   933.0275732709727    1         47.014750577170595
-5832.062229408854   6506.806037504981    1         0.5264311000448413
-2981.769872274628   -4043.522040360221   1         0.23867138175986827
816.8164726192275    -718.5607795998229   1         0.30468869482042854
-7448.585702752639   -8003.986299354604   1         0.46374213188329505
-5208.86701111421    7055.622045323986    1         0.9864675189486335
-5452.297631319846   -4731.185904083094   1         1.1523909127393603
-610.2772069059051   -4509.0312038462325  1         0.6049327799588546
-573.6142320379641   841.1865440514135    1         0.47749315553180904
2713.5725970898457   8136.073728188509    1         0.7976368829959061
2476.6454633790154   -7357.471017074443   1         0.4517550978900061
-5253.899436584606   -2927.4458905660554  1         0.5268987441074173
7126.298220809795    -694.8783772310926   1         0.3205364879339582
4120.5214401850935   -6568.788226870917   1         0.9267252432164751
-1817.8838553151459  -7654.756033135193   1         1.1277467226939746
2100.579029400947    5572.499193190816    1         1.1258851166369133
-6613.059779604428   5980.5912993560805   1         1.122283820364433
3346.0540390467095   -6096.811453034563   1         1.193872654581194
-7327.001338878838   -6631.123466733064   1         0.4151877570065594
1172.0543962568952   4285.619643786721    1         0.10125991547902898
2934.2958036529617   3311.6063986807994   1         0.9223462374583694
-9066.221064004632   -3247.303597769456   1         0.9899762833324429
2997.420978176401    -3031.507255955233   1         0.9674237482196334
-5427.433188745083   -5016.647197982388   1         0.7765823951555092
6844.3889976745895   -2305.1411729423066  1         0.8632383230334212
7273.214848244488    -6584.416028955948   1         0.7157485177254344
3218.328536094114    8328.973672263837    1         0.3296065696733651
-6801.658819858712   -8394.738923207738   1         44.12998864928889
5851.316568386431    1397.5547541042222   1         0.2105001269543314
-971.998417346523    -2670.2645000478637  1         1.0175327262596245
-5492.700256059084   -4434.226722125936   1         38.62383168077309
4349.895476407737    5571.790587127412    1         0.6725407213423101
