trucks_count 3
drones_count 5
customers 62
depot 0.0 0.0
Coordinate X         Coordinate Y         Dronable Demand
2788.000951620856    3248.5589458750537   1         0.7293616449774416
5418.142866423084    -3960.3199115282573  1         1.076672809777903
6772.838883755837    -2102.7772333228495  1         0.9252487258872409
-4625.032619896581   67.5102406464862     1         1.103626057228043
-5228.114799349494   -3795.780441252068   1         0.6551535563131685
414.5997258214305    -2467.5962107201244  1         0.37506537649619986
-1185.767518614604   -5390.676365261196   1         0.6683832879447058
-842.0458903236695   2994.363332394747    1         0.1548121503462812
6151.830359848471    -1922.4810727151173  1         0.5365001574047561
7308.573396090974    -3473.0549075710483  1         0.37462445096860364
-382.89611683699314  3154.7232875753393   1         0.2686387517769025
1231.6549194493248   4195.639542523392    1         1.1907630085302832
5333.670666142294    7424.789502318117    1         1.19340282850181
6341.645887633658    -2296.6819597040007  1         0.9949743636556766
-7054.71869095321    6468.232769772569    1         0.11243374978016914
6464.45982165319     3157.2075505576977   1         0.6916583934436645
-1607.9913662740917  2552.9920572829324   1         1.2394328207515242
5409.71815814569     864.7847800981697    1         0.13902944169348258
3887.742126379034    -5454.534105153013   1         32.220286483381045
-2563.5576162370958  3486.777887742166    1         0.7144404518648639
2184.6442054641075   5508.062365313559    1         0.5580586943805161
-1103.8198169122036  -6138.748965898255   1         0.41405023023068177
6495.489593975655    -2742.188013661439   1         1.112762857262161
-542.7728657931747   193.27651335096388   1         0.7999462190981093
3062.5080743600847   -3101.172659341077   1         0.6753294688946802
-5073.6619759791065  706.6013761805789    1         1.1254205753559055
-3577.337437850465   -6976.338992605047   1         0.25186407512936587
7241.258632410329    -1694.0151096988416  1         1.0914056775958088
377.18972163071794   -567.4034001350001   1         0.6399466048271718
3584.965078423138    668.4959692270355    1         1.097093078999215
-3731.123038967315   6372.565814202999    1         0.9416174899773808
3126.96099247707     6957.603395844822    1         0.9822622237979585
1059.45846684251     1445.3779642360555   1         25.84281959589356
-6352.088630704599   4801.949644470372    1         0.9550293535651391
-1690.1189060113566  4280.088863443843    1         1.05693275105805
-7416.523751373855   3971.435535480263    1         45.69282436894957
2417.383779610442    2146.8853064414684   1         11.996806059706692
4622.256588474895    -1599.5946333058628  1         6.633064848723964
3361.0875513688707   -1944.6496966204866  1         0.3660352959139068
7376.761390932326    6167.333688409882    1         0.9059613523493796
-7089.764741374905   4897.283325133801    1         0.8447913971149857
-469.89477189379835  -4535.053880889597   1         0.3763073127052795
-5060.5220959865765  6768.010886916672    1         3.623112188183934
-4842.097333127011   6757.950125805098    1         0.41119814756534245
921.5815415527604    964.0973614675854    1         1.0628007872434815
2539.1416226615793   7522.209546638535    1         0.555364561862995
261.2656329771262    5625.266090588766    1         18.568619289162942
328.7172109543397    -4946.167581492229   1         0.5591688671033802
-6637.658846768494   -6354.356209450872   1         0.9277611431079174
-111.60155784729365  5611.1087562439625   1         1.1669672227104209
-3685.3877107537955  6421.585790239715    1         1.0518781204244978
-2187.8551119101294  -7501.221608158753   1         0.5651780610850875
5558.131934675512    1776.732372764809    1         0.9139711589437328
4184.676855585351    -6439.284846380609   1         0.815548148427693
4400.607450388749    240.69557684871222   1         36.21660002131601
4563.011817753111    -5866.421749497603   1         22.129281424997934
1319.5191628352281   -6006.8868929554155  1         1.3044785152755445
104.69034371850555   630.2302115096645    1         0.49730193283382484
-3880.5996337886395  5551.596380694393    1         0.8502620218781232
-6958.2209121416545  -3489.3205049238     1         0.7875471588129207
-4772.510593561835   3557.548635614554    1         27.324316193556296
1256.1393391819545   -4624.068847307655   1         0.9570725815407983
