trucks_count 5
drones_count 4
customers 97
depot 0.0 0.0
Coordinate X         Coordinate Y         Dronable Demand
-10573.706928874071  984.9131917334813    1         18.448541389059734
801.0709269028747    -4424.070309939788   1         0.17408878821298812
-2952.4361308640014  -6055.7183647869715  1         0.1600791631010099
6955.330184478214    3807.4027895396734   1         0.8187582137165808
-772.5625912197538   -10912.730085967505  1         9.63867634110588
4618.084635583973    -3231.367621609583   1         1.0581355903030807
947.428873378805     995.6882766536654    1         0.6084173062678009
9820.822963644216    -458.2809436148607   1         29.2376730945804
8443.975198614324    -49.621584136635484  1         0.41771765911593184
-3673.0163332917527  9639.134860297232    1         36.876928738709246
-5091.023027724146   -6818.962272620219   1         0.8501159671012016
-1290.1540758078663  6724.68179791008     1         0.7313222892265271
-5236.104168182422   899.1454851852152    1         1.056761680835186
-4936.51614159629    -4101.675823970334   1         47.11258347747717
-6942.2482317275335  -12258.892061894243  1         1.488135210116002
2202.515035161733    9826.262497084097    1         0.9157363153270345
-3136.250025137595   2851.5544615683866   1         0.2504217086589699
6162.059025048466    -6676.696620878653   1         1.017787609567325
-4372.168641162837   3991.8286714357546   1         0.1042317583462126
5269.105654410609    -6431.499455389136   1         1.061385633047057
-9159.641562376812   1585.4568280121205   1         17.615835638849706
4293.585516275245    7785.632526996417    1         0.41796608838707006
-295.52875104259186  9705.274228539061    1         0.42543593441057437
1221.7836647295894   2083.400909967251    1         0.4915657233062827
-4446.722670453351   5519.457995114929    1         1.1562375414916009
1541.499533755277    -10014.994663133306  1         1.2438866044264068
1992.3258763921028   2223.274585737652    1         0.1848528339827593
-7429.626600424319   -6293.292422134402   1         0.4097460670964017
6024.836528253172    -1624.5824747000186  1         0.3375509860768994
1274.8244986591392   369.5777344947737    1         0.9049114914284467
-3677.3436484860467  -2122.6149944425483  1         1.2130253217067029
4838.632448634887    -739.8147278657946   1         43.306710889438605
8699.082473556244    -6395.895727966471   1         0.8490199426918232
-9400.176255568425   -7154.646933170392   1         0.18014098965259367
-7257.8431761198635  1031.6824171030064   1         0.1541866275820475
-1492.6002835050817  -6944.274430152415   1         0.6155431884132664
-6507.618227954808   5595.89405578564     1         0.3632156696324992
-1366.836898063069   1489.6351362513437   1         0.7156149583923301
-4835.770102942034   8694.00503643364     1         42.61400184843203
-7284.520162835546   -5934.988484968368   1         0.4972824436467176
10936.913422783626   -236.07414287486202  1         0.2006759710290307
13058.301025547575   12968.95718058309    1         13.972714399794306
-2643.448481843494   14977.860396774922   1         5.898999494316455
11878.232134734808   840.4136925127204    1         1.9121640764461811
6929.558202942656    7954.94582981231     1         0.28511274859267943
-6327.180968309779   690.0697800755343    1         1.038602070441843
-3170.9189155396493  5853.887285374867    1         33.87928271910707
6036.107313695786    -3192.1326658516746  1         0.2799367218508445
-7181.280114043573   -4476.246823353102   1         0.585180255016393
2906.0522738234895   -7810.747023781843   1         0.6495820454497448
-10723.545349546746  12456.695572205866   1         19.99992566878832
-4920.778770642807   3828.1018557950483   1         0.4080410948597305
4343.851166988309    3191.182722988311    1         2.261272704505706
6398.214926440385    4614.976822037119    1         0.933632051698607
-5719.273035249977   4888.3454401205      1         0.30217956815187286
-2530.265204407201   3687.853252216201    1         0.416214348880833
-13771.52373401595   -6937.596068110467   1         0.12467751832031014
-4672.2929214988935  3413.8075956812568   1         0.260711010039399
-9272.238423057019   3810.9472668963285   1         0.7291255977554061
3642.337729747751    4779.4489302151205   1         37.41417271433802
-2317.7254548675264  8968.622318625683    1         0.7363808878004812
-1595.827874473895   -5963.091987119188   1         0.4819308170178632
5929.365182318346    6297.512498910962    1         1.0252821224101536
-2350.0209537488013  4153.793562266562    1         44.824208601794965
-3830.7704564177675  2272.874524866325    1         0.7387076628447952
-4886.271635849118   7175.460601299269    1         0.596247112255136
-4279.603293716349   -9049.403984672013   1         1.0933273159901316
9696.522574491206    -4763.372397722603   1         33.719427502986726
-9182.826458666088   1956.867627781961    1         0.3816229190072683
-6003.103385292211   3192.126281715094    1         0.555463307112011
-9322.316008636722   2004.641172231081    1         0.16547866612691886
3623.8538498093917   3587.349588405155    1         0.2653783280548877
7747.415259000618    404.1601736770701    1         0.8657430018573711
6082.108682433231    -10285.610850039913  1         14.733597105347686
879.4392351022504    10326.377195608025   1         4.219483695346055
201.071336264266     -3656.3459244020496  1         0.7727394192765042
354.5309757817423    5209.572081843486    1         0.910676370446931
-412.8798585454162   4931.434425344727    1         1.2049241837738944
-2217.7611466233257  8556.326857745049    1         1.0121518135524146
4203.725960456781    6158.715281739671    1         0.7710633340958589
72.50554565368361    -8981.753153436306   1         0.4449042580985906
-3201.7504350417394  -4907.10640313827    1         1.1560356025612428
5944.820331731393    8480.680769391442    1         7.10894373068265
-3583.966039317545   7722.099111888104    1         0.6419482051672738
-2098.239450219969   -8457.403284198883   1         0.6887135937298041
-967.541252874733    -9646.101785035116   1         0.3745051141088406
-5291.938760444991   -9721.717079749105   1         28.095759228194648
-8391.205400504678   -6201.307881586834   1         0.7707611766373232
-808.486697777975    -6104.541974538294   1         0.8463262094524252
6068.352774228737    -10383.048585599714  1         19.699893759095097
-6708.266541119033   -8124.09046325352    1         0.8754334607000678
583.9794095898251    3928.9626972179503   1         0.5407310728816659
-6281.238417681009   -7518.751453619661   1         0.15101704381473596
7684.403323385816    -2255.926659839276   1         0.17490236575476087
-7291.272924837628   6112.662768819022    1         0.3187546228116047
-3843.7269419446093  9491.682897470128    1         1.1044472882162852
-5048.618516892564   14807.974913971659   1         3.578564254193364
