trucks_count 6
drones_count 6
customers 100
depot 0.0 0.0
Coordinate X         Coordinate Y         Dronable Demand
735.5409186270572    3735.88729518957     1         0.6562122059578734
6911.902203080801    -9624.264174984306   1         39.954939381582605
-353.8462636957296   -5557.046794403983   1         1.0055734921201434
-3438.2491233115916  9707.458815219019    1         36.80427663091398
-10082.590827190994  7589.026854601645    1         0.4082065546694207
-6379.179829158594   5680.875624232737    1         0.483379432921637
-5144.954214979595   6439.415514920253    1         0.1504478975196275
638.3355685210885    10607.03647110843    1         0.5067741768506412
-9751.674366613839   1645.502786202352    1         30.478877882178814
5906.578702600898    -7163.071994302946   1         0.7017455891538401
3522.0852330301454   -8419.861328565827   1         40.89962353447808
-2860.6460710181036  4004.672286829752    1         37.59586595688677
-10151.29557927402   1678.1967525122434   1         0.7898312207671369
-7978.068060969016   -125.86639000086376  1         0.2684070228406349
3382.48786495753     -8197.21410349053    1         0.4163549378391421
-4826.171734826262   -359.2764389781762   1         1.1615520837468933
10199.098231891694   3288.616552460964    1         0.949409637584372
7018.4233467276945   6599.9787342114105   1         0.9172944706891041
2973.682167083193    5477.737751140111    1         0.5022730262511316
-1286.4508185373995  -3106.331879237438   1         0.2973275915937114
4851.77767701902     -2816.559822201394   1         0.18710597149275948
3115.968176909405    -6865.502217607615   1         0.9006354335886033
-5012.199012224412   -9333.640894686161   1         0.5111977529498205
6624.321187549091    6179.242965319094    1         0.25828581643955273
4118.743695194737    -2052.080777003871   1         0.5229561127092763
4312.220564836074    8222.7285297086      1         0.9547827101386043
194.1575410742135    -10470.07292183731   1         0.3333304970247426
532.8767640771013    -1097.4638001378833  1         47.70457435173601
10131.34405189235    1123.4706865700175   1         0.1174414162833123
-943.3317364749084   9760.675656873555    1         0.6501498811961031
161.25003694884455   -6310.235065041675   1         0.7488598988900308
1682.22303904105     7272.350877008721    1         0.625831116308559
-3923.408038235142   265.72466567406104   1         1.1341150303540877
9466.743845346922    2279.541864037711    1         0.6695750776323757
2524.897046299257    -10427.17593639858   1         0.594822384873997
8035.941318081391    -4527.021975702477   1         0.9800992100931417
220.58852726023005   -1094.6038011974251  1         32.652135337449465
6912.827043507481    3055.1808334842317   1         41.59303245141357
291.3378836894918    -9980.364402108824   1         0.9893893411376474
-147.52264409633437  -948.9266617321368   1         0.9930491486266064
8147.285438973344    -7314.02874120918    1         1.0385369644569582
6103.341530314471    7022.458804996543    1         1.1735506466340164
-2986.3227057315903  5884.231472620605    1         0.5329763082865474
-10030.129730612965  2493.6256182085394   1         0.32802586585548876
8454.169728478822    -117.18410703722692  1         0.902214994659674
9034.906210350839    -3713.9190614251947  1         0.3653958246409612
-5963.879896012796   98.74628367521291    1         0.7043135407436281
-5856.971118133951   3814.024661722832    1         1.074475204772633
1516.8623146849118   -22.675288085046375  1         1.17848531966995
7145.6855716678865   -1620.2196539467036  1         14.367816084225566
3411.6765560199647   1687.0153633860193   1         0.407621190967954
8373.474392177526    -3962.2877263879745  1         0.6098386818192295
3306.9024557207645   -3646.344062611905   1         3.1506548835260277
4664.202721237859    9627.279094823529    1         0.710400092109089
4665.663780278868    5097.433425433672    1         0.27299702190964925
-3848.6344300174374  8386.482202922207    1         0.7737615547117518
-10279.181159761314  1016.9669971211044   1         0.6559242621585502
-1452.231725072782   -7956.335705084723   1         4.115301693544796
4315.391007758592    -4936.066099911846   1         0.41501990040856385
8326.973585443257    -1999.692481013567   1         1.0859428267712863
-539.4044582324009   -3563.5410418303672  1         0.4323611437378613
6429.884712040559    -8201.722303929531   1         0.9492258502432772
-1002.9611995214821  -1491.1567821206263  1         25.66829939452766
7354.876285834755    5919.0466174415715   1         1.0498706725538336
1534.1360572759659   6529.979710636559    1         1.120534175565713
2119.315081221039    -9120.022843122755   1         0.23040806216748255
3302.5021927333587   -7076.114152996438   1         0.11193061307427118
2776.2327732491067   7259.3420378322335   1         0.42883134570687687
5683.923471194066    4244.697761971236    1         40.73923999418589
5096.920904290128    9113.078447681906    1         46.768339102920514
5314.546409107248    -566.350598022415    1         0.925389706398146
-10110.085012607864  -1164.8732344178807  1         0.8154792978120045
-4938.510289359645   4774.54869418422     1         0.1368545522028862
3573.1842135597217   -7110.608407773601   1         0.7607148167092824
-7959.149500559754   4537.025253122856    1         0.2891342436154478
8678.603714395853    -4165.467913989258   1         1.161160915649525
9850.66429909244     3233.4847695521803   1         0.37366781910489744
101.01415494350726   6022.322837269374    1         22.450378273270484
-10221.572720857954  7418.681834343974    1         19.797634961749708
1877.494749601294    2766.9553054031403   1         0.9816480528435036
-8955.181869692015   -1973.6199363635837  1         0.5948206218512746
-3720.97143056783    -9885.744807120223   1         25.655793194291913
10016.732378653558   -2760.384407692677   1         0.3189004131261093
7597.429801476305    6220.914915123919    1         0.639483830915563
-9928.176839840919   8422.354454714492    1         16.14863671517889
-491.92259863745244  7199.107409264965    1         1.207256768177011
-9566.482425003023   2670.048271508991    1         0.5315462093529079
-9892.815430790217   -4228.969784933195   1         1.0065416908274913
10039.953498634604   4682.041447867605    1         2.675048903902614
-4882.69800428168    6961.228291411627    1         0.31192344201774974
8837.366874022995    -2690.829644274536   1         0.9479519249923538
10376.954979130553   1536.8005906949716   1         0.4861096551163655
-5385.373579637879   4234.919213597717    1         27.608168384763026
-10044.16827472226   1911.2240228019473   1         24.658135594220784
1045.5243041693818   7031.484744164671    1         0.3008438305425648
8286.049463486874    4564.6419796848895   1         0.6372685389357132
-610.235614106643    9854.281797068139    1         0.4739711783284837
-5235.300646509853   8696.716196297573    1         0.8899888220048989
-6016.575605511921   -8641.513477522261   1         0.3370210463258543
-3366.948696324124   5655.375966207319    1         2.431512225136421
