trucks_count 3
drones_count 4
customers 49
depot 0.0 0.0
Coordinate X         Coordinate Y         Dronable Demand
-1394.3602565974468  -3472.9756422725513  1         48.293006081293434
-1858.5902779337612  -3243.702769905215   1         1.2109909138454855
-828.8740382522479   4396.629644467726    1         47.36571443787325
-3178.966700652919   -2741.8854151912105  1         1.0367862839169832
8239.645928722735    -2041.5418196092187  1         0.5041079175065227
-1706.2047266105658  -4137.410292585821   1         0.9688629329384938
4952.204170088165    6434.173284175878    1         0.7303392603155974
7619.1627387765575   -6370.825794891223   1         1.1068455345234294
-6026.080380983406   -3009.842624755643   1         0.5874040981156754
-5673.451386371734   -8807.352283612627   1         0.8144077903476714
-7030.173092638568   6582.001115637462    1         0.36979622461295636
3810.008699356624    9524.431095211412    1         0.7458092906827974
-5993.3708152956815  -3593.6214370221483  1         1.1266252993695356
-171.89953740614934  -8807.834720393457   1         0.5890003924119266
-1750.3740049885093  5974.710674949849    1         0.193587911010207
594.7962447761068    -9502.916762349116   1         28.77061387960205
1037.9144202239197   2839.240452823438    1         1.185534429275876
-3421.886482011047   -5594.752333903264   1         0.8708373587286172
4872.100133994038    8475.607389557668    1         0.8712594982494116
5432.557382847432    -7460.181141137611   1         0.2172497056921791
6275.086996075669    1566.2084091713336   1         1.0570424645705856
-1538.7546694403745  -3789.2143334177126  1         0.3852501688618293
-7290.424136626549   -7705.441670901981   1         3.81174571484682
3153.8184690003927   -4187.128688926118   1         1.0902099171892505
3291.87679945999     7437.612647128421    1         9.60820497636001
-8724.640186212318   3044.775289841413    1         0.829241481456538
-2887.9864642412385  5179.446509552091    1         0.9997196375886463
-2646.2116664428195  -1401.1543472984267  1         0.33708964441868106
-2711.327210854246   -6151.952549611095   1         0.4829671592312401
4171.844566850038    -6670.092156937651   1         1.1785223239028515
389.6031652775192    8827.8016239338      1         0.8604940383142627
864.3710138012375    -6854.585259583158   1         16.43986959708429
-1656.9799818910062  1185.9052418510978   1         0.9399009482863114
-7046.514955637838   1968.306676880935    1         0.715406032720772
-2756.5657539623985  7257.69265573982     1         1.0837853225406056
-4701.845494169522   -6705.122780794328   1         22.400187751904422
4345.860233074943    -9330.183757465282   1         0.9320815960787227
8661.049123879755    4366.002916193952    1         0.6367506006872905
-8492.008605629817   -3060.764302869189   1         0.7953679037201737
5259.27427773082     4643.049744015251    1         0.3189762615626953
-9045.244930647166   3480.7955086012284   1         1.0245876008564498
-305.6301244082505   2949.1838931192424   1         0.9910953377017722
6072.676133936912    328.66343385597037   1         13.153007296368637
7459.426843762138    -6685.9845703983665  1         1.2565945541558379
-7606.2084975719     -4623.827832456199   1         0.9130368907184094
1582.130971153499    7803.105063412497    1         0.25846299863201105
1559.2345498396135   4603.992410564582    1         0.7575840447178767
-2967.496676163294   50.62860593530564    1         0.5459082930557798
7667.3156329428375   -2849.02283345952    1         0.821068831106145
