trucks_count 4
drones_count 3
customers 55
depot 0.0 0.0
Coordinate X         Coordinate Y         Dronable Demand
5026.596340227862    -6211.9439506737235  1         1.061698163047517
-7975.86293151878    -4270.408456108385   1         19.26413938648832
6342.957512065329    -5488.627077011193   1         1.1957492907744833
7005.152437125765    -2205.4679989792844  1         0.2911428191950165
5929.2179846584      -6664.448346924387   1         0.8351027997533601
-2584.44108749152    8474.938267300331    1         10.63780439683015
-4584.618204612073   -7275.676001837817   1         0.18113264879650565
4008.682166161076    -674.9984784355688   1         0.22469406970112482
-9867.25410040856    -4681.303364439393   1         45.76882283610619
-10080.907172244702  -3139.563254161448   1         0.3654144779459023
440.7677797788061    -1497.7070535161242  1         24.30287218445509
-6756.857541745378   -3553.537448775292   1         1.1313925502568372
6889.926385369695    -2651.2213447678723  1         1.1472514009406056
-5602.145862410896   -8565.294419227797   1         0.5724289467989472
-10305.968401194437  -6919.923857385449   1         1.117425094571072
-8665.8394873155     46.41390397187388    1         1.196601699932114
-9083.344982034503   -3968.444116042343   1         1.1302124864350054
8344.213818728038    -5812.747132092675   1         0.656724765672192
4.7978326601351      -9730.545653352816   1         0.6741439909532445
2186.5233801690556   10313.620065229516   1         0.7866063939636831
-214.22308479970874  -7358.036651756449   1         1.2170539864687175
8955.987071672665    4716.7854596242505   1         1.0063545913502
-9221.38675190174    -716.2012190842077   1         0.397989483689388
-6822.189260772183   -8336.782326043623   1         0.3474734468859872
2084.6675032525227   4088.8458852203503   1         1.1679493086728965
-2668.509638377622   -4636.065400305839   1         0.22307859130831353
-5932.329673252102   148.6665435932608    1         48.70028699368962
1314.9429476737437   3367.482139539271    1         0.9397613467586226
-2504.2442391923987  4958.648469541679    1         5.128518438877652
5410.416001956921    -9391.890663613955   1         0.7441437490020544
-4157.568877243033   10007.923748008236   1         0.2578329710752533
9273.789899203071    4638.571882778744    1         0.11263376893713797
-8727.906939937473   3058.450048772676    1         0.8063724789872329
-4672.9179588922025  -9298.4853355142     1         1.0670735637013908
1037.0097830491266   -4287.120430875113   1         33.32158235364241
4967.873930802443    6698.596862867385    1         24.498518306410162
161.24242044608445   -4283.585227522913   1         0.4120168197163536
-4703.296563719531   -319.05479234515167  1         29.39819410225502
2714.5192330512377   -3959.7292190530147  1         1.1838286857284093
-2873.352134894671   2345.43575739062     1         0.33944532496868296
2315.7995505577146   -1449.466416309262   1         0.38834317176273103
1645.2884555219607   -7289.011277902942   1         0.845614354211746
-4110.318052986931   8474.919270579063    1         0.5121184805320972
-852.5508783816707   -1951.1735351238683  1         17.915027052732516
-8922.196294083948   -3662.25673767281    1         0.7639665537931474
483.7111195207927    -6112.86670509544    1         0.6578805197160389
-7347.610570530174   -5683.4196052253965  1         1.067333872825942
26.327023581016647   7094.978863606639    1         0.19068109569002212
8085.138223800613    3266.9012219698666   1         0.5643222447858075
-2975.344704711044   3457.139037288694    1         0.9781830241935758
-4524.086940618152   5670.260450126079    1         0.12308446828852768
-773.9132734473151   9627.95206450165     1         12.551450999734246
754.9878544289437    2857.675022183339    1         1.0058671662521208
4670.58894356657     5637.159693823578    1         0.7775884952540599
-2560.8232430280013  -8430.366074554287   1         4.717998216934886
