trucks_count 4
drones_count 5
customers 67
depot 0.0 0.0
Coordinate X         Coordinate Y         Dronable Demand
-7587.665939398423   5683.797892819712    1         1.2080322091895053
-8455.843973987272   6275.988844300653    1         0.5378716813827913
-7934.802858122327   3091.396681168032    1         0.2995116360030875
-3166.6161741641627  -3542.813535721142   1         7.944164580946148
12077.377580051096   -13.042879486783931  1         27.372835030324193
-5028.627134722573   -7243.008490447725   1         9.185557461996174
-8366.97902276932    -2732.6782582246115  1         36.946556497011585
4919.927784120309    2123.0432317071272   1         0.8490783661234101
7479.194746634796    -7529.748373990463   1         1.246267998750175
5081.531524933073    2997.8386647893535   1         28.456204325814316
1964.45212862245     -10143.567003943774  1         0.3026588882889428
-7608.065725979775   -6140.970688132213   1         1.0143538757514134
-6705.669056244023   -3130.5734891889674  1         0.989466712386206
-155.4576228936931   1597.395803216805    1         0.31051414403341593
1117.832947011079    1223.3590051347508   1         18.784722195743733
-7110.287997765572   7941.9848633955935   1         0.28616914383705216
4842.972509161813    12563.97028413554    1         17.391231621533276
-5246.875917022549   -7090.2888446678     1         0.25923468987303544
-724.0317443407913   3938.2577981459326   1         0.6485893272059703
-4422.795368029149   -6020.8844323477715  1         0.7338487296548746
10981.874656999229   -3905.521147384765   1         34.26031700944174
-3323.243778928356   8920.442654141061    1         31.113346235516723
3039.5210807369076   -7732.473706513522   1         7.477288084943056
1411.3494661869147   -6920.2577276836     1         7.656458335591125
10774.961385339366   1696.7946680502193   1         1.0615943686512976
-7916.394023007313   -4331.72774355062    1         0.8095024719376831
-10224.774345946764  -7566.030394286759   1         4.344411091216907
-3702.847127671471   -6967.045601504961   1         0.8540426221998841
-8129.227875504336   -345.42452831099297  1         0.7507214245247836
-667.7603214400802   9397.452132049888    1         34.99414342411583
1220.0779671199375   -4549.506068085474   1         1.1361943386471147
6592.259356488709    -6342.323236291314   1         0.861887327615985
-4782.817545928937   9698.73245665423     1         1.2487049044555665
4463.490511221766    8688.11232083161     1         16.937105326539168
664.0967074246144    3579.782213299994    1         0.5559622082303887
-4821.786653835787   -7035.026673591807   1         1.2278276443933105
-10873.380656973646  635.832366111507     1         1.2119922433419494
-1740.946334172595   -7593.750945677034   1         0.32872979045969875
-4442.6571041823145  -6207.884572426387   1         1.1752327216229588
3639.1969638438527   10274.070284842033   1         0.6896646990876205
11495.590774026827   -10563.009651936924  1         0.149201024767515
6537.885102820867    -5408.982399220026   1         0.7371556221440753
3309.2645267849844   -8093.613395213161   1         0.4432051961950826
-844.0204008044926   4957.324703126665    1         21.603069828401576
10827.286825215288   13282.644104199382   1         0.5845228164331746
-12888.665238758836  -2202.0876005664286  1         42.25377653700841
-906.0753456465743   -1473.5212142707715  1         0.9907721497427697
3585.4855933544986   4755.716387820229    1         0.3799239904672682
928.2084923223101    -13351.716258258419  1         17.007655496493527
2156.933933053428    6989.061531360384    1         0.6229263241164408
3237.9736201370006   -3443.5883127432944  1         0.7672634052479728
-4190.635701059125   6657.59966064802     1         0.5118415700314869
6259.083959171596    -7156.116353572977   1         0.11189999628889048
6428.469517791262    394.13349487229806   1         1.075863042194489
-9480.631630281538   4460.996543481174    1         0.9686823476798399
-445.71403061423706  1199.8057688719377   1         0.8428055605817967
-3288.974829659064   2238.8334765541404   1         1.0205458287845834
-1055.383612972876   -1849.3132076176607  1         0.2747913806937654
7876.212499522409    -7190.335300388424   1         0.3840512690717851
4095.211688844487    -2673.641665983292   1         1.126875201325992
-1848.4748049727114  -3986.8165762543813  1         1.0977252012387497
-4475.878236217785   -9241.468619681289   1         30.903851211408217
1636.8042262478564   3970.977333637453    1         0.6222741131413659
-8806.652141489842   3366.872320932104    1         0.3287046208294174
567.8072351503636    10897.707170419975   1         22.51439113997789
9513.954405370821    3619.4777040118197   1         0.27413913725064876
-2722.5105247469783  6930.766229419547    1         0.201993194091726
