trucks_count 5
drones_count 4
customers 85
depot 0.0 0.0
Coordinate X         Coordinate Y         Dronable Demand
10606.883898112348   -21.823481480846816  1         20.95010421356427
-576.1616864184192   -3652.4096466906203  1         1.2255337980437417
6962.001984461773    1403.342346987726    1         0.18639750579824213
4644.89482915517     -8106.687010600218   1         0.4317030663584327
-3143.5558854343426  -4186.310912086209   1         0.5190890446766938
5330.157940539287    -9517.552041741334   1         47.65840471498381
1075.5303065194432   1942.480891595059    1         0.9797421368713183
-954.7920400041943   -3839.4096744118992  1         0.7128930791275329
8340.105301469557    3387.2582980720395   1         0.9859169414117543
5475.901239704334    -3284.2159677153168  1         0.23776250139790883
-5886.587819689628   -4642.993428989532   1         0.9293672940288755
9581.542132053159    -1826.4252421672436  1         1.1641949455662532
-7322.060755074828   -11169.944862355613  1         31.126381089801058
4811.409725374196    -8527.941411675409   1         44.74227854592894
-2543.3484389898445  3246.284270395446    1         46.49085952124175
-10581.25187559348   3627.4089841487475   1         30.268116410410858
6802.9944449418      11398.679955577776   1         9.401476389042852
1307.78998015765     8396.801846668071    1         0.10411308400893327
15238.335624432759   -16399.71837309287   1         1.1924041819315299
4948.515118822956    7405.309883253285    1         0.6493858221749348
4532.299608558226    -6139.9845924065985  1         0.9539218697009049
2300.238971159167    -9835.688676651072   1         13.861772843095421
8617.217637507516    -4083.9676456025036  1         0.9468081547207408
6898.608702139628    -3202.1978931502545  1         36.88756513094917
-13219.513368420176  -15318.720296139338  1         0.8303869703993588
7187.016805134764    8224.144473513592    1         42.81292226376549
-4227.680550149381   -9445.183873627142   1         0.7652718143578982
-2723.6330032445453  -4564.54024111807    1         4.3962408548062735
9935.674573610615    2158.948841141187    1         28.049983594005276
-10769.51927424205   118.11622009989684   1         0.47886286213016926
827.287903980483     -15488.96228122313   1         1.2105100937185012
4951.133246729094    6795.229380399401    1         5.126345546750159
-9269.759807847679   -946.1438772301323   1         0.5885892795586317
-8349.126118011452   6799.888736020034    1         1.0262379325575157
7329.355485389227    6558.32792466319     1         0.8708362841499736
-6376.410549525242   1960.4835843254568   1         0.41875839885635857
-6631.66981107931    -7630.195053769734   1         0.19617987108916887
1534.6769828378683   5056.433173118724    1         0.9056542568802232
10176.81431381371    10525.574597745035   1         0.9811266853419113
7492.833589993489    -6613.636924129052   1         0.5769577480483161
5586.5633525901185   4802.052091635409    1         0.7532003109290508
-5875.484806995861   -6529.466753073532   1         0.776638263575051
2907.9158779876766   6062.914243159964    1         0.6198413751726167
5508.615045318823    -5795.854591159182   1         0.5247997833968925
-6260.124126460143   6960.63796083265     1         0.41723807405128976
4766.601003402795    752.0275348027432    1         0.28762847736777164
-2515.6266892770564  6630.9326551496415   1         0.9230173836204745
824.2231667987824    7513.572468779655    1         0.896980733308167
9285.171244053538    11634.81764428451    1         45.56743426680192
-5876.039305016126   -6852.5538838309885  1         44.24088568447348
-1337.770387432021   7089.098723965573    1         0.4898378983225785
13999.977877504665   3050.8413562364003   1         25.726641882888796
8030.227542078054    7031.806241192885    1         0.6140463393219574
-10031.309425016905  2365.5036762202913   1         1.080244769527931
9599.28557055266     14101.415035805254   1         0.5319486144862661
-6512.967527983374   2741.1060835321687   1         0.932479631647797
-5892.739355463705   7837.854994016711    1         5.279196278961536
-9026.922989091112   -5523.140338017946   1         47.41267391224131
9601.618938455042    2994.160432275183    1         0.9836456549815716
3316.6552902688327   1505.1771459251488   1         11.673756508298656
-9275.893976042218   -1284.080932419368   1         0.3539705144463514
-6668.456798826301   5312.884307542555    1         0.6473985912383685
-1841.9680953237555  -1151.1751644609249  1         0.9760466867272523
8472.643925987228    1586.5818411448963   1         0.7636577580472947
-643.2125868497969   4436.021568560362    1         1.1718173543569537
-2149.982535755324   -5222.647929540322   1         0.3493072700079707
-11178.773548281773  -14641.059011838657  1         4.760268948975948
6013.66920502803     -7142.131143144311   1         1.191076926580438
-5610.268474877477   -15409.064476693364  1         1.2263266963135842
14226.817299753602   -93.86877215274944   1         0.9211959501227577
-9315.171955524067   2382.1460824124915   1         1.218525738594931
-2901.7736074134605  -9411.483068365513   1         0.7392545262702613
-6522.25397959162    -1242.8611130976217  1         0.6798726134579126
-5181.346093993162   5535.678982396038    1         1.0136032810710358
-1420.4466984090989  10831.769015286927   1         0.5047513773809876
-9356.365318489241   5087.502629259077    1         6.572990567841925
1593.3122219485574   7436.614109891378    1         0.5300779730659416
7189.376087391022    6098.052012836029    1         22.942788873116832
9818.481846588104    4632.7559108367905   1         0.37937303708132775
-5130.941529499997   -4482.81501228764    1         21.0089020192745
9308.382207226176    -3532.4234903086135  1         0.6242254603414196
-2246.523668575014   -10688.655659718523  1         0.571798913890737
6958.296507273874    -6297.56009460089    1         1.1682193563106835
-8938.738436741183   -4697.485599532093   1         28.542895879182204
-8421.699896462924   3398.781301222273    1         0.9077050418813116
