trucks_count 2
drones_count 2
customers 34
depot 0.0 0.0
Coordinate X         Coordinate Y         Dronable Demand
1778.776361809709    -2079.6779964847105  1         24.7383156326672
5783.688181467719    -787.3030683440151   1         0.3249153188249502
-5651.857350310515   2582.8899855900595   1         1.1071867275264515
-4493.435028166473   -4988.608805314253   1         35.19705659237844
-3912.7440266144495  4595.331772227983    1         0.5965305473904235
6204.3716479083805   -4933.733012906902   1         0.13473717410962152
1374.951354684716    -2853.422009616846   1         0.2742950385624299
6275.2508055760245   -1873.9754452860411  1         1.1845231007710184
-2705.0842863860494  2647.9037640587358   1         1.2344861074875526
-640.2158642581799   -1300.471665616682   1         0.46576705750687564
3071.5577599039543   3358.9905449411763   1         0.4826747522045949
2251.99078182677     -6218.699206571099   1         0.5191523296903968
-3206.4680588254814  -3854.6324182358157  1         37.55004133493474
-1734.6892706416393  -1621.7876197659991  1         0.33157353053586547
2627.1298731553106   3494.686156844145    1         0.5555997967998075
-552.2278973437113   -4801.948608294055   1         0.9587490891495647
4579.061582815078    3121.9983540273765   1         0.8776910407842835
-6638.632586765718   -3457.4237183999826  1         0.8619010827287913
172.69677549234004   -2890.678668944342   1         1.231928758714395
1833.4399204432389   2736.380792039254    1         0.7025569573499467
-4981.045264595584   -3394.5172280799948  1         41.56697193325361
-3119.007699127652   -3782.272587273788   1         47.83629750799209
-161.9023600201381   -5985.6902650282445  1         1.0211363679371144
-2562.235723497017   5781.492934720916    1         0.10127606301444055
-3198.566541589401   3891.9177359129044   1         0.9804813117168699
6735.57136439157     3613.7471513996106   1         23.76939529293589
2739.2996073060553   6022.736822391683    1         0.3802965509106524
-6012.005568386743   4842.421644387073    1         0.5815393561283341
6363.024785972065    2313.6340213811595   1         0.11894464568405522
-6437.962357824733   -5135.942812920262   1         13.765750364549065
90.15429100525029    6238.944958317902    1         0.35979306623763496
2218.602227731305    -6083.386636751206   1         0.12885876099122817
-5494.414521952408   -3262.48744151778    1         0.9039436540541246
-1087.4738186902146  -5637.001232923298   1         18.685841055263463
