trucks_count 3
drones_count 2
customers 24
depot 0.0 0.0
Coordinate X         Coordinate Y         Dronable Demand
-7249.6007122046185  4345.863401399787    1         0.1386678975699206
9133.08660662417     -3007.414383336195   1         0.6792596443015304
1436.7253045277992   -4766.407405280989   1         0.6754664843258706
-8859.041123391966   1394.3094205382379   1         19.7557201038487
4347.345455904499    -1800.2800832716919  1         13.65444970541749
6469.571043270978    -6895.88412046301    1         0.7764386575848539
-5833.283587530306   6523.642977259638    1         0.2861120534746049
5607.6297582021      -1871.069850277972   1         0.6886596577429904
-4205.201021643239   4174.109265072198    1         1.1894516613374662
-2647.117190790209   4753.426637889416    1         0.6816969488367446
1001.3649570075398   -7448.045789309846   1         0.9337731352264592
-275.0529914129911   -842.1534283372217   1         0.5022997480908301
-7517.677330959168   -2279.96630037732    1         38.91255149554836
5420.99612282158     5758.100709690886    1         0.11767579435262068
-3356.5290833849785  -5492.2683950769015  1         1.2006807254219158
6571.245168427312    1855.4203059976523   1         22.52877132211213
6243.333156234941    -4449.679225594546   1         0.8005949718369586
4031.5019386915787   -8966.347798693983   1         19.538597013728214
2869.4577036569453   8324.522601271441    1         0.3106900574029752
3478.519972639429    -7701.068549317955   1         8.300117158228858
-3779.3423972725395  -9106.46341710322    1         1.1110203266844
5456.278237320172    -2687.9778192467097  1         0.7871500955478357
-9599.095247409954   661.9429516519433    1         0.7797252370244581
3884.752394670534    -2840.265745668508   1         0.8850558934634547
