trucks_count 6
drones_count 6
customers 89
depot 0.0 0.0
Coordinate X         Coordinate Y         Dronable Demand
9446.52767637785     5356.103183398955    1         1.0340836704093561
-3663.2966076597404  2631.5724182738127   1         0.8037757956627427
1235.7416212658693   3729.140129845175    1         1.110092948251811
-633.6505412499791   4437.619717861854    1         0.7314029488530661
11574.426557496914   4169.928009878819    1         33.67440516155473
-2719.8270631601977  9881.910199514818    1         0.5845702609523523
6074.861955133027    13877.139406248334   1         7.167070471843452
-2378.8429277909586  -8211.336497477045   1         0.5550036705692935
10083.82660864581    -3130.9577004653697  1         1.05119063242013
7134.581390771866    -4762.883428794148   1         1.0037572939525687
9348.027788717738    -4214.720206674182   1         0.19265294310956568
-9081.948865749891   3028.3067044463637   1         0.594830239204589
7993.0195912837735   1866.4876359913837   1         0.1496105714274425
7398.106854630557    2767.404286830813    1         25.998162237608163
-6499.678717486853   -7420.5238617732575  1         0.4296134208203626
-5216.228056718673   4261.077172586511    1         0.3125720942235645
7828.172523722399    -524.7653065713818   1         0.23025930529761723
3792.8755814347273   844.7369931019012    1         0.8369125938758235
-6532.308636178263   -2530.694369870546   1         44.89019152855918
-1215.4883660662472  -3369.8021877612487  1         0.13003978533324526
4078.3328738859736   9371.390629848816    1         17.240352388618874
-3642.370841064444   1146.7632177595706   1         0.7807648519378472
-5077.304840338674   -898.3356275147728   1         1.1557271823646411
9830.375555373495    -4097.577196052851   1         0.7022445357525052
5068.492396945594    5392.213508440094    1         0.6512082615159847
-4986.704264114448   3932.5459111083446   1         42.68072954583018
4589.599335698922    -6764.221737067231   1         0.40028746414952343
-920.0386159631228   -2765.705934229861   1         42.977643876011086
2602.520031552996    -5000.369075086633   1         1.2363188427963145
617.8258404772006    7579.443691592858    1         0.887192928313812
3964.813267336436    9700.580959707246    1         0.1734340821627923
3866.5658374180316   5874.1364878375      1         1.148444997693212
-2590.9161317000885  -4749.90861941838    1         0.447536445560182
-4838.708438750557   -7776.339268919231   1         0.31990883551276383
2066.9043953544733   -5044.345143804818   1         0.5860053940663653
-3099.171824804419   6860.944266695521    1         0.2903707500785122
-2277.2146002505892  4425.512407097927    1         42.256484554326086
4785.1737177764335   -3941.4501496380526  1         41.8752618406689
-3343.774948428283   -4384.663288158955   1         0.2347121599046782
1619.575642131627    6721.814050419911    1         0.5697881108038444
-14763.505262579793  -16057.102008626389  1         15.396681859757727
76.64655559319492    3846.5771262249727   1         0.6573163186636075
-62.59354923923214   -4266.690668855962   1         0.6916465520450517
-8381.92700985268    2280.7161427468022   1         4.686183591562822
4904.6779279048915   -781.2982771061712   1         0.270847967624151
614.6983788292092    1583.0110704645801   1         0.5776306855688691
667.6092510356993    7634.852518604823    1         1.0950512579256677
-17031.396000999455  -9313.874593297747   1         0.41371705953567683
-1548.7419631574612  12711.031685208003   1         45.87927907971646
7084.855261754462    6585.181822891373    1         0.22513448363723165
-5119.458532339716   1703.0354995290907   1         1.1101017907594208
-1723.7477214569828  48.33953860078458    1         0.6837426750877924
-8420.91914657956    5978.979130689117    1         0.8437482032423919
-2133.7637984599037  -6252.824389341261   1         1.2231646920992028
4257.648638803901    2982.4041232643026   1         0.7444442121234695
7657.804045356631    -3950.0389923664657  1         39.703866155168484
-967.7086503497574   3639.1574360146737   1         5.079229406620434
5032.650125658763    -2418.7550899844487  1         0.5151307187860696
-9088.707469738769   -2453.3164141415514  1         1.0030035762748621
2250.3525133163325   -8046.927911889138   1         0.9351092753001135
2221.465001161653    -6866.029691798584   1         0.7069932068235809
2861.94642178334     -10475.081906536723  1         19.26606915393203
-2878.6377258067077  4661.297203561924    1         41.89089341584185
11960.156196239874   13333.320616411296   1         1.2400559010317578
6955.5017839051625   -4669.316570631124   1         0.5488368614562316
-3523.225040716787   -9572.763900224274   1         1.107668213097377
-6686.838768802207   5361.231380577609    1         1.1830279914895863
-1051.8562054989936  -6932.075840025763   1         0.8915337512918299
-6391.306097550906   -8817.939910699943   1         0.4308176523353826
-6092.446000699766   2124.653067005667    1         0.3682307300032086
-4679.244132218352   9594.514957044657    1         24.50404645933976
1142.0104828990081   -10185.125440981401  1         0.6145509148107132
5950.624074732619    3870.470251154118    1         0.6664773356939062
8022.4974648182915   10.253347930062816   1         0.2690175771442921
9074.111310253827    4985.247092047467    1         5.5502539365099635
10050.567764268333   12894.564285490334   1         1.171317607122065
-8535.063833715425   3305.4557742459515   1         1.2400721678096784
3931.2663469203676   -4769.302963517025   1         0.9863160806374006
-6277.933256499704   559.4922891777896    1         0.9591402244180314
-10450.138941788047  -1957.0626075969556  1         0.9556454678298651
-13208.270145973846  -11721.673446878693  1         0.7740690792390729
-4981.57042751124    -7777.207414303929   1         0.254677548050649
-325.56161177913293  -2636.220222982451   1         1.0197041702535625
-12727.641853151872  -7086.375272937836   1         0.5667675044536227
-17304.63681106721   -2347.7690957628747  1         0.42194348079062005
-4479.137412988087   6839.75854065989     1         0.6329632511382095
700.7031730139981    3095.9046617846698   1         1.1773946925676024
2963.0267111489993   1974.580722635605    1         0.9541140772993345
-2122.6374987876075  3003.251070572607    1         0.743460104972928
