trucks_count 6
drones_count 4
customers 88
depot 0.0 0.0
Coordinate X         Coordinate Y         Dronable Demand
-6499.380284923769   6504.614293926976    1         0.2949580793632949
5667.861259506686    -2323.729824683841   1         20.33860674042741
364.6521976995846    -6826.0750749778035  1         0.19350673443417998
12104.661773014785   5045.295348126514    1         46.825001803876965
9749.168537738762    -3718.721902498495   1         0.8710483300459297
-4531.730751036073   5569.691223789792    1         0.5169944304091847
134.83104533032918   -9950.400949402616   1         1.1541449824557994
3060.070175717448    3684.3157938423074   1         0.6191621104990535
2032.3797039323636   5331.522307399117    1         0.10893549715100391
4316.075669629235    -7118.99189972495    1         0.6229339215100812
-7042.846226624574   2295.55572328622     1         0.36806859276799486
-5114.882524755604   -4984.989218645945   1         0.8156676671827615
-6046.777423285198   -3183.071353694818   1         8.872489155765045
-4053.940009500946   6181.417362420383    1         0.23200751725352292
1424.3376215171188   930.5689462079691    1         0.43131647278480445
1898.0023526893513   6393.165613176639    1         0.4048118223659395
10346.130453263018   2699.5832665267435   1         0.76058886334484
4194.877815041913    12452.212951708214   1         37.45960738312621
1191.6781876606983   3361.5197870947813   1         0.6194980649884166
-5750.386252367462   -7013.289582671726   1         0.3482035171958707
4165.587880149101    -7541.696170339367   1         0.2554909555692354
-3002.1610652906306  -2558.6090216944294  1         1.108781097901852
656.963551207767     7653.312371571512    1         0.7046803105896877
3085.870745913515    -4441.8868873753145  1         25.825772324812494
2066.205613771761    -9750.96362941469    1         0.23284207414160998
-7814.973066623448   6256.373641429902    1         0.8647041391562849
-6565.578467345235   -212.87875504986008  1         0.8840753675213557
4482.626899851351    -1997.5772437972057  1         0.3273237622781283
7993.430721345652    6646.723169045541    1         0.14114126198396532
-10105.994429601236  -3732.5189491652804  1         0.20927814169626507
-2387.998352963698   98.00089784095296    1         1.133314652466872
4756.969701925304    1090.3081467681327   1         0.4645472208135375
-9390.273060144189   -4117.867403142865   1         46.36311309305861
-11497.173773904116  -8938.583443344678   1         0.8399589176040994
-9167.416094062099   -3242.300848980489   1         0.28173804160583893
135.76413934458054   -3121.3106784706033  1         41.882615302345535
3372.702922534383    1557.2154195607382   1         0.4047044997295345
-9765.389099822243   -1255.7335512156533  1         0.6876765614470451
4154.375241347104    -9451.536496535793   1         0.46354528492981606
-7571.1592872811225  -7730.109166626629   1         5.911382068413236
10183.407967557558   2409.5813026251894   1         0.6043796892077132
308.312054821602     8898.033493275945    1         1.198010890677683
10106.552846118291   -3731.006327181002   1         1.18455121627429
-2061.564040206428   -312.1609996120631   1         12.025301649666542
1079.0964609174523   2619.1584581448374   1         0.3635865474806139
743.2799498751762    -431.02304815049007  1         28.957189405082715
7470.572897445519    -902.9067026418097   1         1.1358598468645458
-8124.231339581489   6770.3991420156935   1         21.341460164646616
4980.63565411517     -5663.820925109406   1         0.14318523239686679
2760.5769314737267   293.49464489213926   1         1.045524378051459
5456.40017642544     -5399.095205430802   1         32.72932447866357
1428.5421658813837   7151.582472865833    1         0.5282262231220626
-10065.995383798245  -109.74034988486764  1         0.9421167943266502
-2975.0440410025635  1482.8395053966833   1         0.8638403635775785
-5924.459965255618   -2518.3450853360323  1         0.9579676452901937
-3986.4498141151794  7065.479273907384    1         12.511355800256128
8940.118310914244    -518.1767564295114   1         0.48203086436503684
2414.8892809863028   -2934.802096970059   1         1.1211981058685543
-1162.2022819781623  6701.088067432695    1         1.2077956566460382
10963.32671027389    -6774.564450780888   1         20.893718584932895
-3391.0430528224692  -9432.623585615771   1         24.797187096355568
1827.8822387027576   737.7708144929051    1         0.7433902986025163
1332.7686553251679   -5842.625955294691   1         1.102291043925088
7615.28953486915     -1005.3845457988178  1         0.5623045610582477
-8098.892696565472   -7199.388741850008   1         0.7457994404650488
-7265.575653529117   6069.4158220108      1         1.0006319679209987
-3978.0346610922347  8327.789688531646    1         1.2156647428835456
6769.59589906675     -9845.846400749482   1         31.80747280336716
-2115.27956372499    437.5588782448391    1         1.0243449799394542
10043.05017453       -1233.6974885132001  1         1.0452079998558423
1310.988443961738    1851.9969210174133   1         0.13851145224793868
1248.785757788133    8837.37010552912     1         0.30586673924336616
-9668.519246536205   8670.442381266686    1         0.44968406799401217
555.5771266624763    -5201.135856040423   1         12.036548902013692
8241.89909546942     -981.1580810034208   1         0.8333676562337785
-3166.062012320636   -2499.2782180467443  1         7.310620994262728
-2332.0552323971033  4279.236442865815    1         1.0357563834858476
-8565.299803547588   1608.9207260052788   1         1.109714766058987
3105.93318375206     8431.575140013168    1         33.79709487883915
-7699.142295588391   -7671.853547577619   1         0.7953644375862652
3849.3479459806304   3053.5622405689273   1         0.28370856667142463
10390.710624024669   -286.514792058449    1         0.3957373915119087
-12945.90168379691   10713.591439585522   1         41.76561419428064
-1704.9989067024978  -7060.459226037865   1         0.2938493605700515
-1786.3875379941867  -5862.271191602415   1         0.55113206322581
-3535.3757723391946  2691.173002776822    1         0.599390329200421
9022.055140206978    -3756.0195991682344  1         19.82848162867325
-8235.136752268521   6658.989608064718    1         0.1429389737319967
