trucks_count 4
drones_count 4
customers 82
depot 0.0 0.0
Coordinate X         Coordinate Y         Dronable Demand
-1290.6069119407562  -7710.982626598813   1         0.35456929011248783
8213.877819332463    2637.982736692224    1         12.416773291710992
155.37052420333757   7616.52578709238     1         0.3737491779286366
-4648.261095427465   -275.1003195550905   1         26.749198522190202
4563.8067603717855   -4367.26082156385    1         1.1547849105490149
7685.709617054066    5067.218343489404    1         1.0552018525991786
4349.982341475339    3676.7309165080205   1         0.6288016669497547
6828.975010079248    5210.169078680997    1         45.614189240212994
2514.466959946183    3409.161084745361    1         1.0025769687521162
7897.893886785041    -5231.724857652074   1         0.43222905508436826
-538.6155241964899   -6705.55565081475    1         0.5881246734600816
4995.259764807522    1677.3267619634823   1         0.11055557568797172
4988.523415402118    -5858.540879164329   1         0.4095082388906629
7217.975731928041    -857.8572249557718   1         0.19477479467684122
-431.55671714068274  3666.515478920953    1         1.1069437340506059
530.9830856874532    -5852.482236251551   1         0.5198939271400422
-3034.479120092524   -1196.9495522659438  1         1.020364798426179
-4863.621481610092   -2332.8516476641685  1         0.7466691167662475
-2662.0848100550584  4197.200272670005    1         1.1007290812865937
5283.132424515108    6298.119499300571    1         0.4359319256645069
-3884.1679864235584  -8910.216562193584   1         47.567567934397616
-6860.667378544592   -2101.166186878333   1         0.5217271958300441
5887.365106812713    4696.8511710430475   1         0.7785386857429362
-1228.4819127515084  3230.195523612113    1         0.9484163597127937
8507.331811280634    -3618.826744078416   1         18.110687421251477
1968.4871922216887   -5006.904754648483   1         0.7661788587160575
-5183.205735582062   847.6244900131669    1         0.8105598848153017
-1898.33307585276    -7590.248608565619   1         0.4215336368427305
1747.1458614270541   810.4444848790176    1         0.22109110264273407
-7250.7152004407435  2184.2440180238386   1         34.27219913818244
-8019.866537774201   -1307.7618480860065  1         0.6675801544464813
-5446.654391849745   -9082.16309144445    1         0.24665579110228894
2302.9898579952537   -5474.8353974456895  1         0.8805729228374148
-7097.9447463218285  -504.4608547777627   1         0.911560265936036
8792.097005175756    4063.5318225451692   1         1.0793709209473779
8213.804841385712    -6230.820716124603   1         0.3621850595383197
2752.981013441738    7991.637284373802    1         0.3305718165062753
-5830.943193455385   5276.352712554922    1         0.28410106718441736
7425.540414811565    477.2706128167703    1         5.6332014419610275
2032.4526807052998   -7953.804763556528   1         23.808211726993296
-4219.346276574514   1261.829687611262    1         0.10722629546898048
6755.5111187818      6128.7958445512795   1         1.1360577403521166
-4879.628367980406   7989.889188573235    1         0.9761485044109453
-8761.418052763673   6422.490466988534    1         7.311217359279537
592.6776553334344    -797.3242274251534   1         1.4172794037842649
6047.287736556928    -6216.712931666618   1         0.17916536840181782
7606.826325134827    -7787.109285292414   1         0.5278153685328922
-9169.420753629602   1766.942499439774    1         0.9796886878336536
-2685.514125136112   4855.126846524594    1         0.3196762445654622
-3730.1314219200785  -5325.453548523966   1         12.730042865054955
-3491.8866436488615  -2406.332717482219   1         0.6824609496682634
-5202.441359271999   4849.214281464459    1         0.9196025163603018
-6077.24184446604    -2722.219385516665   1         0.5228240139693794
-2986.137509460771   7536.236529610898    1         0.4738803138515707
2087.313772860078    814.2933453167864    1         0.582871410188685
5737.145473182497    -158.6084812971336   1         1.2297879201387951
-4095.1283262009265  -1767.977096463871   1         0.19490237410178912
-2214.6075779260045  -2351.291280172757   1         0.30522159874265087
-8975.064195723246   -4702.221474432569   1         1.0488022734588487
7582.499356234761    -2229.0059133350974  1         0.4220394936558297
780.7875415326349    -6365.810719779728   1         0.4320007073119989
-512.8728255005612   -2915.981641562955   1         0.8311145096992643
2780.2339813323692   -7100.362386806618   1         0.38474599919635244
8889.798882217588    -3750.4758928725173  1         0.32167763826677276
6023.458242791116    -604.7290128361873   1         0.7929458184526224
4774.840813126813    2585.4207164192626   1         1.2065101518930557
-3425.117524630644   415.9026804541306    1         0.9572367293894244
7878.719737123508    339.58165772163113   1         1.0907833002348528
2939.8017809738144   6754.172100429123    1         42.339627714178526
6768.6278736588665   8526.450204445071    1         14.022176455464704
7608.6622844066305   289.28151064403613   1         0.32310761248236397
928.8266710344187    659.2272818883397    1         0.4446359755785876
-2329.8151256544907  -4087.4144105877153  1         0.9826183598244331
6857.811258075448    5571.627852788228    1         36.02611400430869
-3406.543416114548   -6126.489555066313   1         0.2363319689581991
-4471.372736114592   7826.0890710110625   1         40.60122192338446
1584.7588946781066   -4880.037107019005   1         0.6649747669982186
6305.691864438492    586.8823109099155    1         28.68688488298576
-4093.9353689272934  997.0055704168124    1         27.375545222686927
7699.226758644264    3619.1753704182433   1         0.8102528837830012
3805.3630078347096   -5916.196765518213   1         0.965048939575862
363.8238201282469    -3902.306487399074   1         0.28025764315538615
