trucks_count 3
drones_count 5
customers 43
depot 0.0 0.0
Coordinate X         Coordinate Y         Dronable Demand
6519.159429298308    -4553.182565949124   1         0.60416607459232
1687.6891398386795   -4687.8587442240405  1         28.186040928220322
5529.559278847047    7436.935007936596    1         0.2428988358473402
1904.9619364955581   -1048.2234684896066  1         0.7743188357632215
2521.424470951007    -5722.596384160483   1         1.1885164230009135
2827.4813012331865   3088.919925382022    1         1.0031680178462747
5404.611886715093    -9481.79856063948    1         1.0041538895201223
-3882.270108977097   5455.71552629689     1         0.9024038432856961
-7191.148566305883   671.0129627752995    1         1.2198248741169302
-9569.232994390313   10500.818185940925   1         9.038700796875663
2363.8336902069186   -9726.876410523206   1         0.8670214087316279
-2924.255575685579   5285.200538124357    1         0.5464423648625131
-1815.8999380347573  -5296.867914718011   1         0.22886389046803035
-3227.773227625147   -1397.6059766256144  1         0.9811952618864506
5078.471781945997    4849.31709419972     1         0.16091536390296995
7049.648441216631    -3648.261348960192   1         14.484142953424543
-6182.0447905708415  -4513.81807925858    1         0.5997998385437144
7325.511247754766    -7647.851155103464   1         0.40669054530370496
3670.2011279791614   1482.1712918880846   1         0.14396993590220622
6008.693494604469    -6234.150484120666   1         0.41929436069735715
4654.232175354449    5732.696240219986    1         0.3056277301798752
5276.303062018333    175.72972325901537   1         1.2245094164352681
3426.320954819108    -1194.8444413242305  1         1.1061736431482434
-1441.0619221424988  1736.467309035709    1         25.315404092562073
1498.175600937766    8455.594548336087    1         46.42966000081841
-3248.977998881741   7639.50059101809     1         1.0791250378044086
-4893.776022905271   -4795.025434708065   1         0.6056148481748844
8439.074281940362    2329.937435928046    1         21.883742759541295
9205.618869204147    1282.161812143426    1         0.4357351103260565
-2752.6802700931967  2005.7074716189195   1         0.19366393105067173
-1626.7857447637887  5624.224186347628    1         20.672331111664114
365.0142340709821    7982.703814947726    1         1.1217891131854796
-5104.704319389813   -887.9141711496999   1         0.6412662792673434
-9611.609041735537   847.6513804628028    1         10.356314824539528
-2731.749158117409   622.8918751448067    1         23.23012250278838
-5647.401485348315   3337.2317294543623   1         0.6619099831830465
4312.572118225371    -3324.6571319367586  1         10.873208438806959
-6645.313951391627   3574.549564787105    1         0.1366504308236318
-4765.215150603786   9075.410220290121    1         0.7202023650861795
5441.24026579907     9243.17188525139     1         0.29533434204553594
9002.174434693834    780.8888742210493    1         1.1171638537912119
1880.263732704635    -3812.118160570285   1         0.5879021395630044
7671.205454007448    -4895.141274768677   1         1.0520247860969554
