trucks_count 5
drones_count 4
customers 63
depot 0.0 0.0
Coordinate X         Coordinate Y         Dronable Demand
-1767.6893510204595  -9376.640663842503   1         0.8943865026921328
2756.986122280194    -3762.4830050216915  1         0.6728805498428808
-2403.955572820092   4579.897522863757    1         1.0104263936411226
7126.579725091739    -2517.175803114725   1         0.7211984983630976
370.1170542166772    3996.84817501316     1         1.1794525672252894
8594.586925721138    -4792.429761326182   1         1.2202617226455055
2469.0315985791713   -912.6560834708085   1         0.39221950854532217
-2821.857367079313   -5830.053124645343   1         1.2208154107317488
7361.2270235286705   4572.61317947029     1         0.45034059381105274
-2832.2490003422613  -4393.622900164404   1         14.284393567832414
5714.293290761088    -8075.363345765134   1         43.76482332647536
6973.2610662912475   3873.9419346164395   1         0.44088483516453914
2327.5682950335595   1476.4469133959465   1         0.825314445665814
-3628.433293797603   3578.295805091919    1         1.6972169514761712
5815.2202231875835   5928.3729028453245   1         0.6055231274411349
-3619.3039478773085  -3576.0162723194794  1         0.7822851178395355
-7163.723822594974   -953.1266158209255   1         45.597394167594196
8532.967762642114    -8627.291205849651   1         0.6678556869762003
955.5819972832388    -5766.070518809513   1         0.4953181644839362
2671.7971400366755   -6980.961586145125   1         1.036003056053507
-929.8783467141252   9813.139459605289    1         30.214869504161793
-3153.2038618274214  -7185.12348933464    1         1.0935915992377254
1340.7663837102057   2239.415763609959    1         0.974948628299074
-7193.090435983787   6347.773332622441    1         0.9156737498617646
4270.835813369293    -3545.0905587225234  1         0.46286578263451394
5437.471684540019    7881.027047663265    1         0.7343933096877424
-4915.832583378318   1218.1550419300058   1         42.925397885243285
-7644.868300719035   5506.414418691484    1         0.2429911790815688
1291.190896193545    3371.796025543796    1         0.44141322161286667
5848.211530829805    4752.1515903631725   1         0.5891506818831779
6599.9882792219905   -1129.449660285829   1         0.9565838478268222
-2742.7652890335785  9565.08434712993     1         0.6169489213134411
6725.212488484202    7410.248581851216    1         0.808924361274102
-3465.4306536096155  -8015.407488991575   1         0.12343708760172871
8175.055283261241    6450.387996731275    1         23.43421658881888
-1395.0300512078281  6853.221989393483    1         0.24297379950934697
-140.49443572677006  -3294.481211203015   1         0.27919459108389344
8140.052069092379    -6352.400123020392   1         0.5472079255962442
3433.0147405436614   4178.207938124606    1         0.11194392397845612
-2840.6502924570746  6979.812550601926    1         40.66076413595916
4733.182541936794    -6630.885694306488   1         1.0711322645315815
-8083.922682871331   9671.91346166276     1         0.12578129448259043
5261.173571745042    6853.7193381161715   1         0.412144134829893
836.7029964934906    -6923.161264406231   1         6.792266735619633
-6944.4956394531055  -3180.9889340762734  1         0.9097120010662744
-7548.074159940606   9400.110699047706    1         0.867124548462595
76.5184790397343     8102.951620803811    1         0.3068167071648539
-6584.149061661768   -1207.289189034685   1         15.469194386041746
2465.5820697586496   3095.7306442435815   1         0.9368031924111468
-4141.998846011324   -5487.433456458924   1         0.18988845677476412
9102.747451503335    3022.38261409075     1         0.13529922691247853
-1953.5496962930717  -6138.052873648105   1         1.0672195052042766
2884.01755345092     221.01705915287607   1         1.2015476407704107
-4008.8782841035572  -3489.2302714502785  1         0.6651272731581388
-8838.942603541951   -3010.6719474253773  1         1.1258379082542904
-4127.828413182868   -7805.875846437008   1         0.979878145206237
113.18447712681882   -3200.052844519445   1         0.29053250576934975
-8492.183903336461   3700.486987832486    1         41.44692352467313
-5470.711488526501   9282.155556201331    1         46.33252770638632
-3261.886661362007   8843.944355997077    1         0.13828565926610298
4752.349064934472    -109.6190755502244   1         0.5469206924319452
-763.8492466276548   -2052.4596607694857  1         0.31233330184129715
539.7198513940361    -3391.695942481721   1         6.944921657875717
