trucks_count 5
drones_count 4
customers 48
depot 0.0 0.0
Coordinate X         Coordinate Y         Dronable Demand
8308.002994096138    1537.9199838090642   1         0.32085276586851647
-4521.067721310001   966.5111979940883    1         0.4827819929484304
-411.8046100672745   1148.8646145481666   1         0.7589930358746491
-5157.6400484017095  4617.097675747289    1         0.5847025414656327
4560.244704443207    8169.3413133171025   1         7.660804075647152
3332.867743959113    -6314.177955797502   1         0.30382073030507645
5864.141121781942    8668.593470249518    1         0.7765004500038823
-3394.6631035292507  9823.37160016283     1         0.177274762974844
265.7598762518128    -416.5150615654471   1         0.7709365673974554
-10824.627526634915  8236.710824872938    1         40.92604217435052
9826.094218028577    665.4843207766139    1         30.89119904711623
-6723.858882814887   5646.123119115674    1         17.21360812404973
-649.2835088344668   2384.6742905618135   1         21.485674641125527
6067.49681391476     3693.217562628833    1         29.067044805616078
-1223.2052708744736  7687.148514161101    1         0.9231369067047415
-16513.339124997936  -11228.092024730306  1         11.964997806680527
-7686.68380838684    2297.833090129648    1         0.7168305849836655
6172.958048365592    -9352.49981152875    1         38.0887953776367
5661.107699983839    795.7239596641252    1         0.7844071515713015
15510.79347310567    15404.809252393206   1         0.7008643263435523
3538.13862916247     980.5862729481967    1         0.895163857140851
-7354.7192619665     -3085.1842543366242  1         30.72741148139637
4400.717754977198    6506.618590628819    1         0.9718453058133546
-1413.4697249712754  -10333.593307076828  1         39.57916877487671
-1754.8547193320028  14324.753946121768   1         0.9803554726452155
2286.9875341703205   -9813.492021062639   1         0.5601357230573729
-8922.99609563278    5458.88054275301     1         0.9049053847285113
10029.18619227996    3559.6841125009064   1         0.47977766075643635
6460.700627421406    -6547.542544350488   1         0.6305460910442315
-1390.6380727680826  -15468.016048413152  1         1.2294883126182221
15113.313012137369   -1314.3337952498878  1         0.356150466291869
-1054.1484676271816  -4756.990176935945   1         0.4524381152905331
-6975.424585802288   -4019.842771264261   1         0.8379439486196149
12596.5994848283     -8981.226020723177   1         26.128577382621724
-3592.23251147224    9222.620825194286    1         10.219267946322821
9197.36814698705     785.5560324875462    1         0.678968354586271
-3115.8846480268576  -9271.323868510093   1         0.5642297281065138
-4168.500278297249   3222.8135703990015   1         0.5536931020506903
-3524.927022699905   -6395.457232129247   1         0.19164365533173244
-2448.2608709310316  12686.807618903746   1         28.50166766336826
-2429.641088429532   -7222.732385794973   1         0.7009978715296675
-9724.98881975565    -4019.017697327153   1         0.3027654229454092
1126.5593851598337   -8593.995120157724   1         0.5819972731524354
6617.572311561547    -4592.932833720376   1         0.46005223305731013
-7073.018671755159   558.3032403506946    1         1.1860474657953621
7867.5332824876805   -7514.986821790174   1         1.124732387307908
-3149.394208698599   -98.42974538337478   1         1.220430751184538
2601.7303174922927   2113.155429198069    1         0.23170093451516743
