trucks_count 5
drones_count 4
customers 61
depot 0.0 0.0
Coordinate X         Coordinate Y         Dronable Demand
-4904.700417169788   10326.046680811914   1         4.652788576667144
411.8097483324415    -1319.4284119196402  1         18.76446392541335
-862.2973470068791   -617.5062484160808   1         0.31725495154940536
-4584.796112045353   -1448.3939582820715  1         0.7388679741295208
-8698.338201378618   2276.0229087300645   1         1.01521273001519
-10332.23832221661   -616.4089242829258   1         17.19939616858317
-79.68940312848987   -8996.944470243188   1         0.4572350463065348
-1295.4054816570622  -8667.57733220164    1         0.9015772671111622
-11529.979318642905  -2230.199536948807   1         1.7223396614268798
-4537.324814038099   -4022.378480044274   1         0.6834905262140542
9178.887189358631    5924.129542750874    1         0.7668402701550322
-1067.6112174687946  5586.82378452476     1         0.5238518468555344
-10634.21468596615   -1759.1188865071929  1         1.870978705229911
-4127.125893276121   2860.7343130716745   1         1.142092689853044
-7597.124246915477   -7277.8144280754705  1         0.9477865457179667
3247.6538245721263   4186.6953363927105   1         0.5621550849152325
-1912.6534909894801  -4059.6227280937424  1         0.499045930036195
-367.2234086661926   -5152.3157440687     1         1.063810541222625
-8478.727587311425   5491.999519037412    1         0.2937489188450776
9562.924246003844    2431.3374075169086   1         0.6582094640537235
4981.377266353107    9275.496456742838    1         1.1838023552796884
-6682.9249605589575  -4776.7289433474625  1         0.14760257805427063
-5513.676780388761   1434.622288072262    1         0.5463485674941068
-1839.5142377100346  -710.7099007685847   1         45.04467527135942
-13787.915593639607  -10277.508376713586  1         15.451285463322519
3528.7403775718226   9278.132436980524    1         0.46102025728768503
1300.1034113861901   -9359.973142768646   1         0.3856236444938369
11874.47459228504    3310.7108139329594   1         27.05324971474981
-8152.353631292897   -14915.26191779911   1         23.452989393803325
-8875.1098432143     2865.7756246578265   1         1.0904038090772654
6363.215291104041    8926.685524188173    1         3.370378413678787
3451.3944281950126   -3223.362707759338   1         0.46352242690530676
-4450.018969746781   -7853.930216520052   1         0.31746021185764817
13587.446964282562   1643.9204798781884   1         48.07389541708794
750.5199313458951    -8617.596233978393   1         36.68268574805771
6745.011033814332    3069.2599200955174   1         0.21999884165014738
5643.68989362874     6778.2146632391505   1         0.48061985051956846
-6256.6380276656     6867.494281526562    1         26.809301182839214
-353.2195564889493   -6048.777924274037   1         27.04285162554002
-5972.102639067716   -11690.249945166614  1         0.5557117629430681
-9454.891269920781   4740.39070176663     1         0.3677724002999899
-4211.474425852899   3929.951809170262    1         0.7961186047668434
-7732.269864166463   4018.3270587840375   1         0.1592140445243245
5042.664113584424    -9941.114964605633   1         26.735062814903692
7294.750699037038    5882.078569033078    1         0.2635954972939616
7035.394321448568    5772.659509291452    1         0.18472582133314736
-8401.848571143792   5099.232856772854    1         1.419713092437114
2939.387352878196    -2229.7257894995473  1         32.104200484626546
-3887.5540655956793  -529.2237698039324   1         0.5494858690253971
1742.7737546566661   302.9204069787596    1         0.45061061439237815
3764.395591494511    6808.934298238967    1         0.16761379763540646
1454.568660978592    6376.57516931602     1         0.1504825549457059
-8326.500049629647   -4253.62676754373    1         0.8049822548471443
746.6372788393098    9934.596734981411    1         1.2495630343470299
-9008.238256785517   -3535.180988400898   1         0.4398995896780792
-3462.613418713155   2591.8817409092985   1         23.672541011930953
10820.371449500088   -11390.602129793588  1         0.18048388556967618
5877.894359796632    -5185.153438039962   1         0.10071255319070366
-4427.520807045869   932.0014283180095    1         0.19786139790535362
9328.517198161777    -13848.285178044951  1         0.5806916241758249
11335.64159085908    -5435.2296576346835  1         19.369347840348105
