trucks_count 3
drones_count 2
customers 35
depot 0.0 0.0
Coordinate X         Coordinate Y         Dronable Demand
-3113.1382768132294  1312.1595918839146   1         33.636995092718394
8298.303253597043    -2271.432805453892   1         0.23216751332820118
1941.8388191054491   305.67591205764063   1         1.1288200334501044
-283.9921848169658   7893.407749965678    1         0.9603252655210014
5383.984057226627    3493.4530154409144   1         0.10156417352553167
-8223.39681887008    -13356.277477269927  1         0.719144228167055
17711.63284338391    -3411.741808220244   1         33.87338055472917
1922.5190848062168   224.74359596184033   1         1.08903215336621
2390.3033731416504   5988.777763521107    1         0.45797059308469257
-3522.56022921813    6527.224000342002    1         0.8748065477244026
-8233.410194718723   4463.277889171389    1         0.9708001494188097
4604.788227502645    -5124.724568152593   1         0.7578280305592726
-91.55207761323413   -5329.0899854729     1         22.437258651241564
5554.105086055522    -655.6304431284398   1         0.47305124803133636
7814.428395295555    -3140.369594421555   1         1.1988245541664946
-7377.976592634543   1636.08253567283     1         6.634666090038093
7367.688379835361    -3591.096468541749   1         1.039142235166911
754.9234528895935    7349.568583525229    1         0.8606238685137182
-15682.119987189466  -11526.503436170544  1         1.0785188940535966
10937.795217074385   15976.470042103781   1         12.311440993255001
-12782.39713830343   18693.037736035494   1         0.9778596867026697
-321.0928521307556   797.9542945547851    1         34.60508544438437
4242.866175260329    -2470.012861383111   1         1.120726955884658
3129.8584794998774   -3425.2911912519216  1         15.502212267724165
-5613.235266617457   -2220.9676356473224  1         1.037178731950562
-6929.928681807765   3058.573622199993    1         29.011777983280556
6469.42471788979     275.2540495396366    1         0.3438755803040423
7164.0454317941      4006.3265831338217   1         0.5839072772867202
1071.117430282885    -7840.196555163289   1         0.873506652487448
-4837.725064833779   -5905.658683592312   1         0.7432190409337441
9567.721462801706    -2114.60238164341    1         46.220638275961186
-17014.371899838552  10966.971176697934   1         16.633171386486723
9324.064141887922    4228.328396931113    1         0.7241757886390349
-6269.109404820258   -2871.929625280655   1         1.1842414701827078
-7301.759981898014   6048.515199881044    1         0.33493608672171193
