trucks_count 4
drones_count 5
customers 68
depot 0.0 0.0
Coordinate X         Coordinate Y         Dronable Demand
2656.36428488737     6145.568860830975    1         0.5243299557508289
-3723.0115245417055  -1452.0983298235433  1         1.0435127432918807
-1852.1840826319203  4715.036616110792    1         0.8754452471627786
4360.995347333387    -2756.5362019471186  1         0.9268280010642467
3446.4628460728018   -3934.6002730030086  1         1.2309685016587646
1404.424407647115    -5095.753026183275   1         27.527741982918666
-4009.5210300041986  6003.023108864296    1         0.6789653559031935
-5922.207693180081   -4604.884455102213   1         0.7521602266391825
892.2702595627243    -1835.0893851552719  1         0.41804921713389054
-4340.694163600273   6060.066579470612    1         0.2825369158283252
-566.5397555080555   5761.565621739961    1         0.12085222920850391
2100.866789637192    5400.166873851053    1         0.11281892162011184
5420.705542700056    4359.882897069884    1         1.1640574123950016
-4791.720804191105   476.10681152373434   1         0.40739213556874876
-371.41296542291593  5510.50437516337     1         10.02251895412702
5667.781905714111    3663.6062993940677   1         2.2300187280830355
-2748.995238571605   -1316.6903653348336  1         1.0538294474786172
-2969.4259494201015  3044.6086759794      1         0.11838775940768437
1973.295045088629    6050.537894022768    1         19.17026156396364
-5274.124866478985   -2711.5832428441217  1         0.7950145106369019
2434.0393106735532   1108.1317293992536   1         0.2384510733273684
-1286.973882445823   280.7217272278288    1         0.28972820389375825
-2486.3019680463804  4270.573217630167    1         0.6327943272648143
-436.82487552369065  -5614.2583187546115  1         0.623330467502856
2818.6950677629843   2066.6945659238995   1         0.23346264696281593
-867.4668824038799   2693.6657407604744   1         0.7069268345576
-824.1983835646132   -4813.83793205247    1         0.8949626506676582
3405.0132267840304   5201.812885410787    1         0.15167546385130848
-3141.9420370461994  -3146.1850464571708  1         0.7979807132139254
-836.9658784516369   -5342.439242637227   1         21.646818790626998
-1022.9609634018852  -3524.942155228211   1         0.23759370635277735
5003.262026909318    4613.687633592678    1         1.0263579734118107
2190.1801242801553   3528.879001582711    1         1.111970906182514
-2020.6053636147751  4565.517285339444    1         0.673872643474619
-4730.152590200055   1226.1344889069012   1         10.433940411579691
3561.7103854589277   3578.4265255294663   1         0.5372258104653721
-2433.636918397384   5723.6048757334265   1         0.6813861066678941
-5288.17077612927    1315.451815672884    1         7.82625106674686
-479.32247623207786  -4700.50107357416    1         0.13291010037515283
182.56778902955008   2871.5435986660154   1         0.30930972987879723
1020.1531318721582   5511.727192483229    1         3.197718626440186
-3325.0010056622937  3450.2747381495137   1         0.15409980026729064
-2501.1166522028484  -2745.543234773549   1         0.3824672914930308
725.8112163170188    -5880.090049353062   1         0.5258127378167957
-4594.567752720306   -5385.177031827142   1         0.36910540684726156
98.44237939458071    -2470.488965635011   1         43.42354370771729
995.5510045935068    5444.290562198363    1         14.146651307068321
-4875.767821832163   333.9136072077112    1         0.4903944165804759
34.057716548216376   -4217.343709727565   1         0.3563472866852332
-5534.659105121688   -60.314934839492516  1         0.14922218861372025
-5365.7685077213655  -134.23564516420785  1         2.4974982613361005
-3756.2849739817307  -2769.1534037481474  1         1.1805376313998877
-4309.092593924645   -344.6398329492773   1         0.2856670022517126
223.09722894953154   -4505.304242089667   1         1.0627544445308785
-470.5268170382697   3018.224944932341    1         1.0867019125474673
-5859.092180610619   -5293.394761965978   1         1.155129423999616
5742.4895690933245   -3400.0879891876525  1         32.85358921568256
-5940.674125687891   2240.504550157915    1         48.92410272250596
-1153.225078841401   1853.4029602619703   1         22.242360293854308
-1856.0536003627917  2897.929004030448    1         19.758592993836253
2926.7929276775585   -5960.977642641248   1         0.9111631376480785
-3648.4045369967102  -5513.724410644557   1         1.1392385306780362
-2339.6086791398884  -166.55679023604392  1         0.1020791786608871
-5511.33065049038    -2547.150572155906   1         0.5088181693714218
5988.149728831177    329.4866920980958    1         0.3789943020410973
5143.01745660327     2456.311376965579    1         0.6494745207759512
1635.4458876093497   5500.411109029395    1         18.21823403502178
4044.2205143147535   2072.9931491613906   1         0.9899487719508676
