trucks_count 5
drones_count 4
customers 77
depot 0.0 0.0
Coordinate X         Coordinate Y         Dronable Demand
-288.4859763792156   -1497.1030076482057  1         0.33112564558737584
-3380.072115360869   -5011.741173788849   1         0.49097125228698557
-2837.597915519906   824.9925577869237    1         1.0268788969650595
-2029.4416245498815  -4882.113728069293   1         0.6354584448630154
-6246.485192568796   -7428.672015589963   1         0.921480389404676
6442.211528989133    6205.952782264633    1         0.4519307669017939
424.8879483862802    10133.523974993706   1         0.31186096674801855
7006.089555585162    -7649.333040503347   1         26.958963882880273
8616.083106472783    5614.953341748716    1         27.372149688625573
-1926.8982725680817  653.6507544651176    1         0.560632154586615
9130.320061388398    3722.557469740981    1         0.1424777129398479
-1744.512824484304   -6227.4124955920715  1         8.309565358278535
4958.6253725653805   -8347.254214185796   1         0.7206215971973938
-6756.0583561613885  2083.084924763745    1         42.803201139946964
-3439.6024329279126  6766.037208675773    1         0.9399423210502941
-1948.780616328367   9857.205711731707    1         0.21414028183994724
-1039.8509823386999  10010.01471172607    1         0.17057912826230148
-6060.71602296366    3209.573676450902    1         0.2808894834629022
3948.732560620515    3064.7177704514797   1         0.6734579369906948
-3026.9064378820744  8262.438052629526    1         0.9658793940213374
-5204.651061333061   -7980.30432967272    1         0.6805240819453856
-867.5097934539135   -7695.441599449641   1         0.8523395983853486
116.69019639886348   -3272.9624138016998  1         0.29912883361551734
-1337.8462337685385  5803.565996327516    1         0.4766622147197499
-10185.52928610072   -10682.767324314947  1         0.12041686917190014
-5097.275308812965   -857.851701563316    1         11.005742178875945
-9173.660505291613   -5379.275415787723   1         0.7498096149635876
1620.593234965545    50.26468024926336    1         0.9691162555691861
4347.710695779237    -10022.55833452473   1         31.280473722198423
-6232.619360605609   7477.811399331374    1         0.626613169164475
-4368.301996553165   -4638.696778178998   1         0.9564179141063881
510.99887903079866   3327.390946247658    1         1.1327259835647276
3929.6808457393145   -4825.016803094854   1         44.43870571236938
1706.8294539683943   2242.7540587801404   1         0.12597466813370375
5633.683266138425    2773.6804252275724   1         0.9551399634700762
-4068.389414977983   -1584.1070594787398  1         3.965225475448569
-1579.2668660144138  -5575.960440186145   1         0.6842403019451244
6495.165073070413    -2457.821071594335   1         13.49879769700181
-4657.1324053981125  -2532.117275277871   1         0.7615039474383859
-2463.6063252201593  9036.055150499606    1         0.4509586283825008
-5281.585214778016   -3947.4661788991034  1         0.9092138787928228
-9672.43900851951    1474.8356377688633   1         44.703173931361704
2509.345518449339    3485.7916264572464   1         0.33329656838238486
-1080.1788601448059  -10031.068554842059  1         0.2877055770264777
7109.682793642572    -7532.697748362294   1         0.584420380020535
3686.8741482993037   2051.6068920878593   1         0.26598843047993387
-2546.342605387602   1908.286880062876    1         0.9725426982501557
-3575.640140300296   -5127.97242694059    1         0.6457811018830321
-7730.746436582425   -6150.532607545799   1         0.9481442425301763
-1294.7363207927046  10736.88806683967    1         0.516119621515421
-9773.665528912028   -242.64642908626277  1         1.2028893544043642
5200.264985855126    -2439.2558916708     1         0.4329866389029223
-3744.6171316386262  8413.354210155467    1         0.7718543387971563
1451.8525747413514   -10350.350007351928  1         1.1943989387501697
-6208.67817900531    5534.925132818357    1         1.133603576920694
-4284.793581791287   6013.127424062148    1         0.12483470745019709
1010.7571278260534   5685.78645145332     1         0.8984192667854471
5785.310140011067    4688.8835607617875   1         0.2911295182328597
-2318.9325574499508  -5242.251850798393   1         1.1759359628205346
6100.511366701287    535.9433250898953    1         1.0726695947671154
-304.8872642435582   4033.8101721347925   1         0.6047352438931645
-801.3724923388294   9615.059871423276    1         0.5388109055146927
10344.733899500676   -2709.443220588351   1         1.116472400036003
1817.8080457828091   -4359.795179530041   1         0.34987292302739764
-10779.94725247735   -1147.0842442865764  1         0.8431100394679009
-4369.1595188451365  2421.156130813264    1         1.0561756177892145
2586.637455898354    725.9057365655323    1         0.6787752951160365
-6310.603485879928   3678.5561520992833   1         1.167044376646648
-2442.0932456389523  6741.688078782521    1         0.9348558673440599
3589.8817080515346   8342.608418713822    1         0.3067524642046816
-5879.961344498085   -4599.629607712889   1         0.5259123288814813
380.3483155215954    -7574.596388698173   1         1.1933981066592028
-5078.965375862627   -2988.263650394511   1         14.956163956794231
-5023.9879477189925  -118.58512077422691  1         0.5550711787551214
-404.80346253465706  6413.852642924176    1         0.9699843810854316
1081.3381473952486   1406.5780776632785   1         1.1495169209370515
3969.0587387488295   7366.440917495682    1         27.67148857453107
