trucks_count 4
drones_count 5
customers 51
depot 0.0 0.0
Coordinate X         Coordinate Y         Dronable Demand
461.4789696691678    6282.634254975767    1         0.6996122212241772
-3620.4020133450445  -4435.523766640288   1         0.2650324664530693
-4305.904027433193   6504.133916559206    1         13.830196324796779
5098.392212502414    -1897.6036499840127  1         0.7213628976396615
457.25461672043366   786.2883940675274    1         0.9157575405527842
5819.835716291383    -5371.770090869403   1         1.157958208259196
-2575.720341741648   2484.8454630558795   1         0.7850775118924412
2358.994982485742    2270.2277478305186   1         5.3512713687874305
298.7128047440664    1132.958225310246    1         0.5619341342103235
-2043.054067285417   202.8920292842169    1         0.16525016010045593
869.002254064894     -2268.253390576624   1         1.070130071618734
3483.827954623948    555.6087921246265    1         0.5365353164036908
2026.2700471106318   40.01219702713752    1         0.7292406779601612
-5702.827943676953   -3557.9543617466693  1         1.1047422319099611
3710.4350627613017   -3425.3136488354517  1         1.1245834031229027
3094.984467425349    -2357.7184813393874  1         25.94548725276056
1528.9485363230158   -2925.489796642925   1         0.7425392908770876
-3166.503064703879   -1293.4829841725445  1         0.480041345084143
5127.003568026651    6214.087983740458    1         0.6346397318103619
-6110.669256471383   -5123.7968483492     1         0.5904365202833329
-162.16215827975753  -3095.2078976970456  1         0.8154867186273066
-5537.765808693773   -3596.313595653386   1         1.0109012663958565
295.9063588757299    -4861.26860821689    1         0.22372418682296413
-3842.477928278586   -6555.742268794136   1         1.0604592518122977
163.94357994303462   957.5953767126542    1         0.64127666722168
-3481.057938621576   3510.0137852244807   1         0.7086390972874654
-4867.030450140432   -4683.323004883012   1         41.21611339758596
188.799712599158     -4315.147624770834   1         0.6395810763042168
-4759.834594017481   -3634.2877604509786  1         0.501620466573077
1707.62063437231     1020.2806133359007   1         0.8927767091565694
5875.9401115608225   1384.2888367250978   1         0.7739167756789525
-3221.38248634572    -524.7022703719895   1         43.80780509713415
-5604.759482657686   20.752433373612803   1         0.11868403315349257
-3710.9436179010863  -2243.582429768815   1         0.8118224278670175
-804.6526670825924   2192.9112992043947   1         0.5774714727583634
4917.834199980436    455.1416641074729    1         0.46581029451872646
878.4240492797169    -4962.081441219543   1         0.6410742144163999
4024.8994792617227   5834.745123565091    1         0.3934700990478268
-3798.099238468381   -282.2718237286055   1         0.393566354384554
-2929.172297495648   -1926.7195623842902  1         0.3576004868585776
3913.604976271481    -6673.307321988387   1         43.09647943383276
-4245.0975099324705  -3793.6329982141224  1         28.694138069083028
-4427.435693387928   -922.431854271239    1         0.954192680112404
-4337.604895053321   4556.640641501603    1         0.3206712799236807
-1449.8294576430562  -1101.8363298819722  1         0.8604137830918317
-4039.3959176057247  3854.760359417845    1         0.9574731654327018
-3828.1556306193797  4636.652202885043    1         0.7441614077581716
5007.813319408985    -796.2831815619803   1         1.2232760179016537
3673.926718725822    -4932.274787693383   1         0.14656956688814898
2766.1383129279243   -6577.60413090503    1         0.8626714195743859
-1139.9548517748162  1111.2411821336361   1         46.30851977302551
