trucks_count 2
drones_count 2
customers 40
depot 0.0 0.0
Coordinate X         Coordinate Y         Dronable Demand
-1375.131134587939   6475.861851141457    1         0.9055642567848513
907.2862239212509    -6111.347920436586   1         0.9431871962749759
-9645.730532466696   2853.2120667450663   1         0.961215290486865
-4983.083375718023   489.5178793830567    1         25.659019590223505
4432.166248710573    5864.167522244443    1         45.23409254629308
9595.411848138116    2920.8089365086635   1         1.2247063010769645
8167.613314563144    -6672.900635263915   1         1.089807519424235
-10658.21681057234   -11787.424770335725  1         8.382416289367567
-3406.633906192289   2733.2442298901465   1         0.7105574690385216
4197.006551629321    221.83097774076248   1         37.01844957649823
-13316.109070722629  8351.617904339058    1         1.0135764080878478
6636.723393117858    3032.598601389798    1         1.1392328275018535
-6482.210886392572   -78.3614844504559    1         1.1495245945578814
14861.534031252508   -5031.66242167583    1         35.686017518851585
-509.11012290139587  4033.9689773685855   1         18.34896889315806
3527.385562006772    -7690.186680732211   1         0.47995753827259235
-4920.120392445921   -9487.181516475945   1         1.1461465115533902
1527.768052514215    5794.1750726308965   1         1.0360304769831374
8190.984150633223    2769.3588955427513   1         0.10830441522068852
1416.710925001189    -5630.158608646874   1         0.7634329589574391
-4473.456855573863   6249.638690260774    1         0.5535945563340693
8174.39874748922     1698.228972850183    1         0.7011135382284508
-960.8708616351277   10190.994680810652   1         0.1758363789839673
10251.990740695757   2094.444504963558    1         37.0474421392925
2443.639479560958    7823.401495106389    1         0.2902026014946363
-6826.297808232845   -1688.6377942289582  1         11.71935700233377
-6540.346012588488   -4850.125864521002   1         1.0878893402169525
7262.598188168592    -3997.8209206729466  1         0.3741035202940005
7041.84528093848     14588.128919045288   1         0.9941300461295124
-8062.138065228923   -464.2111787375835   1         0.15486222852786077
9004.116909848795    -5536.786389831398   1         0.4779908796542499
12966.455305881449   2013.666366646561    1         0.4628808544674713
-9454.061811664582   -5081.022880445905   1         1.0325086355979316
-11161.174298467431  10834.976930253906   1         5.506202298103532
186.55523863620888   8449.674908077273    1         0.8453755567050656
-9971.017734697529   -2573.8728739279027  1         19.998378882988856
3212.10336974919     5507.1769789922455   1         0.9704003678603044
5106.502295808131    6312.00054334687     1         12.263222763443325
2783.507629367439    4519.64210444146     1         2.8271322231479257
4848.051792397965    7325.625379921891    1         31.696151403454827
