trucks_count 3
drones_count 4
customers 70
depot 0.0 0.0
Coordinate X         Coordinate Y         Dronable Demand
-7597.99039003169    1713.7630217344058   1         1.0266910016652944
1407.3684849836009   4154.137464394162    1         0.7434829419147186
-6932.752631334002   -6110.1576412000795  1         37.41283666504279
-2195.120493032785   -7470.226834226071   1         1.1696636415290305
423.0601818902579    -7675.028715906576   1         0.22117090099921088
6904.173818472161    -4692.901430769433   1         0.2839144549332562
-7947.319373265645   -3783.9631507873214  1         0.14550805306207315
-4285.530797393756   -7735.01715876643    1         15.90857430663366
1366.1743958130066   -5394.972019069861   1         0.5802120884128802
-1398.540176871879   10183.0992591972     1         0.156411963655911
2202.693069109474    -7684.744175143002   1         0.5797193248322577
10408.696043693868   6000.70360159823     1         0.24250275164800686
919.868544471151     -3760.0892749570635  1         0.3730789137544601
5790.23501391957     -6370.1346776922455  1         0.7512791662047006
-8558.383790160984   941.4512267553672    1         1.0359640156055272
3166.9815966954484   -788.0426634436541   1         0.813208985906285
12521.748783523755   5918.832403571334    1         12.135340066626455
4058.0403558720127   7177.145197857086    1         0.4623823972538419
-8824.782648350914   -1867.0028842736453  1         0.18848134216531814
1382.9806772692336   -9211.96794434496    1         0.39376905724032674
7598.042314296286    -190.79906527523664  1         0.40138146010682996
-6242.249351122865   7850.439309385171    1         0.6920005045359872
-1996.2792271877686  -1820.203036095701   1         0.9378046899755546
-3659.9258070367337  -6669.812896048928   1         0.17895624119646608
-7031.395653831079   -2331.7026008763455  1         1.1877150163331593
4055.4842199864906   1416.8563871105775   1         0.41482919619675507
5036.001192838283    7254.939197353491    1         15.247647472061283
803.3469675831589    -5635.653301209647   1         0.24479302996413252
-1141.0117259759863  -1731.835484064908   1         48.24367391628825
-8728.276680250057   553.9216594615389    1         1.0524761757182914
2180.021132024815    -660.6113614563685   1         0.5385485312895181
-14919.73843373325   -14508.269454817775  1         0.34239238698348173
-1638.9813490051156  -5352.715693006241   1         1.1948521955821365
3665.5125023944124   9374.75349256886     1         1.0549097783712853
9145.430983886567    -2574.783329861276   1         1.2307889277188966
-5654.590847601536   4744.679984972771    1         20.550016455715262
-10411.400786870588  1873.0290455879367   1         1.2316681854681961
3906.6012716864507   -3981.4461478590247  1         0.611331029551131
6273.075606418388    -1184.0064781356946  1         0.9575822713324522
-7889.477767244209   -2276.5530762770236  1         0.7308077487648436
7522.904391460996    -7810.390013820871   1         1.0353161597814524
3306.9675108439587   -9223.677361459973   1         0.35341115477534424
-5756.813569909631   -8532.36349643282    1         39.92266788757719
-846.533499609839    1190.5808510570678   1         8.42847706438636
-5121.5019977278025  1362.1553459867027   1         1.1363987283175336
66.55552009813287    -1109.1834762062467  1         13.637547314856665
10047.310085895719   -3450.4079956296996  1         0.2937593110827542
5053.63317247838     1062.8843263287488   1         0.9750748635237473
7027.360428201386    -3299.1809022909706  1         0.4342216867604195
5267.3610653007945   -5798.629259841663   1         0.7761879086439679
-5127.160347838729   -1652.6140516089915  1         3.1328215942876065
-3949.328646619425   -3120.360552517585   1         0.23932866681614487
3446.733276231382    -950.6780742535649   1         0.4733620587996188
-7506.330821033605   -606.3087630121568   1         24.41906530698161
-2472.717930614515   9948.78185241159     1         45.08798366112138
12664.749212737523   -11168.6126845194    1         0.9182379979118596
419.51075608617543   7261.921811257895    1         0.6430710027086449
4504.026208894518    6618.0048782034055   1         45.16341863497413
1419.6486302081853   3009.9568347422      1         0.1036202492615628
-8712.22316718668    -4972.03982467507    1         0.49653438900729163
7731.6478764456115   -11739.192146435616  1         0.8947764481809297
1884.9464625955954   -1172.834510612699   1         8.540021288920077
6305.308367964998    4498.989780277974    1         35.704800185192475
662.8313701075313    -323.6225526928538   1         0.4865978856656419
-92.8186369236937    11380.749780153772   1         29.86793418013386
-2274.005808240395   -5382.903959823768   1         1.166795600223009
-9262.811519846295   -1318.3393427041785  1         0.3236402423786251
-9980.219877854917   2059.5439467930246   1         0.3653493946424934
-8179.012288207579   5782.2506717785145   1         1.2391326362435884
1882.5965056095354   10036.616388487097   1         0.47492029343989794
