trucks_count 6
drones_count 5
customers 100
depot 0.0 0.0
Coordinate X         Coordinate Y         Dronable Demand
4401.201929967783    -3893.3369991576637  1         0.9399376311742987
6808.615010620778    -5249.359907661068   1         0.8324902219460119
1335.128988210491    -6764.843650048254   1         0.6055196509923202
-4278.404459527921   1537.1135467960112   1         44.92366773410978
6681.91603499849     3729.458927854605    1         1.0276767143948513
-6230.71299397932    7954.282639555622    1         41.278174527178564
2741.992710920112    6641.451605545948    1         1.1737002038726978
-3835.9828990466917  -1098.772431305844   1         1.071469557075293
-13.71115792068234   9534.475140375767    1         0.8849757197830443
-6277.176824989335   -2132.2147749849437  1         10.903910526560356
-10887.47162237752   -3264.911307016617   1         48.4429418679329
-6194.598619243569   -1018.9748127354516  1         0.8524432135030354
9825.211768352612    -2035.3504483939432  1         0.17763106773855536
-8141.226927645646   -8371.32504734568    1         46.592262604789646
13442.608041574458   -1752.5508669227474  1         23.63969396456581
6329.014685997112    -7732.687306996467   1         0.2787851860928484
6612.580053030237    -937.680408848932    1         1.0457010762745764
-8449.06688038896    269.3207365978949    1         0.8188702261600255
2423.4161314421794   2081.323631937884    1         0.6641554640448948
-5969.650625580281   5966.344343641732    1         0.45845091899015855
2131.1887123420843   -7198.472482760671   1         0.9944940942237461
2317.687469588363    10531.976760522688   1         0.987049147487662
-11687.852519054193  4832.172075274208    1         3.4287589186785246
-3277.8185562491403  -1521.2164193874223  1         0.7352710667614151
4521.181428507938    2055.4750443036755   1         0.28393282523533325
-9661.865529581264   -63.22573531572495   1         0.4437538618921685
-2655.0344880440703  -1713.6875865947131  1         0.12286952695151288
11713.02628871254    13902.75165236506    1         0.610091090906495
4474.579732699575    -5812.43446304412    1         1.0447175991994724
-4413.2235191971295  340.9939455151025    1         1.0747015845632162
1866.6998740649105   -3936.2658955469665  1         0.337998504534673
-2937.6573383018585  9463.862829040565    1         44.31974158359028
5553.981579103545    -6708.178430691427   1         23.51038217483361
-809.5980230107449   -9375.810261160446   1         0.7230396604117549
7023.368076419276    8017.719286628453    1         0.11340247059556383
1241.7181651388905   -6403.623025866551   1         0.7200602819489111
-10131.77050155144   -2994.4474597527264  1         0.9987885227131873
1863.2228814229238   -5155.79873152148    1         0.16142563260426804
4330.732902476837    5949.364086296613    1         0.2614933471309571
82.62503744989436    1777.5918136235541   1         0.13094763671334295
-8072.6533377902     -5579.922218222033   1         19.11570908403739
-3302.3163406550902  -7387.165436606611   1         0.32892834865122567
3232.790712593771    2881.670627837728    1         0.7267729016270221
-304.47120277463796  -5097.756903701006   1         23.43570764449942
-6728.445912501323   -1433.9223744596218  1         0.25414337441746143
1406.6637421370579   -10814.409406014745  1         0.26517829897777767
8676.921242219836    -5490.116450336305   1         0.13636230765998775
-884.14056785498     921.1828915560618    1         19.259534862928106
-5926.586246080738   -1703.6536364146934  1         22.223954549123608
-372.2608815864564   -10522.946226727303  1         1.2341963825101454
5625.321171806153    8331.057921855265    1         1.0151454061471301
-1962.5168739526894  8161.676684915718    1         17.980738616658588
-1686.1456664065693  3852.6521103239593   1         7.838059059149527
-5938.169971223138   -73.42088525982035   1         3.1849797199655723
-4764.091706758147   9240.746823344567    1         0.7341660690589401
-3724.801589994583   -9335.384319646844   1         0.879637943805734
-373.11854528316513  9830.721555348195    1         0.9206903148171252
-7644.174221904772   -2953.3204585851445  1         0.12693724317361418
11875.54801864869    -9733.54944301252    1         1.2390132616211922
-1972.9207689382067  9888.595286236332    1         0.8365039229358122
2736.6775028588054   539.8818582588824    1         10.484030795168211
6912.673553141222    -280.3662589095709   1         0.3622218154731326
-5602.6470652217695  -294.2172602687359   1         1.1046819629822813
-6491.079456376516   -4286.796838252746   1         0.8889165650667302
-4899.356382103275   545.1743131252242    1         0.6527454356916104
-5093.609061814981   2545.6944563125644   1         0.43052221993369355
5648.680785632191    7762.997945559028    1         0.3471530692652321
8047.202187701288    3652.400802974241    1         1.119000214527362
5528.726391902313    -8793.967724583023   1         14.806025422092267
3424.7052471507723   -2377.1667424677944  1         0.8597411910199787
-9133.349382211172   4250.809619037623    1         1.0957259626162448
-817.1198640568924   7681.804907519806    1         0.16003896285089048
2030.2144573540463   3193.847881586047    1         0.26395495870058794
9526.741967211114    562.1095519763494    1         0.5175575284748282
8645.280624871266    4859.130599515855    1         44.01012987481056
-7864.746444926527   9660.953129245569    1         25.799843155694997
8708.25103218913     -2424.9501640988315  1         0.47009217563534567
2993.094420846309    10080.056658648991   1         0.1517758355569131
-2728.9643285756197  10035.488797318389   1         0.8875855377986366
2224.900005007199    92.36940620198637    1         0.2726640773924326
-7233.520396536844   3973.5633507298935   1         1.1718444359202997
4903.682502851367    2085.9008250374177   1         0.36466327531457265
2207.744818934173    6531.578997005112    1         0.46150998314191494
-7959.244143940884   -6399.800127445925   1         0.2689487953470726
792.7452361734036    8547.081310182057    1         1.0728063643513102
4255.432344201791    8470.809654004752    1         1.0589794370069185
1563.4437418712541   4318.5873081872205   1         1.0651731716627426
-12520.716970413814  6193.383029796674    1         1.0931357211426285
9678.719510593033    4019.7860997990488   1         0.6111307327077318
-6362.443625365218   -5534.783171691327   1         0.1604537137184941
-1958.7321540723035  6886.477892144946    1         46.686726439011366
1957.110550147259    10044.602716890231   1         0.38547272554050094
-7520.054132461906   1014.918439744951    1         0.5795834078807476
1428.2456997733386   -5424.752821251742   1         1.1157456132799708
-7559.397612077392   1047.031936047086    1         1.044488143682015
-5253.316625613184   -2643.7985896204173  1         0.6995520862695985
-4996.160957755407   5596.41510420345     1         24.614262783619388
-10246.31025294256   14148.8332782145     1         42.840600615689674
971.9020750973514    8626.972946793458    1         0.6714014565905221
-9980.385634482092   -32.17754688561106   1         0.7386517894891246
