trucks_count 5
drones_count 4
customers 99
depot 0.0 0.0
Coordinate X         Coordinate Y         Dronable Demand
-10114.48355695079   2434.549178693369    1         1.2434555299386578
3890.4351172314186   8075.310428178566    1         1.1857348024107304
-5162.695488417464   7498.240694883187    1         0.42087390177038875
-4962.82111952547    -551.430222860673    1         36.57383688785833
2508.9166233761566   -7862.2451401184135  1         1.1117758200786334
-4359.404937425029   -5968.506958980761   1         24.00466247857596
1291.889463852507    3880.161234489684    1         5.41678195088571
3012.8646001789675   9707.866644651385    1         0.24451247051029099
387.6413762162881    3520.2980077635225   1         0.25263769116266327
9956.161309007173    1172.9084256388142   1         0.1762156900590665
-6232.899257032895   1601.8306536681926   1         0.23472041698438814
-6089.12130501729    -692.7557523634638   1         0.5500216410894068
-7943.540354026193   5928.533959327411    1         39.38055135723064
-8203.962600253362   -508.45004012965694  1         0.12912535534675093
746.5540902231398    -7431.40168104185    1         0.10278898722936955
-5537.343259919403   6020.854936656993    1         0.8863311355958311
-2310.969934384204   -8028.063144087547   1         0.5280096161275791
-5576.611926235864   -774.0917993978347   1         32.51100893604292
9082.304441719201    4615.987891952162    1         0.4704995766821519
5196.700707899099    1039.623504612695    1         9.955549002915646
4037.179822025455    -1622.140666540267   1         0.3913221935556981
3303.0800290320126   -6484.671960221792   1         33.66494124140921
-9042.251080307808   -798.9091955245922   1         0.5038072174977806
-8026.460210467076   -140.94803919077125  1         1.015818780370647
-10198.461268187719  -3414.1036309481115  1         0.269080770234133
2042.846795029338    -1899.3887482079845  1         0.1449945986155964
-8575.300662321402   5978.762449035244    1         1.247541190651544
-1118.6445714792922  -1715.5391618991073  1         1.1756409458990271
3683.009848319794    2878.0530630102594   1         0.41705495922473856
-913.0124730082823   -3956.477072119775   1         39.40856720566989
-1476.8133028559932  -9730.42609590598    1         0.2127869891045528
8961.292155721154    -5194.398622349214   1         4.620563701708004
2608.4207144807933   -3444.4089953568955  1         0.6715134536392159
1473.158864375182    4881.840690445553    1         0.34734508580839585
-1372.351773168748   -10077.533882550406  1         3.790324897983081
-589.1667227011416   -7002.90918842917    1         0.6003662629569791
7209.125671300585    -7351.0232039001585  1         20.019299718950904
402.0963306621537    -7527.505581610405   1         1.2497398442877135
8003.3284785741125   -1616.6652391350526  1         0.5058700625466475
3105.069291197682    2869.0012744748988   1         10.426880032896003
-1027.471885915211   10490.85829548383    1         0.21912626126451576
2275.477897682812    -9833.277162991868   1         0.41514264259510947
12.714128492021052   -3575.8993075344483  1         0.4416883223006456
1041.4521461492777   -9915.821925759672   1         0.5767998452090077
9764.744067792171    -3191.6169233133487  1         0.38559110498925686
6402.991452173851    -4649.899711070967   1         1.201336684571655
5393.998012242768    -3144.9188230186755  1         0.5508776459506507
-6552.844843050742   4598.808203751943    1         22.820541607595494
-4570.726872431432   8101.19313166831     1         0.541031616348782
-6668.6341196207695  2183.827279340516    1         0.26193251285062724
-9119.933351059612   5024.9803866512675   1         0.7172069976844409
9597.63926167075     -4105.752035693396   1         9.141258923612027
-1264.3016248692438  -4463.908931475759   1         0.24138446153287502
2068.7049993848113   -8600.327775691543   1         0.6117119995136657
-4935.205489408795   5430.047601669757    1         0.7911050929979021
1143.3331079523164   10548.381320344477   1         0.9134750847903077
1938.7699738692054   5864.480666860674    1         41.81420058903412
6481.395651500827    -3732.638832050687   1         1.1801307142082398
-7597.739365930516   1273.6319090887894   1         0.8140058088035828
2268.6469090151086   6236.40243055807     1         0.38306134901595323
-9212.556625282139   -1519.9498803536235  1         1.0329427694049242
2391.9109888981516   -10559.773827158859  1         1.0915747504842326
1818.4415213296747   9088.122404748705    1         0.4763344317296011
-7368.076853913902   5494.806313256347    1         0.62414766852921
58.4744755115898     945.1262357958337    1         0.5816368368307876
-7489.463096394564   7147.0101978885905   1         1.1868711831470566
-799.5410681119885   2174.8831173286208   1         1.1905162974950532
-2513.025678281163   -3501.6607735569314  1         16.968803389697634
-3875.3800634312374  8035.999444813146    1         0.6414456620763481
-5370.183337415366   -8324.311305564164   1         1.0057224449591027
5231.294655929044    239.6546905666698    1         0.7390474582111549
6614.333388819166    4126.912505561417    1         0.36383217766969533
823.3821640923961    1451.1015333918785   1         0.18974539417465094
-8075.862892771078   6067.004459100675    1         31.45403216741077
-5976.109096127152   7765.9872123533705   1         26.74323206571758
4680.128326822685    -970.3379329953204   1         37.808423605194186
6666.555943789945    -446.08553706163536  1         0.4394828049758016
5295.364394127491    7167.809672823469    1         0.7241585990428943
-98.51092233171217   5178.922333242222    1         0.7259890807130749
-7659.316122386276   1490.0131714666945   1         0.2438465663861989
3042.1662665892786   -737.7960237052026   1         0.35418876603664484
-9200.796807189263   2532.9720920770583   1         0.45526100636193123
-4467.191468630775   2914.6855391409845   1         0.11449163881695854
-2392.7149094912343  9600.528115947609    1         0.6441024776443779
2210.2691825195243   -6783.735940787822   1         1.2450604690414715
2967.699368222725    2522.3594704140523   1         0.6504277060567285
-590.8088492081209   5552.191187346534    1         1.0990096332907944
3856.7073532927952   9803.276875253478    1         0.465100455251797
-6928.325171067117   2781.370222295316    1         0.6173089964050961
5846.933039777738    1361.8255561747885   1         0.3280106419877619
-9729.768167293556   2554.869396564047    1         0.2717440730768614
-9605.497106521525   2805.2899792765197   1         0.18861355971139068
4945.303860472957    2305.8708826638267   1         0.20233271107918785
8820.027659978672    -3869.151226751533   1         27.75383957560684
7251.732655122358    -4381.116287979901   1         0.9642180952801839
-4618.039829653334   -8751.333311079696   1         0.8341574479024173
-2071.878256540637   2945.5831443079373   1         1.0287282746400852
6636.877946671617    2048.2775256996065   1         0.3378186839861214
6211.868405128967    3828.7764117448196   1         0.28927554000414246
