trucks_count 3
drones_count 5
customers 73
depot 0.0 0.0
Coordinate X         Coordinate Y         Dronable Demand
1060.6204652087035   7950.449390078994    1         1.0839162367800967
3319.3475020349933   -4745.161325519108   1         0.8645133932103803
7109.534039175273    7898.498226252907    1         0.8505834230998534
-7360.5726859111055  -6736.061846515996   1         0.3037270493720728
-5696.122427460078   -173.69441376016434  1         1.1372651849963307
-1823.300987519646   9755.499156369257    1         18.40339898025363
-3438.775505890506   351.6332884444668    1         1.1546903495752148
1638.8050764731433   -7686.179547054551   1         1.0933436360641415
1875.5269611205072   -6695.654619341562   1         0.3849894565225246
7547.458825729291    -7225.926182588297   1         3.186350126755322
3468.9081235158446   -10813.859985301475  1         34.466513324676534
7893.265232719425    6582.739217223725    1         34.59995333122634
-5819.625448171507   4380.742703426187    1         0.7712176852977862
5079.437055505341    -1569.2854990506278  1         18.86667770699577
-4411.165598313325   2602.9044796788953   1         0.4824201088575589
721.936750114024     8044.289287726183    1         0.5259907330852626
-2666.5739824462253  -3568.7860582598883  1         1.053671668100823
6726.843225197974    9750.609902514285    1         6.078261627764791
-1797.3918534749262  4916.374260696259    1         0.8761701015056603
2413.433335122892    -8518.017135195129   1         0.6435135765329077
5919.701255883522    -1145.855944229336   1         0.3686923690942654
2367.4079512295957   4949.504866867205    1         2.4888023296675694
948.6690655086877    -6452.190579204578   1         1.1361508461217686
-2890.8504712358467  9996.568078264438    1         0.49787653028002676
-10749.762624772648  -1093.7004355487395  1         0.5025438449632545
103.3418468153332    6772.266474606563    1         0.8282449242935173
3390.5794098692627   2407.100156423682    1         1.0182587589680452
5345.496645747082    -538.8308355881545   1         0.8367968493425193
-646.9897457921371   8311.882987074352    1         0.5072775797361656
-2521.299777058295   -4316.018224111888   1         0.5671909667349988
-2413.8266927748464  -2413.251126435871   1         1.1878832425357406
9956.37859772259     1.2030963999527782   1         0.20472204295107616
-2320.2002728434722  5200.496741796638    1         0.6915101906901139
-3938.926065554655   -8562.551458469863   1         0.9247997117542077
2316.3661442877933   7896.4708946906385   1         0.5654803199293484
1760.588359117165    -700.5983343654752   1         0.20791142040499083
-2664.7089264242277  -3691.1865225942765  1         0.5064605454847765
-1450.2683752136284  3620.155059143762    1         37.711594208576315
4774.07025726987     8562.666385922183    1         0.12107151759687318
-5382.32572960181    -3908.2883035261398  1         37.847708743420476
-7746.831659333389   -325.6270224889686   1         0.7210416783479829
-8606.636456908895   -4381.036363150053   1         0.7445784160834013
3813.3622256238978   -8718.383398407897   1         40.50591965617233
-9283.637333318726   1510.0343464019516   1         1.1746362064707132
-8188.779650346229   -2876.4885774124414  1         0.7779159919982809
8080.001299740137    -2851.6747989628852  1         0.9883813500750106
3404.7765377408887   6947.029383424958    1         1.1240619363975721
-4361.176726680543   8327.5866674428      1         23.152625263854002
-3562.355175675377   -4216.7385140824135  1         0.38850317739301676
-3542.5430450070835  1317.0692938587872   1         1.2018540709220467
-7384.312731028796   2548.1819616767684   1         0.7318297105348901
-1409.6076783455228  -1221.719702058619   1         0.8106153137526213
4442.613259781904    -4164.658095970212   1         1.181742134837234
-10843.90080701114   3596.0091162382287   1         0.108458522924222
3409.3698499528073   -3755.3570068704958  1         1.2200766632499909
-498.94351832184293  -8967.167409667956   1         0.4055034524069192
-5280.084606111287   -2782.6403360814097  1         0.5424029515491781
-6367.758015734831   -4488.897125180761   1         0.6822264576212212
10782.029624424253   -621.0236555683873   1         0.9552133942964691
7192.395442816434    1677.4544373183999   1         1.0289794755378778
-7005.088615947507   3294.594627585093    1         0.39257684511115387
3888.104192731065    1399.6208066109807   1         1.0043778064648365
1961.5260542111898   -3923.460778745691   1         1.2141116632424525
2763.7859913970233   6656.442405492404    1         0.8842424766302963
-4423.982473559093   -9931.557388411275   1         0.5275598770409079
158.44881421436702   -3195.7176444813554  1         0.1668036197778586
-1980.3895456128403  6306.57282078361     1         1.1957075201287066
8010.505287787722    4523.7267102845      1         0.2625718645348081
-5192.922267211227   2087.309229328693    1         0.11770092230844993
-9665.95456504627    -692.2701259693243   1         0.6773662736655974
-3546.4782215480436  -3212.269255288061   1         35.015115514016834
6983.3990662721135   10720.971993008467   1         38.22772187212321
-145.6190967874307   -151.4288505810381   1         0.9635467889291545
