trucks_count 3
drones_count 3
customers 70
depot 0.0 0.0
Coordinate X         Coordinate Y         Dronable Demand
5396.54491966657     4132.053623599436    1         0.5657413994325361
-2704.984851761722   -285.82337746496705  1         0.9594630374118466
4866.335271670103    3764.257594096238    1         43.59260973258383
-3768.51187190656    -8336.401835536182   1         1.1252473419607671
8846.113418003846    -3210.316920620713   1         0.8782488230543102
3365.854950629183    623.7642351514319    1         0.7752855371242366
7393.230512772212    -3067.0834902526694  1         1.093381334391105
-9827.600418859698   1279.3659551695237   1         0.5601814801657216
-4453.361462495269   -7477.831905455343   1         0.6561786175052409
3764.6334618919113   -7861.907313047      1         0.31256739909017306
-4078.706023893362   -5697.204315716894   1         1.0695305621913156
7843.672616530974    -2581.3516545750826  1         0.47356020497204354
-508.6631488818303   4036.9935816828047   1         0.13652085189242338
7831.46167598071     6941.014933856237    1         0.2751977616526463
1249.5807880786936   3276.4240329177687   1         0.266588518854518
-8952.78161835928    -3235.806870252384   1         1.084430153528295
-1295.142064891142   2659.9855156212934   1         0.5546283017550402
-3152.703450885284   9193.338078270199    1         1.1820775017904808
8446.07665167016     3555.6794232983775   1         0.9461369339846213
369.66797465734453   -8549.590604350891   1         0.43365894885154166
-5749.035034406324   -8152.963045393845   1         0.8633348196880538
4553.501662388833    3819.270367312185    1         20.56498236596382
-4294.708898567444   5640.677514456968    1         0.26077268537469256
6840.061795923205    -1749.0016055336382  1         0.48556090008004293
-1059.3641260077875  9877.52635360448     1         0.1491860334870577
-5184.083727379664   7880.904328451696    1         1.0250224582043392
1284.7953741268248   -3077.315797573359   1         0.602149628695148
-5587.568112082229   -6722.72117275528    1         0.1148774933097424
-6619.5507342294695  -5359.099210730445   1         0.10511228752196292
7574.988792557448    -6387.403871541958   1         0.4532946468731712
1335.7001040185683   -5884.756377388591   1         1.12070200795498
-8941.777767571219   2186.2122452961703   1         0.6879568046245782
-4952.239710744438   -1521.9498569907446  1         0.14363519707546085
3697.2543132381024   -2565.0407455516433  1         2.454337100224942
-3868.7113020380593  -453.63525460091296  1         0.789523550161688
4852.334331141246    6385.810335576038    1         0.3377946804199773
-3408.704857516257   5918.439017305073    1         0.1915756212819819
-6657.536524672443   7979.719875338989    1         0.25832478349675303
-3814.2135385607266  -440.3048184219378   1         0.7166367715157178
174.43224473363625   -5156.2203498166855  1         3.710691493854482
6497.908298102542    7784.994214239705    1         0.2283311995867088
-7015.386754141859   831.0919522470867    1         0.5820108775309941
-1618.8959803284679  2475.978434064137    1         0.22236204987060093
1569.385647900845    -5023.1765505393505  1         1.0541827860559072
3240.398367545879    4852.312614998877    1         26.69007929253454
80.82915040331066    9133.122910251746    1         0.9057793830961792
-4320.344214238304   -6092.218280270348   1         1.1617035504875348
-8449.301168036272   1470.0961677909427   1         1.0879958228342774
-4337.924121960111   6412.492685751697    1         0.5979640679273494
-4901.037309775566   5452.73515132289     1         0.8698200264779395
4589.110715243996    7264.898398649673    1         0.2775920057363014
-6991.08879229729    1566.6271978828006   1         1.0878340606390187
-7842.109108341339   359.9462830195295    1         45.9913407000229
-3868.934487016518   -2448.860063561417   1         44.680953314045205
-5927.120220316583   3206.8517869234306   1         0.7973355547501854
533.7257449493417    -6266.750189709545   1         0.9708324428279661
6817.822145288976    -7065.80842871581    1         0.14625606023581278
-7037.16628587866    7349.464203456405    1         1.0659553529470538
8927.507587943715    -4293.637231427729   1         0.7769561878810055
-2987.491534600129   -373.05166539978995  1         0.8705966976691476
5383.629159247195    6115.659295283662    1         1.1525471323377512
247.92563775095402   -7138.579069210894   1         0.9839611477701351
-991.0928229594076   -8895.658738944967   1         0.7556148131178974
-7656.099258432974   -6508.648245665159   1         0.9520261564855189
-7299.665292796734   4163.370729915923    1         1.0079170586081434
3081.471201080525    -2697.0076069307934  1         28.702214807172606
-8996.446167329139   -3661.680575801657   1         36.145450714902665
5847.682341685237    9733.27213741128     1         0.11145079785667895
4930.045082667689    4452.430417364443    1         0.11094574737701941
-3249.291444876505   731.699398382567     1         42.86264237782644
