trucks_count 4
drones_count 5
customers 44
depot 0.0 0.0
Coordinate X         Coordinate Y         Dronable Demand
-8007.7906418703915  924.8547207659936    1         0.9472762962797422
-6387.806408639791   8142.189962008264    1         0.6754590422790999
4434.108561457225    3754.153061204361    1         1.240780534878787
-7160.317082552738   -6780.572512782444   1         0.44913135195998677
292.22161938953326   7798.301537856222    1         1.4140797200303088
-2824.256942098167   901.7399349040115    1         0.3082265884022743
7629.162270340452    3699.553399407393    1         0.9098744113617117
7290.647528598503    448.9659062090969    1         1.0149849647395353
5025.845593079634    4785.67035594513     1         0.574266914269342
5997.617919157102    3349.829648942422    1         1.2055373995597427
-7924.150714379828   -7441.8922194107     1         1.1304012702527924
-6367.705489722852   4122.558708068831    1         0.9958216050566375
-5360.824730479361   2289.6980594913584   1         39.719396022648816
-4098.40528393457    788.0270998805731    1         0.7897444629320602
-4677.613124065022   3994.705174611922    1         0.7425464485432286
-3554.3397871637517  -2128.4843071973432  1         1.115118732461703
1938.2323170723494   -6693.29046050928    1         0.30393388953594236
-805.3970402267145   -2533.352662948197   1         0.25258226662621736
-6334.611649351038   248.80622462976498   1         25.058254228252338
-2497.133946132053   -3644.629191966187   1         0.6129684330117198
-3192.5188469599225  -5786.793742874763   1         0.32757313753899653
571.3304413950426    -8212.489084104538   1         1.2376306546181666
-5281.740549364636   56.07463285129779    1         0.8898731505267788
1467.6323600516266   -5464.021764510333   1         0.13618322700812208
-2141.03819105449    7953.936273403491    1         27.818984797074418
-5657.9680343387845  7262.665817182441    1         0.16259077403932579
-3831.0266145144624  -7404.832978650484   1         0.4645695630052241
1243.597725041848    -4559.854727597184   1         0.5902594351998122
-4364.395639934094   5691.958536124969    1         0.5418184849390509
-1433.789983511318   -8356.120304908585   1         1.5403696933274154
-5404.717366712265   -3036.6132311345727  1         0.1486013722954364
-1729.5270424305352  -5232.08245085916    1         1.1905183031436948
-1763.2190408745755  -6690.529948956203   1         0.12557696735305116
-6895.595842639357   -2204.269473844734   1         1.1991351160246364
-782.2446193011692   -6216.394744227252   1         1.1304641379677363
-1125.7899298381217  6087.792006731025    1         21.910583207948836
5633.835365563658    5621.7952075662215   1         1.0493608237243885
-3265.7950924186516  -1166.4250772787127  1         0.10435706582250442
-1618.5059002328044  -1096.73880742058    1         0.4148851876632136
512.1535752062703    -4250.830935252112   1         0.30700306345514605
3917.507912644135    -5440.610390050798   1         0.49265676270628056
-4477.518639236932   2916.2640407675735   1         1.0698572496890928
6233.582890258203    -5211.681749608859   1         0.7346188207708269
1683.249612333286    547.5561468403064    1         0.1462456915185302
