trucks_count 3
drones_count 3
customers 29
depot 0.0 0.0
Coordinate X         Coordinate Y         Dronable Demand
-3112.200772891156   10088.630271734497   1         0.8101363406578374
-8215.813549368106   4306.124657176876    1         0.4672874404462506
-2944.358169119186   -9045.357558270134   1         0.9139253895991546
-3645.3961148806447  6110.699266087631    1         0.3021408875241284
2125.898196396837    -7826.080266822668   1         40.04733114409664
-4070.4117958404727  -1033.7454033968106  1         0.7175831243955422
4061.3959210008784   -1938.9617541691935  1         0.1200104464891907
2949.1976759688573   1589.4818819017999   1         1.1779890218208826
-5237.464045785781   -696.6456442562363   1         1.0900543526077864
-6980.515942276222   -7228.641965550039   1         1.0189755158754712
-1835.5732969262535  -11893.165715675814  1         40.340258896644904
-8308.56919588601    2180.7490143816945   1         0.42773541370205104
-2112.375783766543   5620.486444299311    1         42.7795338895748
-3372.9213318168904  8713.6700296237      1         0.3537181588862641
-2731.3395282757774  1203.182327424045    1         0.348765876648174
-5086.0184871245765  4606.044159739213    1         0.738932665055274
-1868.252493495419   769.8856406943316    1         13.995514611008387
7108.735041068513    721.5254375095682    1         0.11625765124072358
5021.543119691887    -1089.6044968533306  1         0.46521161686417456
6818.740778200915    1295.157233543361    1         0.7052732598505764
-6886.753445583154   -1211.0322750428584  1         3.4803975397164595
-3139.751044785503   8054.654560616177    1         0.351289522148556
-10257.231044796323  -6482.130673740074   1         0.582874558940994
-6301.189832030957   15898.974639287044   1         48.19679908945494
-1748.7503106109825  2365.941496270179    1         0.9028439292094896
-8393.325391514563   9684.613050985885    1         0.48610730250526046
-5756.175057886787   -1776.3114967487807  1         0.6122728896342529
2222.9591562768605   5391.990452525646    1         1.1886611464831787
2323.71125326918     -9296.713940654567   1         0.2605171341093173
