trucks_count 5
drones_count 3
customers 66
depot 0.0 0.0
Coordinate X         Coordinate Y         Dronable Demand
-5086.9547811484645  11997.21303688037    1         28.55022678640964
-6181.599893282244   -17135.169031527093  1         16.16524093736367
2799.905813987489    -7425.972636485475   1         0.7719966464379373
9861.457607652665    6850.582060259083    1         33.481961516099574
9113.998453846587    -4032.1006327717623  1         1.092264889827293
-3048.9380015122615  -36.69456920333185   1         0.9815752373607718
-3905.8713546559434  -1966.8331296965573  1         22.187430084763665
-6418.800308322213   8296.42963326408     1         3.4885368985162186
4714.555351439817    -7431.23840025061    1         0.8059523205586318
12468.99037263732    6071.793007373373    1         23.524319112573444
6403.550437599634    -1035.3751339881428  1         0.8256876083397453
-5513.7484391029075  -286.2616729197355   1         0.6137123203162398
3978.288877765964    586.7220122082509    1         1.0616935634318352
15207.369295376953   11203.12470680563    1         3.5188507429323828
-3004.4918449393854  -2275.705424572158   1         1.0667613740172566
-4251.210074663898   4526.073641796954    1         0.8491597123468477
12513.584708443024   17125.43714645035    1         1.2485883808131895
-5632.695997636944   5558.0462485899525   1         0.9051698981385033
8386.531598291123    7038.8877444530535   1         33.26771495121882
-809.6519513012141   5427.861670073205    1         1.1074470152834321
-6866.035190986408   1872.4258151712631   1         0.6279206280603081
-12741.030932972806  -7188.471267375473   1         1.199587272693048
3846.994260072475    -1415.7929679322274  1         48.75860210695345
-9968.231416334584   -3224.128872897874   1         0.4928708487948874
-2438.4975493596016  6988.174310703481    1         0.4152803522576076
-2013.924945196764   -9668.97103275387    1         0.5964332939091632
203.37072256525659   -6259.092923533681   1         0.25185373120020094
-1345.2816225773613  -2267.923369285708   1         0.6209605977322196
2118.239906733517    5544.862919408518    1         1.2038458002891061
3055.987336298601    -672.6529772023924   1         0.3241791169879048
3630.358636258054    -8296.89203453739    1         0.5799264441170789
12015.710592914136   14367.882720465179   1         0.6007967015709718
953.216818648787     -3988.4065575304867  1         0.8848102381873597
7171.645784388465    -515.715210147506    1         17.80734800979367
15023.502959637084   5674.812213471807    1         11.055120098896511
1818.0898088637095   -4103.418370396529   1         8.11320878619245
9303.694891018224    -1236.2855506067372  1         38.84000506591539
-4560.465378517728   5849.532950774371    1         0.41711703605428485
-2785.5789952338864  5585.619717314836    1         0.35257541454989094
4915.156896930394    5552.798587355209    1         0.9724588436614183
-6813.9942428222585  2132.4102306116747   1         1.1788333671697013
2376.057225170585    -5201.656405351897   1         1.1261775241059693
-5776.957798426445   -690.1939542461625   1         1.1638007520042892
1913.6143572190194   -6681.110230992654   1         0.270086132452073
-9361.183630069827   -842.9159449155292   1         21.479549954625995
9994.682266750959    -3122.5773624638186  1         0.676578256146789
804.5494366043448    -1097.413416305069   1         1.0036932076220277
6689.715401935834    1455.9826768109306   1         0.9342523419315194
-3883.6611633162065  436.4633488053065    1         0.7365827808715211
-6775.875820522419   -2706.359143823458   1         0.3694378684486187
924.3718201941231    -8192.032129765998   1         0.7420826571624342
-7561.93829119922    6147.239183805072    1         15.333865336079059
2406.0379559261783   -13781.699621457516  1         40.721105277283556
-4445.577636209828   12033.506846576027   1         1.141057875775768
5716.634123578197    -3693.251714891571   1         0.5270819405614425
-2848.782764213008   -3922.04958097505    1         1.2047985217282826
7745.317796365783    -3972.7875695041166  1         1.1972804569701059
-250.50467126036392  2850.454263718572    1         0.7983367936145777
2973.1189462844945   -4111.942611905124   1         0.5064917172016679
6434.766642573127    -7964.319149376499   1         9.602357075259015
4247.460890621048    -2685.1253559060483  1         1.0467794753866546
696.2463842308287    -5995.405374536593   1         0.9447833135219186
2441.8250030534746   -4472.925490119491   1         10.934362825908103
-5147.1214316366495  -1195.3727283824217  1         14.591350670566019
-10146.199413258124  1036.9248873768731   1         1.0715718736214535
-2142.6436183821716  11344.928131316756   1         1.1623176576558014
