trucks_count 3
drones_count 5
customers 76
depot 0.0 0.0
Coordinate X         Coordinate Y         Dronable Demand
-1674.7369148241523  -1081.2779883641288  1         0.7498612430345937
-465.1651440419555   -14176.903775271272  1         39.75581564104477
8098.914882014119    2464.020538135174    1         0.7846481952014628
-7728.583800492189   8250.058282358897    1         8.315949346380922
6283.266984981145    -12556.68767539947   1         1.0873065175174692
-4492.773615007646   2814.52665007389     1         0.7083351161791004
5820.265328819239    7002.142237534717    1         4.237978915831473
3322.0145168085714   5873.01845059045     1         48.26031284305391
13771.436412658177   7873.4704950254145   1         0.950494992223829
-10988.73583981684   1261.4777775398816   1         26.841461304211556
1265.1647842171797   -3901.126319735225   1         1.2293697798740149
7143.022551932848    -4707.698182808489   1         0.15205577039975865
-1155.2040613287666  -415.43251364051537  1         1.236893172976761
-4822.303848495875   -861.5799660960447   1         0.8289459315351496
-6097.9846823138605  4885.306767455523    1         39.33989979037419
1455.9923415881112   -3819.4429989217424  1         0.8242205390818729
-11651.256765502512  -8622.307125263997   1         21.882151014275305
15138.025362639326   -2571.1679958630993  1         3.781954681437593
-9725.171535705837   8407.732941471966    1         0.2659492537412646
-1960.7716865906884  -1808.0129349714107  1         1.1111882399397492
5111.514947849622    7055.894483846313    1         0.787932610023429
2981.358222294382    2383.6665851974954   1         18.119158360413472
-8848.595244405618   6396.128475321238    1         1.5608384550142973
2155.3678890497254   -6662.51350418754    1         1.0528994971243766
-9837.939704282004   -4407.353235176597   1         0.1682270224943554
-1992.0757422227584  -7509.120019198133   1         1.1197569191704515
6027.342174429204    -5817.606333945996   1         0.7932679673046517
-8570.253072059464   -11784.49658888912   1         1.094284357754326
-884.4145215340054   5018.132936128963    1         40.50928130403715
-1928.006092532096   -3872.2023798118926  1         0.7046533590514039
1749.7455124594198   8197.344409591198    1         0.5666172468441784
-1269.2959097598832  9912.06467226918     1         0.7971448889579678
2254.77793664797     8891.483256609794    1         1.153724838408323
898.010457196012     1895.943584075512    1         0.3728698245617138
-1427.8081497549838  -5667.285979648455   1         0.9589565015853102
5121.657894464703    -7467.723765734912   1         0.4088935616341982
714.7459508234741    3012.1262937112833   1         0.6140970520544948
11575.81033788984    13514.28490903698    1         8.55153391941712
11708.349194555512   5887.6903743620005   1         8.347282432529038
1274.647898303246    267.6009866962919    1         1.2390849415254395
-2863.9467938313574  9828.633523433966    1         0.10674079207910321
2275.8961468919533   -14288.339649376712  1         0.1198986272694656
5507.704914332209    -4130.497190213087   1         23.5301231349672
-788.7110087182336   835.1450828040519    1         0.3026840323286607
-4648.2917592683125  9278.561834493534    1         0.6314401364959132
7926.617534314475    -7474.88784592229    1         24.00692010928577
1779.5048778165306   7561.179937047135    1         0.5642649450653278
7424.397406460208    3494.732087381584    1         12.962532142725133
-8921.996473744282   -5606.985456674298   1         0.8640576724456958
-5365.633581007951   -5257.487355132389   1         4.523911135608532
8729.487145941308    -972.423251778251    1         0.2244244985199264
-8393.084439477087   -7394.512047590748   1         0.630467564619372
556.2413818477016    -9220.696817684544   1         0.8171208906170475
-383.01551346408394  -741.0677012081101   1         0.469370991722066
-1041.5100131089584  3904.1388339245077   1         0.7243453971395928
-5976.083178914168   -6836.053171291756   1         0.4636695677854331
-5882.62413186055    -1917.2711555012236  1         0.7446422728579808
-357.5936777489991   -5036.825184724465   1         43.83830031534663
-3247.886768738396   -801.9914407495453   1         0.2499300453434652
7289.73249741794     7878.551168860702    1         1.2254326247119476
5113.504293491934    -6857.681618953342   1         0.6873847820923407
-121.11236424792098  3328.3334289895115   1         25.57341771260481
14199.177773859343   -3927.056075844208   1         0.3731836919395788
-12789.06457777775   -5489.248640059279   1         8.342826716893697
4935.592222202484    7614.359363484576    1         0.5009591766759756
-3911.5162973800116  -4340.285443003061   1         1.0832208872842475
2820.3222265568315   -7665.2524159135255  1         0.8744690920921996
-4876.813872273896   8169.846465227212    1         1.0642159213877669
-2167.651851402228   -10652.38413607329   1         0.18560185025712883
6759.283473498716    -2065.6563172354845  1         1.1211228704850025
-3095.737396677214   -10170.791293670165  1         0.47370071684477943
-107.13431432938569  5132.425233132011    1         0.7772530980830384
6449.8267699300595   -5767.311262411566   1         1.2214861562253416
-1886.6783952547166  7177.3833940263685   1         24.56568081284445
-200.24599972762334  7529.338784542922    1         0.5793218572304014
-1843.1507870450926  1084.3024200115644   1         0.9997687253899437
