trucks_count 3
drones_count 5
customers 49
depot 0.0 0.0
Coordinate X         Coordinate Y         Dronable Demand
-4437.780107362257   3846.2529337583774   1         29.843597750406996
5481.702076031572    -7728.82983855135    1         0.7167859837675836
-9593.121966485538   2094.951155599026    1         0.582801593597809
-5478.948266180663   -5072.887706567841   1         0.5309558026701513
15495.200176084501   6213.991179383753    1         25.481666675574715
5041.137531859284    -15775.389207248543  1         0.4554774568231985
-6998.647375062016   831.3605181020343    1         0.5255830338795529
-10241.6014236643    3815.805851710081    1         0.8560841092568567
-4043.2507760662716  3791.9243194599017   1         1.1532834284660791
-6039.288120114741   2483.9308053660175   1         43.363774757183016
-2309.6625138139443  -10513.922645037099  1         0.3375969856734042
1429.3067410344804   -7398.769363874874   1         0.25054458748181885
-7238.342551999326   -3738.9964286653353  1         12.16549058397612
5174.243936703864    -9494.53053506198    1         0.826593772669591
-6688.497629689797   -2140.5779741129745  1         3.0074662080810386
-8920.063563731195   1431.7800596086527   1         1.2223704524237125
4950.706362494443    -2228.8421302435772  1         0.3491448713632557
-5333.862220804582   -8039.193836749083   1         0.4635814328809462
3007.7551803596616   -9510.895672580024   1         0.11635346976998472
-4671.2955676021365  1861.9978422803651   1         0.8754494575863905
-275.66784960987763  3269.888333246682    1         24.57836164674742
4733.891560179939    -4143.071178275274   1         0.4381799593476141
3754.543184046932    -8161.401169837229   1         0.32967921258387556
-2211.6124169834766  -4363.244261223842   1         0.5697839805880686
-7682.367473811447   1820.4665432361287   1         0.7694445593201594
1650.1139692142424   9888.484568245225    1         24.08716785734063
-7858.040909028075   3722.3828797407746   1         4.187150361792856
9195.08040018558     4248.043256253285    1         1.0497192778539066
5300.192340716249    2833.3117223000254   1         0.7211156276470387
16386.291206636153   -15315.296324816085  1         1.1400650956188148
-6354.219530794352   8884.557064249599    1         1.032186540226339
-4193.322140998047   5200.37909147912     1         0.5554014986465953
5417.828649599815    7388.273724569528    1         0.21164796063566454
3943.897395668641    -6111.311334231929   1         0.7102067036753945
-2486.40568937597    -8809.102987436569   1         0.9838011116716838
9159.984340205823    -159.3795254822598   1         0.8470885958616334
-832.3835046095041   -8803.212181274908   1         0.16451228311068278
1029.0881189068896   -13943.10594644042   1         4.041847170895281
61.269487820309116   -6271.279328551147   1         1.2113768561477334
-1616.9808544799073  4083.153553031819    1         29.507448732609106
-5021.989284634964   8149.089331656534    1         0.6443930913461425
-7495.789706683838   5098.13658877858     1         0.15305885978022843
1255.6741867962435   -10589.984926772866  1         0.3666554854731381
4026.036642494966    253.6647866632316    1         0.38008063144513016
5771.0875497227635   -6461.709637721543   1         0.4853228614647609
7055.4869034594185   -8273.299301731306   1         0.3477682264879245
7964.436927206321    1184.6152461316865   1         0.7283422954735157
-2158.6307583861717  9738.573917743       1         43.354679073966366
-7095.432764184647   1423.7023403137268   1         1.0265267263214182
