trucks_count 3
drones_count 4
customers 58
depot 0.0 0.0
Coordinate X         Coordinate Y         Dronable Demand
2440.564106793712    1609.8397755349924   1         2.902751687480551
1744.400483259426    -10378.591289359309  1         8.685047356563627
-7514.977039059941   -4921.701788202508   1         1.008269473841614
2607.1577343952868   4292.494345927849    1         1.2138167550256072
-2898.4577542973434  4099.985685061466    1         0.21166103052022545
4606.777477364858    -9772.017488667507   1         0.7995772683765341
-668.6825179912229   8545.01607324157     1         0.8278853243862434
-6463.962054158614   -9271.007871568921   1         0.4479522316771697
7178.299028626285    9517.86819222053     1         0.7071297466445503
-1095.3707129572479  10683.965137383935   1         0.421151692796067
1358.2643026616133   4065.2665719970787   1         0.49891575716406433
1655.344320450012    8356.26472534653     1         1.2259734995912757
-7606.60350572764    -2985.3662922894473  1         0.1361623340644917
-3792.899070011746   -2350.4785711222203  1         1.0343154092097182
-10089.169550226492  -4237.494348855042   1         0.15641633480623043
8247.167495583088    -854.9965070747745   1         1.139380163420488
-4673.55871004589    -9665.71378535133    1         15.242112688548385
11543.97712517073    10884.053055033446   1         25.22983978982152
-983.0343716394723   -870.0203507186413   1         0.6140367920920308
-6692.476860504338   -285.31795761823463  1         42.12163885782347
12503.892472869966   -10586.969523115464  1         32.98525171830536
5660.243850494573    -4088.0579071660536  1         0.4754584860224791
-5410.535178080448   5396.856410937313    1         0.3033372431124013
8544.693604763042    -1261.3231456555259  1         0.6700732202791825
-3609.6890666481318  -1532.810387983166   1         1.19288395131323
3288.93862120711     -6362.39921890756    1         0.17256397235885915
5359.648711013705    4876.3018814469915   1         0.7103947363024316
2439.5091546132735   11324.127558326889   1         36.93891941450811
-6329.021906505162   7753.368665045474    1         0.6060311583359929
7510.4940118660725   4020.7669274081163   1         0.4948510326607286
1575.2005103587935   8094.88858479235     1         0.765835830708343
4567.282177857871    4906.426724328806    1         9.719245748254869
8377.825043948646    6411.7004416311465   1         0.1345944920084888
7186.330129614093    2797.621617302741    1         0.5960150815069678
8025.239840326755    669.2163643750999    1         0.16639165863616068
-11211.313285858456  -13693.239314260405  1         0.47350563043431715
3635.983192948426    -7366.190937070109   1         33.90258652734003
-2183.6706971641124  12956.19559520505    1         32.4659293582138
-7713.296760160232   6823.74533782183     1         10.476783256851812
3499.2776664471235   2846.8861850302833   1         0.48826780874881504
-8125.099618763284   6686.832147031908    1         1.1759342244797046
-2912.771962458731   2431.0021753726296   1         0.9431089814251129
-9066.185546082128   6946.713344465532    1         18.73427074013371
-7405.332191606527   4289.926611182499    1         26.7661199358874
902.0115827881302    2937.343671655364    1         0.4202572441467277
4459.016325647928    2863.3990271433395   1         20.31557619969506
-7999.900002638423   -2624.3162586022227  1         36.901023661864635
6749.772538277803    5505.078281002365    1         0.7414332941544061
2297.5251811111616   7981.927967088913    1         0.5136335047156695
3009.4548200856775   -4942.876824933024   1         0.1906931704450441
2261.9941140373458   -4451.800113479316   1         31.38698714765975
-5108.865403805877   2325.108727121834    1         0.32830952596871066
-3644.790762085861   5734.760676578045    1         0.4478191087749892
7264.717305353412    10640.675579353601   1         28.34986081440116
1391.521716074921    -5228.306016830477   1         0.27984896841972906
4001.6396267212426   8290.83198250161     1         0.6265543258629803
-3882.560698580591   -7574.379143825914   1         0.902094398913958
3607.490249529782    10248.053079682752   1         0.510519375995525
