trucks_count 3
drones_count 2
customers 35
depot 0.0 0.0
Coordinate X         Coordinate Y         Dronable Demand
474.8400263568826    7301.9191699500725   1         0.951221778696564
1660.0088294392265   2697.985605874111    1         0.292409871347514
2831.7737473658653   -7252.012395727321   1         47.39485907390226
2098.2032512481205   2541.170170991236    1         0.7447710864057688
-2539.279502922778   -7467.987448104328   1         0.2077679617969317
5129.18207434208     -9299.256420748221   1         1.2205746995269495
7073.021905158375    3152.734015358132    1         0.4491276166449727
-3606.190075495891   1759.403760024926    1         0.43372178163487196
-8185.375876573186   4769.949797860199    1         0.8434767690252961
877.9630949837633    -2751.808848940341   1         0.34983518565321214
4664.212425807125    -9091.504380637758   1         0.5194693377592826
-8515.135147511077   5317.91025795585     1         1.0398268523560859
-5288.672845787826   -3897.4275893467116  1         0.9181943396019172
-8919.877631105586   3139.7748611075835   1         0.21237612223979702
-2835.4375339771796  -5140.400640722192   1         31.103966250983294
6787.954751418434    -1599.280118021139   1         1.1170788263720526
4272.253954733002    -355.88028433174117  1         0.5059614137631617
-7691.303318405448   -6311.511116206047   1         0.47738394110964644
-8498.002502768366   2907.017760246727    1         0.6436726787191915
3224.6061197719023   1026.7795038089878   1         0.18216042750459693
-1774.7666227990364  8232.16650605964     1         42.400128368905634
-2946.8176421546727  -5889.830302708808   1         0.3010587777756663
-5665.597442210624   7656.053396884956    1         3.6724246581598172
3395.344182725072    2073.2064949337305   1         0.6500906930883368
1991.1357355561088   9753.65143662279     1         0.17124494848807958
10651.882008579512   -2156.556420825887   1         2.18013418590216
-5253.401578906268   9009.141762249397    1         8.65036559144042
3651.7590673655686   6789.6737324939495   1         0.616550010222249
-72.84130875872142   -1367.8258212368528  1         1.0243673277465561
322.9113171038865    6921.944540687514    1         0.7973850020850777
7762.532849250412    -2844.7462243352425  1         1.0592014780131078
3658.2430042978285   129.6764391862566    1         1.0614050654027525
-8815.496387642193   -7020.709439420525   1         38.868560187239346
-3022.935720718709   7085.5364615246235   1         1.2087875118533569
3833.240495261141    -6503.153148870056   1         1.1789009534986354
