trucks_count 4
drones_count 5
customers 45
depot 0.0 0.0
Coordinate X         Coordinate Y         Dronable Demand
822.9572102290812    6540.848684069952    1         0.5775752982346941
7013.978418636638    -11020.069251133655  1         1.7594368126559674
9618.882276420929    -935.5969044217196   1         0.45311901942317523
4028.1747821839604   -3550.8604817714895  1         0.6124918570280463
-1723.1930944981407  -4548.1735521525125  1         1.188268130238134
4390.824714356671    5009.382659650173    1         1.0630305502574515
-803.777528646296    1317.3907797143884   1         0.6280984320183943
-7657.874592600542   -4947.612238354867   1         20.728089511606022
3847.8663430696834   13765.793338976899   1         15.794992743368368
-2999.074924942043   3552.0362057380294   1         0.4343283075912534
391.95543449477736   11656.729572047865   1         1.129124398459511
-4938.046180291062   9691.800724237195    1         0.5704552215285406
-3032.8557845851897  1727.681959377555    1         42.888941432097496
2529.917415355108    -1118.479580955815   1         34.37510129014796
-11799.232988087017  -8637.423988800856   1         43.974255348031605
4923.762846441069    5130.740429501418    1         1.065376709539688
6576.812717288913    -1471.1884023594373  1         27.645695354691814
-6564.620264873023   -7513.555571614265   1         0.6069083151662578
10166.680965788713   6773.660002367731    1         0.3446264597946529
-14024.107309464176  5912.933011182926    1         48.271804883736685
-14192.638883369056  -3465.604337739309   1         1.1255468965124265
-2462.2020817085017  -10482.586590792524  1         0.8420867052389531
-6928.080366656885   7165.211095257835    1         0.50388965264485
-9873.672013008887   3390.262790535776    1         0.35569862097991434
1689.7869770166994   1032.8649408395186   1         0.15017800883574806
-3055.2723893468783  -4963.601962903812   1         0.46378244079957975
1074.9344310482247   6112.6401355917815   1         0.6905234332242721
-4164.676486969192   -128.9416435370026   1         1.2093915724355397
-7383.5594382945155  6100.236826277512    1         1.2043026513386892
-1123.1183438161002  1360.0303215634178   1         0.4784571335083526
-2423.600119508992   -6547.41125635807    1         48.069210735029955
-4850.759488308071   9390.057807642534    1         1.082438318586156
4037.0295839784712   -2981.1253244087247  1         10.226836520369908
-11082.591650429242  -10493.923099529959  1         3.2079480873208395
-347.28319630968     1263.7056894737677   1         0.5555220173157098
2565.5212063183894   5708.498532602228    1         0.9384292771208769
3808.3630323484385   3706.894911074895    1         1.2493814262007172
8844.811266000659    714.0950684982929    1         0.4462454916420384
4148.42002335696     136.2048623919818    1         1.0593915787215153
-410.73947039630093  -3498.2358768060117  1         0.3793255783453612
-12214.732583216683  7925.946209942555    1         33.78331350702045
-6801.410260761661   -1778.166672894853   1         0.37089377819683
-2532.8639310522144  -9736.144766722075   1         1.0394126958204302
9129.097779843836    2817.5188870410043   1         0.8420495938535287
-7519.182373170358   -6166.296590737696   1         0.3577605311137091
