trucks_count 4
drones_count 5
customers 42
depot 0.0 0.0
Coordinate X         Coordinate Y         Dronable Demand
-8739.776237054628   4068.894693171544    1         0.8186074052818288
-1623.3384892261556  299.70171687263206   1         41.67601803917495
-5629.911343139062   3732.0481594408375   1         0.5430891376949545
-7750.6891872703445  -4330.942292602697   1         0.6681394161591787
-4944.823756685961   4579.923444546159    1         0.45892851717107674
-8585.58727899984    -6428.076122116982   1         0.9121890274641571
12092.099415378165   -10209.55983149183   1         0.28356313201809114
7499.301240842113    -16045.818865101914  1         14.925967046046436
6334.154708016472    1256.027222570842    1         1.242746081273646
16953.48517222229    -8264.721513404904   1         0.9441785681869601
9386.892815281944    3406.7491775100357   1         0.2931941298876388
-1925.1184566268387  -5184.465339981663   1         1.1680914706199628
-7381.8950027425635  3439.773919299378    1         0.380450309814126
-5808.5793107305635  5902.741031011729    1         1.135123444870818
-8957.481537339392   4272.984290876556    1         0.7816894994806687
9175.495965392834    5236.9116386740325   1         1.7642795995571574
-7274.922698639373   1284.5256201159098   1         0.5570231366363807
-6633.712579787856   -6954.077172355745   1         0.9272727533383841
-10415.585628492203  2887.1981985785606   1         1.2034791543763774
3865.704193145209    3293.741554026568    1         1.080058450947205
-2773.040481722395   870.7634572816426    1         0.22980814435849295
-9484.136462579216   1546.0688967264862   1         1.124831630928623
-6871.072054181295   3253.5275926773206   1         1.0809428389756908
-9989.722183252548   3875.8744025692185   1         0.10472109849204578
-1599.9576846626558  -725.4697298936449   1         0.8985349407244732
1978.8493739513385   10767.735370666369   1         45.39110554401167
-7932.602409369891   -7546.241100235905   1         16.44043108595025
2206.2417725527957   617.6987819323443    1         0.8227542113073059
7083.353020438198    -7620.289728883683   1         42.7893047809445
1584.83347724961     1049.1965126991029   1         0.26890194298027714
-2769.704958319142   -1427.5300376501004  1         45.37625058237358
17543.287774287906   -4696.989912073059   1         0.3331201905002362
4351.92753238502     1807.5825935267605   1         1.0094375906851991
8706.330689763818    -2376.3494312429098  1         4.034971379412764
5191.033824311227    -744.1301252254913   1         34.77446509450479
-7517.804144430601   -5672.095529806486   1         0.5528073355741366
-7320.654117138259   7494.111047375006    1         45.80870041199717
-2690.018653119343   -4.672339205611863   1         1.1676150513224282
-1036.8454082663607  10394.4555813729     1         0.14004221112950602
16914.233045131237   13847.865787412553   1         18.7908739699755
9765.14676645759     2164.6478266542895   1         0.8577952884527965
3660.5855241698446   -376.7170518954481   1         27.12523025054763
