trucks_count 3
drones_count 5
customers 61
depot 0.0 0.0
Coordinate X         Coordinate Y         Dronable Demand
-3263.0637123168594  -2621.400944308217   1         1.2490275403115882
8453.528076888972    -4037.9799567196183  1         1.0530890875723098
2182.2299656185364   922.2201306076478    1         36.2281587170399
8681.470607585765    -1547.6022931962107  1         1.026856747344117
8558.329339944397    -6208.007531591989   1         46.70952085348953
-4212.543560094805   4824.903642233768    1         0.9613838156975504
-405.31483608407086  -7315.7025368932955  1         0.8887192102278983
-1754.3998040641334  -3589.445158127656   1         1.069509896169924
1554.578146140433    -1068.6542811192105  1         0.8009707950845592
1470.3070953685883   -7821.079044064841   1         12.735442104493751
7429.598899683465    1412.2503024342868   1         0.3439003049771543
-6177.551999889954   -3517.695400435721   1         17.796814255804804
2883.6826111730416   5608.043376847004    1         0.8847897856940776
7648.489374645145    -2882.467799766633   1         0.2512228780652166
-5509.167087928105   -9914.639818201224   1         0.5010344335085185
-7461.3755363815035  7158.095531174989    1         0.9854229874176768
-8759.309975401091   -5106.354406602229   1         47.0724391219889
2275.164860207228    1091.4832869251215   1         0.6964623830692098
528.798973162643     -2186.100595264773   1         0.5657825790474299
2567.9810700910743   -1750.910578137497   1         0.5868338209601909
8078.87404319331     1652.3360887661934   1         0.8752576971872846
6603.682530217712    8310.945285163538    1         0.3517407125734894
4745.653117275486    4356.327703264909    1         0.9990684435711442
11705.486202261269   -2035.074218860409   1         1.0604627266965876
4117.652498501226    -979.3546838050746   1         0.33648014485750566
-9373.774673072317   394.1022078959269    1         0.7224293069852848
-3345.7619368442297  -1273.4488285552989  1         0.4687498145208381
-7533.338407971823   -3631.7100671581575  1         48.44640044294181
3107.1901834153205   227.80862802806675   1         0.9524926006677868
15943.674197115484   10019.364401221796   1         32.56229245836812
-9493.343152668891   3087.436352178531    1         1.2372489638912756
3702.8881379171125   8351.834650198192    1         0.5117217928337426
-968.9831488964373   4257.607884064654    1         0.8432290943383198
-713.5902422307463   -7421.561090754466   1         0.9109270847695865
-608.7265800485362   7214.227091779531    1         48.89588440859973
542.4403047316996    5048.392034786612    1         0.37310869631480736
3557.6437867524155   7213.348894359581    1         1.1503354264474897
7481.654028855558    -1262.8768115847643  1         0.5095029522799831
7478.179710892629    7660.438492912168    1         1.1981859862748787
7326.806153868389    -5551.618061072079   1         0.16518563413957904
-14193.322379165409  15429.162471572461   1         44.49159372476167
9767.555079851587    2048.0611379209136   1         0.5826594026864554
-9664.15897945871    3072.379445112878    1         0.39971077048417103
944.2512887412853    10646.360101197315   1         1.1542200673733107
7989.274623810999    3853.99459673061     1         0.1570113647653218
-15097.691539736697  3900.7678181044757   1         0.9263617383867079
-4020.639769201321   -6193.552342435654   1         27.69931596950144
7748.943538019548    -2642.0116906707067  1         1.1030484996734127
1298.2268135965298   -8320.440031533666   1         0.8386754359878408
1957.7100896296786   699.3942723045334    1         1.1332910025068799
-3520.842898115575   7668.414182328078    1         0.7754194973653729
-3800.096176901351   -5869.355328836526   1         13.02895804012574
6035.620037137396    -6350.040641876538   1         0.7295360196096646
8453.3447154342      -5895.509647748808   1         1.0885487822755697
-427.63132804684267  -1073.6863325290585  1         0.7964655546966957
1907.559146879103    -8487.960364801602   1         0.28727740099467336
9383.73865478082     5140.235521857128    1         17.34409604478049
-6039.712240364548   -2529.5142164477643  1         38.53362751996327
4569.741939320897    4246.7081184101135   1         0.10083029616025385
1404.645994193169    -6769.559058819791   1         28.416357787980765
1935.9809427638315   -3612.8696213072844  1         3.70183797659759
