trucks_count 4
drones_count 4
customers 92
depot 0.0 0.0
Coordinate X         Coordinate Y         Dronable Demand
-9215.048591219904   6351.999226277809    1         0.8772019449455458
-3596.736745117548   -2155.72884117568    1         0.1578782305324991
-6104.5980436690115  -2973.5353953354934  1         43.0660302232449
208.97903466047134   -6633.166273763641   1         0.7806026341936408
518.6778389476805    1938.017601361519    1         0.10778066363844434
-874.6884447132595   -9720.018502156336   1         1.0702641149943908
1160.5776570851976   -4152.726933705908   1         24.220333935363858
-4229.621950143926   -5930.581290846684   1         0.9899638110697407
-682.983895876012    -662.7633344464903   1         0.6061783741493961
-3094.94279174336    -2295.5181795296007  1         26.989094540225775
6678.443884581621    -1370.1415714094146  1         1.005257092160615
8295.920193754087    3730.458675175034    1         0.8730364367378542
-6789.8554262238     6503.703532882748    1         1.2074222061223423
6545.672432279457    -3183.8322773060395  1         1.1580306397710025
-7235.721388366889   2518.9090239272336   1         1.0072778661205433
8577.597731388163    3354.4226200035173   1         0.5744166948511281
3647.4674336746466   3926.6949162593846   1         0.28092586369448835
3769.2635390332525   -7407.717154194105   1         1.0773256875593562
2213.2604519685883   -5798.87301659116    1         0.3813593186909191
-8259.540339848263   5359.120698597222    1         6.4819942756108775
100.46835180796188   4570.23162583372     1         0.59395270968571
5318.563569854627    -5126.450536066424   1         1.2078272214440662
-2186.79792321498    -7957.847203170037   1         0.3616834416143635
4270.432058674573    584.0353893258624    1         0.31897956438530173
-7110.949846261246   7123.044589432822    1         43.59935622794689
8223.17460621796     -3520.404905629665   1         0.7437993745841782
9375.061596954865    -2671.611665669579   1         0.42086211705480625
1533.3490743850764   8105.727189359977    1         0.44272740942094424
6021.417652621897    8645.058204744419    1         1.2250266999858093
1336.8394518467958   -7978.533237671269   1         1.0022934919854711
161.2621765996323    -8981.70096231001    1         1.219525683532727
-5772.230304999615   9237.498345396896    1         0.9029857773322829
1025.0889545367172   5522.9331145213655   1         0.40300698085090214
-3401.4482505958003  2959.3507106606685   1         0.7539949508193782
3876.970457357959    -67.22140246693078   1         0.3439706414416627
726.2446553882728    9271.394626798436    1         0.33511904576728646
7649.028841189186    2122.665616224521    1         1.100295432296616
-4560.4397803033135  410.4410924009535    1         0.6262867129840117
-7046.1816296312045  -6368.248282527724   1         0.5438933854091127
521.9100782769042    -1814.2566514138991  1         0.844302600124793
2638.8691422288653   -6285.352334176992   1         36.081898077486066
-7526.040065776702   -7937.75772330404    1         0.6189245378198187
2958.6948815740766   -1477.1934398288267  1         0.4632760694052046
-323.68983247507254  -8243.829867321752   1         0.4735462816089411
-5693.579491543076   -53.919011740273795  1         0.17200625677159614
-4511.320669782463   3968.2912028790633   1         0.9636035355509759
-1014.3755688912163  4501.248031260266    1         0.4818901092091228
6477.624374044751    940.8106481661812    1         0.2672865825601406
8470.609881119288    1176.4953691785277   1         17.815642589636187
-9156.627276884463   1016.6725599902378   1         0.6363949538780633
-1217.2780646791152  2454.9281556730703   1         12.283729108998578
-4508.312127430476   2602.7561258717597   1         1.0860347216939386
-2514.969720624088   1751.9524244665183   1         0.6398771975593057
-2258.834194705062   1430.183010444144    1         1.2051674466643933
7985.826337701255    -542.0092811709364   1         0.7400580325083835
-735.6461270371176   5770.236423186946    1         0.38458149154170507
8003.393374304994    5209.166044151855    1         0.9865848302283774
-2283.2783258603104  1590.135392450924    1         0.2455876328494201
-4239.963198839617   -591.3892905367527   1         0.5130557288288323
-2153.736998281447   -5193.701152085847   1         0.7319832378128294
-8836.523982592551   7979.79669588992     1         29.10765811469254
3588.2567101292407   -915.3277744780141   1         1.1362775238070433
775.1848688885287    5750.8671857181325   1         1.0195196682833785
-4361.838495993006   2630.1105534564554   1         0.4465742534534515
2154.80710704715     5188.061277587776    1         0.9507671271392497
9461.295292735296    -712.7390739990544   1         0.6990973986654956
5094.8809158225      -7013.636871647944   1         0.9229490060431322
-5331.279440411854   -9028.389953224427   1         0.960577773988111
7673.6246588560125   539.6991849219958    1         0.6975396988703985
-2872.8350665952157  -2347.6577789276866  1         0.14524480512124016
2048.1066768729097   2583.957076670309    1         44.27973716949474
8561.10262307786     1139.2883887819105   1         1.2190276732024246
-4993.415887260522   -294.5904075267754   1         25.57759604826746
-718.7174753342097   -3372.028879672155   1         1.1324311565466205
-5135.719204190452   -4204.356516771955   1         6.899830941682824
-4661.44647180576    617.6453168359969    1         0.10832213080895944
-4231.604470217449   -6304.874702132761   1         11.93585455948993
5892.216758792985    -5032.25340848947    1         0.9795131704394775
4535.3486072649985   -8208.737436227353   1         29.663937820512928
798.6517816365232    580.8396315824752    1         34.516001167489456
4069.571852384397    -9331.387540552034   1         0.11933955866558404
-6403.837137358067   4461.698407395905    1         1.0394353130852818
9652.176973427993    976.9005881066925    1         10.021695792040358
9046.811668355602    5404.125643914595    1         0.7924854564882402
2193.3435882746317   -101.58518477652194  1         0.8587875211495174
6952.971622644516    1635.8843489770168   1         1.2003880521091237
-7181.104034666707   -9588.619914553892   1         13.57803054534902
-6698.156026190173   -8643.128019711281   1         0.24663285807670032
-8627.437909711314   3735.173287208802    1         1.2434222111701703
-8409.592356785106   2474.213257620515    1         6.329530217236599
4420.0294015483105   7205.171195447082    1         0.6025673171570546
-5472.403358467638   6320.873644832991    1         0.20890906364347628
