trucks_count 4
drones_count 5
customers 55
depot 0.0 0.0
Coordinate X         Coordinate Y         Dronable Demand
-5036.870015707227   -326.7746219559857   1         46.80882028545344
-1013.2027539792232  -10707.217729865533  1         44.733358939056814
13155.504804975062   -1603.5428143782956  1         31.28622517204258
-270.9821881324162   9541.966272106258    1         0.5966618046180672
-4739.399683800415   5319.923154765575    1         0.12709161569530356
-3643.8780383187727  -3676.5047139321086  1         17.231077442906958
10022.426332368459   -117.24142492678101  1         45.021338319856504
-2689.347082412946   4642.873549959668    1         45.595046757226555
3294.4712406263134   1730.3208047221888   1         27.963485745004277
2163.7722389346854   -8097.533776748359   1         0.6422000268460838
3867.7957542489758   7939.8389481727745   1         0.7273632316253839
8200.951601973607    13916.95781584602    1         30.795888404432237
-8983.499954448649   4922.887059800182    1         0.3376612597333245
-1510.2143588624594  -10266.27266811225   1         1.1585121987868712
-9651.997863566452   -4183.365952237921   1         1.0673398962212264
-117.61314941225933  6107.559338657261    1         0.17942113498739626
6277.5226809273645   -5301.518865898715   1         0.7683009412032334
1423.6014158320163   7399.929115923771    1         0.3301156817389213
-8728.92591514983    -4113.228771935733   1         0.4141118421415422
-2614.043735872472   -14771.947606333488  1         0.8736717086851482
1134.7420288814849   9568.867998279518    1         0.9856558267419692
-1878.0998435871616  207.0582018443888    1         0.581622894204332
8068.107752007478    6955.640835100477    1         0.9635463727395609
-6903.512455061144   8239.343856077367    1         0.6942110199362271
5202.246770275841    -709.7154594635609   1         0.9142973331326009
-10337.888186985994  134.0424579296441    1         48.732554079553985
4529.559711163572    6181.732843862051    1         1.1703333659318815
-4731.630475617134   -2931.385267734023   1         1.1739821278666929
-8489.766888401851   5767.278255309031    1         0.10855870439779731
-7194.187941139577   -3881.1710308499073  1         1.0507019035995526
6511.50365497495     7358.5079195267635   1         0.6004693824668622
-6520.6935239648155  -2674.34949510087    1         1.026382565164513
-2473.159943769239   1929.9634626362702   1         0.7713897964222085
-4558.705939916589   -4328.413141995305   1         1.0691556412657413
-11079.547499360218  10776.845465592487   1         1.1327347837481838
-2357.6069345457718  -1893.7208984733932  1         0.19981200188032833
2944.613162096622    -1214.68769878242    1         0.22292510703429536
-451.41956576936445  9107.621657755342    1         46.53233877561742
-2548.5552176043657  -2944.467731820937   1         1.0973083626158575
5384.571588846295    8687.855902126224    1         15.670478494412619
-2845.677479891667   -10146.758265149216  1         0.6826173711661326
8340.562152313332    -4354.168289311308   1         32.69835746049125
914.2048483618964    8714.438841082514    1         0.409208740178003
4086.6961040826927   -1256.1784475042632  1         0.1845693243751843
-6416.3966281210905  -11974.574282904428  1         0.2958155162058417
-2631.7771112694872  -2633.4030923046757  1         46.15412903348526
-4237.322857270906   5394.523502731325    1         0.565945773392421
-306.6044366715101   -7379.102018160626   1         0.43884177613419284
-4802.231127907394   -3925.9818593838045  1         4.301336371053
-977.5004564064802   8162.704603268961    1         0.3891863271988739
2329.189247204612    1886.5635161894786   1         1.0983666195565787
6561.618621158679    -2635.2641425480356  1         0.9059645637829437
-4044.35597119338    8098.752243210314    1         1.076203740013707
-6150.071800539309   7443.644753785608    1         0.8946440739656387
-8587.622767685041   -1422.050451347399   1         0.9522527665994436
