trucks_count 3
drones_count 3
customers 30
depot 0.0 0.0
Coordinate X         Coordinate Y         Dronable Demand
-5459.573082006449   2406.872374674904    1         0.4919754178896846
-4360.082380881483   -5164.854110156962   1         0.8947848370765537
-1804.3946762356068  4078.3464742225324   1         0.7310922394305046
365.3155890495999    -5383.9119325164575  1         0.7800456637859349
-2899.04838604403    3938.1177674607598   1         0.16952657084432982
-497.8747682700041   -4681.609316798293   1         0.6611206922251319
-5776.238308504876   16.27961747113386    1         47.83343090197618
-3920.3453857758923  2281.6671394685686   1         1.2295618264547674
-1555.5039708275035  -5743.338800320931   1         4.587339767516033
2119.9936550732896   340.48314577283554   1         0.18409683311841252
3162.2085724538865   -2858.724167875091   1         0.21701813165222358
738.6786851382504    -6056.6130432784175  1         19.164833195238074
2348.1771155363544   3387.8517730309504   1         0.26024788308791563
-5151.147258176442   5743.862712256994    1         0.6396058679872909
-3063.075625141788   -4084.3296778503495  1         0.48196057325927344
-839.356396374651    920.7880265170523    1         1.015375826367772
2579.9905361930196   2296.729749118452    1         0.20064835142698323
5819.483212413757    4078.8722876725096   1         0.8513732442862156
-979.6722048410298   2420.7416409937064   1         0.7235221946287692
-2975.4738401700974  -468.8731709939012   1         10.038216606821877
-2528.7310443002925  4604.988447976805    1         1.1685233404333761
3548.6522418506393   2444.117078891364    1         1.1476095288799586
925.0079757285856    -5374.2526548338665  1         0.46444157398111297
-2669.7242546632074  -2893.943998423225   1         0.1887990977226751
3113.9980286398404   3723.2605496752326   1         1.0502288363632541
4718.882975657146    -1990.0197253510098  1         0.712905330040672
-3940.036138470876   4993.927847760246    1         14.248763534876494
-2186.537145198014   2799.1478351023743   1         0.1401769233609455
-4342.301914430142   2198.727602663188    1         1.1236976812027204
-5780.247158834844   412.7388265201555    1         1.2134913727428105
