trucks_count 4
drones_count 5
customers 96
depot 0.0 0.0
Coordinate X         Coordinate Y         Dronable Demand
9686.599439609783    3737.3107368639703   1         28.672146031232923
2140.22064431986     -8200.519197061005   1         0.2757612421215073
-2452.6306515523984  -5452.460009310146   1         0.41164269829255884
-7286.080128498541   -3116.5598693180023  1         1.1287548088655643
1037.9046280778775   -2900.228415977475   1         0.6434860635858664
-4830.435757989258   169.17820894219466   1         1.1675335441757222
-7176.508182326838   4129.620395226241    1         0.9077473483986453
8613.330491731467    1976.8943011680437   1         0.25030076042417515
-5709.075009622041   6746.768370241367    1         1.03068094308693
8998.905183812763    -6036.424902105492   1         0.7953494582341104
-4904.450101643548   6646.911498993706    1         1.2108077898366927
5554.291289862429    -877.0690547575061   1         0.5173223799665467
9639.828441856434    256.8906732714471    1         0.4205723542038322
-1979.6926877973615  3406.872387438058    1         42.421742145312244
4441.293268258289    8505.669235547532    1         0.7183641040023229
4113.320827722429    -871.5034291832452   1         0.6577438540899764
-1030.3345720945415  4085.444996011358    1         1.0841747673250701
2202.3384959425043   -4863.526419407685   1         0.7838175974906457
-6052.470035936377   -5115.735986394311   1         0.5085253659652536
-6183.42035204055    6688.987418838043    1         1.1120985176132867
7574.258019475101    4570.0933798121705   1         0.5474701000654479
-5111.354713736947   1023.1316995054456   1         0.16932107726207538
-5696.062383566838   281.4044270689928    1         31.74215195991505
4701.71531042916     5884.554390992529    1         0.16837075276874172
2600.3398367876744   -8350.779618480616   1         0.7464252636885322
-3468.648880186851   4360.680847347643    1         11.941663357860568
-2774.8888946624693  -1829.0290010880744  1         19.478371210127996
-2723.9328842364957  -3934.126955129969   1         0.9321111253562036
227.63837137027008   1589.006908910084    1         22.046905138948002
520.8804272413719    511.6692673419007    1         1.0961648488903875
1821.290068310551    449.0131347607195    1         0.43149502349132174
-7861.506037828867   -5730.503348900389   1         0.9216038992323138
5698.220506907064    1317.7414733583028   1         4.8258788088594855
-1956.9289950617267  -8951.109210753732   1         0.7665845914213687
7548.858867969422    -5297.555751863792   1         0.16203211285746927
-4354.16601785716    -5091.301745655215   1         1.1543769227103644
-7320.797592691961   -2459.620491296352   1         0.7129442517925195
-3201.90499929503    -7214.742025624731   1         0.39545467476193086
2506.3212356408067   -7806.374125902422   1         1.2394501488891951
5712.124079577008    5223.180765188874    1         30.075588931843985
1028.381981635175    -7710.998192287878   1         0.3907344284871781
4035.4793833983836   -6860.3727720681845  1         0.8006809307165345
-4499.859256361569   1681.041025693101    1         0.67409768644738
7451.629861338668    5043.662298624003    1         0.15380715492654787
-6733.843264215105   883.0373862125653    1         0.30156442841163844
2422.1561027053385   -8779.778882906656   1         1.1555757993021272
3106.713413055386    -3904.0854583803193  1         0.8021264960044028
-2198.5789656430975  -319.1292241684321   1         41.56601477215031
3843.111150960444    -8854.788039287432   1         1.2259932826066025
-5327.5051997137625  6832.090180121806    1         0.5388695928215336
8959.51798575333     5432.0000156139595   1         0.8193434454703037
3428.5799904049854   9063.896209250805    1         10.380610168968964
8642.389043237106    -5864.414418093552   1         0.33936523598776647
-2603.194535194244   -3079.7027726598963  1         0.9420089597094616
288.5350848433201    -6573.28600056786    1         0.4398016366609815
2889.3847411031866   956.0333026019946    1         15.252191280610008
5304.71975353053     -7679.6814250081725  1         0.3272333673485619
-9083.47217981646    2830.626849940523    1         1.0188135606433937
-7607.497047853764   1127.2312189696802   1         30.442776451961972
-441.5213033946779   6540.530902506806    1         22.250688359840428
9316.15408188045     5685.4960693020375   1         0.39945614342244107
-4738.916427287438   -721.6037428506411   1         1.1462588372066516
4725.324482899217    -8648.19544845169    1         0.9306588733455882
4810.45571059392     -4662.00796272974    1         0.10679932460229379
-602.4851403809262   -9075.433184456811   1         0.9609277578915917
-1015.5110258194001  -9363.57082181362    1         0.4588551764984453
4241.310513485066    6636.52111260453     1         46.88627887107173
-9454.997173510343   1152.2899302735968   1         0.4701748627758441
6844.347350588523    -2755.67714653078    1         1.1055899974168106
6491.188145507574    -7911.262237586459   1         42.96531066893655
486.0572766910336    -2859.405050663134   1         23.245671805404967
-6517.969217532544   -1976.8267288687184  1         0.6082587222758918
3740.8250266944424   4481.356759549992    1         34.12394829986135
-3711.8619397297853  -2253.094269351551   1         40.59611764429865
3143.9188105764115   4519.099804785779    1         0.7667243026949062
-4850.281997656438   3139.167023422524    1         0.9666543906915323
-7727.642750128261   5990.0360639667215   1         0.7996743796601166
2890.0258128260684   8897.5183342963      1         28.388800884099503
-6119.431042473754   -2361.9838794807556  1         1.2402810007316476
-721.4400722447997   1531.3219603240286   1         38.191769044615526
691.9578373733788    -6646.641826780835   1         26.515933753034435
-1456.8713103661792  -8593.400849163085   1         0.23130494273875057
-6812.737540109991   -5302.8108838204125  1         0.42020471770998113
-7092.455943194181   9430.937026267056    1         0.13530664636323894
4131.714874483587    6838.563933874021    1         28.401766202357123
-6842.105495183645   -4769.0466808723     1         0.8323907493112657
8699.462466519873    2651.210386801661    1         1.1276190954012428
9369.736830944934    1485.7558313993563   1         0.18712971119466115
-509.9957826172966   -6251.912864686872   1         48.48627783682444
3624.6344989964864   7277.218099298021    1         0.2807251798796229
-7712.1084353399365  -4547.325728827735   1         0.22000539119057644
-5777.579699839869   -3661.6817543377647  1         1.185975014277034
7449.797158813679    2005.7925992191358   1         0.4721093000270866
-5987.276423747766   -8702.971285488533   1         0.37834148131180556
24.791297381493536   -8166.635580547923   1         0.9737234448347192
2554.5723705234986   2806.1215774287484   1         0.5802810373643008
