trucks_count 3
drones_count 3
customers 22
depot 0.0 0.0
Coordinate X         Coordinate Y         Dronable Demand
-2703.836185078945   1930.3766134699035   1         0.48525379858754614
-4215.631036514749   3409.7130544566153   1         0.7476609375369243
2763.592120441928    -4247.076977886741   1         8.098006923887691
-4463.560289145428   671.1342429705983    1         0.39161687283935864
-2616.2270424493727  55.20563948047405    1         0.964900571423112
-3576.1588319252846  895.0825351897547    1         0.1980176149179926
65.56682936873095    5553.247206229711    1         1.0746091213739641
-2539.6284465057047  -3410.0385089206247  1         0.4644508464535816
-5557.567623247175   3865.109844640724    1         0.712175232892157
-4783.199750381868   -3570.8712531889823  1         0.36121564151847674
453.36986966850327   -1132.6818684156242  1         0.5363930613932114
-1192.177680927778   1601.8538630233008   1         0.4665032583728932
-4385.805388918705   -5045.910617783393   1         44.69919019247564
3575.5267812148018   -1156.3798035000357  1         2.9027829202013273
-1176.7065655374527  -4014.6940129910513  1         0.16737841845350312
-4504.09396301019    -2233.7136295804735  1         1.1541990156045385
5519.5187946667675   -2646.210568881746   1         17.666950956377647
840.9505921679365    4108.088885531949    1         40.54713235081339
460.74178213246614   39.18414988049608    1         1.1801151270783865
4311.513391361081    -213.4606447479316   1         0.4929727369078615
1593.6646257081022   -626.0868620994273   1         0.20306275681822367
-1816.140305658765   405.4863754688313    1         0.9994847026773361
