trucks_count 5
drones_count 5
customers 94
depot 0.0 0.0
Coordinate X         Coordinate Y         Dronable Demand
-2106.982419582319   -3436.779812327101   1         7.963108140258223
-7075.462515813431   -2430.3656470123988  1         0.8537394596119344
5529.773726477182    -7146.977493074835   1         1.021608200215752
-10151.159484635029  -17557.447613980235  1         0.6512049050685649
-1399.108920762114   -204.7587945315411   1         0.16214773876021227
5204.662756359128    -2997.278722174838   1         1.1700138885605336
16768.379279536828   -3556.8900297352848  1         23.233072242569555
-10417.838461925616  369.1487743993275    1         0.6614693572494658
-556.7978654958534   2056.21547210972     1         0.5683031011798808
-7656.0078473845615  -627.711616225288    1         0.6532795601900049
1415.7884207382076   5305.463698995897    1         0.11646769043520278
6750.735081571114    -4534.310198367728   1         41.271778666697706
2418.1195784495126   -7172.621296440842   1         0.9684803630566521
5269.286972959931    -7149.3090594357545  1         0.8508643800257156
5444.500512715241    -1939.9166050322192  1         0.8245102774077292
-4281.232890913169   8902.800088756887    1         0.4662181568784862
-5507.917750594198   -4530.746257903113   1         0.9641537917676984
11402.70161727077    -4705.606533067006   1         45.020662307499784
-9185.498827362808   4085.791797345886    1         0.7070039718540526
-5659.046304310148   -12562.417476511871  1         32.89167404555371
4943.611343790876    -3926.036847435849   1         7.366376390401491
5812.859502694075    -5436.497436342747   1         1.1596360954052434
4643.049575141607    -917.763222855566    1         14.359543715601044
-3310.499131978636   4045.45550325905     1         0.5606904511638838
-5781.844847523792   5560.611475630891    1         0.6628950812040059
15181.142704769161   10788.860772330394   1         0.8900121406714748
3848.8756134176065   5451.2217050626405   1         0.5645700838869316
-5438.0353526990775  8115.761284391615    1         0.6563900730022798
6076.578935623639    -3395.056536978279   1         43.259279705255224
-2307.809747854908   -4955.749700255113   1         0.24332751918444684
10181.69371338158    -2862.474161440474   1         0.7149949840099991
10837.722145839258   182.6710001896978    1         1.125611486603657
3124.635969952493    -5197.100810675319   1         0.9056927204902508
-7314.106591949739   6887.710396191332    1         0.9110719178505146
-1248.2822895113366  6845.378847005457    1         1.1014615991830228
-853.488237194657    -10913.629074372218  1         0.6020686305665537
-3370.8312070689535  -12082.143234545692  1         32.07983886574751
582.7167220662668    -6291.082552097043   1         0.4001197569592946
7134.224303880078    1946.341198999934    1         12.918688857512521
-7820.563377819058   -7581.889922838482   1         0.7818864206768307
-1326.7125113195489  -3113.080103017856   1         0.9030494661309502
-14434.166345634363  2666.1167952330907   1         0.9696959040272992
-1183.1308718303217  3737.599240410837    1         1.0038172559044845
-6486.752943257997   -2851.7908677254077  1         0.6501173318837733
-9638.827451675545   1947.411453102098    1         0.7087119956521973
7939.467289402198    3430.614933483019    1         0.7641595014540272
-2731.169323154467   -2559.618059371678   1         1.0570975134295824
-2669.336724994926   -15125.987526128072  1         0.33453325917806387
4722.670830457202    4166.317085497607    1         20.575004469385174
-11869.884026711323  12366.499344469139   1         5.818738663569088
-2408.327761192399   -2782.3813974011655  1         0.7893416647218311
10232.210972933264   1239.028180631364    1         0.8144610032133486
-8141.015701201494   -435.88977852659895  1         0.5538238105838179
9129.539013499641    -4967.158759651256   1         0.7679351660224663
-3992.303484910639   289.6832890381026    1         0.7397729307430382
-18882.625771470968  6753.84860178805     1         0.9013445940986502
6792.092786731404    2052.2883591711598   1         0.20820465929353993
-6989.328953719655   -3267.9117511553623  1         1.0556887270099309
4377.737561106739    -9351.305351554589   1         36.36515749847936
-12194.696658275901  9570.209740190978    1         38.902753232218565
5029.45790546036     -9002.688475906403   1         0.4202524343673659
1624.6895437207513   9081.803908628752    1         1.1394053486847215
4971.832384705107    2178.5925354882766   1         15.344230830757535
1023.5497701947311   -1203.626343520487   1         0.5737526935046356
-9586.410355551161   2561.457069142934    1         0.603791769558563
6952.205512067713    -8136.403245372253   1         24.297610251939858
4277.633920384067    1497.1767718639426   1         0.4605791020537068
-1327.9735759260068  3940.7708936915133   1         0.7347316398145494
-6377.808223815625   7908.013616883183    1         1.0389871987773998
-853.0334419512039   -5301.807667984646   1         0.556293402230883
-8680.196003053636   4994.558083111514    1         7.128654909275532
-9278.008728969415   3467.767889543301    1         0.17869796912207186
-8052.417324963661   -2183.989133371212   1         0.34474175377610566
-12363.215460713916  7282.090686938747    1         1.175303718559671
1449.1588151652618   -7398.1364180779965  1         0.6861535011811989
-4945.494880471834   9248.203982285253    1         0.4945257712100035
-16800.836002479078  -3686.848646622002   1         0.46277981743814
2808.152050712004    -14096.179590390015  1         13.1430956046152
-2758.8469426672614  1176.051647573636    1         0.17270991045245404
11153.548930425353   -13780.64573370402   1         33.022341494814015
-4700.111786654367   -7163.3621408082345  1         0.5061068571602922
-8255.843918389095   -6402.263546568803   1         0.49586544553032785
-5826.22126453927    -680.0233751649711   1         0.42508246197265875
-9896.166827437712   -496.74122934554106  1         0.33451012108106093
5533.402247978921    8338.749380566063    1         0.21875051764285622
5677.881580820809    3239.6651454985054   1         0.6568532902385653
17131.531786554915   -5791.919989870044   1         4.232541811189634
-3107.4986263088167  -9379.480520144609   1         1.2055359309259648
6146.873768742869    -5376.226418778972   1         7.6914180202991504
-3065.5844637947243  632.9260297130867    1         16.77520938684799
4848.561457798757    -6769.930306920101   1         0.8379534799352462
310.2718052242307    10565.307415891444   1         1.1658586753139661
10717.051513786142   -1272.792415006764   1         0.944477733376307
13696.477740732538   -7984.867157017328   1         0.8035276381931168
