trucks_count 6
drones_count 6
customers 97
depot 0.0 0.0
Coordinate X         Coordinate Y         Dronable Demand
7823.76703619528     -1250.8643081674693  1         26.927583885325653
2457.049615686763    -873.1063541378508   1         1.1888529818417415
949.828905187718     1675.9350852827863   1         44.15479083221436
1085.9288288437692   5511.9193805154955   1         0.9438326042146199
-976.1313512112255   1255.2845955025011   1         34.41615451002351
-1959.7191433643623  -488.52918809299393  1         48.15590818595763
5837.04070366694     7076.637013802177    1         1.2054758806456236
4676.384238366764    -5549.079635660645   1         1.1688534816435714
1816.7947655187709   4541.837490763037    1         0.3770329478126223
3285.381810815947    6236.05493159447     1         0.9546314818674994
-6589.416223783372   1376.100454431062    1         0.6959526036297188
3335.1466806367193   3347.1774113433457   1         0.5177581350106817
5904.5266139706855   123.38362566914066   1         9.93642100767824
7370.931999816245    6460.660420383025    1         0.9246405148393863
-6491.821982104506   -1340.0571196033236  1         0.3479215713327609
5998.062783881216    -7080.826469062376   1         0.6163736434114527
6664.995224679303    4883.183010228904    1         0.27292538091982305
315.33569952076357   -3354.5069706846207  1         33.86661427623773
-1702.4565307289308  -6722.15725697869    1         0.16797828013092053
2423.6956855125454   3126.199053584842    1         0.40938620628475764
-7409.942513390074   5036.333016973115    1         0.8584257832595703
-5984.182034576091   5042.796482215525    1         0.9716376838648024
-1912.1728132240182  8793.697793038784    1         0.8887019528191972
-3412.3333387118746  -1096.676845472949   1         0.7330695366666364
3484.0308090041854   2426.4863994987245   1         0.5777627233361845
-220.7089775866779   -7924.464012312509   1         0.9151225370491803
5618.266200944731    -4027.148510844505   1         0.4466463304126147
-2806.8034177113823  8147.75150366875     1         0.5652926127870415
6214.7853483289      -2975.3798468891696  1         0.6419204733205602
6419.1367782636735   -7556.404023813221   1         13.376460817617504
-8616.068819953123   2312.347987234083    1         0.46445645517101997
-4241.230818440156   8683.346433947181    1         0.999944546983567
-7408.8042547056975  3249.419760746636    1         21.73831913028249
7092.189195174892    6714.574081885534    1         0.6116081021369217
-3319.87574061978    3424.9782596961377   1         0.9866799032861715
-2221.0451824317515  7467.116496418919    1         0.7914223743412682
1433.653722648296    5235.177037096344    1         0.27085727388308023
-1756.3711878825363  -4565.963919064943   1         0.24168813917490142
2929.821348650161    6669.897454106925    1         37.45558159441745
-5076.237713103166   -6469.808016851043   1         0.655997528924232
6061.719805279652    -4729.527686775031   1         0.7553658016373759
4890.459726767079    -5674.587458151098   1         0.17407442195039757
8726.035951428401    -2571.525557932431   1         43.68756364294162
190.21220689113176   -8310.045323394486   1         0.9780234674532586
3908.3213609707063   560.8131185473948    1         0.2922818782282036
7610.15769961375     -6632.588620840624   1         20.41904070201363
-4966.135773258806   -6168.1006820804305  1         43.705283312708744
1705.0458044735065   7836.930179022427    1         0.4974404673445859
-1614.7687569038399  -8382.245899078074   1         0.1614671695221934
3314.4262527840237   -6788.000592559318   1         28.706379882079577
6047.213227441426    -6952.993849477634   1         0.2596294455288487
-279.17863388408074  -8711.76218135435    1         46.13532069631156
-300.56580049434535  1886.0741183104583   1         1.0116633451047556
8028.010318548842    -869.5035199707818   1         38.293777865031714
-6959.119622363116   -6966.513148520332   1         0.7566823523726015
5815.226438193613    -1597.223079692579   1         0.11818979558911627
-1733.4022389152474  7867.0452727146885   1         0.5634044437964975
-1309.1173243766552  6918.757754683971    1         31.641325816226164
43.35486337731819    5187.090521436476    1         0.6005425184207291
-3700.1961125401413  -5296.291455816216   1         0.4027207486027663
-1181.7700162289716  8649.33847441212     1         1.1627343624496131
5812.847528324954    3260.6266330280637   1         1.0085686289698774
5446.628501238905    -8146.221443747759   1         0.47570697895381897
3779.9691303323852   1815.428541500851    1         0.30985295196886087
-2548.203703129651   2103.8946558342564   1         0.8914056202027462
4490.669472714274    8203.517501588949    1         1.0892806798227659
-1648.893794538163   -8364.600187680166   1         0.4385202387697482
-8826.007511223188   -3050.0032062712507  1         1.1118781505003676
-2113.0194008334865  5411.767612836223    1         0.5796806650706194
-4471.393001665745   -1791.1354220775472  1         33.30389357872115
-1576.3304610855273  -244.32902185372302  1         0.4549895410636544
4293.62368961312     -1457.3518275708627  1         0.7333866610197726
-4781.524914846194   -959.2597537736272   1         22.245037841203153
6031.318547113047    -778.8939235448823   1         1.05379606087079
6336.965698727545    580.4608937095248    1         0.8874322525826813
-3642.1947899257048  -4672.817202966067   1         0.8620715950866327
2161.4050320320234   -37.84848813330617   1         28.23964188657692
3476.7528778248234   -6910.413430078436   1         34.118494027955784
3904.848303644669    -5779.18012452848    1         1.2175537121843796
5101.145476950946    -3830.7017424795336  1         43.50947053242371
-2243.947613449296   2528.560623588519    1         0.41400354855535304
7185.046204135317    -7976.076222999206   1         1.0605656519751518
-6485.677528758976   -7836.232660255513   1         0.2544253218780834
-5011.131169183423   -2378.60698423506    1         41.09513712388812
-4557.542536576705   7126.643454081129    1         0.5781015319018029
-8235.367378506895   6601.528373170497    1         0.2890486389483338
-122.09257564601431  -3608.1384827459933  1         0.5239418889544275
6939.1385250063395   -6217.5384073735595  1         0.23523201399927457
-6152.052691155194   -329.782818079786    1         0.26302809982719755
-2190.5939843763354  -2944.023727184316   1         0.3482494467590386
-8175.235455198836   -664.8362899423121   1         0.7538288002818252
557.1233867797554    -6757.76802317524    1         0.3267722005358659
-8286.970441632086   6245.325982292347    1         0.5740814466783185
3202.480231724983    -6071.452245092476   1         0.7821131330648738
-5797.471420944289   -1600.3001225690698  1         1.2238892616032606
-2772.466421824265   -7065.564414839136   1         34.126732952502756
4019.4493744841147   -2903.09579104818    1         1.0923545722818406
