trucks_count 5
drones_count 5
customers 56
depot 0.0 0.0
Coordinate X         Coordinate Y         Dronable Demand
3177.5227014215616   2560.140760726721    1         0.10092313757463946
-3565.0346907284757  4529.929247505607    1         0.1592839243719856
-1658.8690305765033  1800.9057880029175   1         0.4613748054011365
-8805.204806004675   3384.6066818601835   1         0.8060016395966988
-8981.671474803403   -423.8936311359393   1         0.6824628236926825
252.85519812754058   4951.330298182066    1         15.808413143987961
6499.435971434492    1955.2709499642024   1         1.117292978299075
6622.420056471949    -1687.4418576646701  1         0.2948251970712997
-5633.550615473201   3260.1385053312624   1         0.1579846883141432
1482.9855159586152   -2547.1752349493113  1         0.8601097069826005
1451.8950989973284   -576.5232177765838   1         0.9032548645348908
9713.835975509875    1212.8503726872857   1         0.9525056862439578
-7521.623550521004   2506.6061897107556   1         0.14415461446666863
5174.386089643548    2432.1545581911214   1         0.17902254388027336
629.7201449666195    -10162.520083158437  1         3.753794560914022
10236.186748792745   -1530.9528731432476  1         0.43698956110349485
42.2309673652315     148.50681130287592   1         0.8382819671868659
8173.2852881778035   3679.74170671999     1         0.882171121940332
-1470.1271669151552  -3295.284269663799   1         0.27095405262792904
-8634.90177887801    5777.018836583896    1         5.7789562544652
-2531.9773819243665  2836.3876190920278   1         0.9920622858559885
-3460.1753762479843  -2035.7977063101048  1         0.2864613446078403
5199.51465788463     3013.8833427449754   1         0.9448080189548387
-953.0683242732368   -8193.06577463307    1         0.7538420832336238
-6302.616555380182   -3203.5901777504164  1         2.3070371373712035
-11633.887493950668  6001.952212272059    1         47.05620565526512
3213.787992454835    9486.043100295181    1         44.81302263448029
-1837.6453764986911  3578.0698030770286   1         0.5789663134693422
6054.291323029894    7065.569058295655    1         0.4426683852675679
-80.30064431549727   7556.234187808612    1         16.902281991313338
504.26332791521236   6380.269826725999    1         0.9526606142431553
-1752.000461100595   -6666.678962783198   1         0.8851626960080765
-8266.18274657977    -6308.163066897651   1         0.24151130220660857
-6817.500384417965   -5813.340373086698   1         0.17503164160247958
3745.470056637729    -2326.8112953196455  1         0.13744009246007333
3468.549398517167    11757.572044214678   1         20.246486502595868
4267.95558346277     -3067.4355483454037  1         0.13076077562322258
-7301.105063649194   -4197.056820550994   1         0.33540413446974743
2922.167565028027    -6994.335762460898   1         0.24483063554884332
1673.3384252647454   5452.415171055377    1         34.16171002194374
-6205.054688563192   7209.025059098361    1         22.252486989091405
-4979.416214420579   601.5591087129027    1         0.9164236836800838
2388.329739568637    -4620.439455067632   1         0.6516805864385137
-5277.154438101019   -8413.351932772583   1         0.8601673072142575
9260.412987223695    161.8607049665152    1         42.25774817540091
-6418.817062511885   6499.336692875495    1         0.9156936072295024
-5514.81118130111    7256.741911365804    1         0.6764413461351142
1973.3105293514843   1846.1205500313595   1         1.1389701117866564
-7336.851815367263   -5045.329005494073   1         0.17962532936304726
2103.3101475500216   -4913.245749655844   1         0.7043816537555089
4524.168839469405    7917.240851804346    1         0.6085593704583664
-2319.421335705387   -8162.357510103932   1         42.613180204641004
977.0012150885367    -3316.5482082256644  1         0.28174528342474425
-3754.5418131827882  -8919.12913282042    1         0.49139876067703037
8302.355786856293    3393.3911802133757   1         1.000444535279622
-9775.588404529972   4243.40373947029     1         14.823242175124387
