trucks_count 3
drones_count 2
customers 37
depot 0.0 0.0
Coordinate X         Coordinate Y         Dronable Demand
1579.9881485112364   3226.309223202176    1         0.9651502222835795
1490.0863492135704   1051.116702280998    1         0.6411766660366107
3317.617880534848    2878.2625797024957   1         0.4250295125900938
2524.2519217563245   -358.75424548470716  1         1.2232307336907682
2005.8392422755423   -4600.89428719813    1         23.719963906274767
-2405.535252612909   1206.821639920875    1         0.8024899066535509
-412.81148696016226  -3224.3185453000383  1         0.285954040544593
165.04285494397323   -1602.2180329448877  1         0.5350122420822723
-5232.48981179857    232.88417129244348   1         0.11739717359400803
1244.1013999185195   686.0073040511561    1         0.6233042977659276
3471.059188572621    4945.740673552299    1         1.2456135991080197
-412.2688392526215   -4980.839280566176   1         0.5092219126603326
-384.42588366525047  -4786.460614542683   1         0.2231166437981186
2876.2576861473967   2311.837552349922    1         0.9192479985843225
-10.28187153686353   -2987.542968934956   1         1.1562569269750065
-476.00128383432025  486.6495766549704    1         21.17183375078885
-5367.103437257507   2602.3455191243957   1         47.63144961204785
3588.563439212613    453.9766525597834    1         3.853035626633955
-5038.211728434467   -1699.4806899397631  1         1.0406755844112485
-1603.9283023658859  2806.41575422966     1         0.23189062534750776
5260.509019632       4951.858762034369    1         0.9529762491959743
287.1991725204971    -3011.517053473911   1         0.7804541713622821
-2890.9292933119527  -3475.098037750808   1         19.962966106772562
-4901.580871601846   -1699.9843684334517  1         0.29668236720305635
5362.2044555453895   -620.9148553175809   1         0.21751072091200158
4231.558513382918    832.6860183541257    1         0.43198696373789025
-3941.934057068641   -3685.6900149744506  1         0.6804535988567951
5356.457124385918    3159.3474645268825   1         12.408287785483306
-3461.2211323604506  -4438.253024353861   1         45.32595230335113
4964.438641632062    -345.2798433837284   1         1.2127138110683577
-1308.620595149919   3293.0808844979792   1         0.7333810288556151
-2922.494806663887   1176.7027212934195   1         0.5938806066260367
-920.7455579120976   -2831.256436320096   1         0.3475195142506982
-3117.1761325618318  -836.90081504779     1         0.7020259359546007
-3938.6084669383263  -1558.9540036601604  1         4.834756842258089
-3312.0564582337583  3049.085164835714    1         0.6420028772244286
1616.9719052690791   -1018.4055006808385  1         37.56072300904753
