trucks_count 5
drones_count 3
customers 50
depot 0.0 0.0
Coordinate X         Coordinate Y         Dronable Demand
-1374.672586348534   -1334.191053009762   1         0.5654581289353829
-3244.5348863638424  -1937.4478619307417  1         0.14047538341778204
4915.8557365640945   -4650.3937220342395  1         0.20967868443978524
2353.5562291734477   -974.4472741901485   1         0.4996394997926008
4809.692253110196    -1192.6648292873338  1         0.5121790886916999
-2975.651753421336   -628.5275838332682   1         0.31430656835583687
-3103.600689867998   -1876.2314155962995  1         0.9723717422321088
-2371.772946319453   2204.652066769562    1         6.666364385565662
-3642.8062735067147  -1599.0362120587229  1         0.2308912925715176
-2156.122842014179   3627.9297011090175   1         0.9093701657587446
-3369.263379059117   -4216.35076037049    1         0.13207523639970414
4432.639487936643    -2735.2294816274048  1         0.5098921093501031
-4387.676376280386   -3944.5286285076027  1         0.2365691749877795
1910.0201239495182   -29.684445717002745  1         0.2563328786381142
-1091.2954679754043  1612.2529925289184   1         0.7266819667790827
-2472.483095793016   -4145.317476614743   1         34.50499279858431
-2781.706118778397   138.44528632604045   1         0.19331240566631158
-686.9698671404815   -4868.4785660840635  1         12.168230288336588
-3015.9171630183278  496.3680124850882    1         0.22629687855535305
-2964.9791734146984  -4590.487371442263   1         14.681482359314689
-2562.1897460852383  -4682.0003918299035  1         18.766194549184583
-2989.1701779177915  352.5191195412982    1         1.0530627689561243
4452.818100272838    -3133.975865370425   1         0.460471323435902
1243.389315168079    -5103.587474937574   1         0.6374265301433822
-306.1884990549672   5056.833333984517    1         0.7907933303522355
4321.496044828255    -488.9210872339654   1         0.6335113510877362
4434.871335738172    1057.8458979677457   1         0.8461177356416101
-1761.5221558222436  58.85640373372945    1         0.7377903010250851
1248.0187652551713   4796.6441090148855   1         0.17195963346620435
-1055.2671438532325  -4356.207294223575   1         4.856378162395154
3351.395372442869    4967.26240146695     1         0.6901476204942549
-2649.0268806249296  -995.0385657697364   1         0.1103829537426589
4761.283918285556    -1045.3616089512498  1         0.9338599971037663
-3763.6210835768734  -2135.4221805277057  1         0.21122918720793063
2790.9608631796727   -4430.683290621685   1         0.37766700979882917
2076.982655056476    -458.18474977267306  1         0.7170265182394341
-4219.022512165655   -2541.9704274641063  1         44.36698303554509
-656.286410056664    2962.9269931552208   1         0.8689294778327218
2734.309959465911    4113.491751396494    1         0.7252167831957119
4715.694303695049    4341.219409667277    1         0.21232019793042634
-306.55990538122376  -2041.3895855259634  1         1.0771530801996576
2827.6095474359386   -2748.558112797124   1         0.787838091737879
2535.1078665937157   3985.976999102289    1         0.8978736335551912
617.7642999615786    335.7845161617941    1         36.13643945450763
-2971.8662917429574  -412.03751048430695  1         1.1043017477691905
-315.5914817474356   -503.88827232136646  1         1.2475625209707302
-3701.9595314267103  -3204.2867544216997  1         0.23066200335997114
-2637.4387788839986  -698.3299171540366   1         0.3817446333009018
-4280.519087576906   3420.341123065035    1         0.3346823505993485
-3396.718500139439   1088.372527295827    1         0.25337680144948505
