trucks_count 3
drones_count 3
customers 26
depot 0.0 0.0
Coordinate X         Coordinate Y         Dronable Demand
-3358.5861649350477  -3126.6840943787797  1         0.2066065383712135
-5824.803679014842   4676.855530061999    1         0.6871092188414956
2036.1817008922046   7001.874720860523    1         0.7669171683588385
5101.0166715822625   300.4338847272335    1         0.17853399142857285
1974.7724368398283   4226.922759525295    1         0.5204879554759939
7186.379231149823    5341.9677844614425   1         1.1425120258611368
-3632.258523127157   532.9295747108101    1         1.081547358675171
691.1290928548444    -7112.9703039714     1         0.9395622831539457
-996.7561115085883   5575.434911704964    1         2.768831737701102
-7630.795979150844   4709.690714881982    1         0.9429626197242523
1420.5131352126693   4981.522647819597    1         1.0640042013269961
-2636.511704505029   -2572.9428763639744  1         21.529781488013832
3059.2049108570777   5973.209945934504    1         1.059700243589252
-763.6159854393636   -3833.5266283060114  1         0.9405311277774246
3497.722320175557    3903.1989682330054   1         32.39314211749173
1089.1943102008427   -3544.8307332526856  1         0.3237789406467141
1751.106208151795    2688.531852381299    1         1.2111532957844457
-5347.963041058107   -6229.611276232044   1         0.7980815698624502
-4024.643375310967   -6510.0628993543405  1         19.1268407836397
-2475.8484366113194  5897.402008378474    1         0.6922261005481999
-7647.007199156968   -6309.061588170042   1         0.1309280781560219
4248.477313927771    -2215.4580879961513  1         0.5797219800804009
2758.785807751694    -3382.3881115875247  1         0.8518241956664929
-4942.43533858485    -6389.737434488119   1         0.6097068219836309
1928.5773501394397   6223.582883974463    1         0.6930714483071316
4887.963539493817    6580.974427872306    1         0.8531971041664873
