trucks_count 5
drones_count 4
customers 49
depot 0.0 0.0
Coordinate X         Coordinate Y         Dronable Demand
318.437541712679     -5501.1415011972285  1         1.0163003618595805
-5835.53775948899    -2718.5475220710905  1         0.12658027988800494
-6406.42142185951    -1264.3848226772122  1         0.5071194408672165
-7362.51228762224    4616.610275187196    1         0.14763659223602194
41.9892840777785     -1119.6500759913515  1         1.092713471165965
3085.7222364294366   -33.601716191654305  1         0.3488226855689576
-7722.3180001186     564.5841345418437    1         1.1589687370317192
4848.878695943749    -3735.0421417335106  1         29.386498521532626
-4475.528441505705   7478.153502082069    1         0.8036198196867962
2957.9951052574334   -1811.3196111131065  1         0.8477076421014405
-1358.6779028426429  7076.457898159689    1         0.2063140719457825
-6239.707227229717   6606.1267424511825   1         1.0607002317018885
-6824.974013829134   -3690.932704907563   1         1.2004445417359928
-680.3605277180305   7287.51054396451     1         0.41789190383151964
7606.1254224149225   275.2134036006247    1         44.40339484395984
5726.687565399642    -7359.139483181815   1         0.928343110885979
-5436.9094605726295  6979.843313590792    1         0.38010662040963294
6721.695940221857    7581.8209670598835   1         1.2719234670572783
3947.449619848926    -6801.191435707003   1         0.6380033823698334
5775.5897757786615   524.370793059857     1         0.6657993802596288
496.6311992073242    3275.352790186991    1         0.12798743513462835
6483.972716899157    -5305.570024092293   1         1.229156362630646
-3608.9234904739887  3741.4722509629787   1         1.1190590706058956
5858.624743326144    -5675.825111641429   1         25.267304612250225
6854.22156282384     3781.155614436996    1         1.1176434637223933
-1770.2323392401981  -6968.924274164509   1         0.18625102296613205
6161.060724937789    -1454.0192630288575  1         0.4029219469032753
3855.6197503757485   862.3220798845606    1         0.886626504727685
1747.7810244610564   6521.18781333577     1         0.499088640413633
4116.486256687548    -4725.876248473747   1         6.300103544394347
5470.861820791157    -5651.481235127916   1         0.44981624977281975
-2622.0350342468155  7105.515470782449    1         0.64989344954673
-3917.511223808194   4229.6206077745455   1         0.6267634045102056
-5194.721333513712   5520.007185387319    1         0.1921023151961984
-2359.97678983798    7105.841726491044    1         16.95951406426024
-4501.632407280402   7065.944854796676    1         0.6849520141064181
-193.28582124242115  3551.863028011864    1         0.4144702212769903
4224.024126115671    -6229.036315921831   1         14.1107132393948
6007.888656332146    1642.8153619386856   1         25.92324779898952
-6427.333839492034   6034.696385296245    1         0.40639013712967853
978.6015103367345    3034.1239917146477   1         0.45179375059386884
5192.762130264348    4425.358680538799    1         0.23947781479993674
2556.600640596855    7366.516555373164    1         1.1233674670685068
3496.323966411431    7440.8805009861      1         0.8134839943940658
-207.25193521256438  -5891.2309430297355  1         32.80769016531263
3225.6695860476184   -1733.7881908729005  1         1.2252789659970726
-6426.241217492376   2623.764509939608    1         0.6959139093839412
-4104.542929690264   1944.7837118925786   1         0.7449596906123152
-413.89915624941585  822.9331954351446    1         0.7478444553729444
