trucks_count 3
drones_count 5
customers 78
depot 0.0 0.0
Coordinate X         Coordinate Y         Dronable Demand
5213.015733947961    7598.321588246202    1         1.1725963105874393
2322.0723408156696   -928.8259726652724   1         0.727699367435491
-1705.7089651987353  2700.8647635632824   1         0.7069399268831466
-235.97623946182034  4123.1672013274165   1         1.178043554221159
-2515.3025685369553  -8450.893257896818   1         0.6575962678785787
3308.263504928745    -10377.309219566587  1         1.196049879069169
8853.660774550122    -427.2711096039438   1         1.177746647982164
-3342.6938514327194  6738.059317163096    1         0.6784032694660762
-8285.231213353292   -263.69026008156266  1         0.9996856394510327
2886.4752628812985   832.3522610978318    1         22.91350451445814
727.9170710582242    9334.194331180484    1         0.37650578769761756
-186.55377497796465  5520.177603137793    1         0.3805015757311556
-316.22772839449385  -8367.33739731199    1         0.3481197087110199
-2735.7552513063474  -2181.2208558774387  1         0.7492690817148758
-2193.210480641546   -7838.421378055243   1         0.9886314917465515
5858.368297725656    884.8564284032519    1         0.44199566072519725
-6570.915315589639   2449.641694722801    1         1.0681065553210298
2057.463821818456    8499.197122970463    1         0.2137944006898509
2345.217486798795    3956.500204807133    1         0.7094644690587871
-5433.875636444363   -2650.0903620431313  1         0.44495419776305667
10388.236367005526   2590.620623268745    1         0.10711488312231918
-8412.07540203903    -8699.296018373361   1         1.0248391097986094
3532.896725125663    5003.982024414246    1         0.7858398231923474
-257.91668987344184  -9388.215745643667   1         0.829826503046538
-4458.206132022076   -3509.9491977538523  1         1.1095324979115586
2252.147267692043    7602.772321097081    1         0.8550283968077645
3411.4613636821764   -1651.1180844682165  1         0.2631863158267338
635.9243736784556    -8036.548294881541   1         0.8626796993850409
-1778.96372485639    -6654.510505882282   1         27.827480566222928
-4305.612816539025   -5164.2474549498975  1         1.1601147891613401
2094.387454627357    -1500.0123478377545  1         0.3804879745355991
-8564.525163054524   -10591.978705624173  1         9.051778847703721
4033.272070903169    9644.958349633369    1         0.7423320093726383
-2359.377999275944   661.6644888855087    1         0.4120422611268104
-933.0080198704509   5595.429997656671    1         0.2463088840277376
4762.72481042251     -140.50348120508784  1         0.2539394740704991
-2492.5537988335545  -7463.205113878525   1         0.5907651941310315
3060.9068454353405   -7222.791781559713   1         1.0043187365078907
4903.101197799593    -5383.59913131111    1         0.23887347027850478
-9469.115515218653   -1759.264609730075   1         0.16492537133060264
1279.7168455674002   -5525.610370494502   1         0.3333396229121013
5887.45358160704     3828.4367292270877   1         0.27989245650193884
5986.01183044282     -5832.454720640232   1         20.27916896975743
3238.933719827098    10054.082234339692   1         36.83869909151409
8322.504195897376    -504.62261812263165  1         48.08167295329729
6998.781127828029    -1121.4870904424752  1         38.88001673676915
-5531.052608988479   -1789.4885676392605  1         1.1148942190292264
-9945.661104013801   3369.6266947531576   1         0.740877516019008
-5524.774240887166   4538.729103206676    1         0.2695197170314516
-2314.7346147948633  -7419.824387815266   1         0.6392268565580663
-7346.5116789801705  -143.04236803602734  1         0.35244304982093266
-6436.547467355602   -2487.791784470613   1         1.1008390419086675
9369.153735229595    -5425.44541051995    1         0.2911365924859033
-9277.335633608283   -3149.095198675359   1         0.6203537855612985
-2246.7712177814556  -9694.060622509445   1         0.40190359840937895
-1687.4442169842132  -435.7396642758651   1         1.1824720968168771
-7422.91187729761    -6710.334149641057   1         22.40782738063961
6909.880353897001    3319.959123235193    1         0.7116473171454406
2144.224717036788    7534.154669357629    1         0.6294416172208633
3539.7744690126246   7886.819017681832    1         0.49601862661365825
-1364.454795040519   817.5201001892483    1         0.9859136905833967
-4017.587130485474   9210.53736999368     1         0.7224574920349616
-3569.488154533941   -2677.512753204182   1         0.9329976510231869
8180.0272439151195   -4269.705306461317   1         0.6744579814873376
-391.53120141324507  -13050.39318038922   1         44.2410599312583
185.64476979293852   4724.4976453687605   1         0.6058688670650886
-7693.026766820271   4972.576387817221    1         1.1171010061519695
7195.339700592197    -4400.709833856575   1         0.1528328881728788
-3362.5262758231847  -9443.502810682136   1         1.077449783877458
707.0142618598744    -4011.92372520028    1         0.35079008310101145
639.4901942895978    -7101.618057254592   1         0.829027525129689
5238.736740430107    7178.199062146444    1         40.48784555892546
1120.0174207989949   10259.409741478774   1         0.8624613023081439
-8808.62186230622    107.78583198350697   1         0.752620076719537
-7026.067584877877   1046.152499123834    1         0.6846843243619021
-7634.385388165277   2048.0757920235346   1         0.6318469150913794
1453.2672672054266   -9735.01818752959    1         0.46570352254172553
-10178.54642477327   -3018.4158336814467  1         0.18194198670834905
