trucks_count 2
drones_count 2
customers 22
depot 0.0 0.0
Coordinate X         Coordinate Y         Dronable Demand
-4792.810110032827   -8446.953594227965   1         1.0306679344310592
8354.875634108437    -3769.873853464427   1         0.8324561204500627
2441.4798500244788   3009.46330879215     1         0.48162817798732827
-2023.1099833808134  8130.300606381431    1         20.427253303555936
1991.7199689388071   -9183.881256962952   1         0.4880696880861348
2852.335335308442    7967.771067331594    1         0.5426943712270885
600.8319480834083    4472.572539694849    1         0.45564240848924187
-6277.132724277905   7566.949167853198    1         30.47332837068943
-4927.940754534196   8398.924929102765    1         1.0878656719552693
3980.9236764829566   231.01003218799087   1         44.38401025702932
8564.741119254337    2061.0772767494714   1         8.977508795432911
7956.908701164497    5703.149581185238    1         0.4431458423931982
6318.704730497446    -1647.382662684071   1         0.5959291279181558
-4583.19852231833    -1151.7170517184766  1         0.20084746342282012
-5339.46859230631    -8691.357958116896   1         0.9397632228394336
-4464.789960090502   2332.42386198987     1         1.037160148380062
8883.689243871424    5068.52237356267     1         0.5117958769966406
5525.598667955711    6246.187660468305    1         1.1493503939690992
3469.2852889813958   -2713.9718429533646  1         0.3113817640541032
-1766.3383315046035  10427.871371559582   1         0.6157791743929397
-6776.922845193637   -1790.4821412117547  1         37.0125588331686
-4847.4486794915465  7938.578810228619    1         0.7731052709802001
