trucks_count 5
drones_count 4
customers 52
depot 0.0 0.0
Coordinate X         Coordinate Y         Dronable Demand
-6060.089047395035   -6402.860575422674   1         0.13281248128145162
1052.1188960093314   4163.785799060685    1         12.915615908883321
-385.1581889016219   -9350.231710089807   1         0.9211580150030876
3401.8302095001454   -7672.806761959561   1         25.54645276172633
-1575.0238945826136  -31.258778253485797  1         0.9632899943934066
-2532.062045703267   3817.9193275527405   1         1.1074101220514978
-7813.224959080497   -3139.103932904133   1         45.30021761637546
-916.3219154494745   -1698.2897143503405  1         0.29094187928132575
-4027.980644224462   -9373.390932637285   1         0.7000033477942497
-2626.1365697214883  3398.5275040549404   1         0.9422258333001335
2658.845347362652    -6989.438457189946   1         0.15293084383040983
5731.499650427293    -4328.2430369768     1         29.59166518881674
7292.227839935895    -8569.549772323906   1         44.80059848445753
6892.557893491619    -8111.05931775383    1         43.72963948829942
-3526.952235926815   6163.120580188077    1         0.12273683007016808
3554.0567337192238   7514.573687090015    1         1.1508996404395888
2794.3755101364122   6450.413879816599    1         0.4359415990951174
-6542.869062708787   5930.443425692669    1         0.3393558031670799
8547.050289136558    -4030.740442703628   1         0.5224945956297903
3812.853155937174    5163.137157898359    1         1.1325515950922427
-7094.677824327015   2732.8073537224354   1         0.6470308895275404
8696.077507754142    -242.37787743313297  1         0.16984175477722044
4208.33237682157     7159.676377358399    1         31.754234151214654
4377.866486372137    -8510.083273835782   1         0.19061622761069275
6757.747679281172    -8237.779092449982   1         0.28501533805514195
-2130.3521231002655  1905.2861612976812   1         0.29713354276102133
2764.887468863281    -4903.969511118384   1         0.6442052660278388
-2157.2196571483     6848.671252858285    1         0.3487336929988335
-4464.684017483707   -8618.869576183664   1         1.004605941538787
2725.8732416122566   -7137.899013299331   1         0.21484868649711253
-1641.9562440624336  -1836.4464889193175  1         0.3729784823282031
-1764.4330738204865  1926.0814633196171   1         0.7283786737289505
-5565.4948584964195  -8643.7653475446     1         26.938591762572315
3521.254514640719    4582.502234678862    1         0.5363023614290986
-255.1364957709683   5155.218245912345    1         1.1966385215211448
-1763.254801500793   -1582.5113283970175  1         0.6239231541588703
-8535.187453054057   7227.207342133024    1         0.7359468537058916
1179.998602843559    -7750.476274521129   1         15.574284834032646
-4757.6448403603235  -3892.9364121100543  1         0.12306446413499086
5939.896895399395    9173.455276163768    1         1.1562214305652767
2062.938218259213    -3542.3316337431434  1         0.42662065177792263
-5659.493761040379   2032.1719374829954   1         0.4078818715567144
-1019.0300141613043  2117.0581738995643   1         0.8814030753993518
-7391.776988545318   -6453.977803800156   1         1.1111760328481708
-4139.325002764718   6898.914975554005    1         0.8710592770806557
-44.364460122395904  1252.653494758591    1         22.60202997792093
-3902.4928907297435  9119.930145512455    1         33.812067844819225
7348.823865952858    494.74828846654077   1         0.2578261038981832
-8286.51595841676    2607.576970543331    1         0.3538570242226652
-5251.355447083047   -7002.050165479333   1         0.22345256217592308
6827.511952087829    -1409.2294540871135  1         0.8829736058659151
-3051.500584354222   9538.329439248959    1         0.489091587463821
