trucks_count 4
drones_count 3
customers 72
depot 0.0 0.0
Coordinate X         Coordinate Y         Dronable Demand
6788.655820074848    -3249.838685505186   1         0.963569545983528
902.3984983488797    8296.793438154411    1         38.742767572714484
4468.135952541423    1573.367674513669    1         0.18910529680310512
8406.763878314378    -598.5006999007586   1         10.968327546534152
5021.784543886226    2705.1615633894708   1         0.12971554323135148
5648.844692635211    7038.9128315935095   1         40.41594651197599
-849.8395769456199   4380.583068676203    1         8.389364462025888
-7755.94345130835    5078.276235126446    1         1.1126308004785372
-2792.7059123119966  7253.7074973139615   1         0.8261640956464831
111.28384457568892   -9388.83201798085    1         0.9697915274526439
-8938.477469086587   -5062.539365038251   1         0.17991091283905603
-9279.816790375931   2440.247332814924    1         0.6539202348696546
-10820.833998143173  -934.2819562326588   1         33.77751524540744
-2817.196261803479   892.9742993069849    1         40.288324865024215
1593.5641880355827   7885.7964818973405   1         0.3846450205459565
-2883.848177504366   -464.9985218019284   1         1.205686381765784
-7377.813433121589   -5212.896535191109   1         0.9861276259876901
-2465.675362541413   -9866.065328153427   1         0.7285627570574228
8450.220549076852    2350.9592693625864   1         0.3319275401356851
3084.863540440365    -9167.540997205586   1         0.35052163514179824
4497.804208630054    9592.935336820707    1         0.9383208791810286
-582.9681196796705   -6621.378541195627   1         1.0209863073228758
-7974.687856300935   -6603.01092022653    1         0.21875483061895395
-6176.495205343019   -6145.389038700441   1         0.745440506373815
1180.2637917287936   10739.950595836008   1         0.29128583387495166
10015.166629902491   -10400.587054726224  1         6.07449599028782
-9241.866508559773   4628.032125397389    1         1.132302116417763
-8072.101975347349   -461.4397914794823   1         1.24855314971081
10899.533765685712   -7507.1573845586645  1         18.617545094214577
10422.161889438144   3227.567983231897    1         0.29499387876649885
-3799.0566855595484  -580.6668017771401   1         0.5755734761669545
9049.926985016342    -1785.7247505394034  1         0.6474286258110609
8902.948069622274    -5302.760645831136   1         43.2129463493128
-1245.9478281964653  -3966.667849619237   1         0.5132482241428807
-1991.0935125866204  -9707.903840165929   1         0.27946522473457763
-2518.2840798242764  -6144.081827410908   1         0.674212359293431
6279.556622648626    2056.705276595534    1         0.7653117420078993
4450.98462897882     -1703.1913936191302  1         0.7198607592017182
-7894.76246612279    4673.311909077992    1         0.6397564041229103
10409.838948134766   -3241.369164921593   1         0.8265176313203314
-9306.46438851055    -2858.965336258818   1         0.512379784650664
-7114.983507399934   2194.925932246226    1         3.4830194556832383
-2029.8648368999104  7370.262958110901    1         0.6626360859664532
9546.209381235174    776.4154016631783    1         0.44321570446854297
-5198.09015319592    8947.622694055455    1         0.9423344534025401
10451.307092613355   27.306470628082025   1         0.15243557945740566
-1515.5727542717354  -8224.317715499179   1         0.43775246205936247
6105.802570885474    813.7909889488194    1         16.834955073943263
-6214.663309882279   -4895.717512277822   1         1.196231400036589
7459.262378844065    2238.0517290740863   1         7.362804829858326
-6963.330794268177   -7133.145947197311   1         1.0085200422521432
5392.759201387421    -4846.661578959984   1         6.145231492085616
-7819.829570737552   -306.571823719976    1         0.6878097775555249
-7332.071672219916   4750.364079419469    1         0.9308147813761277
5031.857560693598    2105.9144132105034   1         0.7644179818697967
6702.834951135952    -4736.108754423088   1         1.169128034801936
7189.36141411664     -3542.9713781512155  1         0.335922528877734
6216.5419630542965   11102.802015814901   1         23.208442620430635
-7033.507432373245   -7623.007991458971   1         0.4956856627098154
8512.704227454968    1220.680417465357    1         0.5673798236033999
4159.205164098673    -1375.0384336931595  1         0.6822137972924631
-785.6281388197021   -1965.5910164738434  1         46.785614784567585
-5345.901033272636   -7031.323663310075   1         0.3669880918977224
4270.564374167425    2776.8468611135695   1         1.2321347328302328
1359.4068400638046   4882.4583516460325   1         0.2801105473675952
-1817.2507874138648  410.96624118325155   1         0.4184500008261012
-9144.113255375541   -5457.733515704002   1         0.7265173796799039
-5546.223670974168   -3019.7492409788338  1         1.02225263161999
-9199.09519676928    5297.943929250028    1         0.45415737894113606
-5564.452445285725   3072.396147447135    1         0.8904758802066353
-2093.8826973562095  -8041.837547903848   1         0.7446651429360701
4776.113559069514    5439.038991460485    1         0.12438577395115602
