trucks_count 4
drones_count 5
customers 93
depot 0.0 0.0
Coordinate X         Coordinate Y         Dronable Demand
4795.208773859551    -1654.3053660231203  1         7.51381737734551
-7967.475299220385   2822.765798178335    1         1.1128556450072422
-4626.764582112524   798.472702539339     1         0.28073798296973124
7491.062087299057    -7103.846730821767   1         48.65028204498897
-1106.50362370395    -8239.561644214602   1         0.2657341842798855
-1053.9655672590181  -993.9743054205353   1         0.9096964691238839
5789.012585132234    1926.2985676460823   1         0.2003386734212539
-4057.1568789266357  -5854.785003893505   1         0.2106313957487989
-8665.604847880704   869.3643581393093    1         0.64320140693553
-4807.724237845667   5817.296089508491    1         1.094135249071202
5349.026150354387    1523.040619506134    1         9.8787316859685
5359.833500039283    -8876.034029630493   1         0.5419528350496665
6899.925784680821    -6803.025492135427   1         0.9466621348890537
-8466.43602777921    1018.5987847510243   1         0.8012119705503418
5001.417069096584    4950.98897928256     1         0.9608131367157048
762.3786053294332    4303.4707949741705   1         0.35712310829304916
1397.383156331316    6631.620121965463    1         0.5725366467435913
8026.915416163359    3835.0835517815103   1         0.6547406482965984
2011.279649390403    -5674.855861951486   1         23.86834296953942
-1976.2637604349623  2276.0823949030128   1         0.5629363745787411
3003.5456771260538   -1660.8445824970786  1         0.7793812666404627
6125.045629210249    -7667.275779127169   1         1.1222367390310812
-4740.738221771558   4174.966806927314    1         0.4759500985905475
-566.8161580720096   3293.263771533408    1         0.5183178695959034
9434.234866651017    -2147.930460280315   1         0.8966357275470094
-4695.981273938895   2354.1145777197094   1         10.912227601770718
4990.12884824812     2041.4200280288046   1         0.2418236376524452
-4469.145576426373   8761.509180303923    1         0.6350103851345683
-3262.3355307545057  -8881.796715513701   1         0.4891864279939343
-4411.605687468513   7903.2405172281      1         0.41033522090070707
4902.838491578907    5071.223523015804    1         0.8258357004052711
-5325.009871359521   4121.928185377771    1         0.72419935164175
9514.412169857074    2519.3380012544076   1         1.185248505431132
8681.600525371377    -474.65193917930736  1         0.7246529699254979
2131.306132131852    820.8264763083071    1         0.9473776587854029
1890.8574417815928   3312.15073460397     1         1.0701803267071666
3003.244134811159    -8744.892826103465   1         1.188082284398866
-1289.184576601932   -1620.6331325938113  1         35.02114660214347
814.2059380399987    7505.848400799587    1         1.0173446058911808
5696.752993277834    7189.611899283413    1         46.726761730624716
-6518.489108429832   4702.63116223312     1         0.9352249965592072
-6102.592436193054   -8213.921053566311   1         0.5924175903085097
-8887.159141256596   -1529.466297117097   1         30.31888713843801
1624.3301186910192   -2394.4912231807384  1         0.24685369931513004
-4195.997851654286   3310.500083745453    1         0.12440762519276492
1202.8182503688847   -8117.815169489818   1         0.871158146063185
291.5860788768129    -377.8687093063395   1         0.34888642829888705
2257.1184357460556   360.127980492639     1         0.31981439466091893
-8333.636127448674   1315.5027191335873   1         14.656808939996933
-4992.367802365561   -4001.3193412850133  1         0.9691419152764781
3552.847830842756    5883.203603365198    1         0.9818870523640642
6907.613243336622    -1726.0123797998394  1         0.6957445521594078
9305.918665566875    4684.000001910679    1         0.5751151988768769
-6.912590180610967   6535.034880325589    1         0.2758136939900824
-4652.954094424976   3694.52554229394     1         0.702364730789172
-8359.218675747528   -1448.2902422216061  1         0.10161470833121597
8221.165460753193    6165.715221944093    1         0.7645172460101646
-4548.641677461913   -3042.4996906692627  1         0.902790712762036
-7674.561574773854   7782.9968961847535   1         1.0949413587202337
-3673.127301094677   4317.266409947005    1         0.7378857516601578
-6836.169153158396   3455.573205198403    1         15.168935204991488
-8683.534593480144   -802.7225455409198   1         1.1965016625514275
-9325.541374925995   280.4624419510291    1         35.287998918706236
-7756.291297736588   4795.793730361566    1         0.3632710469169015
7192.670050478014    -2831.464809401585   1         0.6772178868342551
1780.7500130786666   1466.1076754948936   1         0.5850728498499297
6281.694777825934    -5619.603103644451   1         0.15225104219383015
2107.6038483097273   9581.63746511266     1         0.2682397330146565
8618.401013971861    2397.9692078260923   1         0.7606056108621936
-6889.728868676876   1601.2634438778334   1         1.0916600670598313
-5112.018961186894   -4590.81158157243    1         0.9790749866571067
-4936.17070113749    -3181.0478474664333  1         0.36769557945174836
-5150.837934003935   4010.6107182793276   1         27.58330105002782
1463.4587766997265   4462.674764644767    1         1.1613850521777216
1366.0145846913779   2137.978577792193    1         0.8423066606609334
-90.56394071701767   9133.24289346052     1         0.6930186659041837
-985.7488980276157   5693.957047355752    1         0.556102901343263
-2134.299975715676   -9276.303845198145   1         0.907553550574254
4045.216032115683    -4969.804026321209   1         0.21732295815383632
3869.2862855201447   -883.874874212588    1         0.5473718141094812
-4871.757183104414   6131.178802598538    1         1.0225141094231902
37.694371011473976   1980.3141932443025   1         0.7396020996877785
-240.93923360401456  -896.0570031030763   1         0.4383759272567871
-5747.223421531687   -2035.5265223086817  1         0.44370416710973093
9519.790045574082    -2328.3546725702613  1         42.811722044156134
-6088.665518271219   -301.2976051417578   1         0.41809007566520984
-902.6859522339364   9256.600557090795    1         0.970171133194907
-2415.8590697447394  -5358.130079019482   1         34.37932894492681
-6270.055488169999   -9068.716527081955   1         0.11460149745540296
1454.9273217450707   8233.961852241227    1         0.4425249960141002
-6819.630851115868   -1100.1855975792616  1         0.6519374879821239
2855.0945137459917   -7785.447288566992   1         1.0621780822948057
8761.693553949197    -1172.3160922456902  1         0.7262652845216049
