trucks_count 3
drones_count 2
customers 22
depot 0.0 0.0
Coordinate X         Coordinate Y         Dronable Demand
2240.911609267552    12431.187087621222   1         0.7760296135084689
-3280.098536635668   1608.7594732033563   1         0.3740080148975192
-1760.1298061590956  714.1523921543466    1         1.1570439332846865
-5376.960006182198   -7138.669007016569   1         1.0629004592575977
4220.694186119993    -4030.3975932640956  1         28.054050216392483
5767.374827115086    2162.1171025967224   1         0.9542814235554754
-8772.109804217602   2063.708134128434    1         0.10010917737726145
-3000.8320137490064  -9605.067537341161   1         0.623290035880346
4488.287082345176    9660.28019871142     1         0.20722881896549322
-3480.6125954140034  1233.6554957203573   1         0.26853767740221607
9119.86840587005     4311.282683979818    1         0.35507539057689774
-4176.63087305248    -6450.634781906443   1         0.9708547281697034
-4491.4191888910045  -1244.0113672236757  1         1.0299588138017588
6117.185516349968    -6107.575353656797   1         0.2213139300243927
-9325.75453955621    -4857.877001895525   1         0.5542141106508781
3705.623329260098    -1177.3298594183282  1         0.5973691597262168
-9482.652738595796   583.7470114202127    1         0.18853985158107467
-1964.4622040176023  8120.072465376781    1         0.6778936767846628
7596.650279211453    1314.7734834236257   1         0.3414178118554543
937.023594448775     9585.688654520782    1         0.5172033597295044
-2074.614219703415   2256.8382115732106   1         0.3633378527033393
3927.9188887767905   5090.367204215387    1         1.1527131597591171
