trucks_count 5
drones_count 5
customers 54
depot 0.0 0.0
Coordinate X         Coordinate Y         Dronable Demand
6761.648506613339    -1990.5150176843804  1         22.50529697269952
-2526.6548392203977  -1266.5498497191593  1         0.6924592923969549
1686.5746002014287   1911.8942605160296   1         0.4970541332705978
-4317.518524460211   5546.839747162142    1         0.1329052904354053
3678.8473538984317   1829.0887080030166   1         0.32915073555757357
-4127.8372439329005  -5610.10945731144    1         0.9826173938545495
7572.303387089799    -7083.210174184855   1         1.0700796153622085
6872.115493163254    -3249.7490682399684  1         0.3034136158695877
5360.3427343234525   -7213.2559587232645  1         0.9193707629480351
-2062.116688900683   -3105.307285091135   1         0.8357796235184879
-752.4661733477932   -1185.888082108074   1         0.4733144159407051
6378.477136204763    -5962.757059947897   1         0.48754369763433614
5415.724795170615    5778.775471912386    1         0.9380226025576837
-5321.43977369886    -2694.364768052059   1         1.077920342890481
-1480.5070011920516  600.7683094814247    1         0.5956014492841964
-3890.9286426238614  -1106.9950440928603  1         1.2338166290644603
-710.5359563703315   468.2168898049326    1         0.7863591186708805
-5933.563263648429   -4070.5106465614977  1         45.94991360219987
-4853.680481752962   4747.288740917873    1         0.2538465370523771
834.0956220831064    3938.362387138466    1         0.666666754100864
1705.385842680191    2867.518132876348    1         1.2977970487566235
-7261.384947292234   -3819.771615839976   1         1.1138792149011079
6434.166654148493    1131.0027090333997   1         0.8647799535849893
-7390.567841765071   3835.812542055974    1         1.089117998890342
-6598.926789767058   2333.6647917892233   1         1.1660811994335334
7189.317438909928    -1282.371229306168   1         0.8235237677870385
5206.312635618596    5465.908872912266    1         10.443998276372305
-4810.582021204111   3008.297030261894    1         0.750401880021929
-4591.336443544982   -5153.9411556433015  1         18.544120611686708
6917.918391984817    613.554624548549     1         0.8432462429025454
-6024.827554825087   -4792.7595640393665  1         1.027980861100663
-7194.747309260553   -7047.493378988359   1         32.6876247186977
923.1405029119724    -5206.824361854923   1         1.143708442075378
-2324.473988504599   6679.211316690452    1         0.499707006441065
1079.6939297718636   3959.0858279563417   1         0.5877493946318796
4340.395575270163    3469.591356599808    1         3.6121895820146954
-5617.370811718003   4001.2862415090476   1         0.9815491655451362
1385.0401308707815   1951.700602933438    1         1.1930858253495398
2173.3127708683833   -1384.3395679154437  1         0.9579169333606334
-556.3482980861803   4313.6223344390655   1         16.359605918970292
-2612.307672308966   -7308.691774160518   1         0.33936720733108017
1769.4763915870599   -2732.521022059306   1         0.9228240650027162
-2494.023867106548   566.1631509905246    1         0.34726378324153356
-7465.3822115538005  -3542.6394183497787  1         0.5761719629632074
-6816.881923605004   -5981.920055381534   1         16.982579419401823
1337.551128468581    6222.347749714831    1         1.2379929632852775
-1536.2471867763045  3620.219000680867    1         0.8117413757573243
7693.458979809793    5504.419789495451    1         0.6968136736224714
4426.839745127093    -5159.8789348875125  1         0.4538928105110903
2362.717731182284    -7367.935663241212   1         0.2514835461375652
-894.807417863533    679.8336458721116    1         35.04690909571652
-5333.657968819243   -781.6171188166973   1         0.721586197148065
4802.873037555052    3845.32583105034     1         1.0242934731142699
1033.8800149848407   -6051.768717547314   1         1.1756247958722768
