trucks_count 4
drones_count 4
customers 83
depot 0.0 0.0
Coordinate X         Coordinate Y         Dronable Demand
-230.19969751862664  -9642.516567408315   1         0.21303079835963906
-3144.406414683187   -6035.757238985116   1         18.07743131335348
8466.2023106092      -926.6198817606831   1         1.1465731558535661
6063.430799722194    -4668.169690951312   1         0.47093921173272024
-4747.66415653993    2932.655148767286    1         1.1772719987853324
880.9337874472596    10755.314103425535   1         0.23445286269440307
-753.3179656805005   -1555.9535050741633  1         0.14266041928748635
3111.2059283058124   -4353.5097520317995  1         1.17370621641882
-4076.4179949463664  9070.406803206626    1         1.0310107818657706
9585.386540249203    -3450.584687650873   1         0.43634028320542073
7439.267956673523    -3012.5136210414876  1         0.6488745482487489
-7339.875264136057   4104.90109267262     1         3.062723937883555
4513.620704077538    -3631.692228174564   1         0.4727463472414176
-7232.822823640349   -7241.637519122178   1         0.20347077575527434
-11064.291523002908  6940.895485275336    1         1.1921911349848413
2669.295260996892    5581.586394758287    1         0.8460865802968849
6921.217191249081    2860.098548288349    1         0.7944519200578405
1242.5560687667657   -4141.43533793047    1         1.0105777167516352
-8278.14919365083    3416.8792193481722   1         1.022502881636772
2457.2438786483594   -1448.999817529228   1         0.8628524996161628
-9751.51985647651    4511.685343386002    1         1.1004046070449032
6431.761657883148    -5733.32641971393    1         0.5321542278528621
-9920.128133548735   -6184.177169186793   1         1.2419841768623023
10796.796842910015   1345.1203384541438   1         0.851736714008298
3406.6446261596375   -6836.520894047651   1         1.2159549238545415
-9679.847293128114   582.466974885588     1         0.9558941684640958
4371.3811687414955   -349.14538118757827  1         20.596624247914196
5388.556526606739    6485.148765447889    1         43.84639986458521
2509.193850657825    4292.8165707322105   1         13.332291974604038
-4530.212186952606   1595.7322597482002   1         36.87502184469867
1211.6809390399503   -1873.5485502571846  1         38.83388915720748
5831.435614137877    -3904.3430245015584  1         0.7443791316763345
-286.144203685605    321.6708225493149    1         0.9729913612419379
-9714.01043343944    -2043.5572474851213  1         0.7722295877123251
-1475.086897463138   8533.233716576797    1         1.0012589320068543
6885.413451331498    -8238.669033509479   1         0.9111718429526308
-6752.3072644365575  -9386.713039802054   1         0.16019138839158395
4532.551910903938    -9781.129406434637   1         0.24541799084981833
1232.562725925786    5442.336489865151    1         0.8991322500323479
718.6332293759588    -10992.006835388733  1         0.24123139157654572
-7805.460316071379   3802.437000230254    1         44.17118392137967
1381.8709200545386   -6545.0847880441615  1         0.18283602665661322
10258.568754652426   -3944.594457094745   1         28.98950782612848
4922.708502592603    -3701.815534195078   1         0.9732728403835689
584.8442433418747    -10478.885175485442  1         0.8674634421947238
7103.217942405002    2269.7571042393247   1         0.9686245905051206
784.6478603062636    5529.307877432863    1         0.661131060406818
8805.477991201235    2891.0865835568175   1         0.39181634548212707
10122.14926617309    3490.4052017556673   1         0.5432119664397956
-2241.69278190824    -5907.812878161073   1         0.14782391854110918
4176.665039137892    -10302.425176609677  1         1.1480184224474492
3748.3877171731474   -2220.3898510706044  1         12.557677497043795
7085.580812804154    -4861.903798631906   1         1.1283680473171198
8772.416955365361    48.74734916946181    1         0.16110627727155685
8279.799565681118    -5974.080728136851   1         1.0939039365484715
5771.514429269793    8417.676540693674    1         0.8430642828346911
2334.0277588483823   9798.71727615979     1         0.9803356356994911
7072.258745688061    -4352.533701501051   1         0.41808544716519036
985.4780162464795    -288.47748852172845  1         0.9568261085752672
6939.102716321344    -2952.820991838406   1         1.071108419482933
-2721.622616466679   -21.86912747845648   1         0.9927974073596028
-8705.321565048615   -3408.9863973526644  1         10.47059814412375
7937.191371471451    -718.6667863988479   1         0.3733687884065455
9775.489965677565    -4820.274749911782   1         0.8880024152367304
1940.6321744199063   8403.460252836028    1         17.704450643480957
5223.439605302659    7545.392771577763    1         0.515464800407735
-10664.498337873629  -1000.7369879742806  1         27.65055879406115
-5380.098660157883   34.307362351833625   1         34.93918191745024
6254.725798705082    5347.311868522029    1         1.1277467727240276
-3472.7619974130653  3874.574807757693    1         0.4579698379258841
8514.536682013404    206.59548228744762   1         0.6288612721143475
1111.2290759198547   -7422.621855936285   1         31.250910678389445
-2733.7479438072046  -8943.42009223821    1         1.0516065345627859
-3660.0412702335734  -7564.645683441821   1         0.5336115051664384
8837.177271190498    2336.5307168307772   1         0.21659294825794315
943.0849857291205    -2655.5553770495403  1         24.713930389766528
8517.837215676478    1774.3340640610659   1         0.6534217141173235
-6528.608385543517   -7299.357955419009   1         40.21529679236919
-8025.183874271881   6592.53508055391     1         0.4088292034875525
-10032.00779861261   -5075.973459110766   1         31.269766734268746
-9038.410721270886   -423.50203055190013  1         0.3065702304416206
3028.104123592053    4402.812270637831    1         12.302062941147803
-10075.458243082674  2425.356757228594    1         26.81124875738238
