trucks_count 4
drones_count 4
customers 53
depot 0.0 0.0
Coordinate X         Coordinate Y         Dronable Demand
4092.9278677909824   -9608.560177331365   1         0.7650522506088971
9876.832190519086    -4250.099984313992   1         0.6845188026046054
-7740.266873959862   3526.285116492605    1         0.902860436444743
7891.968635295094    8143.386031147003    1         42.94394579806284
2303.38546165495     1147.0823216545077   1         15.382391458539951
5689.737552583881    -2378.535593513571   1         0.307768840649985
8499.984202208363    2159.636954363998    1         20.426863175083383
6891.168906187209    -4487.7806877683415  1         0.479758559520192
171.14686786032695   -7267.240234660319   1         1.2163167780484474
1305.418933692105    6451.5852461718205   1         0.6100786719869487
8370.963133806239    5372.694258267517    1         0.672947940057083
8862.615290913678    -5231.346202764127   1         0.9726505622178574
744.3577127223182    -2912.9709365435906  1         0.3186717841939804
-106.10825780430856  -9827.952026069295   1         0.8207397453265816
-4864.3747441756805  1731.8010708455477   1         35.53326460075561
4242.243201408809    -4798.548939849098   1         0.5502612649670714
-1256.8502055718016  -6399.249556641035   1         0.5066560653795257
6172.362173883426    8947.408991858658    1         42.75356581511582
1503.760523755953    9425.362174712378    1         0.43535781428911224
7532.888182790659    -1210.8787295977902  1         1.0787372099356343
-3877.9136008156725  2733.520472229837    1         0.29530993107735987
-1761.8478525905996  -3981.022722877133   1         1.2366613202763257
3799.742751318955    48.05970540516537    1         0.27074588082051176
-3009.9369692606415  12652.109893377617   1         19.139625236903232
-2085.6367715756787  9587.747225413306    1         0.5302247624126711
-10472.658184710468  -368.56156054266467  1         0.8740631049870915
-8022.972095812505   -1135.8602154652792  1         0.6215824393901586
3139.803907677326    7200.705864378972    1         0.6329829462570219
4340.728881677424    1242.1932958234433   1         1.0282879610289366
818.9920897982465    10044.455369300225   1         0.2809248731925307
-2793.816707827808   8567.988664808016    1         0.32447152386493733
3334.552397875256    4709.01271932846     1         0.78574165173674
2590.768870434989    6790.154958577994    1         0.8543945119897323
6865.997733902094    -5131.942528513995   1         28.26601925575415
1696.1977736425722   -9340.570477983825   1         15.02068389410166
6726.550639193383    -11886.896580234143  1         26.96686635665974
-9820.657320034761   4479.250200040516    1         0.6300962317498321
-4955.6752601805965  -7345.067115145663   1         0.12443979452590997
-2932.3623961529365  -6208.654500656135   1         0.4624735055567275
2587.7444501924783   -4458.87528391072    1         0.7886756680342697
3419.6104041616254   -6642.074934768044   1         0.9588901815703302
-968.274336994889    -4884.849646919599   1         0.7866887813153957
-5323.981827141883   1718.1867456683513   1         0.31812286606066686
4764.421349708532    6022.457401932968    1         1.1742305899622525
4369.894778331339    -5627.672889391604   1         0.6718508574790175
-6115.461764978785   4158.549589925424    1         0.13944849766990497
7764.938099771186    4360.3496135900095   1         8.047402745255248
-2797.5731338484616  463.3711846464413    1         34.944314747683116
-9081.589767661437   -1577.4279252185142  1         0.5829587322755608
2625.5079689147005   -9755.266570952106   1         0.39038281745198333
2268.0556761108323   -9210.493501614663   1         1.0816395243236456
7874.867447001378    -2943.7137829730045  1         0.7106513184727447
-9229.340311352635   795.0548016064472    1         0.8361228278313808
