trucks_count 2
drones_count 2
customers 36
depot 0.0 0.0
Coordinate X         Coordinate Y         Dronable Demand
-4972.002907076165   3666.886496252311    1         0.3043713044884784
-396.2034594919107   -3273.6810738193135  1         0.751397617918917
6064.484962153162    296.8674729935118    1         1.102743509446729
-3988.219176458436   -19.81514823412991   1         0.23485841981666544
-5312.606972097185   325.7698752519156    1         0.8783861935002735
-4646.7496853143275  1421.5511313587392   1         0.3609310485521895
4341.838547275225    2384.9872548900676   1         0.7132515305369473
3617.0803497428897   6466.528051699428    1         0.5573275819300875
4779.319185105417    -1861.3967417857507  1         0.7307431149428882
648.7513875957985    4834.818793060426    1         1.0306107372387487
5516.614349016254    5663.008001776349    1         0.14088030696270726
1451.0846966896547   -730.1726039320375   1         0.3816033685707748
-6289.650650990345   -2508.0728831972665  1         0.512586439128951
-839.7823015130114   4203.291366943369    1         29.672055659517635
774.2270305245952    5175.418034172395    1         0.1442035245054369
-4412.175114434668   -1512.4015551298205  1         0.8190386311295743
-1108.0860935879416  -1169.3231863784076  1         0.31099066624298033
-5299.668782292785   -1876.6314557240803  1         38.16264425867607
6201.184668400782    -3864.504232051567   1         0.24067250242953525
359.19758065184396   435.70806179395004   1         0.691488217870594
271.77813178561064   1410.9735690924108   1         0.5508574626513536
3931.655325318658    -3279.6293971277996  1         0.14101194428258287
4143.807174487953    -3665.494363519276   1         1.1484423886565016
4221.053795455784    -4875.933058907185   1         0.3865550845953537
4989.50902031371     1278.346998742251    1         0.18686559289694368
-1096.625525674833   -3293.5987025706263  1         0.7191989119500093
-3236.571804001487   3986.1974048313855   1         0.913931014125567
-4327.9631974303065  -1553.4029719189878  1         0.8677762608539076
-3433.8276442618367  6307.489193211069    1         0.5067253248690169
4238.937362191211    -3551.4982844745405  1         0.5771495903482985
-2971.933158850866   1289.5602749551272   1         45.80958332494817
-1088.8977229452437  -4086.4104198920318  1         0.6314329873310948
4211.343980566979    1311.707905737915    1         0.8662544736518628
-3373.6552788538397  -3170.8878732123253  1         24.39219859771758
3508.508656483722    1048.8543935514074   1         14.317332576316671
2319.0127699128066   -1700.2007711888139  1         0.1938094173978912
