trucks_count 2
drones_count 2
customers 24
depot 0.0 0.0
Coordinate X         Coordinate Y         Dronable Demand
2719.8514217768547   5490.141037585348    1         0.379438614472412
-4920.7396831753     -8593.271529638207   1         29.554142487950035
14436.512583095533   6211.471773744499    1         0.2677429649918528
4209.479467879911    192.73003690851303   1         4.39297504282248
-54.815984030479335  -3126.4058338438285  1         1.2497726239885114
-38.26292395679819   -7396.209986325532   1         21.22269617652271
4954.36399328257     3380.7609431446444   1         0.6170889056855164
7534.025895221554    -4584.342221988586   1         0.21994411548138687
10013.586012402966   3787.0921316763483   1         35.53259358149091
-1260.6301678216323  3804.4851573359792   1         29.724438982614558
7379.025079325731    -2024.392132446306   1         48.5059434169504
-7643.171916581657   -1576.2949882193286  1         0.4779960222931726
2279.496909027977    1134.3204815676108   1         1.2155542525208551
-1068.2146934688426  -4139.139307973814   1         1.053887263351501
1028.9681240415873   -7462.2751729860265  1         1.1381424047745619
537.6288083918913    6388.356854181931    1         0.6850659650983646
-3197.4566634796074  -1869.5781827927144  1         1.1239060210010368
1771.0258991660621   -4149.020994453674   1         0.6062411034596956
-1748.420477452839   3041.743389072319    1         0.8664128228978069
5907.116715594941    8488.88232293158     1         0.8190837440083427
-2975.1260600107016  -3624.4906407191766  1         0.5385460833537525
3062.7648247659163   -11140.96438157122   1         1.1728271187959862
747.556998891363     409.60336057809764   1         1.242624314852452
4026.935204807904    -4724.585310482215   1         0.18524236312988074
