trucks_count 4
drones_count 4
customers 67
depot 0.0 0.0
Coordinate X         Coordinate Y         Dronable Demand
-1026.200767196614   1212.647658177475    1         0.51006897970102
-1137.3714652585547  -976.4835744051978   1         0.29676609195941916
5518.463444830828    -742.3103959619193   1         0.6869269965452223
-3443.7255062499075  6305.807907724006    1         14.063453961337169
3217.855396348834    1188.574966181298    1         1.1157922558225095
-2355.692367874782   3353.1799075481604   1         0.4889630063581045
-219.58537915853103  3081.0979337958615   1         0.10938068234631934
-930.4348151420603   294.5073202176072    1         0.8906983523984864
1165.687910934661    -5353.888889832863   1         0.9566269751397355
2954.4538814359844   3518.858806085295    1         0.7533535665258615
5573.667655631636    -6276.144247578396   1         1.07966868596292
1515.9764570941288   -1039.5589600879325  1         26.85636177227061
295.85100839267056   -203.63780839705396  1         1.1399448695963166
-5517.424919071657   1026.664024426551    1         0.6951595422921959
-1682.1175871210462  -2781.2265834656528  1         7.023218149474273
5169.18772294061     818.8981609613218    1         44.14775742351662
995.4366328591013    -5035.816582806907   1         1.0609248292287128
1960.2417512310765   5739.9432890373455   1         0.48106595737701785
4197.112584439594    -3574.6507215381484  1         0.9441579613164723
-1448.9834795957315  1547.2392037988614   1         0.6506251574098451
-54.09557841878268   -5025.427441918511   1         1.132979085229291
2338.29140023703     -5179.233615602728   1         0.5516503372511723
777.4651996777476    1906.593711383703    1         0.8955732244149042
3453.181331729505    -2699.6655595808193  1         1.1636091621073135
-474.32313665282396  523.219115588555     1         15.601454960535035
-6227.456441581224   6562.955414461532    1         0.28137747956167425
-450.3086498151914   5869.437567349778    1         1.2035608999573595
-1099.3671213643327  1519.3983853574352   1         1.0921953271754354
6698.900130305317    4307.535230082035    1         1.0884065539757357
6591.712861509475    4675.152548272581    1         17.00618371972988
5052.156876735163    4707.615515871233    1         0.14884406366693415
-916.9588892676579   1402.8753584898739   1         0.5133825961734761
-769.2266708113596   -470.9191568128991   1         0.6228092185274796
-2002.0892983363628  5208.607503070709    1         1.1543719389077047
4042.148105297496    3301.0247089806567   1         1.1495423407568488
-6577.028884609571   -2067.180637428076   1         0.7319429638153576
767.0778365227906    5111.525749288001    1         1.006069130680491
-916.4450536962894   -1769.6700601578525  1         0.20964097698819512
3304.680650561686    -3627.9753391692407  1         0.837114445763586
-3586.6472656024853  2274.2576935247475   1         0.24429332870357176
-6617.835844929493   -1067.5432555519449  1         1.2300665013095142
2558.2242854916885   -3068.0754817508573  1         0.5518573951818783
6469.549067413394    4139.517046902948    1         0.843761328309224
4378.627783408607    -4691.5614007342965  1         0.7911521851053712
5906.433388943873    3180.364973473614    1         42.48683634300774
-911.6337372936698   3140.5579571629432   1         0.6324027174281234
-3229.422513981138   871.7674890666927    1         0.5731010259905626
378.189144871081     -5426.17350330291    1         0.44011233809101213
-2350.1318659657472  3268.3838142721206   1         0.386842856295881
1394.162583942075    -3754.236609324152   1         6.974056618923869
2558.519670300906    -5442.511904427307   1         0.8583386410236407
-4659.156211846181   145.38634227093732   1         0.5933576730625411
1636.8926632427308   -4995.863770662209   1         0.4975091189890327
-4682.384075716605   6014.147118304367    1         38.300061589124326
-4981.128821763608   -2988.312349906112   1         0.49666072749614554
710.5672094456964    4612.012635881098    1         46.43523719448935
-4136.245624409652   -718.5564901335398   1         1.1492752377830528
-6678.642587633162   75.8873709543595     1         0.10685907515567188
1159.5298401530965   4448.021675316325    1         0.8204962850323576
1030.0994602167348   5227.202352348477    1         1.1992793013713003
2223.9243010992627   -3095.6417505009827  1         17.49142070430539
1340.5466426291487   6572.893233383244    1         1.0919158267109585
4567.001986207205    -1489.0469741462782  1         0.512177122190199
6559.227214304321    5255.103259472031    1         1.1037845937871567
-792.6548653653449   -6596.079824104951   1         2.5884332909713725
1274.0058751298855   -3707.8989595266307  1         0.43316236735323355
-6309.255319974862   4217.572039659999    1         0.24340670418175367
