trucks_count 4
drones_count 3
customers 66
depot 0.0 0.0
Coordinate X         Coordinate Y         Dronable Demand
-2427.009716524558   -5024.680750198364   1         0.7376848113534752
3377.893415306845    -4334.426430540446   1         19.992366506672703
3256.1465929904557   1240.2744028205586   1         0.9173647151192128
21.412125087301295   5981.456281210724    1         0.41205206947170336
-5267.61961769284    2889.212894354674    1         0.3020636407665466
2611.4540073207077   1297.3008426905737   1         35.928457591089995
-2849.6454666775085  191.8021091684724    1         0.7554622919139127
4783.0335278436405   -5913.99587871963    1         0.6982454891127927
5170.886268697441    -4850.165039715287   1         0.7275849340805259
-2972.7404413661916  -1879.1156578656164  1         0.12081289526730095
4650.302381244919    -1714.2226899477769  1         0.42892442440505696
-1203.2113268699077  388.3927333714122    1         0.9586967036167731
-6167.963897908337   -5879.169613411202   1         0.5553561617576457
3807.40661473379     -4916.450372246007   1         0.18280358844371447
-4873.680855669191   -2349.8665067827806  1         1.161928619107118
1932.3909279581576   -6656.805181113445   1         12.403630093216911
6078.810948479387    856.4193594530022    1         0.7698263232935801
-3340.2795305065133  -3188.0346902278575  1         0.8409412451275705
-1529.03766264847    3623.249285141703    1         1.0634158164535297
-452.1219666521174   -2438.950585353904   1         0.3544473282040609
4449.929944678502    -2164.8827559787674  1         1.2143011157889179
-3576.6289581726523  1828.8102873477335   1         0.3916206774672658
264.52546115094725   -4919.1657489369645  1         0.42548615620064156
6195.484208843202    3226.243324305545    1         0.34590133740628953
-3290.306846803673   4551.135367553138    1         1.208496891233169
555.3360476519856    -952.3565100922661   1         0.8276106996633052
2734.7418100675277   -4695.989580599421   1         0.185837439679725
2862.029720616682    -3970.8110169947277  1         0.8634137151088742
6723.3401693028945   -816.7564016453806   1         0.5442389279123923
-3127.3633415182167  4321.1809413077035   1         0.9852140156185987
6432.147860119921    2657.9652836183373   1         40.44019611946419
1670.6162074532197   -640.7619150470869   1         0.7284249126763139
1153.3167392761434   2879.425626912677    1         0.8663778731420142
6526.980902012601    -1085.8938414577476  1         0.8205067860072986
-1250.528018054948   2974.052258928031    1         0.21181282386737943
-355.68325061662364  -1429.2912454156601  1         0.5099356987236001
532.1090309339139    -1644.6786213144903  1         1.1283433707379285
3941.792023423598    -5811.652319996488   1         29.068869878931174
2425.442924401902    -2873.3604557131935  1         0.42277148911220974
-5080.941610267748   -6041.370005654965   1         0.5460744647198816
2245.421671248452    -121.02868178596903  1         0.6817510636453271
6415.999746632872    1693.1956396635296   1         1.1718706355364183
1278.2532052286751   2997.2350575313903   1         0.5424055056803497
4378.31410439858     -2307.2453634783765  1         0.749395276284945
1480.241069138068    6584.737670246308    1         0.9080996667817824
-4074.1571164490147  -3579.039085364985   1         0.6679240928417146
4487.64952505458     3809.135272576292    1         0.6188111321685402
-6534.836231534706   -4954.314851680928   1         15.94901843256486
-2742.286561311192   -1168.9393104118194  1         42.1330954864667
-5207.712500251254   -6359.416827067123   1         1.0489091462943967
208.366971806707     979.4080109418416    1         0.11661355138473381
-1474.4040279655444  -2649.259454836572   1         0.7508132267190203
-6199.767602370602   6637.576715486737    1         44.288865901652066
-2594.7168040857614  -5487.0702789376555  1         0.6266527337545419
3472.516896657361    -1774.3407211831882  1         0.6510992085443065
-413.92488853096097  -1624.796948883834   1         8.842680812260182
1325.5401269332726   4423.384179661535    1         0.20242097734971104
-4699.478551359928   4318.896788177344    1         0.8741758887800806
4027.746669529821    3634.302883626579    1         34.84811270125551
4563.0501970561545   3713.2241965487      1         0.560551779927145
6624.686075945688    1153.6191736698845   1         0.26899704625381804
4008.2575220470994   4773.159197355187    1         0.3032431002055328
1935.1306700156426   4160.793880481441    1         0.36852635953789303
1193.9075618643967   5229.249551151337    1         0.2789829221078115
2534.0544407297007   5678.01168944127     1         0.922932690245161
4713.322545937308    4407.812659650446    1         1.0627426712865442
