trucks_count 4
drones_count 5
customers 46
depot 0.0 0.0
Coordinate X         Coordinate Y         Dronable Demand
3743.6469332106303   -861.9716628826382   1         0.3155313650477405
-1274.070048155707   1277.62097790466     1         0.8496325097676344
6768.922304029617    7888.713947059149    1         0.9918356749609261
-5861.145654576065   7412.779538283902    1         0.3208361081837938
-2253.797577339308   -12590.677382857142  1         0.9444516859513252
-9105.4117292686     -4805.8207735641245  1         15.229008315802318
1700.0177204853283   -7959.86742846605    1         0.5283778355689728
-4443.500400924726   -13102.400420542117  1         0.9213650224560479
-8761.442007503068   4160.366738086795    1         0.35443268858800536
-4461.827099392462   2251.0109395985864   1         1.0329779648603858
9015.424889703834    -1986.8774074281741  1         0.8238072207447209
10895.226302159943   12744.082589901704   1         0.99267866435405
-5811.312531004031   -8533.010109281038   1         0.8085893705501652
-3742.2568477510895  -1536.447274625686   1         0.7126673986413957
-11505.466279606648  15405.03809225891    1         21.22698718578159
4570.5039943809      4926.082700545109    1         0.6174357568842154
-2044.3720018748286  787.5697569795316    1         40.38093378338789
2125.6313209311606   -2361.295768267933   1         0.14139885699202842
-4583.397721455564   -9721.299939342707   1         41.38687508878674
7319.58610279173     -3911.303655351598   1         47.49737422692812
-5989.953844705394   -5871.920617864141   1         0.8209747206492752
-7871.853204357909   5673.185551466095    1         1.2413181586066406
6477.999445707543    7514.670589735018    1         0.35292294799829893
-10710.069085174448  -936.4509678726805   1         0.9444555688199223
-6647.399744497166   -2205.295011243007   1         0.5124919506186448
13066.106779300775   13360.91663156404    1         20.462912752554306
13552.954292048002   12895.609509921815   1         0.3666610172174618
-9526.373479212118   576.5376966700396    1         1.2423903452875469
7262.003278360788    -5308.099558305193   1         16.40209093063943
2055.579550405834    -10407.401341691088  1         0.34372260454905734
-2837.404502852908   -7325.959086959885   1         0.4618983618184821
-17797.839175564743  -3249.3792302349502  1         30.583991272291318
-1341.1582469942896  7528.330037723794    1         1.0069507320687585
-6036.51330958725    19309.066150195205   1         0.2016913480864727
2264.0631944915144   -2823.154392040121   1         0.3246047410324935
7015.277505684478    -266.52093777114027  1         0.16169733633773709
-749.2082077611994   17629.380699057067   1         14.799995441528026
-892.8224891458492   8478.750142532936    1         0.29885620887457365
-994.0228515106785   6081.883480128699    1         0.6456723231184281
-2040.3152598727138  -15637.125176259284  1         1.1788302377144408
2825.782128625393    -16235.290518147216  1         0.7969440237293455
-7334.6068136212525  -7203.694562409111   1         0.8286423888280304
-5766.2125870381105  -2201.844459089627   1         34.02277237727326
11913.510892868133   -2361.2949969507827  1         0.8052571860816954
-10116.267675539011  -92.15752718421221   1         25.718428427676542
-6725.283229982244   2582.629546873372    1         0.9313404145092982
