trucks_count 5
drones_count 5
customers 93
depot 0.0 0.0
Coordinate X         Coordinate Y         Dronable Demand
7460.84053690261     -6093.2991408898515  1         1.0724328198648578
-4112.011697741453   -8616.255195561278   1         1.115623969355326
-7498.743938500544   2083.500824734383    1         0.30576543749869234
6210.298987418644    -127.80664419997461  1         0.20617898829877818
7493.122041843264    -1641.5096575699354  1         0.5356930105985362
-4472.37362873485    5437.239587902199    1         0.8230160814612311
-7171.164904603345   -1986.891234684938   1         1.0826172691531075
-6761.83731032609    -8041.240226652315   1         0.8672589509828975
1062.2089303877196   1469.3836037342044   1         0.7256848397181028
-3377.0768238563514  3126.1789745522865   1         0.1439129824141605
-2266.414787115726   -3754.0595847507298  1         25.69359245319498
1466.4548858065734   4906.027940035737    1         0.6789062465346014
-8702.614309518165   -2435.3623750510396  1         2.937769053741384
573.4894303825234    5150.649284489391    1         0.514851478055142
-5202.752553851321   5835.625579104264    1         1.039732393003099
6877.625511254835    3300.381396250872    1         0.8956794846658765
-5156.388593660091   -8560.102682555209   1         0.5834912458897348
3877.6429633014554   9085.556470749225    1         0.9527186560179077
-1912.5275240362546  7969.639346890834    1         0.3259198597349761
7790.323827186254    -6429.210630550339   1         36.45886511435906
-2342.0309050303613  3571.9652237203977   1         0.8659936765609736
-362.47144515696215  3329.705620321041    1         0.9722163271235209
-7979.154407280845   1712.9633449651665   1         18.451177654103454
-6224.525981079116   186.7741875724878    1         21.322847853396762
2075.349141246447    6373.188163415179    1         0.14099506527423697
-4778.564155512157   -6190.9725686078     1         26.016907464137837
-4128.198066747625   -3218.563077634755   1         20.92278995213303
731.1162986336944    3599.8692678566836   1         43.99952264525742
-3003.0524753845275  6556.005143110466    1         20.52205076058383
7579.248798298945    -3248.382453732785   1         0.27250349067583135
-7417.354812860274   -2618.4616555580637  1         0.7243493351631775
-4671.492616066393   -918.8020161719809   1         0.7365359376497175
7975.253603968824    3575.5654576270636   1         0.670422732605192
3226.6019317781306   -6287.343174439176   1         0.5131006580403508
4544.965274445806    36.7578685856124     1         42.84826717081582
-1724.6566196247431  -6006.590961639132   1         20.259703159807124
-5442.541707172531   -9411.412325122701   1         0.5138625019195716
-6774.380357728927   74.0313879760271     1         0.140081600944223
2551.0994911602475   5894.67650717016     1         0.10181934171076146
2808.8760722234306   7658.83588648386     1         1.0512411953991507
-1284.5507488576457  -5893.832699485343   1         0.4295151825126824
-7925.617405382112   6683.157399792846    1         0.714091371088187
-3063.1100002390167  2566.177484180313    1         31.282671631427895
291.4812316956906    6651.730726531346    1         0.2496446409311861
-4589.421492513816   -6341.835785429308   1         0.17323570413095962
-6150.318298847243   -1089.1140290463607  1         1.2351004141344746
-1479.6658310407838  1693.2597325056283   1         0.504702521478352
-2151.867482843634   -3524.161545341135   1         0.11233030861776803
9420.738893571779    1761.338367203726    1         0.15209046461995548
2025.8563682873448   -8445.549943020596   1         0.6150044552616762
-3693.4230246882535  4720.182252128945    1         0.8643691414381627
2363.6577003475527   -4740.245959688458   1         0.5345053662057349
-736.9857175725917   7322.923133282299    1         0.2392166944225602
8822.37069763868     -4614.350051756328   1         1.1896011273722666
-4502.115572278037   -940.4290422968041   1         1.246060026576842
-7163.780511730478   -6104.4730496734055  1         0.7184511276686664
-5324.384223257408   4088.268414651127    1         0.7268384669995468
5021.9633415539965   -1937.5605396727676  1         0.4791157068946824
1896.380961955823    17.271238910267382   1         0.22552054858815757
2765.4025845801784   7546.8175743451975   1         0.7823454565809789
-1070.8498461059648  3302.391072950143    1         1.164617788910261
4904.3838510658115   6406.567032820973    1         0.2740617131462085
5466.844946998456    6680.156279158211    1         1.0088113768173286
-7139.648586558137   1649.7394974415652   1         0.26463038368096314
-6138.931269819179   -8410.539225302864   1         0.7634082043637236
6589.702200391901    -7858.332412027804   1         1.0944700395358864
-29.915033989621097  2952.654190117587    1         0.37790230924809654
-1734.9352578839537  -6209.653468966802   1         0.3344683839625508
-1530.0868483946263  9448.920572471085    1         0.5467647266836281
-1610.4535147378092  6672.194580317502    1         0.25937076329732034
2835.880347698827    -1140.828449874487   1         0.2614875237540591
29.820536221855928   -5800.663845381831   1         0.9056092655699598
-5518.074001329116   5690.2643292242465   1         0.246424973567343
8254.14202628274     4028.3616436768307   1         0.5149010217721717
8308.414153605972    3110.455706986526    1         0.9495221133768554
-1084.2089391869781  -2954.2440946969073  1         0.4246249237707235
7165.031583333877    -4226.2277801060945  1         28.051665512905743
2057.5831031547077   7615.273655658065    1         1.013620489118459
-6043.212764244954   -1220.0743720516484  1         1.0015417594267861
3487.740103863468    -7237.155033651092   1         1.2398839507626886
-1092.0238398331335  8538.850968944585    1         9.708586168212069
-5526.272939897517   -895.5291705265573   1         0.2107976648447697
-5041.4911862774925  5922.92203589089     1         3.9335589306771386
-7056.927596713931   -213.33957193219612  1         1.1815022985142274
8449.945497103088    -3882.6966634794767  1         44.394442655927676
439.9302677905584    734.314966066482     1         0.15974124476051355
-1250.0444381914244  6161.3709032901      1         0.32741564442900806
7638.816285244058    1334.7451408361628   1         0.7974072598358055
6130.102856246201    1075.0972877209297   1         0.8754440202252736
-5560.618315805438   -9428.038333068976   1         27.14275142322411
7589.615291006811    -5981.193783592866   1         1.0360638543718403
5411.270517763263    8578.35583791471     1         30.764905301623344
6271.954499343912    9068.686542046307    1         0.29509626102228215
