trucks_count 2
drones_count 2
customers 33
depot 0.0 0.0
Coordinate X         Coordinate Y         Dronable Demand
-3868.127150699937   10162.577621587665   1         0.1621346622415542
-1675.3938861711522  6742.106455835076    1         1.1775627716048465
1567.1345659992382   1080.4741847310029   1         30.381183649975934
4195.743149794456    8786.731001460788    1         0.5024743124784121
5314.383232105237    838.9191881468672    1         1.0278534371686898
-5226.789094996464   -4975.839234730086   1         28.437443941942373
-3667.6369136447124  2496.2795842970013   1         0.8077306830634581
4899.911082601072    -381.62482167297094  1         0.21516056466432432
-5267.638591992845   2616.6276302474516   1         1.1134607079287802
-900.3859572778657   -4425.700223197511   1         0.5848486181632738
-19313.83637543873   18266.652966493046   1         0.4691668313376369
-1930.8323802805967  -5429.551989075955   1         0.14762923881264386
-717.4755631978275   3459.82834693616     1         0.20316898570304953
-5232.3772695703465  -13562.021155297385  1         1.2362039066238926
-604.790223551165    -1577.1750229500333  1         0.9929403612630362
-9870.406965774215   13584.282149449751   1         0.5740067661676219
-6261.165012901772   1099.9092198818412   1         1.2157517559428244
7059.072933559067    -4541.870456760426   1         0.5375784955832724
-5305.468970788935   -9444.955787300212   1         0.6772495373856884
3593.624472916701    8922.921534596142    1         13.25935774049183
4166.051983469737    4693.165791061034    1         0.45203486918148716
-165.9122549254489   -6220.258076473986   1         45.24692570349087
6257.039444449359    -208.558731039869    1         1.1452863759755396
4267.203634591016    -1056.6990121413494  1         0.9752486360932914
-9031.090979462884   -5751.033155901201   1         10.498061090333515
-1657.7455754771738  -3568.9057413495257  1         14.617753679348816
-1251.3393168439636  1844.407010765147    1         0.7047804637044235
-5164.61602110285    -6356.532910397953   1         0.8635948717645285
7330.673870369996    2056.4669781848115   1         0.5518385708021599
-18717.047070369794  -16632.84959712604   1         0.6319973152061427
3082.990551837858    -9883.610154660846   1         0.42095197582808097
2873.530911421287    -3090.191800898007   1         0.8334441225232732
9265.453584322695    -2558.067227354268   1         11.808520803113689
