trucks_count 2
drones_count 2
customers 36
depot 0.0 0.0
Coordinate X         Coordinate Y         Dronable Demand
10083.270514275802   94.7748871992917     1         0.2933563511307819
-5329.661071275679   -602.6372105952433   1         0.10943485516720206
387.5209182360806    9975.27003091609     1         1.2120919329116981
335.0416507201383    -5685.305157996576   1         0.5940260766522152
15596.109542255552   5445.603142602562    1         28.81781975739606
9081.08105234896     -5146.691493437456   1         0.5560543474294319
-7799.922892495019   917.5177818284004    1         0.5894988595797357
9922.008455393645    3842.0063335254654   1         48.23523632706736
-4633.431539630588   -7669.865370501903   1         1.1791869836373616
-9839.210003509295   4722.544237639368    1         0.3714395413923258
1437.3364569655814   5156.028162112401    1         0.9100696175762016
1402.9465648345163   5389.131427479664    1         0.5216028901207826
1926.0227379846488   -1600.7709791031925  1         1.1354305513375973
-10486.600124165798  -436.227521146684    1         0.5800761011048967
369.29936501195994   256.4901859541322    1         27.138098236803977
2344.859495584483    -1978.4427532547961  1         1.2161172214333333
8131.085822058894    -7316.98193837435    1         0.8454691433980737
-10199.170166532847  519.7481348106548    1         0.18880080793637805
-2303.2956334837777  1685.730086639383    1         0.2730690067604032
-5106.756049110716   -695.8567900911079   1         0.3841561284778303
8516.277790275417    4119.522606293737    1         0.6617294053196588
14066.300200212889   -9215.311044298593   1         0.839672219948317
-9604.707453616486   -2340.3145506738183  1         0.7616855597014817
-12068.925630503474  -2024.829237339367   1         1.1557005669808422
12225.957904684441   13508.335299277092   1         42.89178249483083
-13450.074309404754  978.0264103807895    1         0.678506413016541
-3903.7864841478618  4182.220091630702    1         7.140651724405797
-7517.334324173034   5999.2166487019995   1         0.9859408913891924
1023.2807663716662   -2532.708146727841   1         0.8957862412731193
-3989.3834409209317  -5272.370114496184   1         1.2466664741627498
4030.671668288409    9713.867538013832    1         0.7667609739510087
2334.33851871382     -6942.526115349551   1         9.621614386892375
-3582.2998158946757  1003.9625155429353   1         12.762142074424693
673.2720088193961    7675.5191678059155   1         0.9944554015438644
-1496.4662706276633  381.1741747147779    1         1.1824712926281566
7748.492690185994    77.79374967351521    1         1.0840376813820165
