trucks_count 4
drones_count 6
customers 83
depot 0.0 0.0
Coordinate X         Coordinate Y         Dronable Demand
-6644.3638977425435  5453.245515926587    1         1.0289597402487929
-4150.379794539473   3579.994086446403    1         39.940148287616964
-869.4243151489231   6305.506049270023    1         1.1504209916766595
3301.2188217330813   -772.4555213165659   1         40.84519664799334
3242.513558621388    81.4638818113118     1         0.20037286155624168
526.4168102843593    2732.9382231774425   1         0.443613907082818
4425.396598389873    -2445.2687594800627  1         1.2141599982762306
-524.2977850913516   -2325.5261227308697  1         0.20346602771110447
989.4529268114287    -2475.597422453594   1         0.5800471130511651
-3451.1402091909467  -3594.4169136605924  1         0.16264796795919353
-164.15346864133556  -2947.702807990711   1         0.8994350462999473
3580.715241442321    -4523.031281881364   1         0.8286079069075557
-1565.6944098578042  3262.908922386484    1         5.705597640113602
6136.966264182525    6271.10538937622     1         24.191883844703227
-554.0518811776228   4148.184358905929    1         0.3591633141920685
-175.878168967987    -5872.984200531447   1         0.3866552246027153
1213.6477791553848   -1408.9658345538937  1         1.1081648518435943
6582.66043688622     604.3984798707642    1         4.1819021000409
-6515.085967305358   2081.3225296234823   1         0.7831045690063179
-730.0724459156055   6501.042334714516    1         33.01875139537506
-1339.951041715751   -1570.4756827204462  1         1.226266482795773
3817.0355946227733   -592.285874978991    1         1.239981764137652
-6696.572943831983   -3404.1073084951686  1         0.4555347514203496
-1073.7756608856484  -5295.8070121486635  1         0.5449896198550179
6630.877698925396    -6149.6840942488225  1         1.0343296992040056
-2038.4027674344843  -3136.12298456043    1         0.26306496847923366
1857.680252628948    6002.053095388101    1         1.0531503322069036
-5334.166532229183   -4558.370080953774   1         0.2565210309652227
-2379.8426312759148  -4518.010785618107   1         0.9417072904912615
6314.901585376559    -6424.1346930462905  1         0.4508261587753376
2172.560394269266    -3502.6766879667684  1         1.042479475524322
4697.445625783053    3040.2981052956134   1         0.82004219518711
6226.347201228659    3748.0227477098224   1         0.8862728468699808
1159.242743751343    -1428.9443477269267  1         1.1775935303298848
3952.47963768133     -1058.9010526638667  1         0.5597760378959434
-1709.988337828261   1104.297458242572    1         0.9907130906808502
6204.696688181115    -825.0578343688276   1         1.1323312299765198
4955.47925064575     -1483.2201455693896  1         0.3273488246287697
6123.88586494512     -6379.386015792995   1         0.8943160029389171
-1362.2000393515098  1780.3321086541605   1         1.149445981541211
-3629.184639715087   -2726.126277493628   1         0.33741261617153284
6569.776745353166    756.7342370723327    1         0.31208515712604623
2042.168761330861    2374.486590238364    1         0.44954845343664873
4410.298626066699    -5844.66976378294    1         0.5554072710899239
-6333.62530618357    3711.2643438070377   1         0.11436006636149285
2586.9440897306413   -833.8291814879105   1         0.7606187379812706
-197.2882955366813   3119.426459703226    1         0.1344655753969062
-5471.771126154642   -1416.656133451797   1         42.15080870395585
6696.748676559283    32.38117956642263    1         0.3386739499208013
-4284.446335736511   -5171.095314816843   1         0.7059916752778304
488.38677881473967   818.4776628729478    1         0.9320828991673711
3721.645239065031    2448.679566995047    1         0.736603563991213
-5858.9790452583     3637.002381291838    1         1.0851950555301497
-1804.7615649664103  -6467.261797062769   1         1.1287355224415443
1857.3768377311337   -2907.7976165824025  1         7.377073643182448
-3445.627517204077   -3444.334694765941   1         0.5856134708400075
1621.666763104637    -3392.473718304734   1         1.2359295818408338
-5453.6953429138175  6683.958303637197    1         0.9955113095948945
5880.642362940481    -5905.531392730508   1         0.3571051093971921
1081.9216828291278   298.29223259573655   1         1.03588051705584
-3261.6509911764524  3440.586653766745    1         0.10666640257337918
-3485.3665499615004  6332.929676350772    1         0.644427505025981
2094.664587244237    4411.490730385463    1         0.3495424479942864
1333.4249669774813   5199.16197810709     1         0.8359895129164067
-3919.190904265458   -4430.524041392075   1         0.9503808690448958
2088.524613499405    -1235.624991294586   1         15.919032475980684
3475.07396674328     -877.6102971496551   1         0.4085641413715325
3205.472049911848    2082.3862166926697   1         0.6561957743439334
5717.47009949027     4810.326664313982    1         40.80665902118624
-1429.5684270973904  -4792.426256902814   1         0.9173979187105726
1322.1904175810525   -1528.048445687891   1         1.1699278052185924
2609.6908231344996   -2953.5393584274234  1         0.4572894964367735
-5740.476347159187   -4712.22329037366    1         0.4889660664894081
-6152.971234284821   -886.7173460584775   1         0.7872801678771205
4218.244309126351    3851.891621940459    1         0.276579259361296
1448.3090587680258   5514.131216238788    1         0.40514745803977736
4349.609481799942    -1156.7904681123664  1         0.5272499430606229
963.771927034972     -3545.3501168612024  1         24.07545654037949
5396.739416252237    -148.21814746583186  1         1.1860824534437426
360.2724641781705    2153.5826705927316   1         23.1569434831793
3260.125325504171    -1411.824610465386   1         40.28703526581686
-5521.641387387225   -2812.949404904755   1         0.6688788046747456
4467.537113748048    1111.6096059481615   1         0.2506635460478386
