trucks_count 5
drones_count 6
customers 100
depot 0.0 0.0
Coordinate X         Coordinate Y         Dronable Demand
701.949973841889     -1295.9913013565529  1         0.48233416454999833
1896.0818543926507   -1458.6840948772     1         1.0207652161030514
-4998.500312303388   5721.0006397688      1         31.187337946320582
2975.4013528516607   5504.064980346933    1         44.78944090732509
-6607.810181272448   -3079.9948478450697  1         1.248042740367395
-6635.548616707136   -1037.5793034044423  1         0.2722482264584608
1703.3683646816528   -4963.408381949247   1         0.5179956350728618
-4056.397971709007   -3586.322463715258   1         0.3903483601155704
-833.3349162353837   996.9162999601538    1         0.8153180365218617
2675.351021584434    -3729.1291572832715  1         0.3424891728171845
-2653.15166977198    5641.941413256929    1         1.0507889534327421
4304.005096359671    218.42220675986118   1         0.8607821292892416
-3910.302515134019   -3663.7068776917654  1         16.73829851247535
387.1521214189847    -570.4811099947922   1         33.32350191957152
-3005.0891138468123  6439.062840369806    1         0.8660381626379531
4466.171346081371    3282.251232909682    1         0.7897868454260308
2034.9610355097475   -398.7056077866989   1         0.38489610477311464
-3896.863757478329   -1421.1116608637512  1         0.22209578085463091
4173.660442490651    2467.7444044011095   1         0.9759158097030581
-6908.952190126173   -6179.068121775629   1         0.8235463837166732
1822.5899405250161   -4562.556799524084   1         0.6542184076083649
2639.6067754287724   5137.039593758798    1         0.5468640269257912
3905.079744543949    4131.214399606575    1         0.18080026465399002
-4840.718495346187   -5582.467569605684   1         0.8592363830816933
-5822.584208892463   4963.351961736135    1         0.434647481342595
-4048.3229945209428  -3271.59223125984    1         0.8214859495179746
-5175.511595918208   -1795.4377236643695  1         0.7997213609991708
2371.4338809953783   4481.378088690148    1         0.9147357324586589
-5118.672045006359   3933.3103942631333   1         0.37570239432791264
2373.569673203855    -713.1373164475675   1         0.5714317943549568
-69.88595722032011   -6701.864278327288   1         0.3058976796074318
-572.826085533677    -6329.421838908227   1         0.7338047294819038
6486.6840807810095   -4055.4763125484305  1         0.9438988548542669
3801.7346073106232   6242.205622991688    1         0.7641559582970853
213.1926264770776    -1728.8810226951034  1         0.6784848254039214
-570.7169469256683   -2838.095061153591   1         5.525978595723699
3446.5338573545923   415.6498870887232    1         0.17111264756461517
-5096.755810091452   1165.7531990808368   1         0.3570120835206505
-2266.158889535737   -4470.901673493909   1         0.35918809662907747
3800.8990238154156   6173.2038160613365   1         0.8912913707269378
1042.491154665081    -4055.905008142559   1         0.5582180623515777
-6296.43488117699    -2689.7978909051826  1         0.7615668839466717
-1073.904929512354   976.7053824655507    1         0.9514121027932342
-3859.196186514692   3402.9209551235554   1         0.16673467234396389
3902.5760172238065   6119.816725871372    1         1.0495310019836352
5089.377618837042    5178.477014818863    1         0.31569942144314334
6663.397029689169    6454.908700214158    1         1.004950911169349
997.4701766226099    6718.061314846302    1         0.20224942702478532
4892.315488063919    2440.582670569829    1         0.7835948482130155
-4363.591172150963   5112.61175284201     1         0.2658540142636139
3353.6326293344628   1186.648652853838    1         45.642727680322515
-5348.9528961639935  -6448.574697330226   1         0.22678944864785558
-4342.913354976575   5411.641247709948    1         0.9412374474759263
-5397.19357726298    3834.4873519188304   1         0.6623758335961278
5245.608414205013    3404.5354252512752   1         0.7958889560772481
-1635.5585124022919  1229.7262666577415   1         28.171390597976462
4293.660269058448    -6172.349888433101   1         1.1971746064132143
-1080.5008156495146  4580.896486577068    1         46.23639992981361
-2422.840287337119   -4848.207585497088   1         0.9693307348219512
3624.0426415065913   -953.946993000097    1         45.475616404416265
2726.5633160147936   -4542.975167684381   1         0.28487271891515575
-3687.880485435454   -455.6679274912576   1         1.0966961784628904
-909.6197702184115   -3219.873216537028   1         0.18178177650241195
5649.322583891378    -2152.5260040448584  1         0.981885681327805
-1980.7293581754018  -1687.6737095335243  1         43.89082018104389
6468.305255050434    6143.703546525672    1         0.2701500681291135
-2800.917579282033   -5435.075161223666   1         0.3904134479606328
-6350.228068101923   2638.5706835147207   1         1.012158894618045
2558.7402005464037   -1213.6371062866676  1         0.9545652255207133
-72.36765970921425   784.9322302291404    1         47.34505121780809
-2024.036530368188   3951.9156484286686   1         0.9893920867723202
16.858649464124028   -4438.24067156618    1         1.0954305611076267
-2144.9193926045346  5143.045850855644    1         0.18884124487729995
657.6569462197066    6316.485806726998    1         16.40235599594873
4808.795612336661    528.4116625510654    1         0.9988991635450845
6856.524770917197    5015.137134418305    1         1.1137765240326176
3027.0220045250708   -525.2751786830311   1         0.6480525011917633
4195.265240309187    -4908.180359575835   1         0.6060669848436764
-1109.3934149200543  -1045.457309785502   1         0.4988111793664082
-3234.2600258936463  4352.249924255743    1         0.21009312349686993
2928.723739534804    -1159.272707081232   1         1.1415653417745641
-3612.981385418626   -5463.882985798969   1         1.0326537419777948
-5492.846683816667   -1267.6296718026683  1         1.138483408585119
4465.021109026344    -4036.9745210406877  1         0.7102419525787304
3080.9085711925086   -3566.246534928293   1         0.5324754259917702
4664.591864250513    1714.1347424124388   1         1.1358046625024154
-6151.854055034099   4114.565435591164    1         0.41624297911971875
4030.0606754106416   -5764.6465576322735  1         42.952757084019765
-3376.989964571434   -3849.444778050004   1         7.14972637721163
5740.941735323253    4822.972671281681    1         1.106019823247644
-2744.4420400209174  -5930.060601632612   1         23.024653912465
-2922.6129623702127  5858.904704078397    1         19.943372957248606
3564.963318665508    5011.863910985673    1         0.4472846252704993
-4563.280734244868   537.5491240885934    1         0.9477480912672033
-3187.053264504382   -4487.051295733132   1         0.8255429628973774
4087.372000386851    -6114.464137127107   1         0.13484720226686955
-6688.815970457589   -6266.6338228534705  1         0.5486313502544066
-4977.603343098971   2225.4859696042768   1         13.495902863010995
-3215.8971175476267  4987.370108323931    1         0.8774130944511863
-1046.5277417916143  -5125.396633987487   1         0.6556032933870013
