trucks_count 4
drones_count 6
customers 82
depot 0.0 0.0
Coordinate X         Coordinate Y         Dronable Demand
5007.641310233478    -1743.2202779036681  1         0.9835160394576895
9120.801884409444    -1706.7801641860162  1         0.5086002103951645
1717.4528228976963   -2672.1021674161307  1         0.7658431159167033
450.91652547905903   303.08527088113055   1         25.226829966583374
5765.458810022927    -9951.62689082704    1         5.882446234757575
5933.858529117094    1138.2206990245472   1         0.5825768666361587
-773.638474393043    7369.126322932745    1         0.4835991669992463
1597.7189339426823   -1827.5860437890897  1         0.21965403106145365
-5033.592950858364   -7570.813380305026   1         0.9872608271961906
4686.9442677243105   -8771.381659062725   1         0.9153703524232416
-1857.3003545171453  -5137.779382336724   1         1.0221824891452573
4864.391987189392    -4959.09114081969    1         0.7909378659111052
-2204.214251001697   8577.468572912316    1         0.4288369117021067
-984.7198691628114   -70.66983891735843   1         22.925119907362213
-2474.551921532156   4922.467303460272    1         26.735886727334826
-7071.592338570743   -7485.466471994609   1         0.5995375751190057
7472.282819771799    3795.719340654335    1         21.16645637217977
3347.3068144870713   5411.0153166989785   1         0.6927568061422887
-54.70883866046383   2661.8327818295534   1         1.0507872340790183
2126.0909812585087   16065.312910399007   1         10.113371686414954
3633.79200626929     -8967.339605415487   1         37.1884678806501
-1974.4953077444286  -6028.781954173166   1         9.088375565545105
688.8629872027414    -16406.98089039912   1         0.27185631710662383
1430.3361237677764   -4514.053157872572   1         0.5659767958235301
7799.807368199428    -241.21562907392584  1         1.008191689787904
-9748.229058644523   3672.4586986862323   1         0.20215063553525803
-2802.977650021797   5807.452217234504    1         0.23532913582378973
-7647.928255985349   1557.1258376146616   1         1.165698776863838
3097.178017120596    9082.458908550978    1         28.17081000408104
-9300.210106824186   -2676.586719461451   1         0.7895895497394384
3570.2309317478475   9307.226677724664    1         1.1170585813754976
-9170.235535011043   -3149.459522526929   1         0.8149639792147582
6335.855848921572    5072.018086095904    1         0.8666468131801026
855.1603814503388    -5113.535271788099   1         0.8942496638465448
-1369.4201658427041  -10477.860366395775  1         0.8989311555208493
-2172.8913303583918  9441.627729816077    1         1.2000839562817298
-970.4795219377424   -10514.93502897632   1         0.9817782983511256
7963.425300423899    2587.5607081595003   1         0.5884708419656961
4298.372682749185    -7126.932648020045   1         37.09552135151434
3286.1178145214817   -8035.459493113513   1         0.5693172745483528
13879.851680072832   -12125.644732598636  1         0.5385818705264465
-3411.162544176247   -7124.10331663412    1         0.6487484577440366
9990.168278562309    -2532.579113700527   1         35.84417109586103
-4307.712674664728   -1648.961111540521   1         1.1799821184207866
-6240.819470734773   4544.4340084244795   1         0.6137589655562264
7631.96988789077     718.9229480659658    1         0.6764763677066438
917.2894040466222    -212.98665995998084  1         0.950102957529861
-9489.265350401834   -279.85185365741114  1         1.1892345771075714
-5970.270564584105   6928.569130226279    1         0.43304088178152855
-257.62432916055127  -8096.0523903041485  1         14.573852008871212
518.2910849376411    5439.133661116831    1         35.583738069864694
-2053.21723147935    9174.327219587185    1         1.2073810481899656
-6258.549684795139   -8978.368890193928   1         1.1258680240449994
10777.498323578538   -559.9970755556992   1         0.6426982247032694
-13958.0062265991    -15839.988570926636  1         15.39057336661959
8475.567605147335    7212.696349850659    1         36.887404617858756
-5868.634015962878   -6565.612134570054   1         46.1517869831984
8395.319413789795    12702.677254716968   1         0.42523551712909524
-15333.962970033215  1292.0746397688963   1         0.717876921806109
-7718.093787331029   7725.305829838657    1         0.1827679087566188
19204.134730505975   563.9030519636217    1         0.6898530793743759
2449.0065633178665   -6217.045134650417   1         47.06726195030191
283.41212881812424   6862.836950490831    1         0.21951148330546538
-1530.0374371802716  2257.294857659712    1         2.596203653187237
-10502.887894464322  16130.656067499389   1         0.21974960435692825
-1307.3235981040684  -10304.43400614242   1         4.2037243181492165
7760.594134026382    2426.6269434253745   1         0.28524719565971524
1916.4447337858421   9945.408669639972    1         42.76067575409027
3918.8630103185856   2694.6517133762195   1         0.18158060739541595
2522.265105183647    -1687.029502512267   1         0.7910590384991927
-7487.3525044163725  -3601.405650583903   1         0.13391311136757977
14197.659416498791   -2768.0701766165657  1         34.10765796276964
9944.638229371436    4090.203775026962    1         0.8810079263283919
5654.828311652881    9302.872923725443    1         0.2711937624428813
-8111.104563448251   -1942.3113146187977  1         0.8646109938893877
4190.661353659742    7061.39223138103     1         1.0562317163008799
-1077.142604102747   9746.877616368605    1         0.5732907261428343
-5936.477005992763   748.8667408019974    1         0.8870433268541928
-5209.720739074944   7297.343479023103    1         0.358623246159277
-2297.7082368505016  -8931.277966209067   1         0.9053315624959968
-3738.849503161765   -1997.0729794335432  1         0.9606433671599115
7919.607020886284    -4383.87052567777    1         0.3675101642565972
