trucks_count 4
drones_count 4
customers 49
depot 0.0 0.0
Coordinate X         Coordinate Y         Dronable Demand
6397.560720358271    -7630.339874614568   1         0.12631340111987424
-1820.078030114135   -447.595291647612    1         0.5227112374118722
-2760.8640171900215  7970.188963600397    1         1.1764486504322615
2375.9135358977283   -2688.700164625503   1         0.6257470435429245
-3390.817215339216   6628.124704929407    1         0.7604952108394006
-2436.620276143746   10583.111465937138   1         0.5698986578566859
-388.482400228875    -719.0340496364647   1         1.192442143283818
-664.7927592561173   10995.336254568874   1         1.0330959413915335
4998.471079814042    -9591.096124569704   1         1.1608950891272065
-6808.650180083721   6432.272674334987    1         0.8156211687585558
-4806.48409469709    -8763.551918164172   1         24.760306471374093
-5731.26541920427    -2130.2446198843477  1         0.29250482647079945
-8998.818409735393   -1722.0885827946777  1         0.2657468707135885
-281.57396275098534  9173.778785323426    1         0.23551227228337013
1342.4330397588037   13197.078726563332   1         7.745176511981353
-55.86833326470919   -2830.0785409422674  1         0.8434243460747883
7357.073231708826    -6846.876430584607   1         0.23165802440917832
11732.115810431382   -2863.801799711926   1         0.9956572694936118
4271.47599912389     -3314.8672727470293  1         0.18857100980418515
-5423.4979050545935  1081.8221694367871   1         0.4482366851869899
5260.157188189092    -7171.8317116503     1         0.9933629129103735
-2665.855431365897   6120.306241326455    1         0.34068466074610404
-6103.336667616742   -4601.359974156461   1         0.31068997998495396
2594.124925032313    3993.185769727195    1         0.675700505342033
8596.978577399384    14769.22189516578    1         0.5207284507075637
-6102.194744255001   7940.13899226994     1         1.0426005367494644
5282.385934137052    481.8905742673484    1         0.15025804477332627
-728.1751431662228   -10662.783325653227  1         47.869762200233765
1521.8419408984478   4255.475415147803    1         0.266667407114303
6676.187744618881    -6432.10024511104    1         31.022814626877917
-6555.354889091404   7777.4316323223065   1         1.082583622629781
-2856.8992556650983  6594.688553455183    1         0.8906401389206612
4644.2973270277425   1682.4561203313194   1         0.6375269026302964
1803.334420463421    6305.568370326064    1         0.30712808142815207
-8549.35715013731    4713.198419903245    1         7.799822353617658
-928.2197054077702   -7574.122609960826   1         1.004055654541076
12696.934628471818   8022.063402814178    1         34.78612049571198
4170.557856475679    5467.0855029976965   1         0.7949293816596782
-1139.561368339761   9971.201220403485    1         0.4916187410456426
-10458.928435608068  269.3289298569376    1         0.5206609518537346
2086.6976663726905   -143.52868882252122  1         1.099032386496001
-2486.7048981842063  -2934.890270737973   1         0.8060617528502253
-1767.3675992028027  -6424.960985065072   1         0.12903752387772155
4253.698011633105    5770.762059972823    1         0.4936492521770768
-3365.313707209886   -6022.033480922658   1         0.598810261041071
-1925.1785712039762  3988.042441480708    1         0.49627339762082756
4585.7376648208165   -9351.77594335329    1         0.7945495431871091
-4419.852609837322   -7791.99819245619    1         19.161488061764718
4706.337721951598    5697.839865186056    1         0.39875698275229354
