trucks_count 5
drones_count 4
customers 65
depot 0.0 0.0
Coordinate X         Coordinate Y         Dronable Demand
2531.0197355076175   -9836.60004449012    1         36.97478373828175
-8567.084667961246   -668.848147922441    1         36.83694843182481
-1828.267199215884   -8155.056909130062   1         0.8153563070404541
-8212.562323149805   -6456.443840767956   1         0.9030904521432627
5714.742163051552    -6816.023251151167   1         0.6422806704626115
9221.382789312976    -4188.859479915959   1         34.35971110189452
8641.848053393283    -3332.126488820695   1         1.0354320537727089
1438.9487840241663   -4973.912529156021   1         0.7393819646461722
-5923.963210088767   -1569.932761244836   1         0.23257944080148282
5216.148427765144    -6196.456052488589   1         0.7184206104053537
-6377.50331763122    3751.6742569926287   1         23.194351773574432
3931.8693067968034   -3203.015686135742   1         30.94258242988513
-2808.1822990034234  -8816.03663269887    1         32.925315447282934
-6233.723649764524   631.9390540659037    1         20.08939853432189
7136.05210488773     -973.4935931211895   1         0.47485510298663125
3714.648963805773    -1111.3628490365911  1         1.166122606313368
8923.088689831813    1028.191009455238    1         4.977603520436107
-1854.8696914693767  -3484.7207655688417  1         34.983663007389744
-5318.275987708433   -8055.15632440951    1         35.41514876599772
3481.9584098924674   632.1351577749246    1         0.3353113059087849
611.4043507090367    7914.125663377605    1         19.496561202407797
6491.634703668411    7019.686117476777    1         0.706093410311559
-10148.369603278532  -6666.641849758012   1         0.6462247143899423
-289.4859335904279   2621.7673429386177   1         1.0007852855272374
1381.3250490745213   5106.86576177349     1         23.09326142542292
-6490.7232973258115  -6549.197414252113   1         1.1786891210678117
-3592.157941134307   1384.3378953621634   1         0.12853613847053383
-6286.542210217404   3287.4099849531526   1         0.7735822068315631
1518.3948425673698   -10175.431107060336  1         9.32646654603407
4561.449958423966    2408.7802493601025   1         42.635649265832726
-1895.5108650406164  6190.5373369622475   1         0.9323479213502948
-2803.245785174021   2993.3775085515385   1         0.583062804485727
6748.90707806558     -4726.088537885898   1         0.5827049938614854
10771.96470345551    -1800.1917117492617  1         0.2594317151970562
3508.4999249068237   8814.888798519945    1         1.0431022224759086
-5261.086355570857   -9523.461700632191   1         0.4573510096570591
8004.3117129304555   4195.713866928276    1         1.1153366772715552
3316.6796866899676   -2250.0705547288726  1         0.21013958767816815
-2456.0819732408636  -2204.12900428524    1         0.4723769539596657
9487.595115094618    545.0731232082549    1         1.0719571571530497
4492.439617885412    -523.5212036185342   1         1.181230638536479
-9311.186409594247   -1443.4873837916803  1         1.0562196508509358
-1752.584612050469   -3212.545445500864   1         1.221272837679943
963.1069843862523    -3491.49057125229    1         0.20938420636387103
3898.185041980295    -6842.423709639428   1         1.24000833053883
-7180.421948630308   3897.50228016457     1         25.20064133078428
-183.2667548099309   -9969.543551283317   1         25.102947208145025
2636.9016471298437   -6274.144346981024   1         0.39978278831141234
5286.0187171875405   8716.202997879212    1         33.49578829154828
424.738128227926     -9028.583392685749   1         17.071582227482565
9450.744418469705    1625.1989246172407   1         47.378231256903
7392.006424734924    -6730.520134797797   1         0.8506841506481847
-3657.215324616942   -1709.0659840181124  1         8.759552594671971
10779.617582350285   2516.6327495744536   1         38.080617747319685
7532.327391008026    1542.431963290468    1         18.944997372817564
-466.5051344309109   -3642.7609235847813  1         0.9619871057147781
2330.1795122911913   -5723.261957735563   1         0.8759174473018796
1427.6464066839274   -409.86004407277215  1         0.2227431041298375
-2437.0688609270555  -833.1016637648281   1         0.303906106096825
5878.0177633557705   3376.2624532960754   1         1.0922565800644373
-10037.668526004454  782.5063914600378    1         0.8515715816736171
2361.9415284042716   -2738.272614283301   1         0.2918855096094992
2473.007004480555    -1477.9636468794356  1         37.3592556608803
60.36862265324541    7608.496172605442    1         1.0498407167808987
-3386.8701036646617  -3068.6093416259496  1         11.515168627350711
