trucks_count 2
drones_count 3
customers 21
depot 0.0 0.0
Coordinate X         Coordinate Y         Dronable Demand
-2088.3693006836634  -5375.912651183696   1         21.947205199897
-5470.25342906687    4046.401044576303    1         5.111999436648357
787.2408815032147    891.6005837272791    1         0.9052142493144962
-2427.9982340680817  -4895.587993759112   1         1.2425822943045701
1381.8885359813032   -3573.0839253661047  1         1.0995947730926492
-3142.382060385484   1978.2506976727566   1         0.2941765286393432
-4123.141882611995   555.5367094457225    1         0.6780166631325594
835.2830179843147    2386.43609592954     1         0.4405997599191033
-4093.9619641582217  2270.995182980134    1         0.7040177721845867
4936.589538403979    4572.234405282723    1         0.13171301010078484
-2826.8149193128334  3694.5839290972704   1         28.9663481638746
2978.7973889601726   -333.23385497993786  1         0.19526106577712782
3952.9216661301016   4008.3847025216037   1         37.52314156270625
-2716.687528640648   -3930.9449438944125  1         0.8771641411183823
1556.7253284668009   3936.2034842101625   1         39.53312179920811
-5351.677238945432   3971.7631780803495   1         0.7677842627092646
-701.0811328299129   -1215.09050833797    1         24.983297112091325
-590.1284170063373   -1142.9007278965564  1         0.7733999401626359
834.786134355035     -3563.141585229408   1         0.6208352457042683
-4299.281806997      1759.3347405278662   1         0.2435438943951822
-2306.0543623414555  1874.5620329557769   1         0.8764196643656076
