trucks_count 5
drones_count 5
customers 62
depot 0.0 0.0
Coordinate X         Coordinate Y         Dronable Demand
-5085.0337421693575  6859.729380725797    1         16.513121067094563
-7300.415336529702   1592.0319088884328   1         0.3016422297179511
-1132.9228137632454  8395.72121285829     1         1.2444737790262315
-2470.0678900664843  -10344.34743664548   1         1.131311243759532
-1417.824354825999   8395.894598464292    1         1.1666040157975417
742.9741345750949    8770.06267611689     1         0.8254980215992619
-10548.600410765945  11082.255615237467   1         20.58876652117638
-2943.6461515983083  8657.332921764555    1         0.1192142158883379
10274.675670108794   -4697.591896197802   1         0.946320514520325
-6966.882749809111   -511.9226782185542   1         0.6476764149510191
-7393.492839100125   6424.251561319738    1         0.3530513455179046
-1302.2941718566506  -8302.036689691671   1         1.0809222456783674
-2878.9578770865874  9774.53236465279     1         1.2103816589630956
7267.239044865496    -1919.0098888915718  1         0.8839984299635003
-6547.995838105362   9137.883878505658    1         0.6381595463789222
-1157.1192405271377  -6502.4370354729945  1         1.121659210428159
4421.718763716129    30.95429822471826    1         0.13867942373706257
-5796.763984297123   5563.353331412272    1         0.7367433871925976
-6954.625773712609   6377.630889946904    1         33.12816705757626
7272.821945598775    9429.412505624467    1         1.8054742059640003
6834.089806466323    7032.780895975302    1         0.3079534813099713
8865.02806283715     -486.1369012002522   1         1.0050178834712906
-3931.8486365535587  -9691.867517544266   1         22.66215775067843
-9113.368586333447   10874.86023075234    1         0.542834937979059
221.26515296547586   496.13161725157806   1         37.24055631893349
626.3338766750028    5384.501617736588    1         0.15269249478993943
6738.431525136134    -364.0992511449621   1         35.2023728008493
6178.285149585904    7970.868580996558    1         0.21501575426816688
2452.1850892425537   10560.232812350774   1         0.3074914310695678
4950.179253358192    -274.2474126203025   1         0.44402035251635563
9332.095138043911    -1950.3322901836377  1         0.5401395859401841
3401.938360870621    -9968.34989502199    1         0.11285735067895196
3601.778129164343    -5939.682812571803   1         0.7346667408503144
48.396717410507335   -7992.711984225811   1         1.084456959625147
377.84562906019323   -5114.086848885474   1         0.7783211562057785
858.3047445100946    -7153.614785220273   1         4.952673004187684
5901.256055558499    4695.310205411745    1         1.0013769031890896
1024.4673363385248   -4835.884193509818   1         0.22417639753439064
4221.384262305164    -5.141075493815177   1         0.7053357187321388
-3736.3115441369564  7791.1956481087645   1         1.070403169441001
11310.918910750006   -9267.193212175005   1         12.355480313743318
-5661.69396870715    -5951.880730397506   1         0.5919326503793808
-728.2606792627594   -5589.586228808365   1         0.13453808714252233
2541.3845865588664   8491.301350016423    1         30.874063323307016
7045.635354846696    2911.70715337643     1         0.4091246670439216
-1786.508628315269   -10004.488604275648  1         0.4714223420110427
4344.4628774134135   9829.979664212904    1         41.547941554587425
-6954.998888298977   -346.6202369569048   1         0.7933372305723866
4453.313874356657    -4329.365193175393   1         1.134342691159767
3988.2184431815813   1001.5442483827396   1         1.155374726141852
-10613.376990763218  -1151.0984351241189  1         1.1672270106915865
-5111.928745540957   182.6809700482618    1         0.5074252282349431
-5959.671307716935   3039.4953692329204   1         28.15490266661487
-8955.080104962857   151.45989780820855   1         1.152611351847068
3706.989103893107    1141.957362455518    1         25.64709974662753
5189.579940979347    -7893.533101918767   1         0.9458250282310212
9367.36369520946     9499.872054420473    1         43.628314226954345
10003.785350606135   327.6025798273566    1         1.2358056237983732
-4862.672196451815   11155.084968565006   1         0.1609902072819192
-521.8071227504208   -4823.278586742222   1         10.015655282086028
-2165.4535359773267  7712.680137857021    1         0.4744366159165885
-9617.949363696061   5200.52214187056     1         1.180348229725705
