trucks_count 5
drones_count 4
customers 42
depot 0.0 0.0
Coordinate X         Coordinate Y         Dronable Demand
5566.8670144088455   3365.613882386225    1         0.7060871912955903
8191.143727661493    -4159.30437734708    1         38.11846341766689
5230.593984727999    -6798.218213411742   1         0.4913886033937407
1912.4999866279213   -12224.548108278574  1         0.7489213626657147
-9869.406640910185   -1347.9614320781654  1         0.12438621011118588
-5013.010515396538   -1708.6949482929217  1         39.160096226114426
-5575.153621862624   4964.520905944104    1         0.9359250950950915
4954.688149297488    -3051.2286104747136  1         48.04913490383064
1194.3575833139819   -35.625007830763906  1         0.6211107776610765
-4745.958006404313   -7224.398264358776   1         0.28145679605888735
-7778.012760464926   7315.227631932287    1         0.2121406664051132
3781.692883769348    10232.225183618744   1         0.4642369667712499
6350.721281322441    7967.160344142417    1         0.9859023004257295
7079.386720513133    -4617.029182044519   1         0.43796857410662804
1313.1316796185158   -10598.028231959388  1         3.1781881648063637
-3140.141924808757   -9166.982786732751   1         0.38414744574769477
3595.6523752612657   -6292.277241790796   1         16.052846037278307
4120.023865233848    4784.0833297589925   1         1.195572154472325
-1501.7450507548238  2291.1504839371155   1         0.930737199473276
1513.259220070109    -3722.3791510994015  1         45.813337366632695
-3365.7484377018736  8616.221186633054    1         0.8115535583976806
1511.3811262117863   4876.1780940293265   1         1.174582060814198
1945.9508308678633   -8781.766925140711   1         0.8087429485459461
3048.1538918869537   798.9467158576232    1         0.9574333923957086
-7366.997363606768   -3046.384646513608   1         0.18015022860752128
10320.448653824453   3630.3100992907275   1         0.7463822667297567
-6771.991600044918   -5413.575210780632   1         10.461786928719222
-4117.9030737980165  9627.26516580715     1         0.5092458189433279
-71.74733930229675   -3945.694180803215   1         0.1032097944851066
6818.355837636       -4406.355575122541   1         0.5868193875460138
4614.87070758083     6570.3562648183415   1         0.3262172758845191
92.30945323235518    2931.300011315798    1         0.8224657873023937
996.972330664632     -10648.616233859451  1         0.6893712328846154
2885.882572167132    -4778.6481523112325  1         0.6507501751168618
934.1077997394343    -8347.114053349445   1         0.6805233080096421
-8957.338525004263   193.33064262936205   1         1.2466796614215747
-5478.54304781052    4881.547727894       1         8.378489423645064
9859.027202950918    -2455.7075030106994  1         0.5332243869462395
8463.978794048176    -7227.082889193578   1         38.5754727391042
5990.296706764008    -7165.6033623756     1         0.4029720764335092
-6935.712646747636   -627.4771379071145   1         0.55593879505305
-9459.252210403429   2798.7582996643005   1         0.5398122771948363
