trucks_count 5
drones_count 5
customers 50
depot 0.0 0.0
Coordinate X         Coordinate Y         Dronable Demand
379.4454506516303    -2800.0924723161543  1         0.8666010468003197
-6851.901578193274   -455.1535721314693   1         20.943282127152486
-4086.6786063543373  -3061.4137982118864  1         0.2790720095093334
-1706.5068060394526  1842.571733401848    1         0.9812005852654349
7156.951957439624    -526.0582500148598   1         1.0190158845599773
5286.516150828615    1951.751485463264    1         0.12569708090988316
5757.025493569429    -4270.764802357391   1         1.0644663567520105
4254.50105698478     4138.954089779127    1         0.484760919108998
-726.1146015802116   -4525.524759221618   1         0.7682282211568174
2514.6634695199227   -6993.242127453038   1         0.5675851869213229
-1813.8936434417928  3776.7312332317115   1         0.25925319893668525
-5733.9014580613975  -3407.178358090514   1         7.760044900921769
1302.3915032487926   -4152.273373276439   1         0.9413966471144396
-1371.4127728629528  -4897.356078089742   1         0.10338612508174741
-2059.33014299177    -6185.221203904616   1         1.0809430768397954
-564.5152736351889   2599.169854144061    1         0.592574640028127
3084.585305463013    5346.072140109415    1         1.0145458926680455
-7009.852235880955   3305.276664530177    1         0.16569327014623117
3731.7190437746817   538.0836939907082    1         45.68611931736622
-5689.6330194443     -483.8519850462797   1         0.19436454755639093
-6029.351454311426   -1699.390372313553   1         1.1981504682747008
5715.43430799478     5901.789072544499    1         45.249573189148336
2198.527620284294    -4601.3477443827605  1         1.1667275463427764
-5429.6497380264345  -1344.9221299860521  1         0.1818953672125504
187.92514552158505   1320.6805742648135   1         0.6712472172772981
-5168.038550473994   -128.47050158523044  1         0.18953423336458905
-3495.13330669083    -5553.999883957195   1         0.8500164412705736
-150.60000010942318  -2831.8775112543813  1         0.7466069666865938
6516.180122692814    1247.5375229532747   1         0.5331876095827008
5228.10710516967     211.9065104934872    1         0.6497469540069897
6801.344182558482    2191.0770922475012   1         1.180356004889851
2598.1796355742545   -4374.630244804922   1         0.2063147050541218
3366.887275984178    -1264.9171964237098  1         0.4845858970365443
1636.8556627870998   -5327.2995960164535  1         0.8119562422984309
-6942.438079167184   5941.418890689643    1         11.39915117124706
4565.514665649802    -3623.6113692915364  1         0.7665130135711564
-5810.358024930192   -6201.132882113233   1         0.17646287178400336
4639.886260321778    5436.81555525537     1         0.566709381881419
-2145.4278466375868  -264.0407182395102   1         0.21788840987200886
-2341.7839442822797  -5454.360110164858   1         0.11113425942372127
6733.31415441134     -4540.419708891474   1         0.9385642556139047
-4025.130426272532   -1511.5195754446038  1         0.3760607221988226
3543.4451261930617   6028.882643514047    1         0.5314441260810653
336.1212352158673    2001.7573158744426   1         0.2849593163435606
-1732.521719792835   -2078.968907585835   1         0.768193417593469
1687.1117945710603   -7152.034800948069   1         45.78409096861656
-6351.5159715873815  -3414.5517387285704  1         0.33379477292465176
-4878.227150016636   -2269.498308144322   1         0.8316147214411603
1645.8165386979633   -6700.655856749788   1         1.1297150825522861
4868.049123500695    2465.4519018625965   1         26.953951447358392
