trucks_count 4
drones_count 6
customers 88
depot 0.0 0.0
Coordinate X         Coordinate Y         Dronable Demand
3186.02569811341     11969.298127756292   1         20.400482456667678
-5860.416255746567   -6512.503609965875   1         0.35855915869722477
8397.43055949447     1107.2663349358497   1         0.17879625799436139
-152.4825145151124   -3066.4523371469254  1         0.14175503153971217
-2214.6103368349504  10117.084688818946   1         1.2321140124569612
5624.809303642534    3435.6361720913087   1         42.5573905590619
979.1366664292477    9178.423074280536    1         0.7319858938870725
-1798.8664062326588  7362.879736666028    1         0.10313505079189868
6178.399888599083    -3706.973698189728   1         1.1369026752567744
7479.6253092270235   2895.1349635442766   1         22.784218494128424
7796.887358484943    4929.75895904742     1         0.7695231175496632
-1255.1930155222651  8602.881263678664    1         1.1872567149906732
2903.230041482372    -9682.21665840224    1         0.8618508834411581
8473.776793934258    3619.551475783123    1         1.077074507069051
-4606.222112663541   11422.980279383128   1         0.5628775454480781
-9209.273778046221   1504.6759638428564   1         0.14185572275789893
-8237.944419304533   5578.95121949181     1         1.0930262365896672
-9864.419219312838   -4338.154776493326   1         0.15942502890802204
4879.783251510851    12654.86087573808    1         37.54040364280301
9948.142736777034    347.06024535453815   1         3.608065182356341
-3701.709337690033   -9436.52275371037    1         0.33856397969185126
-3346.061002031045   5606.545214044357    1         0.26228593365321606
-7889.308761345485   -2331.80941635704    1         4.547563718359584
1470.1843750416492   -5481.165153894693   1         0.710498333414813
-4415.109215682227   -4730.0249116386285  1         1.1176661824219383
5592.352014869868    3133.948733971928    1         1.0753694223698826
2686.232551766616    -13678.973627587642  1         36.63322646395137
11428.344566176298   -6255.284871030968   1         0.602324724114073
3065.6820680282926   -837.8183703107225   1         13.531714186579524
2754.5540861017744   -5163.98264396645    1         0.46793678657722027
-10541.443034598982  1863.501501870533    1         22.38379460619732
-1344.3453095249401  1039.7381404101486   1         0.35720238140057414
2962.9146455869322   -12182.146587672472  1         33.51599253527622
27.988421030388054   12427.15115478618    1         41.10661644040052
-4739.980032308253   -4378.854086107916   1         22.128596599616838
4840.305661619974    8747.755462588117    1         29.25334901650152
3268.280914149877    -4828.820618211507   1         31.809343087309596
-4014.813075828368   -2175.312696679516   1         0.46946474026459306
3925.008635690819    1500.7567298645417   1         0.9660383758426379
-2178.192319022041   8415.13687395958     1         1.204087630861609
9742.879120559233    -12368.667661523768  1         0.7474513108714979
-4709.482515384376   4572.007293514792    1         1.0152041932240352
6090.636961950867    -154.3807873230972   1         0.4157610212995013
2095.9480702947685   8080.556083817121    1         0.983783115159635
-526.4808838654141   9143.462606828503    1         31.447300000967065
787.5508649758102    470.35369543288095   1         1.1591730834986689
539.4968723351184    743.2749770913852    1         0.29701779708446413
-7293.757520272708   -11037.847482470499  1         33.64446279441526
-3468.173738081936   -12597.530649071214  1         8.990624512764972
-7295.605860009643   -4081.0758533583994  1         1.2044438275970202
6078.756110990036    -4261.054883453809   1         1.0549483204262173
4925.626345955653    5383.564710037756    1         0.6669736545773651
-10048.651660465166  -1059.306411670355   1         0.7126621904595232
-8903.833309536298   1620.672778056477    1         0.5238500426997849
-9478.282435215397   310.8527868930117    1         1.010653517221015
-7739.705568531983   5490.294952399575    1         1.0504724806151042
-450.5189353791891   6803.084282633337    1         0.8024559741757076
3193.747676240132    -6626.7761193721135  1         0.4479864536892464
-5556.563066830714   299.2311271923393    1         0.23323370862042
-1172.8002005754624  5394.567356354796    1         0.792559748239182
683.9689340167733    7788.393245584104    1         29.922800544700273
-3139.922324080402   -10429.183478240528  1         0.11751368383499596
-4415.989453993343   4121.812787223427    1         0.7081716333929309
-8660.814525186785   3969.5510728268305   1         0.50547766790736
10287.187695057333   -3350.5247535980807  1         0.4147205885262306
4042.237269325245    5357.652192510564    1         0.624679816389886
7450.731817981659    4209.8739411659535   1         0.18680450046953165
1058.4830570297813   1152.3039338781725   1         0.4182526971673102
8095.621720325189    4072.9648843002105   1         0.29367540308478324
-7438.828802785404   -5641.7399864986855  1         0.7297112247816202
-5132.901654458603   -5388.572742252638   1         0.36043761441830857
-2468.2561358114244  4441.965878434281    1         1.2051853901562388
8656.257570404347    3117.6697281667166   1         32.085500770193875
9534.154867644384    3412.4358694175335   1         0.5943786994494812
-2784.0077262077566  -6016.494386070812   1         0.5101354187665792
8337.65078816343     -589.4876511174605   1         0.48506445373988205
-5468.883755634387   4625.539290351391    1         1.1102539078236635
478.8700296860723    -1741.4914287896104  1         41.97128525253978
11017.54181223894    9968.797333007658    1         38.280076344167064
-4676.598689763777   7142.415944984354    1         0.8579407532943185
13189.897987157578   -7928.742386036176   1         0.5168819431567987
4819.293047245735    5954.739555692172    1         7.792002932924569
5527.337274123427    675.9975684997173    1         0.2677192695079058
3361.1794561849874   -7529.414925280674   1         0.13155930506651234
3239.3348635684233   -4360.351290867831   1         0.47442536667054436
10752.668424471238   -1803.2082583398274  1         0.7605102493265345
-1957.33628100221    1575.2886460596674   1         46.14526532739543
-13180.991758885393  -10093.314701274643  1         16.94494623375231
