trucks_count 4
drones_count 4
customers 72
depot 0.0 0.0
Coordinate X         Coordinate Y         Dronable Demand
-960.381632416904    498.8340822924257    1         0.6517700657934279
-35.58657006902938   -3516.1717563513407  1         0.8852500967631661
-3567.3891909545646  -1010.9663181739953  1         1.1755344297244943
-3265.9737046127757  -97.89017454553868   1         0.2220336008548292
1553.7313675576672   -3315.8480645150235  1         1.247876288092251
-3151.723826743098   1573.7047092582127   1         0.9092602795859579
-5555.949825530271   -5585.431040889905   1         0.7933340245830764
4759.106782260166    -5353.137754028957   1         0.5949862677320381
-2604.2877959885714  3465.963551442037    1         0.7640596112733036
1729.8766969672997   -2997.8153580047233  1         0.7930749677176172
-920.7511930312621   6222.450461674894    1         1.2262823789660622
5584.6881245550385   -4689.862273190031   1         0.4977094902323571
-4227.567376263334   1709.9510421970194   1         0.37369158199624
5339.962066314222    5387.695010697935    1         0.5242816231433993
-1456.3721914199914  -1823.9597563010357  1         21.499809217618143
3799.044022930935    100.16296119211651   1         2.276371483616445
-5984.19994177751    -4894.359828659742   1         0.5542267781875826
250.3329495961966    992.0348474600988    1         1.1306825775892573
-5116.754615474146   -4354.279457611263   1         0.6761307355900051
-66.10371111553253   -1347.5449129306771  1         0.9288630899650878
-1408.8513352587827  6300.645846954363    1         1.1173145882919227
4937.452699535023    2057.6893778148487   1         0.21891412605470745
745.6881193419456    -3230.8775360850104  1         0.27188049363446415
-4982.641702037655   5474.40731938002     1         0.5361136051765137
-2565.6346850459604  1120.5062521703558   1         33.54742817122588
1300.2207618083205   2625.374094947143    1         0.3856575527465642
-4410.288065720426   -642.9968313295541   1         0.6607113970229348
1834.7002839252436   -5038.580176414292   1         0.49733946219750313
5646.088785817281    1378.2526933208608   1         0.8500378200325153
758.3517457861784    5758.578177532195    1         1.0984920234538746
1378.147329047235    4641.958951598636    1         0.3787391775610993
5336.267282001483    3007.534261060767    1         0.7500254691212354
1867.5282262675016   -6054.424276102863   1         0.4901828343665501
-1127.9391225439638  -3360.5335480852295  1         1.0805486801181323
-183.98232610977422  2041.5562874949821   1         0.34736817472504966
-3175.186098432595   5603.3151491059425   1         0.9715751940748534
-3958.258973487872   -3780.246734142532   1         0.18734222135094808
1364.5246041096525   633.6437688337901    1         20.680939243063435
-3728.399325090502   -1817.7258806603788  1         0.4791199974973417
-5836.196105766112   -2892.235899519862   1         48.13262357271699
1153.285981343758    -2155.0141275752785  1         9.74622853140723
3841.3906007487194   5792.181607614218    1         1.1912584133733315
-2129.6861689302905  1291.541841150567    1         0.7434354244637844
2570.1581665587078   2092.6247664967873   1         1.2448292349784467
4191.096437430047    -6126.09421493941    1         7.377563419571391
5439.43767604491     5426.944536698929    1         2.1299753570547857
5109.04927183489     -1757.003115588344   1         0.5161053602900803
4887.748202471668    4380.885020807764    1         0.6893033933043928
-373.3794759347177   1120.5888079845377   1         0.7790128119009407
5731.006930563321    -547.2575632094089   1         0.49744251081031376
-6166.164017947544   -2940.200432129874   1         0.828088161878037
5761.042422219176    2054.77477562005     1         17.971599216849214
-870.4749736420778   -2962.7582806727573  1         0.1119174721481251
-345.3037932609659   -2874.1167047172403  1         1.0242769010884103
926.3784187595887    -3291.387866146255   1         26.249018402123394
-980.1968327566992   -1758.0575936138703  1         0.7089772425656111
-3870.632867624367   -3478.63462653646    1         0.9817656389380685
5708.196119171013    -2666.7572866009536  1         0.29702281003656705
2668.9486003321167   -5.315505655896788   1         0.27152824451896646
1054.0754700776188   -303.0248821175319   1         0.634126475422801
-350.57743780998044  -1018.5604041809311  1         1.1677819576538515
6319.25787429797     4445.855748694263    1         1.1770843860128448
5763.85434129615     5375.606931926943    1         0.649204942109356
-1904.0183482571956  2545.896871490963    1         0.7704401593105462
-3436.1204636677735  -4606.048152585047   1         0.9429286835246313
-5719.779080749794   3657.9729202415147   1         0.8801669239533132
-4716.967300746684   787.1336657611668    1         0.23969229774840717
2948.7963677236435   4063.700991962033    1         5.4102557955376405
-3367.401322163978   3000.968924311954    1         38.59301575614644
5583.472914305501    458.5198066707094    1         0.7286513678372479
3141.5248449555756   -1357.2711995206519  1         0.5130337756854543
-4882.6082876666     1374.0625568040175   1         0.7060640363320935
