trucks_count 2
drones_count 3
customers 29
depot 0.0 0.0
Coordinate X         Coordinate Y         Dronable Demand
2638.452318231737    -5256.674938665336   1         1.3014111398367425
3392.1050041846297   -3574.638596161878   1         0.4377462280453158
-4668.723796534901   3094.2703688208585   1         0.2068219722871003
5302.569089547296    -1539.3516514580938  1         0.37974980644837997
-8958.553905484148   5002.732213385518    1         0.2904697145013655
7430.383148298162    -6760.831784403499   1         0.40930758204703566
8498.758642600613    98.43282765784534    1         14.641019755724425
-7454.959495987153   1679.9089233269212   1         1.2397634419012693
7130.69870236759     6598.027560500406    1         0.9956523749976122
-6521.124424917606   -8097.560566421011   1         0.7796826322156709
5159.564410809334    1855.9078104485752   1         0.7882799909046286
4787.759949647978    -2921.9406821948596  1         0.5885320598790361
5671.473148844331    -3388.1438881950753  1         1.0958375367722915
-3521.0026130693245  -7352.94865100064    1         0.8306208299997946
4147.041190251814    -8390.252240256395   1         43.19867887398831
-3289.9638587910667  -2213.9406376755674  1         47.798891310022405
812.5243464180184    -6596.212991487854   1         0.6763026781195007
-3881.4066809017822  6176.449975135116    1         36.415691938544995
7133.1382027952395   6236.724050188313    1         0.32766453420512964
3810.268281802946    8968.93408691157     1         0.9749457042507383
-6134.51480664743    2829.392499364353    1         0.7988762339336017
2116.6536345342474   -1294.1619075104497  1         30.39048312286171
-4967.078350349504   -1787.51497840293    1         1.1282772266071317
8663.302842651667    5484.582428223629    1         1.6396762632702764
-1703.2639941932555  -1808.9711539970035  1         22.516648874154086
9400.51009523411     -2563.978220312486   1         0.4750376404519726
9327.773031469429    -2734.182392419232   1         0.7289748007815946
-7478.130367795493   5679.928299879004    1         0.5665703897317067
3985.109148632462    9194.51618750166     1         3.2564408865467565
