trucks_count 3
drones_count 4
customers 45
depot 0.0 0.0
Coordinate X         Coordinate Y         Dronable Demand
-7764.669132754537   -3050.838745533871   1         4.430696019869792
-9608.736854367291   4000.922448654549    1         0.38175490738603013
2492.9285248211067   9346.963491754348    1         1.0338547997788226
-10452.845875335242  -760.5806744725277   1         1.1876806426449178
-3180.6857290671783  7989.555736938028    1         38.15555682661586
8936.105655339357    -2725.59104733887    1         0.4449880588806081
-2544.943162918088   3525.2205943969425   1         0.841544668720132
-1071.797701686468   -10755.129332866574  1         10.727449120209936
16859.009019039077   14849.08683296154    1         25.659835805451827
3107.1150691070534   -2907.2910262300193  1         0.6873313169242353
-14973.143314582616  16452.920050668115   1         48.94308562405604
-1890.653934547986   -10014.59245716754   1         0.9235664405588081
2839.3920137923124   -7376.818589352      1         0.34316443000389807
3583.8535353240404   -857.4791967642186   1         22.357187966864405
-2352.5614762337486  -9715.447080241178   1         24.672424175750763
6446.825310105534    17974.84767166942    1         0.5856761852277383
-2394.586531628102   5226.779295478748    1         1.123631770525224
8002.6548391924825   5744.791171110351    1         17.128979370916912
-68.56265853912453   7151.631649239015    1         1.0903968879459118
3047.511164143814    -3096.9927769102496  1         0.22714480485250468
9304.467270336594    5492.079701289786    1         0.8966591606473655
-10535.28121179397   1591.4313798612422   1         44.020494817248576
3079.028067083629    9914.868577555899    1         0.5118857320818724
-1993.578334703331   -3540.989661226976   1         3.670572507083291
-909.1705139675867   -6644.858785451933   1         0.7013723493187499
8480.840344191594    6644.028442309169    1         25.09265465546154
-5711.852066572616   3947.421168862086    1         24.443328166934833
-786.7592884090951   5337.935449474073    1         1.1355694853659988
-8503.180543868883   3724.6953335035087   1         0.5693595748057191
10609.878135467276   11690.193359429002   1         0.7541915624861565
9523.567789659124    5154.898974623836    1         1.0520579319183176
-3854.4857501798265  -2937.627700939649   1         0.40663061778986054
2602.9999351660176   2731.7436039949193   1         9.305273366232605
-99.31941200831444   -5125.604557306052   1         0.482567117034703
-9834.57095822013    2327.902633181446    1         1.1296408431141225
-51.495560896321926  4343.503451166813    1         31.91931688718931
-12252.149025390832  10630.429024490168   1         0.5143369955139047
2796.0305667164785   5997.540201608631    1         0.5716343234961372
-3838.221952867284   -8184.71042851054    1         0.45399313590030554
3829.3550378541086   -2834.83147605312    1         0.6738642136987532
3922.2291545119924   9325.557539584303    1         0.7160418807668982
-1710.6315902644349  -5117.297936370143   1         0.7132256857244123
-4131.752665239359   6723.6220860225485   1         0.33524101878844803
-8207.516262717216   6717.448486822893    1         1.0501904143855698
-8144.341713870677   1187.14517037332     1         1.1758414362442733
