trucks_count 2
drones_count 2
customers 40
depot 0.0 0.0
Coordinate X         Coordinate Y         Dronable Demand
-13341.178886056696  11742.692543365412   1         0.7694236222466337
-1877.3726565401776  12977.497830224484   1         33.200122237968685
-3681.213597810699   -7157.229361809617   1         0.39296265872597225
-3396.673215914442   842.8746985389606    1         29.627734032343
6258.391517588041    -3805.4837734170405  1         0.34540022681570204
-8977.55809525395    -3916.7812859164555  1         0.8071003596792471
5797.674080583855    770.0889333423008    1         0.2751923407649359
-5888.299063291809   -6672.135745262928   1         48.01944142704285
-8101.652383070597   1564.783804223184    1         0.574364736497251
8782.174029758446    -484.0770989401808   1         0.39194377724391316
-7643.2330849509535  -1006.1638631856026  1         1.0739466561879611
6421.302076475601    -2502.6950106976024  1         0.7178634416655172
2497.1554822286344   4204.240687229513    1         42.06880347981398
9298.467277881993    310.5902117629013    1         0.30683560921861747
-2332.171631767947   -7890.56533839164    1         0.6104925271489782
8102.215835946536    5843.263687067459    1         1.042368056588824
8432.22106578462     -8324.497924941497   1         0.6870368843915734
556.2811226836591    -3213.941312685542   1         1.2459007351166553
1712.9524337722216   -9764.805811622638   1         1.1556180037972483
3720.2909082421006   -9601.755961587869   1         0.6610043109098199
3950.7149183325782   -1773.9103259433846  1         1.162813855940207
-2740.7689288195293  -8487.7341240612     1         18.215386921743868
-8356.664069511642   -5583.1751852538555  1         0.912652413159352
-5295.22693866271    8061.71099994297     1         0.6531702714785509
2112.653903307605    -5185.3438331808575  1         39.012252531377634
2040.437719356915    -3932.077487531605   1         0.2973598350653655
4693.096681485997    776.1098061431189    1         6.808194698785268
-10654.882046611005  1849.548250608981    1         47.03785826235844
-5480.690491436583   7944.049970490378    1         1.0003185695866588
-4479.255279607094   -7957.2803138327035  1         0.617938153216214
-777.6788953331206   4363.82425172848     1         0.48258983376754727
-657.828657162719    4909.101476514704    1         0.9348362911711957
8895.287329864348    616.772050142203     1         0.5019951788091034
-4782.169579062941   6766.501764874793    1         0.6998290729558636
-1270.6103799326017  9801.243077831527    1         10.24822740844251
4281.309106367567    -3012.750018085947   1         0.7594039702033966
4646.111446214842    -551.8217807083407   1         0.9884453188931738
2282.656795711361    7114.269006151663    1         0.7542867060110158
4772.2739697569905   -8500.66591143822    1         1.0839474724855613
6449.863283024489    8392.88214630263     1         0.3516997210698297
