trucks_count 5
drones_count 5
customers 55
depot 0.0 0.0
Coordinate X         Coordinate Y         Dronable Demand
-903.0472946733438   -1837.0727086498034  1         0.43623874400624274
846.1070639603704    -3247.796074808803   1         0.4230358859823802
-3833.213922458506   -1311.3133530494933  1         0.8102920028065682
-3617.0919491058403  731.1218021758802    1         0.6294044994747784
1408.4754009516548   422.9301668676433    1         0.44666744581074047
4349.288269803902    -2131.2414078929432  1         0.21175584484637838
3591.272571658702    -3509.808993153383   1         21.620447523883787
4570.386414365206    1352.1190771753902   1         1.0216189659413222
-1279.5703425911272  -1233.168223490824   1         41.258482523065155
-104.51293104534915  -223.87928810091543  1         0.5329442412037201
4619.053908691411    4078.848125069559    1         0.7439471323997634
3997.2994716123812   -3503.1948851480356  1         0.6563070459819588
3281.276522780432    -1344.7302852598316  1         1.1093789781380912
1730.730854739701    -3794.7390575709146  1         1.1901079175063312
-2912.2342723134975  -3388.25493138076    1         1.0659939256771986
-2511.53299822319    3819.8358188494626   1         1.2187225612536867
-3497.719620081847   3342.8850668413174   1         0.3804778553845134
-1020.9370643317601  2809.523304566516    1         2.41991405492573
4609.072195589179    420.69859022832105   1         0.6395325271661294
-1369.8407390058023  143.4764561140349    1         45.804621376022766
-5185.2201424553805  -3702.3100997469164  1         0.19868269220734464
3965.5462400519964   -854.0452245166344   1         1.0683265456508444
4232.372652701603    -3944.357443709992   1         0.22018983898538463
-915.326373335031    -4108.1204087455635  1         48.12672855769965
-1049.549607163979   -186.36313692882624  1         0.4051783220156182
3614.394755808864    -3770.1214700881687  1         0.37338338928591075
-4106.609740814998   -1306.503289941602   1         1.1547375213955904
2546.0620768402396   3487.7085200732818   1         1.2126951892823408
-1875.3409532270775  -3219.5203855943805  1         1.1482135952245145
1839.637588411935    491.1854728383585    1         0.5153848586652789
-4595.461808679146   4191.218088750801    1         1.0561865705854092
5130.088127636572    4748.108472336529    1         0.1144056047785172
-3379.3052683977057  4884.744628451244    1         9.502808939466785
2065.360795988826    3178.05936766557     1         39.59578421913438
-3696.3539532008467  -304.22043608883405  1         1.186632232384401
-1560.6018050365478  -3053.103239598382   1         18.690043191102617
3137.4855918139215   -3799.2350316668617  1         0.3152541909038311
2961.6767343589195   931.7438488311069    1         0.4256852422359956
-4705.555400800545   -466.3840611505423   1         0.2275293559257659
3776.330906117706    -1736.9414789810162  1         0.13916897824128358
-1659.4565147987455  1759.9924211101188   1         0.2810629407495414
-2043.8049110540462  1819.3764743764882   1         42.23611277996268
1546.3954408436107   5206.050703652191    1         0.7228345684393369
-4302.560616416969   -2160.0459197512864  1         0.1344280965787395
3883.413335455616    5073.817939635958    1         11.998643335921043
785.9474480648023    5197.265217393864    1         0.18773507817974955
-3272.1835202104053  -4903.372721833058   1         0.7313304623272215
4414.602164809091    4324.2331791454435   1         0.8993930035376781
-3630.969314063996   -4746.251528785172   1         0.9718760353451464
1443.641108701158    -4138.576792693342   1         32.95536761233613
-114.92111393080289  -1496.9683577024368  1         1.2438732604917295
-4314.230101230729   -2419.45695947499    1         0.9705546461021775
3651.187368487717    -3538.2997707635373  1         1.2267309390467445
-2884.573160068388   -546.1057573647497   1         13.971366823497492
4707.039327837714    2840.769689070722    1         0.5859043184647748
