trucks_count 3
drones_count 5
customers 46
depot 0.0 0.0
Coordinate X         Coordinate Y         Dronable Demand
-1567.0777201573162  -848.7509381446778   1         0.6201172551639675
-9165.825143119522   1837.4622984478963   1         0.8753953704083679
-2533.8502154529156  3307.728378268114    1         0.8595171534697159
4370.3199783772625   8035.166366170295    1         1.2278875934993807
-11830.540581497768  -1462.7061475348419  1         16.552336904179064
10153.923905741478   -15634.15738165765   1         0.6181206051804196
4054.0296912357153   5428.567032912658    1         0.897437338307108
-3603.2874426386384  1512.6006847790336   1         0.4447078973032399
3181.818550129659    6715.192052320732    1         1.2158400614457288
1774.5251353490228   -4993.839317735347   1         23.249250697005582
681.0750983463674    506.75648858287343   1         45.70679487996058
-2537.126405836458   5635.3763331814835   1         12.107866164956405
5727.042205378941    5224.356497527005    1         22.46370662994853
-3091.3195744552886  -7927.969932756984   1         0.6422436174943101
7940.214567655999    -2058.558986284801   1         0.9084021374543856
3785.9139956695153   2432.62901815059     1         1.1579009880132303
-11879.823497601983  7120.158299212406    1         1.087256062616564
-1831.2116644420005  -185.00432579722352  1         17.34367418139211
4143.655025717313    4111.417245849024    1         0.8204249242874461
2681.68221114675     1879.9089240071085   1         0.9679538966173308
-5340.541452239033   3434.5620175290383   1         1.1215041958465617
5887.863821732145    5350.271501842626    1         0.9222492754949322
14491.016520883328   11441.778958090825   1         0.9186369237011611
-5845.011292083683   1216.6145198536071   1         2.23001970460578
-2577.4989084013996  -5992.723963886815   1         0.48092533986012964
6166.235842248295    6047.416432365841    1         0.5523974580251042
-9966.462028081633   -3813.541609729836   1         0.3141967128111913
7997.365179348765    -715.576436389985    1         0.6899238969571072
-4119.338447580381   8497.619300105522    1         35.620317978664374
6135.762341459512    -1900.1658630942432  1         0.8285950154557598
4104.120668182805    2240.8852912338343   1         0.32218275063950275
10557.965707763708   -2122.7687267387046  1         0.9669309273289532
4883.576454937534    13041.81119799082    1         6.442958415570138
-108.16168131498674  -1597.2193042605575  1         1.1821059669331053
-6804.54195049761    5730.435568362196    1         18.915153187854933
-1731.7947148775588  -6239.335813524799   1         20.09642859018731
176.520846304582     -5597.036638777287   1         0.10389003261566393
1526.3660102609106   291.1428986470033    1         1.1834813614498054
4756.389620549043    2171.455956311825    1         0.4488788733940716
-2164.4069222968515  -2680.3058067532666  1         0.9088687892492846
-1415.6073699364333  -10705.199059421768  1         0.9666443965534528
6862.536109589641    6582.972088177329    1         0.919463946955096
4749.613179726634    -7175.926711423483   1         22.939810716386944
9516.290879572318    -5189.151949683706   1         0.6179663599448372
10628.893430552018   -230.81464686128504  1         0.49923170772929704
3547.4016365138277   -5958.1702959028025  1         0.6796286898332143
