trucks_count 6
drones_count 4
customers 100
depot 0.0 0.0
Coordinate X         Coordinate Y         Dronable Demand
-7249.047898680031   511.4412202261901    1         0.40899802160405696
8868.855119343303    3371.91098544511     1         40.91855225997205
-5221.888438487233   -3456.4211717239414  1         13.010647292509685
7368.013448358892    -5008.8726883778945  1         1.1495319166460107
5619.035298480914    -8878.700458762705   1         0.7639282307130406
-12.543613645497317  5100.453849228736    1         0.3058959477776638
-3703.093527925552   -978.9000095491622   1         1.0790098762103797
-709.1684892448592   4228.755346281297    1         1.2212291284147299
-1336.4172947121938  -6182.62190763507    1         24.086717450805395
7416.165304511988    522.4954019923509    1         0.5730997772785638
-10451.873551853321  5861.5824063528635   1         0.2681417134458074
-7307.589880297144   7755.887749824735    1         35.63319503737777
-1478.8189498011052  -923.2000367779874   1         0.6593920505826472
1078.698012047384    127.24119809477182   1         1.124810123064935
9120.914493121745    -2139.5050116548064  1         19.0733057870645
4392.846253861882    -2683.1061146785223  1         14.16022802012877
-724.8468928407146   -267.18611516335113  1         5.257286543722617
-6151.507086524721   -5852.535179008292   1         0.6533949365866654
-558.50215094333     6407.325552626045    1         0.5790983659417879
-2468.681880415357   -7241.1124547832505  1         27.952564206405437
4825.906532113952    -3603.571032185952   1         0.5845756972060141
866.8523295256585    3274.7911878856953   1         0.15420593557127324
4643.963826712047    4004.5902871755934   1         0.9534458274549676
6866.386463965855    6263.759455114304    1         1.2279204167850801
7134.487308156713    7241.487681836177    1         1.2313081293058115
-1093.693289329567   -3732.0212178677957  1         0.6512866145869605
-5853.515747334232   -6972.446836925473   1         0.5615985433065963
3689.6207682619493   4426.997152079081    1         1.0348766380417371
5879.646330341981    -4065.6819477135055  1         0.24298704985529895
7942.059780521613    2386.9649284067928   1         1.2145086207726694
-687.9149804076208   -174.3552580352864   1         0.21529279024804043
6378.193428508829    -8552.504926564536   1         1.0663386500022554
11349.97629133048    1406.9944324168919   1         0.9950658040725593
-6733.0167465763625  -2532.948487432859   1         0.6762963962777675
4468.465612983141    2866.7627080656353   1         1.1906229881463397
900.6629448080454    -5086.375043863527   1         1.1405440824737954
-4416.128569533325   -4187.662526607955   1         0.36188970537465337
-5977.477980326503   -1836.4849170682676  1         0.1337495639244982
5257.45706761547     -6248.880767648174   1         1.1446181254849155
5676.85218043605     -1484.7050786347008  1         0.2703330036803387
-1518.914156957778   -384.6655820950265   1         42.66231967627551
-3476.763687065497   6287.383778738702    1         0.7923711920925309
1115.2751193017243   9924.270967232558    1         0.1986241778766163
2548.560007488093    -7447.838688289951   1         0.1703597270243205
-9407.87890087162    -623.2793154584386   1         0.4347149724293633
8459.961019436581    3768.669459233579    1         1.2351452976942368
-8562.323490399443   -10493.967120667088  1         0.7818658372369565
5053.6494269460745   8234.150580162037    1         0.9324037730558967
6471.03585813951     -4486.771921618981   1         0.2787701860219225
-6361.309756873399   -3125.2754387489126  1         1.1116681442951126
10701.11486753641    10592.015970530014   1         28.092384110172222
-4778.806348746164   2436.466518491218    1         1.2161303090592264
-2729.2691475701567  4873.161161637764    1         0.14922461589873134
-7725.022122268989   6823.166348098868    1         0.5127979443253979
-6452.545901844493   3837.143738342621    1         0.25696179476427505
5156.5112642124295   1702.9586828382662   1         0.8403109352912533
-4659.645211660935   3838.0383967514435   1         0.5246502582766253
3350.0850832278434   1543.1559246212134   1         0.30459668890582636
4545.675239050333    3164.0338402561047   1         0.8933191304214031
8320.316920836449    769.3493708878036    1         0.23686573324126675
2933.203824925571    -5779.541610762031   1         17.561883433820615
744.0674684015227    6601.537798460542    1         42.688245564337684
-7259.205856505704   5490.230830475448    1         1.0855871673538124
4840.423074021867    5594.31807706606     1         1.1327021226852998
-168.87906120196794  7212.968722272875    1         0.720355277097196
-10216.450865773006  2525.08715194744     1         26.182137529211406
3183.7686474950633   -3205.9562695340837  1         0.7463558405381011
3926.2123528036727   -7936.923591880919   1         0.8393393081008506
1010.4242002056361   -1687.2649874290234  1         0.22539715732458343
-6208.242728590731   3739.5935482732043   1         0.9477874101791206
1291.5697161295157   -4266.726199776146   1         1.1979347562422697
2484.741858265738    -9976.10523803935    1         7.989045911267244
-6839.993676816712   2862.8174582986535   1         0.9318062519179687
9506.41851928654     -1029.3977924901496  1         0.19318555063236248
-3570.24441923187    -4320.791224757759   1         0.9584830179799929
8734.694080799873    1234.2330468338246   1         0.9040138215020455
2873.3402201906924   -9614.763148036944   1         0.32699874652074645
3979.765007891643    10163.247037785739   1         2.6388974981253774
10359.05659465551    3424.3244508936327   1         0.13779113768366333
-181.4845463461145   2844.0940496241114   1         1.0294474112474716
2174.8847342630293   -2188.7376076629366  1         0.11888270640947461
2496.9257163290417   5140.223740550661    1         0.5698894994972207
1816.2827361601503   6940.908337157365    1         0.33949273882262093
-4147.5863140763295  -8564.882106515513   1         0.6199909783792954
3379.0932322373496   -5840.616044047748   1         0.8481775198231475
-4163.234314409667   -3030.3684165476207  1         1.2204500187309089
3784.8882256130514   1874.986208816072    1         0.6673505367556506
-5756.604425066352   1022.0614944863332   1         0.8212890366860208
-2844.131923054745   9409.059497649136    1         0.8640315846435208
-4221.838341042538   -603.2777273746701   1         8.75976478521542
-188.13581065783117  -3652.2555988371705  1         0.39625270666704326
-4538.450620643189   1730.4746884415374   1         0.8499899053200144
2299.4446505641645   -7052.501316402162   1         0.7901510553726583
-1022.1913662093448  -9000.361163943711   1         2.4046044577942074
3929.0325741597535   8382.14734223352     1         29.227113367820277
-905.5314622556089   -168.26771683010327  1         0.24733995031684702
2900.913306092709    -2165.332133567701   1         0.28236419787597644
-2367.3727092844615  -467.47357075016953  1         43.817255483644445
6085.766564698117    8196.855614269112    1         0.4472262558430896
6862.288785857226    -3228.386966699444   1         0.46591890659590485
