trucks_count 6
drones_count 4
customers 92
depot 0.0 0.0
Coordinate X         Coordinate Y         Dronable Demand
5790.185324620332    217.11991261297072   1         0.8545624918736179
-957.4240754634163   4220.280011704861    1         0.7766922363152237
-1833.8724438177833  5008.875992005505    1         27.87647963433627
15861.358318188057   -9002.1926418226     1         0.7915669603931405
6929.623210913016    -3312.4647122420174  1         0.7298110878283957
605.903867044204     8406.403167115084    1         0.7594906544551681
-5547.3875268335     -904.626973662378    1         0.4934363070388278
3069.2165182350013   -7101.326403842588   1         0.3257268261741243
-9872.444820646013   -2794.4259997239783  1         0.5164495321972539
-2237.2617551316484  7077.798849747657    1         1.2482985358257077
-7166.8454055748025  9710.77964874046     1         0.10677205027368676
6400.027022968683    -7492.366986356181   1         0.9578528698810936
-8265.014944789313   -7459.420785613216   1         0.15450679216181332
2562.512143003877    -9555.190827263998   1         0.15307397706814269
193.03816398698186   -2522.4916879124507  1         0.3797141241782598
-8527.844610495373   -2880.562385591877   1         16.891322462465048
-3649.417575167048   -15182.117332124455  1         0.822892816877557
7376.302691390747    -727.86132097424     1         1.0326761275397265
5947.100225127038    -8457.978262469667   1         0.328517996377805
10222.556710691415   -3250.656086922675   1         39.54064838169246
-3693.8658092880705  -11084.474214143269  1         12.824270048408247
-6124.213677073731   -6405.3320118577685  1         1.0366622351567136
989.309794053941     6788.479748401522    1         1.088287805609724
-879.7434596496234   -5112.565839954929   1         1.0126483751769118
-5173.9127542925435  6965.784791374069    1         0.2047795406915024
2957.993213072896    -4986.862969629234   1         0.5073240097859599
9897.639540468586    4328.624305763906    1         0.7043504923904739
-8351.334075452487   1370.2081090263537   1         0.6624215747330985
-4361.491203459868   534.7564830318838    1         0.34551849224203585
-555.9892038604681   -2250.9925450791975  1         0.18949824948272626
3863.3074458536676   7595.012223770415    1         0.7614609097606021
2868.931033625156    -4585.4287063079355  1         0.6437523371993583
-4245.397081020426   -3545.4412790191495  1         0.35042408783300283
2029.1272277195005   -166.61897640908853  1         1.0220825207630266
-2441.4113629409726  -2863.014686935862   1         19.677428247382004
8079.9314030276155   -2802.9678983404183  1         15.982700822517716
-6557.0356285431935  -1320.8575075356     1         0.5830572197367527
4823.336289871014    342.9875098016989    1         0.8853935250654471
6006.512978267542    7151.638047861103    1         45.66324450232073
7468.356238636636    5264.1694003901275   1         0.23520671781094565
-9092.617407232796   -2393.649109360698   1         0.7775359739295148
1625.5004356475145   -8069.581040126853   1         0.7196162574041685
-2638.714921108428   -9413.061991302531   1         0.4012719290556386
1275.0416484634397   -5447.3441456055025  1         0.6598577407756435
-2578.7795278036047  349.32257000719255   1         45.853386245061074
4545.342075316559    6165.277258397682    1         0.5157647706352023
8022.86174231374     4682.076995315982    1         25.380298709603284
-5173.651071117056   5825.468592206505    1         0.2207898989701289
1861.0418467986603   3843.9730914620436   1         0.27891196761213
7336.407909124246    -2927.3754856208116  1         0.615969354165411
14928.522090420658   13501.668063118304   1         38.27486728747631
2336.4611639136765   1146.4144497609002   1         0.4188562510678634
-13278.746906425944  -10797.895563027723  1         0.1314704859211364
-1047.187723818478   695.1525980659458    1         18.279285605773588
1792.6159004232886   -945.8280297761218   1         0.7936269753513527
9524.962991326225    -153.77097960957684  1         0.6258468020461417
695.1766091790281    554.267959597258     1         1.1510304493033388
276.14883259975534   6534.005849919979    1         0.4015433331358623
5120.724143761698    4811.731428684059    1         0.5772101217841452
-1591.4909856791564  -8776.979123400444   1         0.20884941528290946
4812.03665082046     8593.478851387305    1         29.765582984727413
5342.092411299385    -2504.4399652872085  1         44.124881284027786
-9309.621022126217   4700.379901334927    1         0.40521020400106245
2373.235074191852    -5338.3384932001845  1         0.4883450965985421
-3099.5731713921814  -14127.291495963176  1         6.8818437561494585
-2958.1568547485313  -7872.939268664111   1         1.1088379057176025
2113.3752411132114   -7416.287189661446   1         0.5943791139920317
5276.721370705862    2662.1575671304595   1         0.17869104681851797
8030.492393025775    -2975.5521523238604  1         0.4000604306382155
11782.092997043397   -6789.377998201597   1         1.0211544347200352
9342.367420788687    2328.1215658547967   1         0.24311147086096221
4058.1141187837525   3428.271525619807    1         0.14874472531074548
7257.821206101941    1195.0163495598454   1         20.25405233264108
735.6116453382679    6274.308427807801    1         36.39867802816406
1589.4746655677372   -6919.692519574499   1         0.3543762421196549
5427.793110405946    -3125.201279199439   1         0.5379074789222308
3738.5977008264063   8844.83356088116     1         0.36157882142270903
-8166.1198231909475  12886.428390230798   1         43.01336292837962
-14262.318765177422  -1214.4043278607442  1         37.76117783884836
7622.082387537157    -7999.305314399695   1         0.41088560106695693
7295.468629391641    5416.080254390455    1         0.6256477611034633
-3751.23085201116    -7499.233006148708   1         0.16854773649390706
-4481.803864199104   -3418.0742161598187  1         0.552964270493726
1460.1555264252888   -9992.389475933367   1         0.13262645649826837
10548.781851608615   2463.6198045323617   1         0.11315921179827174
-1332.1182820116212  885.2608353867292    1         28.6853755107885
-1552.7051319037034  8212.492916734465    1         0.2543748613979562
5650.112854422412    -3509.34132526919    1         0.6740807251651013
7471.47234163967     -7294.772908581769   1         45.13460096244895
2835.5672562824952   -969.7399159922157   1         0.7050103991661112
-6833.183918025286   -4108.956770699238   1         47.86373096395329
9758.688662103817    505.4072825639132    1         0.7618493306271394
