trucks_count 4
drones_count 5
customers 64
depot 0.0 0.0
Coordinate X         Coordinate Y         Dronable Demand
-1839.3565155068682  1119.0015077467356   1         39.143206124669156
-2401.348013841948   -220.65476027393197  1         1.0067644526745942
661.6642944038722    41.47493508080255    1         24.732200338416007
650.8731170478968    -1105.728854573209   1         0.948927714172051
-2964.3371015983207  1259.0687000424778   1         0.7320546885915918
2865.7230625434877   -3297.86011126982    1         16.789460123875045
-2526.5735804518445  -4426.079922634109   1         0.30273747221004343
617.2624164404457    3772.83433920977     1         39.77341128932913
-5376.23166685005    -2693.1850274569238  1         0.4293128209201865
-5664.37855273184    -3044.388252970083   1         14.952169026855616
-2278.2378140754595  3676.5621117563887   1         0.9937966037641617
3097.8442013192894   -3337.210750229925   1         0.144913459025986
-302.94309868601886  -5682.0432664887585  1         0.5229461727271495
-962.5115970728948   2461.9228650659534   1         0.20260179091078112
2967.901508106695    -2231.476172868841   1         0.8252435021058732
-4563.417812043685   176.663086579442     1         0.7792816760860787
-1991.8110243292078  -5247.802441765372   1         1.0612718775601848
4409.4513292712545   3781.802070244465    1         0.9420345586119646
2784.03257612169     371.0946821490543    1         0.9936796491399652
-4824.189703407758   4212.671408517169    1         0.4972072806953459
-4760.515642359769   5413.694661807228    1         0.11352572297656312
1457.9087625547888   880.4498367046618    1         0.9016965152897295
1882.617000450422    -488.1434932229222   1         1.0660339982319469
5629.66470806615     -4974.400001794813   1         0.6742054582338798
-2671.073919289888   -4224.796135900697   1         1.1166451907411246
-2857.5140830837568  4825.2639831040415   1         0.8232133330213257
-417.65386263428115  -5422.155959975366   1         0.8644148191585703
2256.4350238786046   2527.5971575176754   1         1.2085218835798943
-3126.308905486977   -3959.492344304015   1         0.4611599030011747
-4046.7444609479744  -5147.058029875288   1         0.3635693922152954
3488.1619429643783   47.23274966972874    1         0.16857566201273078
-1966.1141756027187  -5368.834882719064   1         1.1378666502249526
4560.521979066834    -1137.674462028379   1         4.573048666445632
3661.922580183651    -1293.4154903735862  1         0.7444730861384949
-3675.77729907576    3603.2822589762936   1         1.0680847453713245
-1486.39562655813    917.7616984717735    1         0.7113828425596543
-3814.8271064069054  493.6105584731321    1         0.1420337212584425
2455.281703652292    -3268.5521953234925  1         20.51298873329966
1869.5824159771673   3680.1343778370156   1         0.9219538115438148
1133.351997082778    -3222.171733181494   1         0.6762122818700936
3590.1452793691064   2782.957259815327    1         0.5697994025912227
-790.7346948542354   5127.173121874406    1         0.6538208408756465
-147.17011030363574  1827.6818237296166   1         18.88254415070073
-3251.7581764307897  3708.481310733145    1         44.44845015947502
4319.9604445031055   -2540.75111375563    1         40.70440390195832
-3861.586207128127   -1106.4723330642335  1         29.627193238998522
-48.501785210029084  246.89717425069284   1         0.26769931160996596
4998.21787582771     1245.033165186247    1         0.6501702820576007
-5475.972569349638   -1255.531095673244   1         0.15651691146645294
-3596.962120320811   3438.5513141040883   1         0.2182982318613081
3401.9040726982603   3559.3494339721924   1         0.24130382447654788
-4949.883991684649   5231.752082544708    1         0.662797855654601
3671.2577479003085   471.09389100571457   1         0.9253925969979877
-4346.698246049426   -5672.642063665836   1         0.7356595322503869
3077.4645173604545   948.6609020614203    1         0.662348355011603
-1558.9957121130312  142.9404164075684    1         22.036075636518586
1205.2390782922369   -4192.934288923975   1         27.592233341191434
455.9099703628553    2576.727536155829    1         0.30934714439554056
370.8009262732727    -621.1766779419489   1         0.5117276936527797
-3541.721217099397   -3386.4888467952405  1         0.9221571429880069
2385.925540825968    5423.370480735974    1         1.2316344133009212
2150.853513059586    -4734.111450558399   1         0.14151909823993122
5445.255998217465    893.5496766388645    1         43.79998922856325
-439.4035887443649   1971.92849538204     1         1.0285333101000405
