trucks_count 6
drones_count 6
customers 100
depot 0.0 0.0
Coordinate X         Coordinate Y         Dronable Demand
-7895.908392288048   1719.8951427736463   1         1.0464482841960194
-5719.112706294941   -5567.992736527281   1         43.720708233277804
-5009.593237962713   -9248.207016966511   1         0.5024904073683766
6219.644968855875    -5500.328986464164   1         0.31215546518870685
-5027.23931004673    3162.420225555156    1         45.631648673629144
-8018.565721465549   -4513.097650569853   1         0.8393658462587756
6021.42626771925     2250.791827878065    1         0.24014558704660965
-9469.518355218539   -4276.577613991216   1         0.36883108172421786
-1524.2160457919756  -603.4911351803019   1         0.7638346702158026
3380.4608898166903   3232.0527194623232   1         0.5442482728348129
-7032.549172476513   -5482.231551243262   1         1.0725036065340967
443.467003447967     5253.373075316625    1         1.034562285539085
3451.8411504124592   9635.978773653589    1         0.9655574016821062
2440.553220132313    -190.4565362356018   1         38.14780920714595
-7381.3732272242705  1101.955446464515    1         0.8827657223847438
-260.848331370874    -3446.117882732964   1         22.303506553330646
4580.7037546431775   -8603.015711294285   1         0.5063051303635844
-9154.149063273311   -3862.7624432736875  1         0.32957690139425555
957.8416928290189    -7456.935395439602   1         0.4995995545071953
-3615.1881014255314  -4078.249536821792   1         0.14481435725198627
5118.093211953126    3977.0021071459146   1         0.4539471107193357
-7331.821799024599   -2620.6947831135058  1         3.238913198639674
-906.4648848101714   -7463.278370839227   1         23.36344553468099
3434.625517786708    2759.503418032685    1         0.6064834737034892
5361.723200009863    -2927.006530386534   1         1.0112681255119242
4763.468431256667    9519.898368865986    1         0.7100471181002138
9243.636354971131    -4965.9115730277845  1         11.785026036436916
3017.920785141173    2713.3606874753104   1         1.0659524014485449
-1527.5390649294027  2166.026083454547    1         1.0735584305645898
5943.872885685353    2475.840004189763    1         1.19578024524176
-5195.267705892498   1149.3379620514133   1         0.14058959825710463
464.48486477102637   672.8705432192497    1         45.691198251662556
-4670.600596424671   4812.578547817614    1         9.921560630900892
-8639.01170392946    2441.969857763521    1         0.9046800487692526
2723.341308602076    1184.4297707052042   1         1.00162966391669
6442.576899189617    -2956.2130074008264  1         1.202197718963055
9417.45006137219     -11674.204376364512  1         0.8153891493994899
6690.8811144495785   3073.525316943566    1         0.537190777638523
5096.916690281102    -7410.002423346401   1         0.6283677977506482
-6715.572542646834   -2356.2484641873343  1         0.21999334466928477
-4900.812877726365   -6231.627238085104   1         21.20106009144
4553.849700498467    4281.503816182056    1         0.6295566667301163
197.73797900362976   -10345.543044722157  1         0.8051023023592894
-4422.379926392269   -7923.308232895737   1         1.224728279435799
9516.287789422786    -13663.831617630784  1         43.410043904167026
3612.3103212590922   9698.679071030863    1         0.42723854582816634
703.1236721005957    8118.6531152928765   1         1.0389543044132683
-4033.1728903603766  -1632.6245301500592  1         0.26585814499322236
11032.694418949108   12010.382646691796   1         39.7511020256753
-2160.812839135012   537.2429296929698    1         16.869632043411283
-1258.4344456710592  10772.858999574466   1         48.10663884955173
12163.856607086356   -2136.3661770536437  1         36.55755775804817
-10476.123222606799  -14683.960856017053  1         7.533141730558534
-5624.025570897478   13604.66446642399    1         0.8027652468510963
10512.123120148375   -36.361344231183466  1         0.7841241202591241
-3761.3781404510332  4558.976616736079    1         42.81332762708229
-1365.6170667181668  -3747.50206871465    1         0.3488866732595543
6084.196051733315    -6965.153308147504   1         0.7631526545403895
5739.298628643084    -8109.459924368659   1         1.2315894717089793
4741.525089286837    4015.109439487305    1         1.2359878254543797
7508.746770925307    3591.9381497263967   1         0.5717534762849176
-4703.768697503061   1872.3028576445238   1         0.46757810605685846
1410.6974947264898   -5863.445880807856   1         0.9982805677997921
-7436.465628641387   -1951.3060729131505  1         1.1589522716671379
-4086.6905298088905  9990.307151586901    1         0.7341678101892625
238.01884040483637   7705.164491727684    1         32.42224334063264
4480.565180026623    -707.9415228531741   1         47.50152497260492
7798.934315630248    -4308.629032158511   1         0.7040526909733592
2021.071048202785    5905.7945023315415   1         0.9649332890859958
10328.09677521341    5417.071953907183    1         6.9607370546047465
1341.204861096979    1452.5531557385152   1         0.8456673739252274
9388.586480454313    -463.44315207977525  1         38.62844371766587
2916.479749498337    -914.9007260169507   1         1.2224010487161052
451.16245372814154   3505.1699771352564   1         11.27870716993829
-4537.418973425821   4472.705391479854    1         0.1906053178666346
964.0726183208842    -7986.171554224048   1         0.6991400170831208
3109.53140166415     2502.361070288715    1         1.1727152471957032
-2107.9517239647002  5024.576825782158    1         1.0030168752000976
1358.0846572950086   9516.583017671499    1         0.1509997972526598
8853.66277550755     8969.571066425833    1         1.245432822891217
-3139.562569107329   -8397.571823279155   1         0.617424325041091
5359.867089255263    5605.661853095895    1         24.14582910118924
-1082.0988403660956  7901.986073005695    1         0.38358645486574594
522.4165285608432    3527.4231657939786   1         1.20705110947398
-5892.206923012566   -8265.542437324562   1         25.970979681129297
-5558.206276251492   -6233.039616228829   1         16.371382667989447
-212.38693621382095  7463.847944992421    1         0.24002721053822107
7102.323653142867    -2709.421537804652   1         0.2243239967001766
-10045.173354703122  -8748.905341578713   1         35.31724957484431
-9366.545774646856   -2795.778783901773   1         15.15401023620234
-2163.038415097264   6917.769453244748    1         0.7802325582413716
-12071.21134072686   10962.52767832642    1         0.3879997794123057
7184.59525824181     -800.158760607861    1         22.763822732800257
591.7926784515375    899.8797272444922    1         0.16267347645493618
-8327.118822587223   3140.2794715873933   1         0.8976860396616543
-395.207119988017    -1550.2587531457098  1         0.8801418473286411
15142.339188628997   -9048.449826654105   1         26.718007944782023
7437.647448271357    6012.098489352195    1         1.150378872149569
-5390.559854609499   -7666.792336075376   1         0.426120709976042
-4737.641062578901   -2140.5583727803146  1         0.3278156208353499
