trucks_count 2
drones_count 2
customers 34
depot 0.0 0.0
Coordinate X         Coordinate Y         Dronable Demand
3214.1612930416636   6793.9839340477565   1         1.1870050041248779
-6492.478367716514   410.0269004810874    1         45.763182322967694
-7614.265437591975   1908.4176824391745   1         1.1717988177254637
7480.137372067239    5765.489465746561    1         0.20620301529078788
-6217.084709987539   -7898.5657529535265  1         0.22562666950590313
-8011.161793374587   2686.4185334523318   1         1.0408226124219189
3146.1808944582517   -1110.1789640943102  1         0.9911259566852691
-9029.332352877007   -5443.608360095583   1         0.4034289174781367
6293.27087283906     -8096.829692022638   1         45.90469208822914
-322.16720510807517  1796.0811475931014   1         0.15102153266694204
-4233.167676913062   4004.8251713794784   1         1.1102830809614177
5166.496156426357    6218.620874421939    1         0.6410409595223634
2679.459259404515    -6827.8185707893235  1         1.179507085596626
7036.698730849754    657.264452599024     1         42.29380542801133
-4584.661287315804   8923.502406790569    1         1.1378293178001369
-9234.207807391416   1541.4939212307172   1         0.4884507879280009
6197.348884619255    5237.128534228796    1         0.8823741964940239
-2477.791535103895   -6690.9457452068245  1         0.4637510350191665
-3055.6082949435586  -10249.656222531577  1         0.6114413321983675
889.6121560262615    6403.872880341943    1         0.6361014754793095
3253.8801332983394   6269.605602154258    1         48.938711645436086
-6320.981331266158   4420.025260816454    1         1.1277871763267728
7615.767375244756    5825.587039007691    1         14.626152260147533
-1676.7000365565555  -2003.1307244071781  1         36.31364832185447
-3498.9571219840295  -5573.56030929298    1         0.6704783459181242
2759.0977689899987   -2806.789859857414   1         0.8114826764566629
2413.687407794887    -3599.576581626724   1         0.6063956527596555
-3651.0405027040238  1007.0156179350635   1         0.42957390607497536
-1906.0163767364947  420.6486263706446    1         1.070453360712872
-6475.1162784981725  6864.327486222556    1         0.8134969227553506
2360.084283098542    -9667.970347399278   1         0.8498851897027674
10.428566495977968   -1464.572703129533   1         1.2137990867644366
-4627.189134412366   -9057.595522279027   1         22.680815428683996
3913.7771479343473   -5266.378170976247   1         1.014763970436583
