trucks_count 4
drones_count 5
customers 59
depot 0.0 0.0
Coordinate X         Coordinate Y         Dronable Demand
8431.595781207183    16548.274713353712   1         0.7717540549456424
4361.515756229648    3752.4820727930874   1         1.2117950343651118
-9861.874918966165   2016.424770310147    1         0.398602985027977
2741.226737582747    5426.865802196682    1         0.44438706031078923
-7118.379633405659   -91.07903427834367   1         0.1871714822792251
-5057.2735223979     304.986956190829     1         0.14131529825349542
14903.5086210082     17746.978543875666   1         0.4215243953781086
-450.12972943187924  -17697.376158216564  1         18.323379731268126
12098.589746584497   -1302.4217823005456  1         34.956922003646895
-7800.359929581767   7109.638270802995    1         31.042931841603753
-6821.362774727553   2172.0074937197924   1         0.9113708251103003
2879.1480633229344   -8500.125843798442   1         0.6192182511806598
-909.6230016905331   -8044.485958894279   1         0.5232073875967665
16276.479974666458   5042.060434300645    1         0.8819733971389987
-5935.226771079187   -8347.367019442205   1         0.31276885060486015
10536.080581932853   -4.848767419662559   1         10.954341886270074
-4008.851726842747   -1338.9771837032429  1         0.8921101613093256
-4749.015150361987   7104.740051925728    1         0.3901896505468395
507.39487409242224   -7418.143848703187   1         0.545932058925086
-25.987763951376206  -3918.1982337213103  1         1.0637644783963813
-4195.411216404456   -320.5838849544551   1         0.435015241168208
6594.377747679944    6775.588599284125    1         0.4718356753760493
-11782.684038578798  18166.518772020172   1         1.085428068379218
1859.8538717097638   -5999.512179529392   1         44.35716703710889
-2249.1730599005377  8062.333992187481    1         1.088489932607272
2145.964238002484    -1039.2145274494126  1         0.7402196683811353
-6802.17333637057    3241.517624122572    1         0.7625336688621488
2317.896650821567    -2139.1630498428635  1         8.863836655367706
-18249.780576890746  12021.919170405712   1         1.1115590458407962
3331.0586116770796   7639.285710800014    1         0.49188307447751956
-16779.963660999736  12479.202758558084   1         33.741945819174965
6172.721518690281    -1444.897554782741   1         0.5365912889137275
-1381.3296162389277  -189.31831759020108  1         0.13413877108502928
-7057.445061426324   -5658.371082250729   1         3.554659097340031
-1749.6338883843143  10538.323374024134   1         0.12855841499514453
1939.812794746118    8805.034852473857    1         1.6257333007097814
-9572.334855721034   4662.427437419887    1         0.5235582198989596
-1677.1568265340843  -6189.792064978765   1         0.19892265177904056
-1346.0811559752765  -10490.921878483994  1         0.134321941085772
5249.784737629065    3971.9250209326415   1         17.12727683692332
565.6509940849418    -8700.27592883843    1         47.393438825616805
8216.289312612493    1149.1388106341176   1         1.148889710427938
-4097.795156311613   5979.079926207627    1         41.63635932536447
-191.15889994536974  -7326.576781125508   1         0.8562334575368453
-6108.893385117234   -1388.5074730843867  1         13.10853085579116
-13072.126346207035  -3949.4777172567883  1         23.890556957376806
-6735.089558882936   2970.0979793866186   1         18.13889629768036
-1499.1315030536023  -8343.102773885837   1         0.34181722143398263
7940.711863480764    -4247.240115817803   1         0.2128955779085348
-286.98596595376847  -7524.493113942492   1         0.8532215921658356
4924.531833486435    2170.3420310700403   1         46.697750693087116
-9349.873575561014   3684.565465897898    1         0.5149277664062073
5026.996316692995    4187.320074045083    1         0.47187491709540386
-10258.9573929242    -11143.978503460778  1         0.49127516849508734
10609.424367822847   -2281.93794626135    1         1.1197297549494194
3943.275708586506    -7066.79767305375    1         0.7413640463634075
128.7827659909861    2674.435050013017    1         0.779795023716316
10859.911108835066   -395.80009220622895  1         3.274231842591311
15681.304049007173   -4662.02357685035    1         20.860613943229314
