trucks_count 5
drones_count 4
customers 55
depot 0.0 0.0
Coordinate X         Coordinate Y         Dronable Demand
-7898.8754255019785  -3366.7710529574783  1         1.2260345459361444
5335.690234032182    9393.51647011961     1         1.1244105740474022
8791.229497185686    -4970.868193193805   1         0.4084288366103338
-8402.153607674672   -3207.685228641658   1         0.9813960485911902
9813.621030908016    7339.608536332904    1         0.7876039581952451
-6631.755953895532   1032.3578088066922   1         0.9503577816351394
-10659.299614737592  -443.91620601108275  1         0.7016072624343639
-4311.710009522003   8853.272920028943    1         0.8165185123000978
4751.788608029456    -472.4943844663073   1         43.33376638027268
1648.7249439317748   -5244.645148843097   1         1.1858677435974423
3681.4257629570247   3628.9208894348567   1         30.912072392824932
-7318.082511646392   -2161.6241650681495  1         0.763000452541462
-4077.886603459803   -7636.987585044906   1         0.3554450394605846
-562.3258504567456   -8468.963252600874   1         0.83118470439342
7424.554994130222    4884.536326444031    1         0.29307265737989835
-871.0468399263212   -7300.613084596946   1         1.0589907853243556
526.2762773833147    8297.164276709416    1         0.6013785776167142
6330.553060751226    2713.347195006927    1         0.24973446379788153
2903.0406535375887   9871.806461310249    1         48.461937747764225
-767.1393175193804   -1935.3179767450326  1         0.955800956185496
-809.5652890775074   3831.6406875912085   1         25.360224360767006
-3384.2581057864254  2228.3269045717716   1         1.2022435621176781
-659.7082517079346   -10169.539385349188  1         0.7202952410216271
9891.405787472828    -10296.377603385039  1         1.2319021601592073
-6188.200297515297   -2764.6486623356654  1         0.33163001298737815
6665.813497263891    12295.402521497665   1         12.169795307742595
-9190.62593269846    725.1389555804898    1         0.8423612419979991
-392.23198572247054  -9206.698350571569   1         0.4186379793708239
-3654.03020767839    10013.122369497149   1         0.9321330044201654
-1327.936539875384   -3217.910170390799   1         0.825314848218832
-8851.843619129504   -5800.812559010371   1         0.4542870098673706
2135.36531034049     -4345.581253591401   1         42.64368772370299
5842.533448039541    8656.698629843542    1         26.444218544721668
-4456.993204703239   4733.737459866093    1         0.2207079270111488
-5604.961269973111   -3897.8951137624413  1         45.55284815244053
-2220.7085897542283  -6027.311820144316   1         0.4488353086815614
-3926.8565650932846  5856.282321219008    1         1.2292206479377523
9437.007351076467    4058.8351705597743   1         0.22246660584260514
-1135.2473964474598  5737.113761445706    1         0.133624074263942
-4820.945141575851   1706.7685111826283   1         0.4498672917466532
-3537.240215360835   -7007.960870229167   1         0.8929153378746959
1929.020929580185    -11839.667006129306  1         1.1943929673374707
-1448.261134559546   -1309.2527154210998  1         5.334044343366641
-6087.523938428811   7176.710667969791    1         0.7914496957919931
-1564.8348453597407  373.58986523639595   1         1.01158441265167
-1201.203707417413   7561.130247156096    1         0.1949109543229382
-3114.558836625538   -8604.99350917351    1         0.3389702986518097
4311.5747157529795   3943.897458290432    1         0.3473104122482933
524.5402156392312    7572.727188404355    1         32.38060335105297
323.40951774155656   2090.425332887451    1         0.32706457686210644
3875.619838057439    -227.48949603517687  1         1.119130135183117
1141.4669291116188   -5088.60219542623    1         0.4868803430876316
5281.270247301203    -7380.169652677964   1         1.1931279996808506
2385.6376148528097   3040.4821989868333   1         0.23282233133045452
1503.7832491211725   9301.572045314295    1         5.528708597602848
