trucks_count 6
drones_count 4
customers 90
depot 0.0 0.0
Coordinate X         Coordinate Y         Dronable Demand
7122.783825855468    1613.4728245083838   1         46.416223546990054
-177.0031160623746   -4195.612919396258   1         0.9809213970860263
-4388.342726474306   -3883.7560841922937  1         0.3308249380544126
4564.4978926590875   4186.868913692485    1         1.006577977782196
1719.7371675855654   8203.975859738224    1         1.716940408218183
-2649.935356267055   5892.46538762197     1         0.8227799856425017
7365.694956610513    786.2937365992727    1         1.0985872727990849
-5593.135311634918   -6690.421363453271   1         21.47449395345091
8775.959564597304    -5062.543289128342   1         15.291092598460372
-2131.852215636835   1408.7147762323957   1         0.9728476371550602
-5131.2745147456635  5747.454785038272    1         26.877823402597908
5622.28147105081     8539.597869164665    1         1.1173166307874889
3524.0674375366502   -1227.788081625848   1         1.130535950585309
-2861.175681459131   6554.869433072892    1         1.115393738032322
-3248.360345903583   -8821.62381985489    1         0.665810449461405
662.9351491259205    7087.407785251943    1         0.9820708348073864
740.0089835346765    2529.975946097019    1         0.4677361656835053
3888.638514900777    -3920.496449008046   1         21.961909597129992
7603.533778453951    535.8895097724017    1         1.1153115434929701
-7125.188381921301   5303.936346902091    1         1.1270212277719227
2586.2387064473724   -6161.07407534597    1         1.0638690267124016
389.18603914004825   3565.666619865226    1         0.31746308846300386
-5267.532899566659   9476.455167189986    1         0.4023495994224071
2014.9532730159744   8665.671651709537    1         0.4220388672131048
5354.58366437043     541.1919882488254    1         0.17647722429816887
-2799.7916672683423  -6520.67199016375    1         33.66743724730588
-10893.446278421166  -325.1422382521604   1         0.7770354685486277
-8753.598553683625   3794.2799073384103   1         1.093195988672475
-5522.589965882495   -2277.2961603490876  1         0.693743674899417
7426.144781737947    -2542.372353350252   1         27.24445426851517
-2084.485267437409   6499.473455658108    1         0.9163488548345392
-3267.848887847808   3667.1952331513107   1         0.8277259091958864
6971.547657955957    2799.8668080939624   1         0.5806940351363576
-8179.67700105619    -3901.4664533466666  1         0.4097328217609444
-4591.910736720219   -796.3146660987904   1         0.5544517072928565
-6299.050784344597   -9974.805576684254   1         0.9567479711941541
-6649.507814474557   6680.4673798920285   1         0.3320355421068538
-7299.208818666062   -3407.7709251104784  1         0.9070580088992798
-9416.219560708683   4844.949648558198    1         0.5378480243076535
-8327.432767046455   -619.7147311148148   1         0.900477611739621
-644.3357436067694   10169.241221521843   1         1.077402049199461
1220.6381528584395   4822.978478661413    1         0.5709701866960448
9819.422239670293    -2952.348250463995   1         0.8389154877802956
-1726.1316772013554  3100.9316253462257   1         0.40970164672150067
-4352.824580997932   4974.037271580295    1         22.014457714193465
2140.0268249929      10564.890692518173   1         0.9095944311605461
-9442.470642194723   5370.807132186932    1         42.468719515648694
-8223.321811104826   -3592.212003731674   1         45.66956516261805
3984.087308616759    10160.248507949733   1         2.1482472532801804
-7214.505150155673   -3211.0002580052637  1         1.009603235699285
-2898.0827190656364  -499.01693761973365  1         0.10775938631535295
2600.6712969122086   9675.033673322057    1         0.1440266318110476
1928.3670634571758   -6230.281766641934   1         0.3262611576394931
-9446.50589178127    3183.3004513129613   1         0.11321056453111139
-3611.9081712169072  7276.179381142205    1         1.1112398801182033
-7658.040690551874   -5457.885706817733   1         0.361344157426022
5371.587697912201    -5355.424822124623   1         1.1982244172436256
2520.7797344529226   7868.050208768966    1         34.41588942369861
6453.187666583736    1920.5389640745623   1         1.24574855188049
7341.07142577232     -5634.654674294489   1         1.0627655472178366
-5649.141967587651   3877.2028853294178   1         0.6174132444572229
3504.4508272281164   -3238.862756360806   1         1.0475317105483235
5895.250349565455    -2662.313969240833   1         1.1077150213713949
9370.68750679387     5041.444279906559    1         0.8593029865780188
-4186.272874853864   -6171.066994345322   1         0.40565754406771426
9417.935215103853    -9230.869151082652   1         0.7810377760750699
2903.4930647509655   7530.797490303205    1         0.7953290900632917
-2857.8293141052336  -3711.89309223872    1         0.8756965010534747
-7812.745724305932   142.11094181814994   1         0.3863594864024321
5025.490224199151    -5155.4746579383345  1         0.6702483781902286
-9276.025021173393   -2713.1246680673817  1         0.9721702192106321
-2879.0995350442913  3316.3525339332346   1         48.27213022145798
6644.700030083787    -3798.241395924972   1         0.2478532497798609
-4554.7672795195895  -5930.80078984953    1         1.0261227824732642
-8679.443857248507   -4000.6048643134545  1         1.040557612107305
7903.036138151761    919.536346983073     1         0.10027154159069242
659.5274523353617    8102.095167733727    1         0.17629390250598612
-2347.0345938624473  -1982.2862611042406  1         0.28167711523925565
-6878.349110568632   -5002.007211138543   1         0.48294584997662904
9371.104809177978    438.6260127618203    1         1.2110911308920824
2487.3258399857027   1408.3392131872538   1         1.1428285104103302
5355.723537286931    -4379.450697115162   1         1.2457710442272156
5285.127984522877    -1058.2076786553255  1         1.1957728196822979
4006.1988520691007   -4388.0563399187395  1         23.01452678826853
-4335.391536074519   -8029.226071184242   1         0.7284531742263781
-3200.640304382428   1751.7608871862376   1         0.6040724067582025
-9188.90494841846    -3165.904929816755   1         0.6678916442921078
7474.919606902796    3079.5119593063782   1         0.45658687164397005
308.0362015797891    -6282.470777290955   1         0.6414565646610687
1466.9686602110955   -10591.815233001222  1         0.3532493899434017
