trucks_count 5
drones_count 4
customers 81
depot 0.0 0.0
Coordinate X         Coordinate Y         Dronable Demand
7953.145056466498    2390.2879972141222   1         1.1462753399820977
1452.8951472908004   -2466.388326541972   1         1.4088183412811977
-566.2656536152855   334.5032441613407    1         0.8103939407289364
1982.3906483319656   618.2082347791048    1         0.5420172924770732
4409.1354345445225   -7302.516877996216   1         1.0488583740604127
-3027.9116229007686  3340.4449366712215   1         0.5903246749763524
4186.063752062706    -7802.890952200011   1         29.540135515580033
707.6778343383618    3745.834260118406    1         0.383275366638574
6367.292988656201    1533.3806773711956   1         0.2063105214458234
-904.5844203377246   -5282.572730825554   1         0.9038017519106725
-6951.464769041999   488.97554536671373   1         1.0147705671438498
-1901.9762862321832  -5508.983900648254   1         20.57547034043316
186.58956977243875   2708.804808580743    1         0.63922707316284
1609.0338280021588   5365.808211868461    1         0.5822819583543907
1914.6098881579494   5999.468086183212    1         1.1532799033392769
2789.8193836885616   -1089.6788644999742  1         0.4402528187161642
6930.793097917418    6912.129411495289    1         0.7881563686473265
5899.841898776103    -6423.248461234552   1         0.8101197198649617
6672.345998425066    5811.0138294768885   1         13.003713952525166
3362.922452564904    4610.820778023925    1         1.1436491187160458
2000.8131187478457   -5230.089225379724   1         0.3816522066328645
3045.2638488686393   -2749.3746536506014  1         0.8047167031748248
5298.266606614926    7927.619494376256    1         0.35823924973455024
-6362.453725142465   -2211.825355044356   1         0.42336751231644765
-1177.260529324071   7421.360188652488    1         33.00698892004392
7470.816108313233    2342.2440780461166   1         25.375663241544324
-1581.7275539387958  -5053.139235846495   1         1.1698646447799002
-866.0739685862853   -2138.8954649930715  1         0.3150975971653751
-3556.8024678966717  -3615.656562268559   1         35.93852484154526
-3189.828155270271   364.7210249486643    1         0.7371107500500965
4115.835280525383    -2478.5346237428344  1         0.3950679068437427
4297.266185863618    -5049.01064544647    1         0.5128724103347662
4159.212777942136    2698.913466911861    1         1.1516891711390855
-7845.382449357398   -948.48926246002     1         9.350911764724847
4254.176738164174    2246.9494070108485   1         30.148076220367212
-6059.64784097273    -1344.9416568978177  1         1.0777110785251618
-1406.4186334714939  -5660.860172613468   1         1.0250110029964825
-5822.400193855111   7595.1796292345725   1         1.020473336040867
-5770.69876170204    6981.307438719394    1         0.9493453835943871
-6928.344031813277   -4553.494298752686   1         1.0440160767738882
4144.270952274148    -6111.565275674705   1         1.2426960571499566
6816.751553931712    256.19371620278764   1         14.720785419671621
-5358.847715463999   -4960.806948625359   1         1.2335526207890293
5531.850972851458    694.1888959244225    1         0.5153551141776671
-1131.519014654357   -1236.2730583932362  1         1.0928573989606747
2810.668175389731    -6035.622728584093   1         0.6375036037507614
-7409.591434688493   -5080.245424892092   1         21.665969167873754
-6525.567204627195   -286.02071048648895  1         0.8976630351126964
-3192.555635833328   -2937.239943419719   1         0.5752204898514826
6533.449417634607    -5032.850282736649   1         1.0870038497309746
-4023.1728890139425  923.1566184231948    1         1.0193171645204948
-5307.496424072662   -5925.578727566786   1         0.5414449021618168
-796.6893762167791   -2007.8249273936672  1         1.1892414953343502
-6007.889947677988   -7427.56633717286    1         1.223112180339113
-6050.976110369971   6253.216797525882    1         0.35655994516018674
5310.32684300754     -6258.607979069935   1         0.349357901004724
-1002.6696907066486  7285.638930028963    1         1.1138909885887545
7009.584656715676    -5313.561423024476   1         0.8750708804735844
-6928.976389175991   3231.6649653480063   1         0.13405567992337228
-7553.784998027603   -3247.7127237173686  1         0.6031748852283214
-1950.6715761529144  362.50380636098566   1         0.6987095651621953
-7118.590799885222   1084.2844682097625   1         0.7156098232626428
1468.0481489124663   4296.720694860474    1         1.2475550960401982
14.143422796882078   4028.05687376503     1         1.0958520449257254
6941.165612172302    -6859.024867317903   1         15.583735628919046
-7266.336727492653   4136.302755003746    1         1.1291505762544602
112.84549756154898   -261.08065442383815  1         1.0318753863110943
1051.1418842871049   1836.9042262890302   1         0.3229991467607435
1593.026681311337    6332.839799010865    1         0.22573559787821565
3253.7078029729187   -7513.482376636844   1         0.42801801245095794
-4560.225638784289   -3861.599886324487   1         0.47345531533246477
-7715.738047313995   828.7421793028607    1         1.0312324993299302
-7182.965651081907   -6850.72063944851    1         1.0349351577747266
-2136.3160956355796  2106.7847859765557   1         5.457889852884713
6091.187423959285    311.1337791343761    1         0.4404961211288969
7116.536880433189    -1440.5805615302045  1         0.6783112917336587
7929.405983831855    720.9557207708673    1         23.828686431115177
-4171.947102238499   1923.359594702884    1         0.7996190699376137
1902.187679459549    868.6929509361171    1         0.6671743384574848
4714.102378623986    -6527.715403333519   1         0.7587433549795477
3239.636681340661    -8126.696106908869   1         0.47188358724050306
