trucks_count 5
drones_count 5
customers 90
depot 0.0 0.0
Coordinate X         Coordinate Y         Dronable Demand
-4060.1777160499396  1485.2447113026321   1         0.4776062599814279
-8473.791095974228   -1653.2411712550536  1         8.641827078568385
897.9048656394662    -15278.215928232616  1         0.3082223599365065
4880.210032666901    -7640.015229150261   1         0.19684929371156148
-8362.75175446946    -2241.3843054021327  1         0.5847398631206179
13847.780068178934   -5147.5047887562     1         1.175450017074705
1321.201563171467    -2198.291547393833   1         0.6644599610856733
3127.231424661534    8048.639291989236    1         0.90356293534201
9838.033406552313    16835.453259362308   1         0.1744402008571068
573.6651535959359    -505.5282459657547   1         0.5361506923930814
-1296.2598738774313  8874.576243872942    1         1.1773318267150046
-11493.498759835496  15949.434225815254   1         0.49810143883859426
-12638.191599499827  8717.725117827922    1         16.90648353433579
-9249.85263007409    -811.0417314904842   1         0.17896702462406017
-14164.638818635089  -1704.5501933313735  1         0.20150145521857177
1259.5971672539927   7799.688102806747    1         0.6777578902381743
-2379.527925268242   8516.494130258412    1         0.1411495494000864
-1145.680942298638   5081.349989985383    1         0.5712023234405532
-9984.582681707132   7915.213983190843    1         0.23485629280479528
9374.681183540208    -2111.4250094049294  1         0.35007162259727376
2755.969149481757    10496.080856071334   1         0.7413858105281015
270.7362431797701    3412.5238458930107   1         0.19129450467763964
-9773.502854498902   11396.433109117701   1         39.27895548647336
2935.2298958344504   -3600.388753088848   1         1.0331699742621279
1243.105828576492    -4352.172973501947   1         45.48279798761274
1310.3746948893834   1436.8666789498386   1         0.41773465607952043
-6158.095263754823   5916.372824788678    1         0.29055153617879825
-472.08020466658127  -7008.349454833544   1         1.0609417998729576
3315.893000366472    -68.53328168862565   1         0.8376829784255245
-2189.0661194451204  -3511.8673180248284  1         0.9463890445849968
2208.5805679708287   2272.073934769368    1         15.594483553124135
7821.194435566563    1044.0211440298303   1         0.2521608906735757
-2619.056927766813   9527.669108066913    1         0.4304603625392295
-10040.73203725691   964.4627439874307    1         0.3631963544961734
-6480.35798687822    -3433.0041598195344  1         0.18029529660592336
850.9579226340775    4680.983646009826    1         10.034718750678094
-5298.942523505629   1155.8686351664912   1         0.3506833392268164
6116.6119414222885   5081.0870356142805   1         1.3786837941198058
-15994.330606391315  -14354.297495910421  1         13.417922617586582
4073.8142057411364   5925.693003400408    1         1.1081135997661395
3948.2647355194563   5554.007425270623    1         1.1646611925185824
6384.346112463636    -4825.379832212941   1         0.7860672595199297
-7329.12380232636    2398.2954648542427   1         0.6423548901273357
-3076.7655813545907  676.0584036764016    1         0.3532099368376467
5395.052115273113    3521.5565794430745   1         0.8345922315178493
752.0233813599881    6848.640249951531    1         0.4985072067648709
7264.330245517048    -5621.329641858274   1         0.4639483689829015
3467.9808109614883   7780.4828373837345   1         0.3438141396504212
-1868.887676039504   -2879.808319670022   1         0.6309042799819277
-4389.919287399749   1044.068189501981    1         1.1962850389916968
3785.4172882785424   -6105.926724216481   1         0.35306459964493797
-8949.855120714195   4995.968141636686    1         0.8437541783879587
1713.5145718721915   1956.8923794350608   1         0.48933227647218025
-7473.830797754417   1908.2977673295877   1         0.6067582148013201
-1233.6185071726468  7110.071396685911    1         9.581470057934357
-2849.7326113270456  10291.993863885833   1         0.3265628412831091
-1958.6512181405294  -8948.71643219117    1         1.0344649622870146
5164.388580703511    4891.517982902692    1         0.7066868389095168
-6997.634900124307   16051.027737716344   1         43.907076945835904
-1529.8996922757271  -8829.573621216705   1         1.2218794450672081
8113.985422942976    4876.972333417288    1         0.7918193964324528
9485.545471168532    2774.7674860852517   1         1.2130405217631526
5341.139573460044    -3639.6040477866345  1         38.502561068579396
-7788.312503463094   -11871.076990115986  1         7.310806705118762
5626.245214954293    -9058.393998556076   1         0.7500275581313457
-86.19901432854469   -2713.486285096293   1         48.27259560292478
4597.25854795003     -355.9887905526663   1         1.0005310171974984
2522.9168226406814   484.27161094376993   1         0.25564582793620716
-9508.315982297163   -2249.7212642242553  1         1.2191493749754303
-5034.434992723808   9249.335877791682    1         0.409259586109581
2130.6851370611876   13704.361580740198   1         0.845965913854455
-7859.562014214909   -2006.4594230695657  1         0.954674089211052
-9256.759051477711   -2363.6261022887297  1         15.972341877242828
-337.31193122522524  10609.624911940158   1         42.61496222124126
7060.270091135805    5897.662852906615    1         19.56207035310069
-802.491655766643    -1106.8304358444893  1         0.8179631380718101
-3856.208089579969   -4707.461011078817   1         0.34538377355988065
-1878.2959250035751  -5664.5688482483165  1         0.7390075420891423
3735.700008324734    -2796.611050696918   1         0.19140567862220034
6880.439567195408    2576.3335042665426   1         0.8265759250343522
-4987.823264304113   7077.44452189564     1         0.6071956581828729
2037.2973663380649   526.822489380506     1         0.9143876715962893
4551.24264653448     -3485.2446753459717  1         0.564332053920431
15195.231044954275   10827.887985122245   1         1.6958266523159207
-3605.7113452590247  5264.448183438929    1         37.50078499232966
1977.2763971686857   4738.4011365885335   1         0.5041348391944404
-8051.949279744265   2482.7535900768344   1         0.18816087839486148
-3578.55869012086    -4116.646005702255   1         0.4675067386224703
7098.42150012106     5189.224317381354    1         5.462055070204546
2008.7388702401072   3097.2710219572473   1         0.25266074582930986
