trucks_count 4
drones_count 4
customers 75
depot 0.0 0.0
Coordinate X         Coordinate Y         Dronable Demand
563.9843811454905    2042.857062421457    1         1.238105726729719
-3912.3457225213697  1166.1614359360158   1         18.180584867889927
5291.834058575484    -1601.67501088998    1         0.7157857070889437
-2038.1005092115272  4438.21513977773     1         0.46151047377574295
-222.88957974758628  -5274.889456576662   1         0.5305662595182281
-5157.8118759396475  -4781.405593293358   1         0.5184109450275588
3337.1764768988346   -3892.931315774705   1         0.347088619582515
3182.948799527072    1500.2190364286835   1         0.9688460290218408
1552.5640476168921   -2821.553372203592   1         1.0890458238047918
-3704.865089685115   -3826.9539021675064  1         0.9570335783360222
1635.0144295409364   4363.973035168415    1         1.1697905076828943
4310.885448104955    3074.007769065678    1         0.7638480698993011
-99.9192916234394    -3530.7207402745335  1         33.3790920269809
-3415.4698535777097  3333.663449984537    1         0.38217888246458154
-1019.9448152750819  1227.4807529422865   1         0.19417761467984035
-3793.3367694770836  872.0910595136885    1         0.5959535780995359
-4141.820385237773   -2149.5668153647116  1         1.1245137589001988
-5042.285481333989   3296.0118411820667   1         0.269384837569727
-2122.106099318876   634.8960254192641    1         0.45981729474357835
787.665083762162     -3966.0171117690716  1         14.518574658004972
-2652.706416019805   2955.40792613827     1         0.23550088340951592
-2190.2228600651742  5274.365651288102    1         1.0042909749075508
2882.1962742316737   -2209.293733101251   1         1.1503120529276203
-3246.7726884796452  3496.305129080498    1         0.33003879354115706
1798.2906510087075   -1044.3818997474277  1         0.2952448357252243
-2851.572770011741   -5185.7641808575545  1         0.26006824929477984
4896.261172275035    -5250.019084760065   1         8.274246826728092
588.4165472917848    3158.5909332392002   1         3.2837691918999115
-3540.4763063455766  4732.663829410831    1         1.354918932832113
-3402.8007627975617  -4651.86494531334    1         1.1298651226390986
-386.00284457939335  1484.418012874332    1         45.2260394804122
2818.8120530856804   3465.027455910863    1         0.8165758985219354
-3882.267125951459   -3536.381414227436   1         36.855126559174
1464.593987642238    3578.9116484685546   1         0.8101963105497767
1879.045782900631    1271.295646617998    1         1.2040684480659327
5026.6127189140325   -3847.167263656316   1         0.12952751109476207
-4970.942546269023   5136.2532763398485   1         0.24466264671605106
480.56570487787764   -2561.577849817678   1         42.078639645359104
906.8807224364352    -1109.876550861718   1         0.7239942150286364
1500.3228776390488   1386.1309155357676   1         0.18435027999897496
5288.574995755189    -5055.491619534382   1         0.5063577002576986
-684.2787361271402   -2677.3964216961103  1         0.29711991695825446
1286.149239981733    -638.1008648827328   1         0.36869216696262586
-4064.0899134686842  -2519.5729018258585  1         0.7131624784781169
-885.5771010920513   1543.1695936815775   1         0.20232818381830703
-2448.4834073439206  3541.41393371157     1         1.1416223780591732
2439.0222712973186   -1318.478804344296   1         39.924127061054875
-5269.041457473651   -2416.179514949719   1         0.9612349219069424
-2998.037664757432   5350.129898782162    1         44.397596110724805
-2164.2889917148586  2592.5947978399204   1         42.389407247198974
-4389.322087058493   -2276.4892392536453  1         9.328783766606582
3870.60668988816     2771.5702229951003   1         8.492347858294835
3853.376356140288    1561.8482193169764   1         20.440021542783978
586.1559634109535    -2535.030403213251   1         1.09576271504045
1047.0401499453396   -4398.04386338552    1         1.2446179548046548
2629.1723253387754   4803.211828674488    1         1.1881335962366946
-3078.0247554212765  5139.39800110754     1         31.565681555303197
2944.3772293305215   2146.942999493899    1         0.7224337898818539
-1855.3750098625844  4829.568679472559    1         0.8119829895133677
-212.36018777974135  4526.92521878866     1         0.24993959115457157
2960.153817764208    2719.6685721536414   1         26.38705435729678
-721.4946058299913   3198.1750034926176   1         42.6082048935493
-1551.6923241664895  -2731.10537416366    1         0.6843091745336015
-1018.3106600297579  2564.877243589309    1         0.10279141579568277
5426.251702387143    4271.356146442254    1         1.2465792154220652
4431.300285794785    -1479.408969572939   1         0.7470048429136114
916.0040283662299    4793.267761263522    1         0.9954111547792102
3233.3035492394133   1331.3355913494697   1         0.7321937350409216
-1784.0264905700833  -851.3362088701189   1         47.096542163925285
-5071.848369570931   -684.212163293074    1         0.6059797973813839
-617.3982979996022   4640.295507766702    1         0.40725647990247293
-3275.304828111558   1598.296707454189    1         0.5790717299257817
4485.860018608744    1122.6811669862984   1         0.20796122642999096
5403.561969086817    -1874.7391475372638  1         42.2419259025705
-1555.247040221745   -2378.2657674252764  1         0.437170260071134
