trucks_count 2
drones_count 2
customers 37
depot 0.0 0.0
Coordinate X         Coordinate Y         Dronable Demand
-1595.2979883138075  4533.085031994317    1         0.611570061669739
-1817.4781185772467  2499.704021279097    1         0.2276816486624721
-4894.186869616626   4926.339479500119    1         42.21857170822737
4957.8765712378245   9223.963901162151    1         0.9351402699691073
-2432.8410627897183  -4540.835843505407   1         1.2395930251500373
2275.7955454498897   9941.257877372293    1         27.768348144927874
1481.125904534775    -10615.861269301999  1         0.5485294165575891
-1144.959624738176   -5269.572317567428   1         0.9595884163477422
5410.059771563167    -7928.713645351409   1         1.0836903804387863
-8871.536186442156   984.4085071892963    1         0.7563329846185979
-7137.933958014401   -1759.1494052100925  1         0.7216380281360207
-8429.34768016893    6690.044312537441    1         0.7371727566410707
-12632.431422431491  3498.306785128134    1         9.198109829974776
-1391.2757912070574  -1438.3007007383321  1         0.810566751605135
1120.635704432916    5899.7395658487185   1         1.0377652184757518
-7814.660560387912   -6470.115394702661   1         0.12257022769236131
-8390.463198864736   -739.4615932070277   1         0.5197153449942222
9210.443728149454    5958.455745437022    1         0.13070678688031384
-6286.12503929372    -53.792534536523256  1         1.0017361148995256
-2492.637971390979   9221.83323273374     1         39.119836257800344
-2365.4688583630336  -2896.433988553474   1         0.23248854113825448
10239.356743457323   -4825.665244870641   1         0.5076596623154073
-8685.425421590113   -12579.682059211485  1         9.986736322277997
-6384.773543590533   4436.689431994368    1         17.524220182372222
9931.219360667797    -3820.5878146694536  1         0.4449880398543413
-1728.0827893905312  11.18272996381296    1         0.538772763352692
-10226.454113819893  784.7306147382471    1         0.6836438529130744
9894.983994671315    -3753.8847620640386  1         16.45533774003807
-5771.570561101647   -6309.184569690333   1         0.21556049239243857
6236.051239018074    -2602.340886538538   1         0.4007683868040457
3197.092859427167    -472.6091557092467   1         0.38206391425387487
-8628.059683599624   3280.2728604740296   1         0.9044430185075393
3068.418086295743    594.3872570475642    1         1.1545416668631554
-8662.751463734994   951.0394272625293    1         0.7892265576398748
-2163.812833349481   -4530.823048308341   1         1.0411824420550293
-63.05404013478986   -3633.9986422306433  1         19.48693393955491
5879.529102311392    8570.955142375256    1         1.2442356078861982
