trucks_count 4
drones_count 5
customers 58
depot 0.0 0.0
Coordinate X         Coordinate Y         Dronable Demand
260.40840641768193   163.6272883365264    1         0.8787655277421323
-3810.7783912175682  824.6410358238008    1         1.2250339679937043
4267.6845378649305   -4128.191334700879   1         39.03924116782358
5304.635183603186    -2349.3361420431434  1         1.0519713704009863
4824.1807176254815   4823.911372736845    1         0.954628073798661
-2802.041341660286   1617.5088115524788   1         4.998330983167846
-3785.3745384713984  4815.575094556429    1         0.9447459111748767
-3882.3718411409313  -714.1410014729954   1         1.2005606427619966
508.0268757970931    -468.94669256049013  1         0.30561824216822103
-4081.4305711118827  2108.292552173718    1         14.793286425142567
1542.850278791857    -5297.898963972536   1         0.3699478498278935
109.60973444322372   569.1642890178355    1         1.1862958632545637
969.0429174744368    -47.91347414067811   1         0.663389556662519
2489.6612051058705   2889.0407679732793   1         0.9008250069520655
806.6408774932901    4462.403184974328    1         1.2122584827163412
1729.8134391319081   -2480.673244622351   1         44.378894684535766
-2263.8314649457116  -4022.2612920756574  1         0.2612309398431636
-2525.667250534109   3006.3937577192883   1         0.7145315503640299
-4061.2041757817706  4531.301890620272    1         1.1568817451774134
775.9021334584313    3147.9680256154243   1         1.0072851032547216
1285.9628755017206   -2555.380627323799   1         0.8341957881884284
808.6344071654379    2618.299056676069    1         0.6319959521129369
-3145.9567468100086  930.0389546117403    1         1.0273337497334727
1680.8978362451905   996.7379957132825    1         0.9196069673089307
-181.57434294414912  3431.6315113821065   1         11.54916824342583
-105.10961118404038  4198.700649550056    1         1.1863176390672758
3384.3599758884734   1020.3866535098155   1         0.37372539082074985
-975.1363733308962   -4218.938671993142   1         1.1430965433126314
2357.0611933748537   -2585.6425206563904  1         1.0691102807799147
-4502.2818044038     -2611.59638142918    1         0.5715015129422409
4879.046509672255    1714.8113513584938   1         0.16627373892694836
-2872.700462519462   -1905.2465654784364  1         0.6980602658554435
794.8299893571711    4680.702829071493    1         34.029345530013494
4513.2998097566915   3902.734476467199    1         0.21895734029067088
855.4931328221512    2820.899141249613    1         1.2062538392768816
-3547.8067480481204  4223.976171363636    1         0.6563033458913122
4355.676211777835    3367.226575504664    1         1.032305885875869
-2946.6958681832957  5357.930600347241    1         0.9044087416460687
619.8541128971217    5224.015703597378    1         0.5569561808896266
-3939.0539637974134  926.5500109881377    1         0.2989249014281612
3111.235833881363    -4974.587245833189   1         0.6137815576454847
1687.6181697312513   3641.3458114821606   1         0.610194675708206
945.2923029156409    -919.75685566021     1         0.6672353201915664
-4093.423329601397   -445.01278048820103  1         0.9665792810460363
495.330308646566     -5338.592453478836   1         0.6226500406267671
1668.6423487638663   -2129.887864988417   1         0.7694749540357357
2945.265875488676    -4921.936062910417   1         0.11196930965084773
3396.9347081446595   4624.406392358414    1         0.3030425980621284
-3073.0827872355017  2676.0218990544313   1         1.0089568254469399
1717.3708736377885   4539.102654991977    1         0.9035331756209104
-1051.4380005887388  2664.4169742597205   1         0.6657537220286954
-2456.480497518027   378.2248577332366    1         0.38455087934740395
76.55079797611961    468.3674759547548    1         0.32930527092838674
-2886.2330223576123  -3126.9321790058602  1         0.8300499541213686
-2722.55981142247    -1201.796309048936   1         0.34146296709143464
2104.9850823006423   295.53079771009453   1         9.446474314600094
-3008.4405300351923  2118.755590909776    1         0.5729365483524538
2382.035544364011    3810.036200923232    1         0.46155073729092344
