trucks_count 2
drones_count 2
customers 26
depot 0.0 0.0
Coordinate X         Coordinate Y         Dronable Demand
-5405.071175586938   -12542.765191662209  1         0.7659882748305896
-7266.342370029822   -543.6291383443313   1         1.1985786579620388
-3217.3725865131755  3880.2699526039655   1         26.406529645396983
-6671.007767648644   -135.58547079627823  1         1.1439111471924581
10362.696141282151   -6015.2837912696195  1         1.1286460755474834
2054.7471084185327   -896.4090831309655   1         0.45817666910892074
7073.9248109127      4146.539572183807    1         0.7826125383805195
-1238.9931979506478  -313.85183165376213  1         0.7136710770110786
-4652.807423254978   2743.9722077255187   1         0.24560883065734931
-8024.83702456906    -6644.6475154112595  1         35.36790384828922
8028.500597606577    -9014.128033555608   1         5.782890120248891
-3718.081238428541   6895.924349745086    1         0.47024721875743325
-9465.52381704392    -4731.177323015995   1         0.15189374566286204
-237.116185507517    9715.19276361886     1         38.990457292182626
-9607.275857065397   -2130.261791742965   1         19.45933734421993
1886.2406251049715   5689.748209788549    1         0.8988230106928814
-3282.544877068583   7129.675500175935    1         0.13276192024880848
-7466.700612642405   -6414.081866011134   1         0.8561964893725277
7028.874290901167    8048.573957279157    1         0.8661438634296792
-5234.381225934713   1450.629152372432    1         0.841995033585148
-631.0001327441075   -10244.050217613161  1         1.0193534484476692
572.1807192258756    -6336.451667710641   1         1.1927545144613603
2148.9735153245333   6522.541395147275    1         36.82266985714215
-2631.0672837390493  -4699.422310380411   1         0.466903752805198
290.61378007735584   -12118.469738576956  1         14.801847337566306
-5427.155813355491   5864.776742149419    1         16.63541168668841
