trucks_count 5
drones_count 4
customers 60
depot 0.0 0.0
Coordinate X         Coordinate Y         Dronable Demand
-12974.706860040907  -5898.404208897877   1         13.394453731843234
-843.5419328212973   3890.220944880741    1         1.0843841602858029
-2534.5081215016125  3462.0977494128      1         0.5416602821811927
-5893.456658550235   -7712.58652463368    1         0.11627185187057996
9376.995140423933    -3112.399812199322   1         0.5166594666229073
-13608.158108475205  -3178.301076712469   1         0.26075176689557145
-6088.469617853849   1929.1761683905381   1         43.5923711570229
-9461.652160107398   7611.623006178734    1         0.3249160859181095
7086.77363076526     -1898.4837577313842  1         0.1878065692723472
-8405.9277378757     -6704.8271174746715  1         0.13306323443315468
2606.1294711201153   2681.7698092346827   1         0.11274403629614806
-1153.3987796580743  7782.360168634354    1         1.1396473887411296
2894.0545091047584   4566.582085496127    1         1.0772934511901089
-9761.780472268681   -11356.23023832977   1         15.5285174313909
7580.25458543676     6829.920692304726    1         0.18907830283531882
-3134.176190049738   7376.403288423378    1         0.5175486228735193
1340.0773426984633   -4613.865726954713   1         0.9882125094096053
-4581.323548182219   4911.371026505164    1         1.1874824473455954
-3066.109623675797   654.17720699828      1         1.2380453745488798
9084.954573770105    189.78371225057575   1         15.5482599627895
-2225.09125225847    1500.7398474983372   1         1.1033268966705134
-2295.8473417567507  8760.83126773244     1         15.370587930184684
6473.996942288489    -5217.097878402124   1         17.820095073582834
4838.659991071292    9803.573993304375    1         0.6191922442123203
-8094.827146170293   6110.2314166686465   1         0.22194730860288647
-4562.766677452209   1125.4336510318096   1         0.9059517237998406
-5807.574520433487   3948.2236579743653   1         0.4708049529765763
1380.5700855900013   -5389.289549878298   1         30.824033695434494
2816.25032818892     10521.69152382086    1         1.080713718383175
5583.783316678546    1933.087677721049    1         0.8028706102847768
-5365.567751357889   -1767.3065447902777  1         0.25009481286470636
-8822.457815452459   -193.70569031263898  1         0.16444626006861807
24.352419008337165   -6244.311392542774   1         0.9163890602761899
0.6512849589799271   2696.82352799287     1         11.177174159736811
-2980.2383299206826  5231.547986531963    1         0.6862080047643032
-4829.425966881346   -54.531539210977456  1         1.023510578895145
-7771.593056573631   4814.637150552297    1         0.32124819425240403
-8614.123369921892   -4456.5895124992485  1         1.0491162458082024
6581.968657343952    2033.8543624250112   1         0.11698982904037179
7731.646790233209    -4604.693283230176   1         0.35082590344421394
4575.981880140787    4383.167998237021    1         0.21148224324586423
3159.401589492117    5327.734142599313    1         0.31062976653952673
-7436.752427224065   6317.742725957895    1         0.5202923113324762
-4478.082374692961   -7401.259050876482   1         0.5457799555981826
-10890.646691306516  -726.4383601514645   1         0.10862927851374549
7613.485054602921    10747.088897926422   1         1.182261195918429
4566.368044315484    3477.2675358931824   1         0.8692098074548192
3518.381541825787    5492.681955706072    1         0.1501015789821184
-134.6269405365152   -8871.204926035      1         0.22635201352174816
-737.4183115671483   -8600.23676998253    1         1.1163239157754938
3526.761498358985    5380.542735371928    1         33.69991304846182
3779.431844137822    -5576.293396524608   1         1.0554204482274552
-5664.615219505889   -2720.435421671084   1         0.8380634999495646
-1349.6287821244055  -710.0668259893113   1         1.0737628091173768
4849.847973823081    9276.19906112904     1         0.9658486859976555
-7877.311262458262   11369.959906575777   1         10.849426817664163
-1268.1238125004513  3592.470224887509    1         1.0063145093598056
-1884.5146258205882  -5051.639473767782   1         1.000553481058423
-4653.657418416109   960.2412181887736    1         0.8718172231510833
256.95324897944215   10715.912423390078   1         42.82614349061087
