trucks_count 5
drones_count 3
customers 61
depot 0.0 0.0
Coordinate X         Coordinate Y         Dronable Demand
-7844.826990703222   6719.028031943195    1         1.11926616252451
2391.3602861631066   7910.839976576221    1         0.8857494863732135
-1044.6614209691543  -3302.0190755842023  1         0.6890432685493622
8228.796728245197    -1425.246145396663   1         0.7082989799654061
7588.524347265354    -3011.58398839813    1         0.7935362499004477
8698.09057597144     -3092.0927447921     1         0.8135534115459064
-1021.8343019300717  2318.1844170158447   1         0.7301909307451864
904.8391587409018    1750.8420766685438   1         1.1393522059747978
5780.12320305411     -5681.271499561003   1         1.0413924533745755
-6335.173579191907   1924.800373094676    1         8.133108211311708
1031.4317883176718   8293.336482497582    1         9.201330069764632
4548.432185653133    5512.804495186242    1         0.5900329395945185
-8023.407323536491   -3574.31060347814    1         0.382215290703226
3634.987908431229    -820.654274729959    1         0.2748632267011626
118.85310795968508   3412.7446478769198   1         0.4792654871790043
-3368.7313515721708  5289.857623217944    1         44.05264746992157
-9816.78635264131    7711.515287355094    1         0.35352607439317074
-238.40747412768627  -264.23424160297867  1         0.42707158186151684
-8370.71220382405    4441.51019922249     1         0.7599053757963715
8785.023371029201    5482.452898577534    1         1.1455730065591692
-6728.423947578133   7642.1630175566825   1         12.978233642374326
3284.856643372211    5984.378537808824    1         3.383758890233561
932.4498223208163    -6987.228967680883   1         0.7739226880020809
-5318.72719519538    -6050.472932484833   1         0.3976849860850149
2952.301979951004    -2924.932247423337   1         0.4841114146340302
3728.886114283417    -8825.410642892537   1         24.18695509360381
-1563.1183757822753  9801.061460693514    1         0.3863270857821255
2779.846102439173    9151.80389760732     1         0.3607389305446077
103.8326645326958    -8460.88682314174    1         0.35043184729232224
2244.0219050746778   8274.692407582623    1         37.54545574239786
4734.589395929608    2146.4014262447795   1         0.7076177040316349
-1941.6441847933045  -6008.06093636542    1         38.56918670275202
9839.310678718586    -1745.3437468007905  1         0.6984078085904898
-590.7255361497823   8522.702221615935    1         0.8099431156685737
-7691.452481791845   -6254.999676079516   1         39.899189601562746
6007.443718568427    8890.001161309689    1         0.6218834562721238
5864.414997450799    -4343.902225471439   1         0.8175805557016295
-3916.438535774965   -5649.893812433179   1         0.39236786037437954
4104.1728959756165   -2993.587612961966   1         0.4990872771168212
3796.791240602636    3602.950977181282    1         0.2492564264294896
-4403.550902384077   -7097.936657917139   1         1.1601831356007393
3017.9296069365632   4031.350126104909    1         12.438323100747986
2370.596661883725    9289.660312343949    1         0.3866619951361734
-9666.405107944021   8610.280504034727    1         0.15760656448769778
6306.780233272682    -5253.587572918609   1         1.2057854861612005
7130.727562162414    -1869.1667759055144  1         20.627658235334753
-842.509273370295    -8756.994704183264   1         0.21304016878591125
-4254.783260434962   8806.171279184331    1         0.6109349008945109
-5502.275252113046   4404.24530815623     1         0.13855807052060232
3173.977737093188    -8503.361857257334   1         0.308903014823399
9241.851761659414    -4021.502976324492   1         0.22166621170312878
-7680.9711790556     -4966.531963681416   1         1.0775575062624576
8614.80150917936     10012.772594223792   1         3.891414486583683
8949.90497062143     3697.807061812065    1         0.27019298100061573
-8085.679274408976   27.82424590777805    1         1.1048564701529144
7015.839539739482    1172.0273881630615   1         1.0447591800270226
2813.6344114696494   3993.5390403863785   1         1.216297235594803
1546.9843936967186   9596.726321267324    1         0.5006902712908889
-3940.1325738115092  -1969.4861178378974  1         0.838567689509997
-1504.3604917670273  -6558.941316155584   1         0.9741892770382887
-7558.503352530777   7602.690438245075    1         0.6219338546761578
