trucks_count 4
drones_count 5
customers 100
depot 0.0 0.0
Coordinate X         Coordinate Y         Dronable Demand
-2745.011090597268   -5670.081147889418   1         0.544741383375651
1354.9809535805357   -2285.054512598203   1         0.5558292790701339
-8441.193936650325   1803.6112802281843   1         40.77757436509022
4964.707515134394    -7092.488444409079   1         18.08302098067823
-7698.325345039744   343.17233078623394   1         15.579928575850607
13737.63687268017    -14091.918807679547  1         0.17656512788592743
9761.473779775555    -1570.5282218720467  1         0.5884558443476906
5140.377660570813    -537.4679109364293   1         1.1236392406697902
6012.753249908397    -4937.433667648138   1         0.5082334714837154
-6949.7630116512755  7609.444954903494    1         5.81053807312035
-860.4524617764035   -2835.424921623169   1         28.476707473662405
1099.532199584854    -653.6041002613285   1         0.13570390955077993
1515.7433506033526   -1318.8988805303875  1         1.083643765518929
5835.139378196628    -8902.937507614068   1         0.90261403673769
4824.210665470967    -8713.339404241658   1         1.0960465661184868
7519.397287613691    -7379.836894240572   1         0.7992913506320162
-1694.840955256457   -6104.8967719051625  1         1.022937793396432
-5802.571535235518   -13227.367964040654  1         0.6825264914851198
4045.689132107892    2984.7894572695263   1         1.1520908052123424
1331.0953648752418   4994.482849172361    1         0.9225970171019721
-10261.938028461642  -2757.0059249469286  1         0.43080284054439144
-13491.371190793916  4025.54460902806     1         47.13727821162767
5943.562636698058    -10371.761842576441  1         15.203566226290798
7471.165403305733    -857.0806456345332   1         0.9316108402714144
7594.120971303411    3110.4396382564823   1         3.286507925570953
-15.57794163421837   -10281.136212329448  1         0.37391458560391844
4450.201784466461    4315.5008634143915   1         1.1255099333410972
9422.739438300732    -2987.00108397684    1         1.1047157956841975
1670.966362459899    7759.64832517099     1         0.2519844595134846
4126.02451622655     1833.5145432354138   1         0.9276072332890931
3098.2218228994807   -8181.474241125062   1         0.3934001693106616
5750.179326701522    -7262.017513687233   1         0.5966040219180867
5053.477024918505    -9180.460563555103   1         16.336915802232923
4128.399946985214    -9971.626727615308   1         0.9283696040254559
-5671.441127790246   2293.8070976731524   1         1.0057845778863503
4656.345451956095    10688.274835405005   1         0.7078244792151582
4853.371693738305    4561.98275597624     1         0.7101572960028881
-4960.747813645234   -2536.447017889201   1         1.0043450003892787
4650.21383204297     5345.670427464895    1         0.9431951698233649
-414.1183856747625   4100.322843011058    1         17.487132316935803
10713.459977941273   -107.13675312464936  1         0.686209031900927
3779.9517124789872   6462.063596975191    1         1.0700767716221908
-9667.542210377473   -1325.3056054214692  1         0.7172917719458801
5616.089899103664    8765.831461823962    1         12.037470717239817
-6342.602572946871   -4590.310507216423   1         37.97127036858201
-5965.777036280679   -6445.515718826592   1         0.19296661383425184
11852.005438348162   -4916.225322476021   1         26.401856313134388
-1464.9759227871764  7381.961169400733    1         0.5502588651990126
-499.87692530524686  7668.815357828414    1         0.3211791009444094
-7241.211988394416   -4332.675427494264   1         1.175172736611899
-8158.8267989635615  6090.165303394345    1         0.4848405341569163
-7238.812596456501   4212.689376091859    1         0.8644066124158976
-2173.3262442742916  9107.060639546018    1         0.1479492502735293
7187.689873161986    -5578.051375333375   1         0.8178658732102609
-1720.7391587260736  -7267.125044303904   1         0.4410927695699046
2256.6786419424598   6793.797348147888    1         0.7073939067154377
826.9573145594501    -1064.6823981798216  1         1.1589275702349333
3713.03407130952     2056.129274452685    1         1.0297259951506352
7211.900744967197    -871.5344800736133   1         0.7445482931611854
-2874.494321434094   -5702.6277466407155  1         8.777172511205713
6226.1424665243785   -3895.445465970853   1         1.2038041290016033
-9210.701333691399   -7299.270538555942   1         36.73400633161003
6056.076234138855    -1483.6987544951894  1         0.9090383772406702
8698.998895135268    -11774.357865584076  1         0.636742654936615
-5696.321880510806   -1383.021512452091   1         0.36149612856782265
6422.499968935887    6477.989021920676    1         1.1877257531166798
1192.2719381254706   7616.602475163342    1         0.2930216372260781
-2573.0893105952537  2608.094886072869    1         1.006391885097261
2443.691044484595    -6598.08217699694    1         0.9349128254303283
-1634.123507720861   7877.4606889170855   1         33.33438046532937
1904.9521835465366   5677.473334885423    1         39.507315528174296
-6886.85385955468    4681.069028084022    1         0.7561979194483401
-10742.511022304312  1484.481279001553    1         6.794270752893605
-6419.378420360841   -5666.617099287023   1         45.13034936102916
5070.179243002003    10544.740817035665   1         18.522402914912217
5219.583344663364    -4348.624778614983   1         0.18333587990814182
-5523.758135635816   500.9240637944163    1         1.2322697918612509
-11131.83745951882   9718.548631728678    1         19.149990734914194
-4401.59247582034    -7117.929107362738   1         43.54936582883968
4437.404753444149    6092.367938313881    1         0.92404314919091
2866.9339560957546   -552.5751542599322   1         0.39134289381511
-4597.1612696788425  -8872.692785046676   1         0.1065819376452977
2013.485270872217    -4676.599062101678   1         1.000604418252395
6823.768426180173    5744.650000141457    1         1.0895723860731819
5773.152855970038    6552.100528893232    1         1.12699361426736
5170.087820255449    397.9014773074947    1         0.2795089127501962
12760.920600882677   6236.359668147907    1         0.6554683128267007
565.7022307346726    -1200.1976939580898  1         0.8727866712622455
-2864.1368258346847  -9433.853828245778   1         0.13630960441758302
2245.9989301328187   -297.2541911589543   1         0.5280295706647454
686.4576482886616    -3532.0292013991793  1         1.2022905966960225
6836.823026479806    1789.2174593375548   1         0.36262611169047476
-907.6166827379443   7210.014318186651    1         0.8025945129097106
-5905.7726618514325  8945.529401858       1         1.1821666111590072
-7218.7706160803555  14136.123118196196   1         1.1078013886491167
4050.014083548683    945.9782686897374    1         0.28072396955452145
-1643.201312421175   -1710.9035289809794  1         0.9326046086921617
9063.409138175683    -50.322378073035814  1         0.6963271386189404
-3569.286472821434   9177.728086457131    1         0.9676573784568163
10026.739260613063   760.0894877913997    1         1.0913673956098782
