trucks_count 5
drones_count 4
customers 66
depot 0.0 0.0
Coordinate X         Coordinate Y         Dronable Demand
-4284.466132180039   -7960.011044099849   1         0.9222379428878287
-662.6544245331206   -1179.006922683876   1         1.2297411294376834
-427.86967040288425  4517.055287377293    1         0.6436024880899799
4691.670972863101    377.9305895182914    1         0.4648561815175314
-4175.109274116022   -0.8655113735043085  1         18.856838549804074
-2451.7674128032377  7297.725840293062    1         0.8018487738638335
-4060.3001936306014  -6781.862313064589   1         1.1051982744959372
-4008.627444995497   3635.558267756034    1         0.47915315390337954
7693.276617227856    -1815.7649195155602  1         1.18282666742347
-7489.755432914568   5881.9236217455855   1         0.29889673013646834
-6227.244739952702   -3424.3096022782097  1         20.424620912343382
-1340.264157460285   7547.244508677092    1         1.0408139467029636
-1393.7529079484275  4705.456085193223    1         0.19504655873757937
6319.924053711652    5190.285912997989    1         2.3477874268273746
-3826.506529260619   -5001.0573795596665  1         0.1567560666879338
-1363.162965705633   6302.767338476987    1         0.7559367460420525
3333.7696387271867   -6377.347935778477   1         29.55247957185932
905.099414201537     1571.835549634332    1         37.390449787224895
2039.7023004498024   -1691.32711517304    1         1.0430942416912021
3055.089417803073    -3191.003856672322   1         47.85299743299854
-5044.570117031906   -4899.762814320188   1         34.36735866917712
-5977.895237202159   349.49619760067765   1         0.9030245760072803
5301.897213712971    -1711.550502639903   1         45.13029644096658
-5139.585297855717   1104.45247805597     1         0.789088921631825
-7392.917804883296   -7113.277874554248   1         0.637430894489116
7331.382169904693    3488.615561230272    1         0.14718564636412892
-2715.725519224371   7253.134957807369    1         0.8222757385363929
4219.228438859701    5198.56522638636     1         0.9762037202380663
7167.173537025864    1985.4764203151951   1         7.816541586475416
6037.755145759273    6299.172560793636    1         0.5557398854736965
-6106.049401055706   6132.843936165983    1         0.30645280749064296
-6477.357259594028   7000.611228557693    1         1.0931144531362251
-3807.660849834195   -3684.156923866938   1         12.070316483703571
90.73083026231507    2005.9491512328786   1         0.6582697634087049
7563.401392545343    -5069.827757853689   1         0.8519743228470021
4117.72572315499     8123.8243065286915   1         1.224101920251433
535.0510520019302    8057.928071741556    1         41.921844562525
-917.24096738946     4927.055661419036    1         0.6644804459053781
-3081.01457379264    -2229.6889388514383  1         1.0770640427144187
-6617.341646285347   -5406.29707800751    1         0.33724526287908574
1977.8466517875238   230.28152283748955   1         0.257788650540212
-5583.570378243197   4362.300136194588    1         0.44635607239708164
2706.8840014814255   -4745.970439780195   1         0.934110819618383
-6620.658266060271   -3707.9634011724725  1         0.43063069527623477
-6441.25371260546    -6235.4215191624835  1         0.38227387734116014
-7580.4311481228     3887.29056485648     1         0.6675741690154948
3650.4365322743292   -773.5157662594421   1         1.247450611779625
-3339.873574261346   -703.2643592398055   1         0.3606650863495333
-6493.70888687333    7622.192000779678    1         1.045452192957056
3620.958047674924    5364.551913292451    1         1.0775141020205394
-743.6243005592074   -186.35499550956007  1         0.7758712533909731
-4129.429227139247   1752.7904739689313   1         0.33238566403578385
-8226.842407566239   4166.582158657839    1         0.676348647017721
994.0298826211067    5678.727862943259    1         0.7849768200996639
-888.726152469544    3188.788181016323    1         1.2474229056951387
6025.716502360051    7697.804723661724    1         0.20455277471570404
-5633.659546823199   -6601.662013210902   1         30.97468742800233
-4221.259988494941   -5767.537430529619   1         0.5550971215377715
3735.745626913475    6194.541423587303    1         0.13770445435228382
-4022.5135056247814  -2183.711321774974   1         0.27289767225616246
4067.6303364247547   -7153.120657090068   1         0.88360669001749
-1579.3280340226268  -3818.9808568089475  1         0.27787659508981566
6812.02917769273     -2246.5227798199153  1         0.8960141271640459
-4455.344634116207   -7715.642113821436   1         0.8659795199022512
7222.797680600361    -6931.699078560476   1         0.1645300135138555
6232.4719851900045   6634.843363004846    1         1.1654157931328972
