trucks_count 5
drones_count 3
customers 54
depot 0.0 0.0
Coordinate X         Coordinate Y         Dronable Demand
4305.377040230512    5875.779659440155    1         0.6534244004917875
4088.519416965701    5197.453227016558    1         0.8677553523550815
5147.736427360402    -3190.543590476454   1         0.583520224221549
-1372.750967626463   -3974.6628552479347  1         0.9502297309950379
-3193.4056489393265  -6450.094537823082   1         0.5381288635545979
-642.2150751177312   5685.261921314759    1         0.49277342421404
6033.436026485319    4743.485652048409    1         1.0464792346514045
1176.3275707456978   -600.3820462314407   1         2.8071358593098537
722.5261386480679    4646.898402297167    1         30.745757761697693
2954.329879306175    5584.231893103597    1         0.7317697123165892
5769.169075879352    2731.8707953937587   1         0.27749156146092036
-1032.866448290277   -4387.711688845706   1         16.81581201594821
-978.613324099877    2768.7598761379595   1         0.9578136077332124
5152.830448275206    -4998.738001919262   1         0.1616904844535566
6240.578926219898    5099.251238802317    1         3.520280727664445
3087.275524235187    -4954.624927265417   1         0.9281523148099583
-364.883818001869    396.78884580582957   1         8.759902584293435
-3961.2939225676073  -2376.3342730793747  1         0.4454638869476041
859.1554984391164    -5338.1083566392     1         0.5358596817595662
-1976.865137010534   5081.664492506145    1         0.47168705141399614
-5450.282553377789   -768.1996484524294   1         1.2372389594087039
6428.571256902615    -4950.360787249067   1         0.8402841630702711
-6147.9690623125125  -4880.551431196094   1         0.18606009670651824
5280.5836264804675   1264.669863072069    1         0.9848341655130479
-5210.144012537451   -3061.1093154523733  1         21.612657941826622
3937.4380569432574   -5287.454508697513   1         0.37767134905120936
-2556.779410526166   141.57471581267265   1         1.1880080419428798
6033.503734457523    5516.734378634379    1         0.8859986913554256
71.42607093843071    -5652.38407276741    1         1.2297739657521085
-5374.701470293567   -3820.746555625276   1         0.6045730145831442
4088.4224136999196   -5133.619762046808   1         45.42985647222436
-2214.733589414713   -6098.966824268871   1         0.5722224252996857
-4799.632671737456   -6405.742663860731   1         1.0155532544227768
2245.3236071094966   4892.139876268868    1         0.1830212986253868
-1389.5656731439772  -5422.73317443871    1         0.7300515976612141
3904.613915234244    -328.60346257365984  1         0.11089601359076906
4907.37625046705     -4346.059396714307   1         1.1267791616845644
-581.0567329694331   968.2172785413729    1         0.35548738715722905
-2557.7581763147073  1616.2173287420314   1         24.920533125803278
3195.57273351115     -4788.396985452      1         46.132024227815094
289.0492269699254    2308.858285324252    1         1.1042703057770262
-5666.414019061609   -4777.043282121173   1         1.2493402930052544
543.8719125565442    1128.6427182872364   1         1.0177437174370547
6297.297202530559    4998.47119482206     1         1.2086868222634715
-2017.7149475991318  2559.5070512701586   1         0.18995268600998239
-2686.6030653583025  -308.4405486277515   1         0.17121146503585744
-5762.0228177049075  -236.50859288072843  1         1.186535983433377
-5014.106876436189   -4796.95121206024    1         0.8756088782430866
1694.5514245587292   2634.4134375666526   1         0.3911237733299129
-1986.9438235743562  1547.22661419478     1         0.8204718341035657
5743.479055070133    -5728.956234213526   1         1.0478683393043564
-2580.1176046382643  -5480.753775955822   1         1.0973325401939937
5478.819172699876    -3921.2724797509586  1         0.8768187470015555
2003.0450977037435   4353.544701384211    1         0.6810300165782588
