trucks_count 5
drones_count 3
customers 46
depot 0.0 0.0
Coordinate X         Coordinate Y         Dronable Demand
-5453.849828191436   -1099.0858112393073  1         0.1943350202243035
6605.325979919231    8616.58655150175     1         0.511110280324633
1828.3688332286815   1013.3882001146084   1         0.19699517507597128
-2040.0577353214248  4753.415011261994    1         20.744332290395796
-3636.421386063974   -6812.003127620337   1         0.24982776766250803
8858.462006126545    10752.886603729628   1         28.437335422536844
-2743.87766498946    6852.384421351105    1         18.49366682862895
394.41863352104076   10150.279719829648   1         0.5045453099472641
10958.41190481156    14263.548512618494   1         7.251338522097772
-1025.8975060979972  -1899.5281477919252  1         1.117429702928964
10141.791949423397   2666.3470674017267   1         26.643197853009077
2757.181656583685    831.80018602681      1         1.1989467166106196
-5191.575432359938   12210.911387610402   1         0.43206617290387106
4886.78284972373     9686.887013833011    1         0.9417096179960093
-7020.891527170043   -720.9372625275043   1         0.8640008280023568
-2133.7333918404083  7241.96251187442     1         0.1253019844751324
-714.0068882670166   9778.355203664003    1         0.7902758144227705
-3585.5355950282965  3983.471701910056    1         0.3947863686808838
-3955.4028732950424  -4865.703415934699   1         0.5831117292367866
-3489.9917777477385  -4686.476543185652   1         0.4739593375928499
6274.912529412164    4354.141188325703    1         0.305152396682675
367.5451993413135    -149.11753769571501  1         5.431695266013581
9968.73504163381     198.1967431018801    1         0.48270417829673695
-16626.65381300452   8160.445915898963    1         38.1727756580593
1581.5574925873048   -9483.147536762295   1         0.5327525355130405
-916.1092944476164   4519.102433946796    1         0.24667216982805545
-604.1677738461668   2250.4032821268133   1         0.6178107279261904
2590.3136348745757   6226.480865555579    1         0.7880638875535645
-15465.269909660365  -972.3944074552146   1         0.5392606136916023
6257.662692618036    -4329.611453306328   1         0.660827987202823
5668.481661451413    6876.100158856974    1         0.3013144360791381
-414.06279490792156  -9408.074689858753   1         18.792467779222097
-7571.656971458719   -521.7247312828623   1         0.4398977393202742
-1166.1607130832006  9509.9482868572      1         1.1937673185189044
-6597.860454420674   -8301.311476687675   1         27.299416380469417
2964.2836007496503   67.76715161235224    1         0.13910320991788294
-1669.8974812810848  -2263.355815683357   1         1.2116951845013175
3242.137223207594    -5179.175963840106   1         1.2070986745975105
14730.70171207612    -10986.548378134565  1         42.27093495853175
-2421.961280343177   -2635.41612810686    1         0.6516566740880495
3484.1671435825883   903.6110554682381    1         1.0867140135588103
4529.095841670974    -5994.383492186797   1         0.8906230322896338
16227.825971853366   -803.5907087082705   1         1.05834846971205
-9780.442690847192   2147.1739568630687   1         14.984609181529855
1440.8350727284374   -3018.7581424553423  1         0.8571168850614682
7495.193039158651    5034.331544306192    1         33.39716424020849
