trucks_count 5
drones_count 5
customers 41
depot 0.0 0.0
Coordinate X         Coordinate Y         Dronable Demand
1643.8995096303036   -1984.4034799483147  1         0.32420929821527655
-4548.252162290907   5986.801028504802    1         1.1003866855918076
-3914.7485345278697  -789.1964300591504   1         0.5451508213780364
5710.322220821501    8510.75690619578     1         0.8014231731353753
9208.544826972684    4097.3486740983735   1         0.8645634995029827
7142.0995605321295   2111.322361275841    1         0.7877193101179748
-2419.2534204498807  -1735.136104551058   1         0.3299353514349256
-2491.759122558803   -1724.5850306565492  1         0.394795415320467
-6677.395260435579   -5543.6683207690785  1         1.0494699919175312
2222.7759935971917   7460.0540278300405   1         14.112254556329855
-1200.9522299013026  -1222.2198661060643  1         0.2883302155335488
2128.7388716030728   -1488.3585629934482  1         18.253790113048865
-8626.135969093202   -5737.146643410402   1         0.36269373779080816
3850.4537508438      1004.4376643829278   1         1.024551481527445
2219.9097240835868   5674.485693278811    1         1.2498560504007121
610.0156413747078    2434.8446669431087   1         0.7846839174156417
-409.8481812985956   1126.2117880966125   1         0.40929940830153777
-6749.861125011456   -6110.663275772679   1         2.916119438394079
-271.4449407866387   9687.547119633404    1         0.38640289204016764
-2323.847899584839   -5285.154688651481   1         0.46047744822078795
8369.369615641595    6384.4044299480975   1         0.5440667573281706
4560.204097583597    3636.083023830266    1         0.9867973213568332
6094.3001264792      7885.984538744627    1         0.6739520802323785
6335.79663105886     -8024.893874165957   1         0.438833963654056
-3818.1629662256855  6342.018718336419    1         0.5776154434773492
-8674.831973627952   -3291.0752581411743  1         0.5306025741026753
-5548.386732370711   7970.774040860466    1         1.2163067935125853
-3283.229294995184   2834.440454718711    1         0.7684130304952593
3513.28983628323     4266.168392934236    1         1.2264777631130162
-5658.320853386421   -7042.689134700414   1         0.7025212062265181
-6451.705748875457   5824.539058925482    1         0.3878720946059895
5738.4469335463655   6400.465737822109    1         0.7559131855728839
-3189.1455085951384  -3134.090520799529   1         0.13483743255337477
6529.626178187587    4051.4999285162266   1         0.17552711694410195
-7511.495447322673   -4199.535950299397   1         0.47237600849455863
3969.3677156623944   8571.735644787757    1         0.8381403309008874
-7319.242105299694   -1891.4327701220627  1         0.8641925154270714
2465.377852395759    -7296.3335721857775  1         0.2938943907387076
3469.5622212836734   4516.804804395277    1         0.44878336312034006
-8419.501158193201   4091.744668414558    1         0.30341227702001405
2525.2122470495965   -186.2869900326499   1         0.9466062987782822
