trucks_count 4
drones_count 5
customers 44
depot 0.0 0.0
Coordinate X         Coordinate Y         Dronable Demand
-13051.941878450985  -14437.054005085849  1         0.5921404267856656
3227.8473317386124   4161.6429619459295   1         0.8538159977125007
1603.2771973649549   7063.856372505037    1         0.5997419043371517
-3454.6641564833485  9370.971034007069    1         47.32652483066947
2753.0218699456536   -3000.141864845593   1         26.37833696366487
1372.7505601332496   -2729.826793641272   1         0.5160086399817476
7010.130412083533    -7415.384288153471   1         1.1645594103570596
-3778.7150590898436  -7087.5731162871825  1         0.9432584017906472
-4216.335856928802   6833.87050555265     1         0.4441224133947107
8089.655802534045    -1337.9789470888695  1         0.39715694861740025
-846.6584153137846   -9534.889566828715   1         0.3689444796623672
-188.4509640427971   1947.3828315361307   1         0.8546224476704223
-9581.477745746393   -16301.978007787486  1         1.1416618030639105
2193.0520820636957   -11188.282298350625  1         36.104264464156465
2371.9586140403726   -4635.341574080328   1         1.144587836189496
-3246.010470708069   -10418.061365159823  1         0.3492348093109949
11181.157763239378   10250.28680121699    1         0.9638150628185408
-9199.694069871983   -2546.449732370031   1         0.23502208021398782
-1075.3441950674055  2062.3090948784884   1         0.49798527959235095
2993.055614282861    2653.197545503015    1         0.20180738100061107
5798.803994126179    -1036.5578445287526  1         0.44333938843039844
29.70765223552397    -501.4932083771543   1         1.0218231253551227
9317.546484018429    2032.4851351232485   1         1.020388775699884
4627.285215165578    4241.595871196223    1         0.5521063898364824
-14756.338452919123  -4401.196850314214   1         47.46841211116775
2169.460964174134    -10623.24197539669   1         0.4087121923989194
3859.9833576492188   -4815.108116204998   1         0.18192643113530094
5178.48532838489     -5092.718787971723   1         1.1478684360628104
-3342.076731398045   5308.303210154283    1         1.0228439402611367
10167.315619970792   3366.61011764315     1         33.04588415513828
2565.599608255214    8900.265749058373    1         0.7101324953142788
-6522.948466812507   -4375.106681404345   1         0.3769510375389603
-12422.424105546015  -14089.914605630396  1         1.0241578274965197
6932.408054614043    184.51762197636614   1         0.14548937310877813
-7630.99570263087    3482.0347129646457   1         1.0616761109445463
3274.782878727902    355.962605829547     1         0.201989997946884
12382.093350934021   6899.084446446672    1         0.5202418992370278
-6885.980971477283   4092.5389248506785   1         0.26150965082910727
-182.97722145738953  5136.1436321214605   1         0.5302653568433433
-6003.666616326576   4411.734126972538    1         0.42649030128664633
-2000.8616608096222  9023.879758282166    1         1.0649991466796553
8968.537874445637    -2387.520931829647   1         1.0035162909350241
2527.4524657744196   4832.77226790786     1         12.892372651743496
-2778.485347347868   2709.0342053990767   1         0.5339595077282442
