trucks_count 3
drones_count 2
customers 29
depot 0.0 0.0
Coordinate X         Coordinate Y         Dronable Demand
-151.43027393571634  -865.0783873951323   1         16.11017110273908
3406.0151621105833   -4732.260468923235   1         0.5653612199187285
2278.980703946369    7018.687226388111    1         1.1526175215170582
7106.118786250899    -1938.5423347166463  1         0.5346972907265433
9242.340737755014    -3099.1500814170813  1         0.1795910083466618
9703.929258845214    1187.2263297714157   1         0.3651088208937928
2384.5557281396314   -3742.0199525008393  1         1.184993635976393
-5873.709522682863   6345.438770416577    1         0.923766744766961
8987.521773342101    -3444.6252036623746  1         0.6025467241025555
8265.645514082782    -8964.782708731429   1         47.86585551492012
7920.548194656232    7396.287031444053    1         0.995598276702677
-2984.138940749341   8235.259439832087    1         0.9939731514423498
1651.3838660148194   10598.367225865277   1         1.0921237812390343
-5533.108832704686   -4264.386503289801   1         0.9826487582134552
1721.2105316664256   8029.750866777836    1         0.10271245217328878
-12416.357329170563  -600.1364471431934   1         10.329146335244458
-3480.093788904275   -4210.922360452515   1         0.7087020612362022
-1678.508642414338   -2154.1036155326497  1         32.92439365645825
-9494.98235698186    -2075.4394249987427  1         0.6885507039563208
9692.243906184776    -7897.224604074567   1         30.26182908922683
-11876.315215849758  -5168.852448571022   1         0.3258199766400192
8687.177245814835    -5901.37506193829    1         0.7649304647191165
8890.399781053959    4763.451080474355    1         0.4103252302562652
-3806.967421183995   2807.9620360588706   1         0.9243814884977979
-977.8297672784201   -3356.173844947285   1         0.8607744245787887
982.8203833212765    -4413.974722581946   1         0.45123264183331224
-8733.710086150828   -5396.5852180324055  1         0.28918234693175693
-7921.745731280105   7112.560033940723    1         0.23729614012448416
-6297.938675173807   -8301.72796813007    1         0.6986102246361808
