trucks_count 4
drones_count 4
customers 100
depot 0.0 0.0
Coordinate X         Coordinate Y         Dronable Demand
10440.045159057392   -729.2549367214144   1         1.219891530637357
5916.675481499936    -6790.5432940211385  1         0.7305427878800367
-5473.569714286665   7979.362396133757    1         1.2144987342973372
-3005.7862731515374  -1854.749568155246   1         0.394894898486953
-9577.166132692182   -5748.026518196801   1         25.34566859734022
-7411.038959995214   -5905.124704788026   1         38.010048029983956
3289.0442131039817   13376.976246046102   1         4.836966561206644
3711.205584838028    -7163.641728623794   1         0.7291959095512541
-4795.126163957595   -4977.743472299859   1         0.5819600376343541
13051.296035670548   -10439.915009440032  1         31.488346524309545
-4642.336438923052   -1458.8890295526048  1         0.3678263179589043
-6182.98287539058    -4514.4177284145435  1         0.6787734421784543
5857.676335373057    3159.5614525747883   1         12.496980996681225
7018.177642529155    4094.915177765838    1         0.2656110858436229
4189.057415008818    8484.172326578115    1         0.5375700015128523
-1208.21900870465    3525.9461007367113   1         0.8356406039077323
3042.1922098707737   -629.4805526687516   1         43.59430393200773
-697.9558341521072   -749.5462829964663   1         0.5205338974516922
9033.096033340953    2554.9781835210647   1         0.6654992241658766
1616.1008079712292   7338.625531761006    1         0.6468185792350055
-8248.245596551838   11358.335054355317   1         0.49650661489344394
-2425.094964784225   5521.192890529209    1         0.46898906001906115
9765.75867808351     3353.1346981301704   1         0.2502032955021022
-3988.0884378915976  -5281.940743949539   1         0.3130242263823141
7426.6874627690295   1897.8060093327663   1         19.87670850096314
1700.4011028354814   -3599.5593156864275  1         43.52146052644273
7236.022662568066    -4641.796368013526   1         44.004330660302195
-9423.321911952658   797.9414913265773    1         0.6837683821938277
-7695.083095020717   -2311.9675636609245  1         0.3267561451033259
-9145.095615196473   -962.5349761637624   1         0.3557205131565774
4333.701956744346    -3292.763953425616   1         0.47320746201341723
3106.4620651563273   -6956.180694490135   1         10.261336613825158
9269.274961445555    -2976.609058231041   1         48.640703490140844
206.63477767596302   3433.4334028167023   1         0.6057980624350859
8871.016358229212    14069.323695859563   1         0.6230639106660268
4995.348459503834    8060.604748804219    1         0.6256205353868894
29.956301791463545   10134.865506134309   1         1.0998058035051017
9618.921392559087    476.40831674073786   1         44.81316374165034
2200.3393215499987   -1147.2446070006504  1         0.2492146148105634
7017.825936138208    -7360.111267124972   1         0.5876940514454658
5404.383548008571    7286.268098253752    1         1.1991905667566647
-2363.865226253947   2982.014166198296    1         0.7797210759463512
-11980.389061614347  8688.71432118211     1         13.266232836760446
10531.341348725644   -302.35502471431147  1         0.22260984751381607
2584.835861990501    -12560.678095482082  1         12.042587388372256
10749.035160454618   1399.6739111331972   1         0.7369884962276785
-1247.6920230938701  919.8603539508397    1         39.80919812897572
-6235.282704476398   7071.6353632150385   1         0.3434950090963772
1621.0288782193848   -1807.3604315676166  1         0.4223879018348866
9499.18372296346     -4492.274216940717   1         0.6758936000161343
-4705.943515044506   5309.921457318799    1         0.4097647222337739
2864.542776609898    -1558.3105304105136  1         0.48861539953568944
906.9748744252895    1451.0074405639182   1         0.5502723683943647
1020.5796703165121   -9849.219760177077   1         0.15319515372104933
-7812.542558114583   -7104.454367840533   1         39.75433835428894
3118.7900972796724   -1017.3149165186389  1         1.1068529195994279
-9679.308342218963   -1633.6383328118977  1         0.1123300808531337
-10561.576797459027  3196.919651025346    1         1.1751546197718814
-4830.180362516828   -5880.205979244521   1         0.267283552532267
-3098.136721351234   -6759.26674512272    1         1.2185782232918991
-2534.950579063144   271.9982937178007    1         0.2601749671646617
-4373.6525621997735  2749.7935466682347   1         0.22198647471731642
5583.586172294618    2786.502508582169    1         15.722093481598948
3259.042224566757    -3028.508524363543   1         0.953784625371603
815.45455037807      -13.745615657739108  1         0.8191831711544345
3719.4228877639202   1526.553636025555    1         0.559127706243703
-746.0900220372096   1778.958922322865    1         0.12076385147460542
-9361.509346793566   -2604.5571078482644  1         0.828754723786024
7114.208476764269    -8142.11269958158    1         0.9104072817078394
-2526.0461323074924  1787.7437081485477   1         1.088449806178846
-473.5641588933314   1044.7179457773389   1         1.0646731659110806
-3216.508031877716   3314.2958841872774   1         1.1794292466108625
3544.156537093632    -7779.339937907822   1         0.7452300806349816
373.0357964444862    -8812.753359592838   1         0.9920372569337564
975.8966725711979    -6639.516384691703   1         45.211888517091936
1678.836042473479    113.07068178203292   1         31.746510187758872
5482.5362705003145   4336.0315800235885   1         0.21135824778625428
-10435.657965275972  -344.64528429339896  1         0.16516400814104096
6553.891026895543    -296.3255146879347   1         0.38781570213202243
-2252.7909709665887  -5392.969736567679   1         1.2478853755177644
6824.301104709116    -1107.3724677771572  1         0.730112122154921
2740.556650715722    8466.570115964156    1         0.46768684732492505
-7870.356874809141   -4959.686587742615   1         19.317009988040272
4107.833503584261    -9971.391427611026   1         0.4080192500655422
-3500.1507735593523  6793.642577257677    1         0.8828897171936864
-2442.047496789541   6819.680872188678    1         0.4389697801349213
-660.6045133465414   -8957.705831082787   1         23.367967571427506
146.56171117457788   -7737.899678835342   1         0.37555604996268865
586.4000617877874    -9680.54628819104    1         37.20580450930894
-79.05329361170192   2998.2999172516015   1         0.9423925649553575
9871.74957335527     1176.8247731429574   1         23.649505119709467
4658.329985592999    -2728.7356988417723  1         0.5489141073571525
-1457.3918389575542  -3363.5577558573855  1         0.9008461082858898
-3280.493150435324   -6369.531171799075   1         0.2509770292970184
582.8128958674322    -796.8913816594994   1         0.2534075820995597
10199.053964972674   520.776408297985     1         0.4714698601510844
9355.127203396767    5083.107570323638    1         1.086001869566283
5489.408032589894    11943.345188517422   1         0.508934024236195
-1414.6043155592943  10860.844834436488   1         0.22657608877863114
6659.505380755068    -4960.789147527772   1         26.20464128896955
