trucks_count 6
drones_count 5
customers 100
depot 0.0 0.0
Coordinate X         Coordinate Y         Dronable Demand
-4825.605474847391   788.2783262240118    1         0.49278297508969215
2642.5487595468203   3317.421625364281    1         0.1713789967231073
4320.287824858475    2276.8126319199882   1         0.360968537439576
-4247.61285797862    323.33804377641604   1         1.1637617432703293
-5578.784451164769   1432.5559938451768   1         1.1824512766530872
-4696.800424893509   4006.755107539756    1         35.683718256880375
2502.401789896124    177.06817321979895   1         0.7751636320057368
5183.284166181781    -2886.7551133078414  1         0.9115454377639562
-4636.259041494204   5977.548941580456    1         0.7792258483623593
4245.786124100296    -1736.8296623290491  1         35.134532158539045
2433.2326253358683   -1495.9238971792827  1         1.0269683119329505
-2222.8050241088517  3601.0065112159086   1         14.82917054866886
-5869.966686116108   -2319.071216899826   1         0.3617231183185725
-1554.4523964266762  1569.288831489021    1         41.0252795849614
3932.4174683901924   -4477.227856154161   1         0.8684840731897142
-2674.7855410755424  4517.3602284967      1         1.2499682483857542
6223.835868948259    -4981.741308089238   1         1.1790563349930971
6199.9426435239175   -2476.2146467118155  1         1.2452893275874384
-2337.479697414314   3543.159146622805    1         0.6307980886991111
5362.18913693594     5729.077857167516    1         0.94140370897572
-844.1145656841936   4901.132874254587    1         0.16442442584110162
-1481.0377147668894  2122.5444782587315   1         0.6551597061569802
1914.1409231250182   -359.93789036433463  1         0.40317646641518934
-6141.14869986052    -6225.9820158629345  1         0.5136937627884631
-3597.1063004345647  -3885.031566371713   1         0.10640905007188735
-2556.49514449562    3018.7195546714856   1         0.6800147966053683
16.700464235696927   -4729.7211513540915  1         46.40024928984014
-3119.478857920164   -1183.2086518616138  1         39.00665625118263
-5126.306357587349   4452.845314892933    1         37.52170317839001
2254.206070620712    2474.3026764139104   1         0.2771107753147179
2305.674787083431    123.48928654096318   1         11.25462704895128
-2872.8190570659144  3536.304265760522    1         0.8689424826989336
-6141.000361336111   -4742.124314684755   1         36.32254274660479
345.0931824893772    -5468.166278285411   1         0.9067368747067631
5123.9428856059      -1548.260147210357   1         0.8244734552754978
-6072.945715297329   -6421.920995899319   1         21.87687498577745
2543.4331384548996   -6218.747908553951   1         1.139460836175401
5764.64287510125     -4995.8296083912755  1         48.25527215683817
-6220.3498576576185  -3909.9245055427787  1         0.9201739724660825
-1051.3409566538471  -2084.718934169097   1         0.47364651257987433
773.4072470130894    -2312.118605063785   1         0.390667795900858
5823.853022744976    -4957.626442568817   1         19.113093032149585
-1612.9565930398112  -2050.4913449362643  1         0.8825850979352499
4639.998914780974    -2162.6578326969197  1         39.511953967446125
-6138.89519004838    -5879.754826116906   1         21.358343836704925
-5206.821871210802   -6421.522745570026   1         1.0301780424913056
-1443.989081268267   4457.675515365085    1         0.5048723868629006
-77.17716492734091   -5750.963301406028   1         1.0883074562014878
3852.735627476911    1798.8684708651547   1         0.657425118338899
5786.885591417098    -135.13653480197888  1         0.5231390564548626
-3029.0424080764556  868.985759582336     1         46.173860391013164
-1949.2718669294716  -1183.098380763652   1         0.9540352338673022
-4206.581962098104   4001.5482753409433   1         0.1857131867899201
-918.9897000208017   -2534.362980749372   1         0.10418962903437663
3379.2678513749347   2478.1395812411206   1         0.6249485556122113
5613.545523981791    -890.2917864664756   1         1.2082161183895839
279.57397681359316   -3698.319878925698   1         0.19411241141149965
-2002.656302917224   543.0616570660816    1         0.6467869694329809
5742.070740124458    3004.9583748228542   1         28.042958193380745
-3084.625359849901   1739.0786121257138   1         0.21099141685405426
1696.9992300303436   6168.255649265535    1         0.4542632981305377
1160.53574321216     5728.988742358879    1         1.08610234316687
4310.550702042352    811.4244551239819    1         0.24539141825073518
-6209.986216224732   3950.7681475868744   1         0.3269816886220528
182.05217691525468   1063.6616202025389   1         0.9757542500823179
2426.177345152173    4943.8659089140765   1         1.2377450918693822
3971.5857404416683   4088.6735105194916   1         0.4766147852443656
-1603.7002890097938  -1011.9441803943092  1         1.0865808921710751
-6020.604734870045   3781.352985529651    1         0.23296225196354753
-5076.035352810166   -525.4158775266948   1         0.484885068782544
-445.74759700080097  -33.36498074875995   1         0.7024578757917787
-4523.726175426815   6285.190541033032    1         0.16203257028300563
3062.1065634649385   -4729.210674122217   1         0.29059713365961704
-1442.3491881395848  5030.331908864915    1         0.3436429835271022
-4912.885308847645   -1288.1623853492415  1         0.5997233103554287
5592.04112600873     5717.449035356552    1         0.7003821193793166
1248.0955106256288   323.87007445233104   1         19.535819923472935
5685.308187917767    -3854.611116477489   1         0.2706919623876237
3899.5395514472134   3771.11369405485     1         0.7138529715623676
-552.5976592026827   4456.899119228152    1         0.9043148456770564
209.8309360699963    -4268.0456474784405  1         1.1145414252075407
-3086.2398206180947  876.8790000092743    1         1.2192292305941153
-2444.9499712069287  -4757.829285622205   1         22.77380380868294
-2347.1545457464567  3659.1368141105386   1         0.27018850009640116
3947.62052299937     5474.390051376537    1         6.32018804204284
4907.979296568535    1199.4222468476587   1         0.4661499736689477
207.3155196539558    -2788.323054505674   1         1.1151741020293975
3589.4570564612386   -3622.880806081511   1         1.0023177092378242
-1382.3356693410099  -2864.616210368607   1         0.9140086305678332
2701.3923115202806   4392.483783686839    1         37.219827172054465
-4879.68846689155    6259.655784556699    1         0.5571351256306016
4931.36937489547     -3910.425849113776   1         0.9238248861889582
-5747.460231164064   -1822.233440155489   1         13.09055300107223
-3427.8621569542597  -1013.8400666800518  1         0.9490154061560773
2238.3519840605472   -3932.3226879955464  1         0.984500335504579
-2262.9723401704123  -405.2429689624697   1         0.5856679725101953
2302.279169958711    2021.7827565315758   1         0.6060432944757763
-6113.606419323236   -3854.0007758097954  1         0.9941116966536052
6218.505464171818    -2084.3040086280366  1         42.112002006757656
6076.708742512774    -2053.274684034536   1         0.19159551755565157
