trucks_count 3
drones_count 2
customers 33
depot 0.0 0.0
Coordinate X         Coordinate Y         Dronable Demand
10144.666254337873   7436.0477585349      1         7.763932482028254
-11208.440126348449  -2088.590237638633   1         0.31089385719681517
771.7362434531567    -951.081315181037    1         1.196293046318832
2349.725803251277    -2234.966584787863   1         0.30316576480842805
-2.3542248066917377  6072.9244896107975   1         0.703080603435639
-784.8377442284946   -8591.420716038432   1         30.70434423707918
4011.6126737266336   1323.4132821971164   1         0.1416711243853751
2432.6297574219952   -5080.650096975125   1         0.23140919454061193
-9012.055516439275   -4724.097468734729   1         0.9327048458162677
-2549.1573107277377  10078.503341802563   1         1.1187270142112269
-5490.474182884453   582.5103079350558    1         0.30405947170649117
-9215.513583900774   4905.473323905443    1         0.2614802180915038
5981.842127110647    -369.4115668169309   1         0.9561019325280703
-7270.935450789143   5879.952681061236    1         41.481433253842226
-9800.234337469048   662.9900290919502    1         0.9754257564107167
3918.182928457438    2432.3815133005264   1         0.10421018984347771
3660.538554216261    6000.208741549133    1         0.8160283347929569
4417.123479278382    -598.1395893444223   1         43.97715142233562
5665.8522432058635   6330.195937893757    1         0.37419126888835164
1276.7639997642273   1530.823285015489    1         8.774169558626088
-2302.89964238685    -6718.184451522328   1         0.8047062590931049
-6700.244657928404   2854.8547766590796   1         0.4738160871703342
9691.64654475402     1030.5510303932922   1         42.285839150584465
-3481.0874847703367  8533.958410953092    1         0.9782260441524853
8143.924974508444    1477.2216447063008   1         0.1394699006376187
8019.6655977953915   4121.514827604441    1         0.9306629937267122
-2286.872343845452   -4731.6078459957835  1         4.497065206114141
4684.338833540627    -8198.565245606145   1         1.2489784926441863
-2871.443108720554   7391.215343604777    1         0.8854456295224835
-2505.6159018721546  7077.114980536582    1         1.1373423747734208
-5621.453508115901   6355.581256716876    1         0.7131571714159611
6161.193001814035    2220.0779180911595   1         0.5559383250294466
269.5248882626329    1823.4212506341355   1         0.66157975644457
