trucks_count 4
drones_count 5
customers 80
depot 0.0 0.0
Coordinate X         Coordinate Y         Dronable Demand
2774.7393979440126   -10060.252897044718  1         29.37426820317741
5291.734135758735    -453.60629006832943  1         0.5640725025259956
-9902.293805877996   -1307.473224218385   1         0.5396968010723568
-9363.72242976525    -2723.730147589902   1         0.9262012091081234
-2076.6872710362213  6882.099157050981    1         1.0689353965310053
-3995.228302648764   9919.955474253577    1         0.37486414355027486
986.526290468918     8156.6761430671995   1         0.5668269661298724
4500.985582567009    -1686.9324573361996  1         6.593151058405166
3982.563922385858    -131.68302657019564  1         30.544098519388506
-7901.669088630534   -6438.582362314311   1         1.0824468517713883
-10156.845615498547  -3991.780180726362   1         1.017579509957469
1147.7165072957182   -62.80562228852222   1         35.77646293629035
13057.302414354293   13057.119278589824   1         0.6933408980509829
8227.399310786968    7064.816687288479    1         1.1321975613438966
1062.0765455705402   -6122.057109360965   1         0.8874597755528654
-6709.27865333241    3899.0331444116855   1         19.004445467347526
12357.790245584503   12628.277196499464   1         0.6870855386822864
-4062.4189488727093  1036.645487516983    1         47.607461745876954
5811.623385170005    -3402.668160587822   1         0.23818731641531177
4451.723834098618    719.0187069318561    1         0.5302699977275993
4989.9123950185285   4832.200656278097    1         0.38666620549288166
-5990.639560896431   -7058.019976424368   1         41.2355580561435
1743.4919860903112   1498.9260278376498   1         0.9210292140422973
-1591.8174339884163  -2047.3397579283553  1         1.2485865591915533
-6251.139889300996   4001.7606427312917   1         0.720138116492474
-4573.434197397929   -7205.803004082521   1         0.4507948842941808
7914.1829338703155   4614.614065108149    1         35.88224393565827
6444.854962505963    -6783.741916726811   1         0.3929383416191955
416.43639505306254   282.1311489048725    1         0.1529929829779743
7825.938581769366    1891.9086759338388   1         41.128339378317094
-2130.388082284755   2078.930030639848    1         0.9974450102090118
7344.025925060263    618.9184436935548    1         0.9763936954190185
3218.831939335414    -3846.0111458638085  1         0.5244926801610202
4357.905036842661    -1982.6997006355227  1         0.33664475858793713
3056.3155183732088   4897.776872121754    1         0.4969007561333527
-3341.5482889423065  2888.966324233111    1         44.16632479425599
-3697.6042810661743  -589.8661469881143   1         0.24758935742284202
-435.13359386123807  8578.301110601345    1         1.1109515637361311
2873.811675248682    1491.5086158364975   1         31.293674594402777
4660.629429126818    2150.567061313911    1         0.21415229041641914
8000.237401714298    -124.0010234972328   1         0.21392776230259591
-4712.956636962968   8214.014269626845    1         0.80846545426019
-13976.853815571976  2631.567360397017    1         45.487653115227744
-17652.799639889003  -9212.5608702048     1         38.01595519590013
-7323.994664555344   -6610.426806165298   1         1.1769130324306265
1286.9222479349842   213.2145480152071    1         0.48723004811359094
-5307.1975848328875  -560.2494121349413   1         0.10167176914940917
13763.876049695413   -9837.098694211498   1         0.9607637801942653
5711.0745996022115   5081.737862285297    1         1.2157677819607922
-6324.737553331537   5658.639343086601    1         0.7886083886167
-14036.605480815944  -3446.8854159991333  1         48.716729922921935
228.0115132829942    -2561.7321871982667  1         0.9369492992112683
5769.641972944977    -4780.058561085347   1         15.825243567796496
2978.3326850989542   -10248.517509685755  1         0.7793108001491912
-4634.406337611839   -2095.789179752419   1         0.5156691886459726
1297.9276702027248   457.88419404071806   1         0.5795444466982165
7278.815251435267    -5052.512939991584   1         0.8043010100253429
-3215.063495902542   -10331.925357301267  1         0.8958156933281944
-3721.2400035054106  -17388.4480362589    1         12.2031106618738
6848.136625885386    3472.238283942933    1         0.6004083774028068
-7530.647962391258   1232.4340853846156   1         0.23328642301613434
4429.9163175279655   4835.589245794492    1         0.3479164091826819
-9084.265641555437   9200.35745381529     1         18.780896763104757
-14810.496554088822  13860.148252426094   1         0.7647860455253058
4181.646618770292    -8395.830530864918   1         41.86190593131987
-3840.792489552566   -4906.766691994963   1         0.4527254072861391
2572.58426177827     2241.101967658789    1         0.3463808363977857
-2562.021295398131   -4515.623490096686   1         0.8133370044811413
-31.089615972874142  1221.3336773466624   1         1.2469413841338122
-7366.070460211271   186.4524232632529    1         0.2772790422813174
-9286.831771297397   -1930.28557640399    1         6.128072030765725
11044.27157688277    -8594.923919245879   1         1.0444163484382527
6977.4794405025      4945.791650130877    1         36.6242351839691
1435.2403413733307   -5558.560355515452   1         0.5677614959384991
-955.525665018984    649.848360519376     1         0.5998443700194641
8330.905039623824    1253.4378028206017   1         4.835698155506358
933.7698647207335    8023.714768284567    1         0.6972831905362628
523.4439528474659    -4062.439712451661   1         0.2776653876785685
-4903.452552654301   4487.452960311652    1         0.492924097184697
4705.359258345958    9110.00998255708     1         0.10816080537920675
