trucks_count 2
drones_count 3
customers 21
depot 0.0 0.0
Coordinate X         Coordinate Y         Dronable Demand
3579.157647171821    -8004.700177601085   1         0.39947612688866085
-3184.9860105564735  7619.05413889259     1         1.2157162747087802
-8658.464798502519   1150.4977021319155   1         1.0913881433246964
-6114.939674613161   5960.864543530178    1         0.3189653221302107
4327.174338864982    -5231.266882672466   1         0.6928712353508207
-2517.7639823881846  6462.391347016588    1         0.758561108669658
80.34149840387367    1124.8242331533809   1         1.049888151392162
817.2252118680799    -7656.016607072962   1         0.15451724426394364
6185.861415128042    -2969.8733000512175  1         0.18048251069548465
-27.548837259981966  2134.4479953721907   1         0.3788514020599787
-845.9211380830073   6301.043026758645    1         0.7310177152055819
1246.7519828043119   8056.579700893952    1         0.9238109241248427
2615.5240100862825   -4377.583376849349   1         0.5337034076037538
676.0501135867029    2935.873687551795    1         45.70239487863458
-6332.846559629156   4023.9242807743003   1         0.3503261621214645
8564.660981738796    -5657.273124649773   1         1.2399975202060893
7622.139981923861    1967.034742244831    1         1.0556410647387817
9731.263441812134    4854.385349709217    1         36.36033584569543
4500.653420486446    849.7068856292885    1         0.18600808197104682
10719.208081264058   476.59852154053186   1         0.13453778058374227
8712.200109661899    -6333.589301330197   1         0.7249239553943526
