trucks_count 2
drones_count 3
customers 35
depot 0.0 0.0
Coordinate X         Coordinate Y         Dronable Demand
-13641.26276677833   3546.057838904706    1         24.6250650375549
642.5361264301291    -8687.045882298371   1         1.1450251734266426
-7225.894680985755   28.999243553606963   1         41.16298598810877
14251.985705197172   11481.026875477985   1         0.7068816400888065
-848.7528820464664   -7117.485877182503   1         1.0428943294916635
-2848.110464434707   -3737.3547961181666  1         0.929544053356072
1901.7040329043318   3191.8874900907526   1         0.6345007341874789
5426.27925391153     -6933.707583162425   1         0.22213364937443358
5737.028923004049    6857.574359093796    1         26.534814586793164
9285.666683552563    15338.684834763399   1         0.22722657002458083
-3562.445693717222   4182.8332755378215   1         0.5011846987735654
-4922.808847529399   -398.65370109177053  1         0.13348791597282708
12439.518583822135   -9316.704343904352   1         47.353381588115035
5973.042266712799    3934.6165788522835   1         0.8099901377521489
904.0280111551065    4229.751358881139    1         0.30071157629716927
-14743.19395989935   16113.199509087854   1         1.0927341171372738
-1816.2474523022552  -4481.6870055193585  1         0.4559114887998702
10140.520711659741   1690.6447406776342   1         0.5845159073079124
-9334.61039275335    -1181.739418067642   1         21.169069110380843
-6145.445718088368   -481.28886934929386  1         29.507741140211557
8892.686625430053    1123.7169326601695   1         0.808164547625429
-3362.3296935391654  -2092.990936260508   1         0.21056737965938438
7105.447471908966    -1999.4878520361588  1         0.604740189168825
1771.6975169626091   -4694.943294943576   1         0.20064891065362148
-6647.0644443791125  -6450.983316785377   1         0.23090370833049362
-5026.246704802762   -8667.507872376269   1         0.6711186557227302
-10356.803777233847  -13249.035985224253  1         31.64072890688489
2048.585622303282    -1216.6692694650085  1         0.32707671655652104
5046.327845554289    1859.9860080033316   1         0.4357152371021289
-11948.791610149603  12380.28806730873    1         39.211446539179526
187.9714096212981    4346.45372389298     1         0.1977399550159591
-2625.884745340793   6955.746632659932    1         0.5270424820044138
3467.7264729145973   124.81911112316301   1         0.5015550287692621
3412.2529895466523   97.32174466376402    1         0.9741935474189612
-8254.912807682796   6069.587776200479    1         0.9181834641327533
