trucks_count 5
drones_count 5
customers 87
depot 0.0 0.0
Coordinate X         Coordinate Y         Dronable Demand
-4529.665990984062   3524.204396547307    1         0.5611291224809208
424.68228378371424   -1257.8245034056017  1         0.8683688045293663
-5465.478481186552   -6423.412924584875   1         0.9369451424229674
5265.309712431604    4679.010320829421    1         0.5670431710189793
-5767.974984384553   6576.708433178904    1         1.173547025720965
1976.1166088218965   -6539.170427332567   1         33.92734645232226
-658.0069670393301   3461.4317233936063   1         1.0803596265865698
5087.250088982973    -531.4509785493099   1         0.4974466177503686
6417.765505496317    2127.2358166035638   1         1.429965638161762
1672.0106935889223   5286.406703878348    1         1.228880852291259
5065.217298532353    2234.3011522962497   1         0.5018666692786737
-1595.7880812985652  -2414.9422232002057  1         38.86417411176839
-6188.933217342964   5276.444125814674    1         0.35430732302514834
674.8688570985653    -4758.043866388488   1         1.1142740185173587
469.23004277438343   3085.864830851963    1         0.22955528996580302
-4982.912419954404   -1328.1312120094478  1         1.1192103738888581
3316.575086533105    1635.36602246407     1         0.10422764635872342
3060.0418722434906   -879.8131317891803   1         1.159091926624733
1370.33719923615     6027.589105956465    1         0.6248218705702397
3223.2349026443326   -3319.7014041795774  1         7.736792361682771
1519.1349191158058   -6358.514085672626   1         0.9934338504671484
5869.541881674326    307.81735408458394   1         0.2873367773483063
4339.617691052006    -5441.990573134925   1         0.1516944073586405
-5089.242781340954   2680.8389220779763   1         0.10514106443087319
-2521.401603670175   3774.3563628369775   1         1.1452586348098213
-2618.878276354992   354.3570855257218    1         0.6254566976043687
-3596.9408549088466  -1779.7173302988015  1         0.6150681223676618
-1201.4489754717633  -411.0957019390071   1         0.5193024941230237
-2281.1150365538538  682.472135578615     1         0.8072244397286711
4944.014996638961    -1698.0873480797186  1         13.562342789890462
-1559.8337277942444  -117.91719558668369  1         1.1112918039919577
1928.6464517918291   6052.511059337242    1         16.836605030231276
-4705.482851338876   925.2741314596782    1         0.764585223112685
1936.5411391234384   875.8640636158831    1         24.283934559028857
-6659.143089528439   1467.4238156501017   1         0.14237346842230117
3631.5538482144316   -6802.2220662865875  1         31.419719967193547
-3511.6674324319742  -4448.310797045565   1         1.1621777810221923
-5932.589883195912   -2094.977498025968   1         0.9261808911641134
58.784897141758506   433.68093381258103   1         1.112427018051935
-4943.966642231798   3660.32892783045     1         36.606063650664495
-4145.692229708535   6042.746358901026    1         0.7456728533860619
-4810.6623005367     3237.4646226366867   1         1.2128176934484802
3203.4575669678375   -3951.4644345495217  1         0.4691518065458401
-2935.0779355561303  2590.999844798228    1         0.7942796074602472
4422.000452794162    -6166.100693520799   1         0.2003651392608708
2955.694526886925    -2195.0959233702606  1         0.8324381613305383
-4982.057543804275   -790.9615624412418   1         0.7444367316719904
1144.9681842806933   3857.140012488305    1         1.2337759853472328
5328.329083438868    -875.7935955273742   1         0.245827768756234
780.2924830901759    1199.5559442097876   1         1.2417964204455336
6152.431314662109    1561.3352269892393   1         0.8573042354157707
3990.3458078375434   1522.810737912253    1         13.23954086360949
5347.771640203755    -6007.712012140975   1         0.16754868268911538
-1539.4700386476159  -1818.311904414777   1         0.8876623599100724
5422.830797564501    3672.715644398541    1         0.5997927615297193
-1855.833604642267   -4490.797778895709   1         1.122063174901782
-6169.13851897262    -2504.2477289676826  1         0.5013921698855852
-3216.4618132476007  -776.3944968955906   1         0.10179774500447418
-5713.742365607088   5228.78202805409     1         0.8821109095731463
679.4015175524102    3654.4026507290937   1         0.7717859655121906
6299.4857882478445   319.88890592150426   1         0.866342295228711
4517.718103399939    -6367.817285155227   1         0.5414619343645488
4124.692621298108    3331.5950563819088   1         16.364035003359827
-4207.835466033824   -5496.14437921672    1         34.30760519020818
-5701.35904384896    6438.415294369652    1         0.5812032703882763
2166.6200558085366   -6759.976081695972   1         28.55176662101206
914.0387568062779    1982.8696031118945   1         0.24218909797358687
-3637.79858042906    -3731.499540996021   1         0.14717714354932804
2185.9732208526643   3313.991513337843    1         42.89701488978457
-6749.334657660663   -2277.3875153125946  1         0.6623304552478843
-3370.918776090202   -2948.939859520556   1         0.2916986707948509
-4807.276357204028   -2146.0000190912488  1         33.86132939824285
5428.816496606686    -1060.2125119206771  1         0.3700892212533131
1072.1638291307816   3894.7393259263445   1         0.9862580369106664
2681.5554510276647   -5029.424547357204   1         0.5786189079581967
6178.788013806072    3484.4121115416956   1         32.74568474688279
-6481.102512014269   6520.502514028117    1         1.0367108272026588
-1237.0986029758762  5743.889893634321    1         1.152232549021667
-6497.5155197340155  200.5764860085768    1         0.9455288864399732
4463.971414886458    5404.469849768097    1         0.4659588277942276
577.3419369780804    -6540.471419629691   1         0.5351250829008934
3789.7224732185887   5258.858611095481    1         0.3350869979404211
675.5113500941295    -3664.9297211168287  1         28.623942453588285
-4348.218632517157   5553.780546020501    1         0.11374340398083975
4728.594146329359    6276.464111560265    1         0.3217748336471403
-4969.763426770143   -3591.8003815330626  1         39.99676460120227
-1974.6896590225588  3379.1002581363387   1         22.395453990037645
