trucks_count 6
drones_count 5
customers 88
depot 0.0 0.0
Coordinate X         Coordinate Y         Dronable Demand
-4463.039246564104   -9552.06792387185    1         1.1515700085812512
-7938.9764556104765  -5417.345804677527   1         35.74973154589344
-9681.240354670184   398.9678669492225    1         0.5553314572387208
8108.830498991715    -5986.609227790043   1         0.9448418829970339
4881.766473573023    -8064.236548018135   1         0.3693322270937158
3485.8614584463576   7410.5874410518745   1         0.6781446914222361
2323.828537805133    886.9563074992146    1         0.8871213050452358
185.33004469215257   8171.7040438658405   1         1.145461280209411
-7144.689166290602   -6847.848999470161   1         0.3019611018761966
1976.8721172524768   -2069.6343924096104  1         0.49976132106840865
4624.602269265923    -9573.278983472504   1         0.7885379892831771
3534.7706139632164   5277.392117216311    1         0.5994722924936039
2115.8273523984317   4864.708384337094    1         0.7928831435871525
1037.931265706664    -2606.4023895337277  1         18.654193131482582
9979.390091991834    -2617.107291032891   1         0.6293988923544372
-2925.268225188573   2510.6437953006775   1         1.127722510898202
882.2319257963608    5974.2120836638405   1         0.5004072476259991
3855.033078282083    -5357.616239322217   1         1.0588898392787975
5296.273087590853    -8721.763719725486   1         1.1408749049607974
2331.0273842562656   6343.743623415008    1         0.7375578454228806
7173.24498252662     -4386.583011917227   1         26.122796222276506
-8622.426309753686   6607.498153548049    1         1.2415313117170856
10779.788287879217   1400.3075253448187   1         0.8341246885909144
4157.152361196608    -2092.4272998449414  1         3.7675110938541905
-5707.145552300985   3709.4562171418893   1         0.9110206255404347
5496.3975500060815   -6765.029072797192   1         1.0219536490015262
-4734.510495263334   -7655.847563482064   1         0.5636881238817425
-7088.050075043458   -1531.9255398070509  1         0.6276311493781428
7669.37485508307     6079.0342126726355   1         0.573444367625704
-1997.4906590299802  -6511.152219535599   1         0.5273671862369215
9714.374063588017    -3420.515561309371   1         0.6014392208225996
-2783.237100729917   329.7168804242501    1         0.34352561270282617
-6001.823876311795   11983.217493217991   1         26.409169802271357
9780.537434411193    3874.497877532983    1         37.102995453494046
-6351.935866530488   8779.944799702038    1         0.5398668468175203
5061.415369721672    5032.237130313402    1         37.597124495054906
-5839.509160882142   -2852.897100787512   1         0.18485023048332477
4263.7369948523165   -5681.607499325665   1         14.295905532457537
4324.220975205806    -4630.160495498472   1         3.0190478797298415
4416.491996005681    -3309.3070702336745  1         44.701182990232475
-9364.608102571672   -962.5979565711638   1         16.404434759417956
-2919.7015828599197  12181.86808941948    1         0.9138624462792416
-7365.307736136919   4026.854708051752    1         0.19309831660009447
7061.290805012981    -6714.141404027234   1         25.933262154901094
5944.251778497573    -3758.7910195401146  1         0.1288001967810409
-10267.395317518969  -2121.374333217565   1         39.551353806932404
-9652.582583361776   -4507.288079262379   1         0.513557278536191
1023.42414454277     -9727.62338918788    1         0.594145550639113
4564.863622593712    -9948.017397570831   1         0.7983391693758686
6865.732850066954    -1706.8605890787567  1         0.5549169761243598
4571.092344245975    -1899.4915860518947  1         0.596467426716003
-5498.925741447657   479.22284593415395   1         0.410909632345133
-1280.4661585500783  -2549.836300732973   1         21.62522586276537
1563.1747370173125   -2966.436137229668   1         0.44647420162207163
-9298.619149263373   4800.346244584149    1         23.619210734330704
-5326.789586316847   -6390.618095589142   1         0.64633547885473
-2754.429963887153   9749.198096484502    1         0.15653849924171986
-7911.372878487794   5128.517228842979    1         0.4852429654113599
-2846.6402097616024  7911.366237830797    1         29.888512483036195
-13097.640225350518  -5097.4521254760775  1         38.11549088379372
2630.5470880528937   2192.025978568219    1         0.644500060166825
1240.8009000446448   179.8557050826776    1         0.8430416444393193
5108.992618426934    -2805.8787121046653  1         25.856775920851227
5378.182017941984    -1362.123221357021   1         1.0245521135699531
-6755.87314167345    7436.559499684248    1         43.98230668528901
-4861.571679259744   -751.6136582512728   1         0.6678249826408195
2722.6278535525557   5111.6493920472185   1         0.8381214984269696
9375.897720741836    -4398.198881095998   1         0.23734948258827235
-3649.878627688473   9990.859560964309    1         13.780222097987531
-1772.9658502303455  7099.955070461698    1         1.092369220969996
-5187.593308848611   367.29116851190076   1         32.46662794423598
-1921.3887160169027  8562.703693368616    1         22.76701979875411
8771.958628852648    9197.219035216629    1         1.1406175604386557
-3341.107308169493   9180.385911046724    1         26.462494543019805
-2246.3043869507414  762.3166243745885    1         0.8204856848895928
5954.531134870012    -5025.718464131441   1         27.138311973165518
-3775.7410070839055  6884.056742745446    1         0.578887097730575
6651.337405393553    -6800.251927361228   1         33.05571673584286
7449.529987374705    -3192.11526735105    1         1.115858078935114
-5096.816755035197   5287.376561386248    1         0.6883849970886898
-3684.0476745670458  -3701.279819572709   1         0.9974140587573778
130.99747084179035   -1301.6339289901098  1         0.881784898904587
-6742.066261579876   -1883.7887789501222  1         4.085320275917503
1190.5974489482996   -5814.898271911779   1         1.1498732232070756
-2642.0632919578156  -10133.280400339083  1         0.66657046651615
-4834.31186268327    -2770.702949716183   1         0.8943136663487984
3904.8192070752602   -8039.026840865351   1         1.1442976543635806
2022.3562560934965   6043.156233318365    1         1.095936740372455
