trucks_count 3
drones_count 3
customers 77
depot 0.0 0.0
Coordinate X         Coordinate Y         Dronable Demand
3770.2036238266464   11859.20777904432    1         40.42271926446399
3558.561221071165    -1755.8868743306166  1         0.1593736532092349
1985.1031939123338   -2128.201242098431   1         0.14358434048703062
-1838.070176783537   3022.427733835192    1         20.488778613516313
9169.56030306995     1337.6368189414804   1         0.3982470029856394
-2959.011169224433   8164.03807528965     1         43.638462505718174
-1090.7771327293428  -3026.9193124117864  1         0.936914994093216
-7746.102346281833   2972.3767242826616   1         0.39106047747073747
-3874.7416315666355  -9426.161864210007   1         0.6300448444335189
6885.306976427374    2127.9023896700082   1         1.0917561778896958
-7912.31174655064    3572.216114355711    1         46.216930052531374
-3035.643414458897   409.86979092483995   1         0.7188599649189484
10058.791863075538   -335.93735111374957  1         35.99785582154284
1339.2869212840799   -6947.055732463619   1         1.0038035763396218
10105.447514440957   -6356.728541622279   1         45.93949398339095
5937.242694733623    5165.381829169818    1         0.2905820850354549
2890.037008588044    1133.7401483522754   1         39.14593055628221
-13778.356584672512  2846.685945260868    1         0.4440242478641969
7090.145012384946    -3988.0660824375345  1         1.1189858511799995
-4081.9387596890583  2894.7664279321066   1         0.8458921300769225
-3124.3482004042507  6319.439384410527    1         0.3672500234788223
1462.1117356073096   8291.33382969539     1         35.76636734467793
-7106.150715068454   4317.638835254899    1         44.871616987728295
-4180.849015324596   -4082.935893373706   1         1.1202052995836418
-560.206168288651    1735.8643078217744   1         0.29203044854726395
2134.7414350355093   -2350.5146400232143  1         31.453424738541333
4816.212154997865    -3705.410731464979   1         0.17316370224594607
-6891.252787405908   605.2415124703714    1         1.183168746187593
363.0510370189943    -277.5941782198844   1         0.31399830457950545
-10272.020387872168  -164.99446103843331  1         0.33508172899459854
-395.85394420395875  -6836.523707977937   1         0.11117065703414147
-11395.763557553104  2183.893967220012    1         18.419735373516335
-10281.094156798074  1627.5619725602824   1         16.0318096701356
2818.08233086374     -4784.397435378941   1         0.19761703207034748
5958.191547104938    378.1377448887519    1         0.5340812068303231
5664.208793252682    -4924.445543343403   1         0.38907688710249066
-5912.311058412956   8936.820448639415    1         0.6817703285384481
-7080.324781719694   -3391.526350545562   1         0.4193316172335687
-9010.141604314567   5919.5131791736585   1         1.1458915087868526
-7716.817293075581   6770.809477634792    1         0.6133993902087786
-9708.406601445695   -993.9471917431304   1         0.5241783947554384
8671.536594312567    -13668.892735197382  1         33.18502309038782
-2446.312090316694   -7994.191461679856   1         0.8759127069487841
-8069.53383123504    -1510.6389351924408  1         0.604316904433071
-9761.57474086528    3162.1741154692522   1         0.5076519037903677
-7641.370108474204   -2338.6000087522657  1         0.5407988675329112
6759.0331719558      5013.671749287151    1         1.085468040462432
868.7814243571179    3636.4817153302074   1         0.6180415795235017
-7846.307431356451   875.1554029651182    1         0.9319502402981866
-3333.420830677704   -5564.471673893176   1         1.0598667574609628
5932.256968761038    -7970.623354244282   1         1.0703083421669577
1722.8770172240816   -1139.7957733538167  1         0.7784282877268835
-6115.4742374101015  -8472.559953499265   1         0.5987141110540948
-3241.901934865498   -1805.6491870961281  1         24.34423164116826
59.38444930659323    -8806.792924236246   1         0.37498011595486447
6653.5916967447865   3768.8865476505616   1         0.2808268216652726
-3796.4833244205965  -13247.239300972813  1         1.0717434652312343
-13184.597681248     6869.0429636283825   1         0.4818503794249368
371.3590465373241    9818.491216121423    1         0.7367123687852717
6769.811081603204    -4705.857912054658   1         0.33602599867003236
8217.776467452895    3681.7237785497396   1         39.94966833211225
-2370.2669774761184  9552.342490077097    1         1.12446335012678
4263.67080977852     7335.091870352461    1         0.8100021818511599
-257.0916987451359   10532.237727333755   1         12.093111295871966
-8628.014659423383   -1880.3332529794561  1         0.8540935976637674
-9109.321533659191   1860.7836631557427   1         1.0234638342133133
-5893.445897339275   5705.124678507827    1         0.9789313719869912
4002.5601852764457   -4517.960408435802   1         0.38187521888489717
-9693.348550079261   1698.751427516723    1         1.0878609290540169
7271.8022568476335   4916.250056453325    1         1.1300628336160548
-943.0126049890647   741.6577865193989    1         1.052319115403129
-3221.338539738842   9306.565510099706    1         22.89270469949066
-834.356758555861    3765.2591239356643   1         19.6546972329105
-8275.327562807352   2242.57643755704     1         18.53048639917476
-7712.392843004889   4316.855084540092    1         0.563489300176434
4948.690399314322    -12972.760812009858  1         36.64431015926684
-8967.641980829552   4482.407844778193    1         0.3549232560444536
