trucks_count 5
drones_count 5
customers 63
depot 0.0 0.0
Coordinate X         Coordinate Y         Dronable Demand
-12902.79770225503   8163.283724614812    1         0.6709621666995907
-5391.694404102854   6987.541529947987    1         0.29814955360082224
3394.2909296700323   8182.538962259657    1         0.45718532352211516
3542.5167982944536   -607.3208537362939   1         0.6491130535941972
8541.574369414428    -4608.289224309776   1         0.7415226411291462
8593.77160779328     5617.085830230576    1         0.9939884132341062
-1663.5498897582015  -799.3107267375448   1         0.5415478186917895
-6707.659966554539   -649.4951754626182   1         0.8157201613226326
-8479.210080021378   4898.8411685707      1         1.1559755446408422
5597.460876080754    7690.611411355332    1         0.6872756946783735
-9403.511511606253   -3493.5139265987427  1         0.8697309309406888
-503.9291075573077   1298.0669057685795   1         1.0306234537501007
4593.6988824045975   7459.39239092822     1         1.093349548951427
-2841.0607203038594  7834.651522880768    1         1.0335266621505557
-8001.635186733925   4413.600573383627    1         0.5323026371105812
-1031.1100509932076  -1870.166315917606   1         0.18880554947353134
-659.802287187547    1852.2347156253757   1         20.33568329085464
6634.254017492948    -7352.412256394833   1         0.27721878739749156
-15212.24502907506   -16886.974048499756  1         0.9291209090890076
-2763.2747189233796  -217.69290174593317  1         12.63218488530428
5153.572162656592    2542.3417101701916   1         0.6928357071750909
5170.4576057529575   9596.08226439277     1         0.17426498062907864
6755.137615474717    -1040.6355961769907  1         11.403651747883144
-5719.366836258037   -2010.716348777372   1         0.6672212836712287
-764.3767978254366   10199.053933480753   1         0.28128138134239333
7718.606726885842    -3159.063565154558   1         0.5280452823556642
1382.769908881489    10610.680717681327   1         0.6743442413256241
-7346.083068911372   -5974.905898133233   1         0.40683123662822396
7142.98243933651     1510.1715826875984   1         0.2466786890757958
6641.423543717629    -5834.575554867802   1         1.0654600374002614
-9016.229292245518   2060.0885924985596   1         0.1850531536887565
-5292.7987164344995  -9106.80843933753    1         0.6261748155883521
6911.267074354066    7435.964916981399    1         0.7056888798285849
4190.2248093941935   8643.947484262984    1         0.5635395757572202
4462.670758331307    -7161.737280573634   1         0.766848026860728
1072.7919649756743   -7317.031546127915   1         0.484362125215961
10214.807630331634   1981.3425846483121   1         0.5678386794117758
-7113.551986086843   -2457.0648273653123  1         30.768460790524603
318.6279180819633    3238.982084149467    1         0.22218895470831113
-6851.423912692869   -3050.3571018409243  1         0.7607975335309892
-3721.899833587352   -8527.678430773081   1         31.763689501454508
5132.288967676035    -8274.575156739333   1         0.32105806490917976
5040.571046717419    -6619.939048570279   1         0.9334546788567745
6250.38378163336     -4601.683645693514   1         45.29034868668017
-10204.287477883347  -2647.217456763055   1         0.8388728855186905
5170.290102536145    2899.983380563296    1         0.19832332628925098
-8251.828735781555   5874.12278895898     1         0.5590667808630868
9429.021236852037    1495.2814741051034   1         24.583510056517834
-3363.655140950706   2644.9019411115746   1         0.7319590730047795
-4768.843214259088   3865.9163529046336   1         22.571257508624445
4145.143363424157    8591.339066821947    1         33.31066664034581
-6791.745838888225   -1358.6577144293656  1         1.2224757342379309
-2759.5006120191892  -6605.773258974706   1         8.114351779531113
3366.519853306443    -7095.113975676952   1         0.8958486899298225
-11958.688061839428  16622.45707218125    1         45.57450274922576
6586.4251500404525   -4372.140694842809   1         0.8122331543268324
-6178.723058127407   -8048.87477654671    1         0.9085418001076347
3344.8820198561225   -3819.0331377005787  1         43.01966192810245
967.0760591852268    3851.8553685661063   1         0.6399552709047455
-2850.9169834748864  -13308.278339409286  1         0.21824281864765638
-4834.704338276535   14250.966230706137   1         43.199135632552775
-2964.187192606676   11631.390182355932   1         1.1972841183691851
1094.8360295927425   -5228.7253036941465  1         0.5093983226765989
