trucks_count 4
drones_count 6
customers 87
depot 0.0 0.0
Coordinate X         Coordinate Y         Dronable Demand
-3380.1331213065805  -1100.2460189031995  1         0.1288763003411791
-10012.461613127814  -3042.976995061975   1         1.1096136513493708
2718.5564404226097   -8678.816845770605   1         0.5062550844672901
7681.1489983480615   -7365.478203994253   1         0.7533833863528034
1647.8885628469943   12641.831564013079   1         25.15693808847788
-321.9995552433396   -2452.4614152811973  1         0.7719476653634615
2771.065750354778    4090.047353414005    1         0.8378324032077915
14127.309535052627   14345.324326276936   1         1.0318974216997456
9507.215184566117    -15258.814412819616  1         0.41642128238152454
-96.24864639322466   3855.4075207422234   1         28.1660425219372
5302.081165291601    -4234.464081540647   1         17.733780880410215
3495.3085182706504   8680.930737639545    1         47.619831240930026
2136.754462133027    -9636.255276551216   1         22.154118663522148
-3518.2518491593914  6783.982228480857    1         0.9520256383815556
-13475.511717394664  -4349.4446405617455  1         0.7876483290480674
7370.927218230943    1125.0849669940435   1         1.0012203250904206
14817.322601024447   -15788.998267762208  1         8.615782488221019
-5833.452377887517   -8191.567889638205   1         0.6146823293995214
-3329.0779421871994  9554.934731676449    1         1.2418286739499522
2958.994365851866    4603.856247185077    1         1.1533809368799248
-8453.280489960687   -6537.6514343323925  1         46.31343804875223
-5058.188608343677   -5304.698216033505   1         48.69860316017594
-7175.678634608313   525.0412438664868    1         0.778897196625313
-9675.18546192003    -5536.849790636743   1         0.7116958387250286
6503.693885894458    4134.368648724297    1         0.26836597792057265
7693.703139212484    5578.047352315572    1         0.48961865985768793
4956.204385277257    9638.653878560313    1         1.056909292745834
551.8615178394335    4450.3893645341295   1         0.30513366915002577
4369.741356263172    -9633.065052790385   1         0.2595459755415741
5094.838408406135    -8998.54238005985    1         0.14990589940416277
-4056.4235021041254  9799.064971652122    1         0.9147994950451137
-8531.937758692962   4846.507460030491    1         0.7368349986885114
-407.2437115548054   9672.126875980512    1         0.5760975731575577
-749.0345007830304   7517.128130739438    1         46.105280725415085
2593.5683915981513   -1316.733270591189   1         6.448365854374394
-3085.6528404114233  -4413.747748866933   1         0.8620462729785557
5663.778445397277    5845.784433083936    1         0.4437227246969604
-8587.050782242874   -744.2118474514835   1         45.67938602722331
-9150.237665496968   3756.2687604448265   1         47.38487559319781
-5455.499604723967   9439.865808248258    1         1.0938891746988364
-5375.553333855826   9335.757096172176    1         0.18971723982744715
-7084.831411640051   -6261.335587407351   1         0.4027231752487944
1267.3502979404022   4799.796517203469    1         19.29944222908119
5110.245708451483    4355.470460971999    1         0.26364718852349484
-483.47738157283675  -6269.097561442915   1         1.180219362255592
15578.219118370303   5198.516194802003    1         0.6745669975537573
-3869.521933806196   -3476.098361634567   1         0.10301828883854547
10031.608035322895   -1377.577107779253   1         0.6361477301335468
9636.125489742142    -2739.646346348631   1         11.1279471102462
548.8693612635798    4298.961814527855    1         0.25583484802416734
-599.5332736330645   4267.703422002421    1         0.8152137326809753
-1236.3976754929904  8479.668051139586    1         1.1821343462966465
-2186.452522721107   -10132.281094202956  1         1.085031337037435
6595.307193908189    -3463.444508139688   1         0.21632795018888556
6176.039188397102    -8411.798073211252   1         1.2389848608107867
-8831.512053893002   2773.7266346068586   1         0.4383115356540126
-3126.847738373364   7563.965187748783    1         0.5303513728680846
8595.693526919777    -6554.142594412742   1         0.6839495889804276
-5438.3616056628125  5242.517566000318    1         11.828823638682245
-714.6368572449833   6112.716877360456    1         15.414542115581206
-2173.331561918565   1305.3362497275557   1         0.9363882090873685
6260.529348508418    -2572.939129154609   1         0.7218309019717006
8913.304114691347    5957.322525068442    1         1.0036730116823642
7540.922917533948    570.5234226089607    1         23.97719060094628
-8499.418439607747   -4073.6916014563667  1         0.431585072815324
6911.144581157481    3451.1354292525107   1         1.2427487584826375
2750.8004440788186   5465.814338271243    1         1.109051378689063
2059.3769473134294   -10395.22850104579   1         0.14480020755768266
-3907.0124962436416  9108.242926144438    1         1.1427435752480188
-6688.575398579355   -3429.60215434943    1         0.8449860752561078
-6971.108593543037   8406.617854273785    1         39.08572812206186
-3915.413334215941   2046.3104135487858   1         0.17194291124828232
3673.7072600481692   -9057.750914972123   1         0.8061601186863047
12393.244814316      -7529.861622712238   1         1.002905551377695
-3754.1062693003732  4752.87581239527     1         1.210417200644114
-3321.3287485984674  -1764.0420067819723  1         21.102992046206506
1230.872250143115    216.34098491257777   1         44.90437809481503
-3207.739766058822   1381.051661508872    1         18.826392134693
-6614.845097075606   -1290.0405810375685  1         0.2463829445884904
4590.172626358745    381.1473559546009    1         45.28619666808288
-9834.578271825992   -14435.024820658518  1         0.4874492048958261
6531.214201025779    8333.91864359649     1         0.5637335981089433
-2164.8409614791544  6182.441601053201    1         0.23027385967040304
1704.3455615885218   3884.2722689868474   1         41.491922209269845
5251.009539939029    -1069.5025013146094  1         0.8350338726045493
-9379.343290868486   -14622.059818525962  1         0.3217481484090206
6752.974511263109    1654.160593510388    1         0.8122630664515856
