trucks_count 6
drones_count 5
customers 87
depot 0.0 0.0
Coordinate X         Coordinate Y         Dronable Demand
5870.325726492756    -1851.4601149777682  1         0.2718715615396344
-2490.406009559339   10647.119859089122   1         36.1097777892582
4470.000129670265    -4022.3860576135944  1         0.6781878627787075
-2947.939487047882   -6660.683534018018   1         0.9682117491925349
-6556.999072073103   -5274.817651119574   1         7.241269155172566
2580.8912993706754   -6248.962289333361   1         33.01321487424698
-5625.926101845313   -7612.662653621607   1         1.0188650276688198
3751.2271278478624   1339.3851783775997   1         0.4818593717039029
11541.568971256977   7363.0484099154455   1         0.6203216205368834
10063.862694342162   -856.7577723580598   1         0.8067377267739264
-4045.9898364577143  -8759.61621357481    1         20.512881943183114
2508.085572728123    -1041.0056929634366  1         0.4067304794655454
9265.752425962903    8234.496420566305    1         10.054736066361604
1159.5940928763243   5577.705555884986    1         0.3225327769955383
7339.192308672878    12574.740789110001   1         23.40147431914129
9599.969846522064    10241.33323066129    1         43.1060157807911
8810.078810752428    387.51423068487367   1         0.4758167238715545
-4660.474216124516   4289.831129380107    1         0.23437517392338172
8351.167702411345    -3157.970793087672   1         18.42564059916815
10533.768225154783   -2717.220725781241   1         0.4671928461534599
6143.593021266956    -1740.1685465023247  1         0.9642013548841575
5812.86142655797     -2052.813950949886   1         0.17590859833015107
1779.9570983087542   316.0851082832669    1         0.6058049804326723
-2382.2915301307567  1323.1226662252466   1         45.83987970208104
2558.1082539143026   1800.6483220771406   1         0.7566411436118563
-6451.092494640209   -8689.282752218385   1         0.8069341777821948
-9325.900138269375   -11582.941017939396  1         0.7825612517782313
6494.741717931425    4303.294178743739    1         0.1257561193574356
9342.439692791198    306.5514187113194    1         0.33726026066115333
-961.3056298943952   -4317.434582243072   1         11.65125567882775
4598.464584113365    702.9653258780216    1         0.8538181151241272
4601.038013003423    6727.560289902623    1         36.367329908427415
6616.013542392743    -5734.471708976343   1         0.9441248290092551
1839.870549834779    -5396.103385101301   1         34.743166810644105
-3474.5817000707034  -9665.679960336496   1         1.164969091555966
-6422.220675229431   -9705.60790563606    1         0.20940391077705
-3112.849782022022   9836.936522472803    1         1.189837343746187
4813.438835475946    2424.920395313992    1         0.700371122080673
-1787.5406450181817  9677.9586358796      1         0.6760276984373417
-10416.29721927573   -1068.702559639674   1         0.21902735351197494
-6091.3545154750545  -4516.746469224603   1         0.7107592952261468
540.668613814541     6178.588256828791    1         0.4145664739900182
-5931.039475843963   1912.8394366572047   1         47.9508164298903
-6234.491825430291   -6556.078532596419   1         1.1140643433879482
-5799.586709015267   -12703.512796614734  1         0.22205120981742907
-1895.9529013768392  7782.655134374508    1         0.9539959275625614
5148.09373906138     -2205.228636282648   1         0.6511130774296676
-10171.906702715143  -333.29253024414004  1         21.27012400164108
-9015.511849277824   -865.7926092494563   1         0.15908563089768324
3002.6667378213187   819.9995593435292    1         0.4986596158078509
3608.552774697756    3419.3292839088704   1         0.7090330424770881
-5298.212181884347   1910.9641937448616   1         9.056312421838093
-442.9880337586732   4570.45852799769     1         0.2102862974116411
-4542.938827104591   -2868.1043224919927  1         1.056057879443374
-665.1934933931256   -10133.079575492518  1         0.5741030439351031
-9596.909241921998   2522.406011363871    1         0.5912655563691825
-7545.115409107699   -1386.33595476677    1         0.7813212120831301
-3924.8776323018246  7462.48314661429     1         24.71629882809981
-3806.3152495495838  -5906.542326879881   1         0.2787225027894801
-1686.707638070449   7117.501338499644    1         31.95299829345485
931.9689743735391    7920.43317449663     1         0.851313305224236
-3646.6629206067     2569.6451334000753   1         22.842835359679764
5409.656186654737    -1283.5763304337036  1         1.0559355855531765
4586.00130052258     -428.39228857269654  1         12.081294448834113
-2524.831578591794   6303.4356845120365   1         0.45807277852243466
5426.373571654098    4955.222738861471    1         0.5312670888462465
4721.821587448837    6833.198030561034    1         0.9258246831351933
-5411.842720078458   -480.3318524394799   1         0.5015907737714184
1122.4152650812443   8018.099183384723    1         0.4611236476968158
-2475.4671155137885  -6650.303340473195   1         43.69141279179547
-6376.549019168709   517.7086347320487    1         0.12827708191583118
4779.382027906396    -4936.56072018262    1         1.0050884523435701
-8679.079380799592   386.11640293008924   1         0.7586585493199336
-921.3882029297278   3262.6941559982597   1         1.2023203784033984
-3581.952628641985   8043.4039523663805   1         0.5639681033750683
-1292.4786208792702  11517.646228815633   1         12.047347551828357
8717.434976445587    -2732.0081625021176  1         1.237436617256082
-2847.1656783860676  -3783.282764452927   1         0.7966079125762487
317.316613782509     3483.824498936389    1         32.93942947446108
-422.8472338750248   -2198.381318461165   1         1.1160882445493245
-13488.15057632895   -7872.160366088921   1         1.1372253578736609
-12380.5964178957    -1423.1280395968352  1         0.7728778733411359
1389.1302202310721   8530.613662338295    1         0.28158031898518676
4724.997945493557    812.5820808523957    1         14.198259545192983
-50.04386485884788   5803.809353512537    1         0.5092989953530425
9455.993209935665    -3981.128688537791   1         0.17930571337435014
4273.177607820924    -1375.1198283217936  1         0.3200550451672873
