trucks_count 4
drones_count 4
customers 93
depot 0.0 0.0
Coordinate X         Coordinate Y         Dronable Demand
-2011.0375912130437  -1931.1447521969098  1         0.848701914769864
4590.115452348114    1442.3587419220116   1         0.4647446492985926
1804.1580027877226   1656.149861246933    1         0.5878197341021608
-81.02654669491368   -1670.0823709964218  1         0.9278584922863893
-5419.631345579764   -5416.373958487647   1         36.011883241590006
-1777.6330370187982  -6102.790597801426   1         0.9123605471757311
-5764.412024140816   2455.4157904452654   1         28.467511912767087
6613.304672853194    -4225.138462035058   1         1.2054457888164436
-5109.34775132875    4347.957664273739    1         0.5728952572543339
2764.703245859566    5856.829287713199    1         0.5023546458309456
971.8657190977385    1569.2428686542119   1         0.470926626078382
6142.082059207844    -4291.143936347973   1         42.45088243795174
-1000.4060675029723  6640.684032807326    1         45.92906089860134
5846.699042368825    -1347.52026179244    1         1.2414255858543732
2718.960813629266    4573.698419353613    1         0.842158460572303
-806.5832714777656   -4083.381691284174   1         0.4833154385413927
-771.650152383164    5113.917073556993    1         0.29774461005552494
5585.29921123696     -6480.647803907656   1         0.6351464119120513
-5509.048269673056   2275.7183088126094   1         0.6310689785224152
-6734.6744132244     -2603.226728491129   1         0.6846979189254543
6717.936045390099    5961.08492788946     1         0.25358414777999266
-5823.877594055101   -1637.9576917262793  1         0.38321779877763373
2774.204565049916    1679.2241895282516   1         0.17154451886443123
-1550.8433657767876  -3577.149039920692   1         22.830929643334052
4387.735639455382    -3147.0664976694375  1         5.335197073538031
-2549.390281132676   2834.3516204790376   1         0.8343665246095273
1073.5552379231322   -3864.5209932149455  1         0.8097545449177042
-1068.8381033044798  5004.059467363242    1         0.5958005865736615
4741.424204016435    1867.937881378251    1         1.03320930656569
3112.8815066047605   -817.2320073437274   1         0.8642820950770187
-1592.0744329692598  4561.579743450639    1         0.2089876056704291
835.2611109853576    -5801.76894240924    1         0.6713343996958784
-746.7433898869227   -5521.199739820074   1         0.7410915604149877
1875.557725039267    1343.0027186475418   1         1.0677437730635246
5439.34270227021     7085.05445945887     1         0.32721727618583785
-3836.1487569720707  -6456.346078022602   1         0.45662914828868795
-238.158044406523    -3383.92651697559    1         1.1435977493781293
3902.5022073258565   -6071.026029512149   1         0.2224431485567805
-6329.904996144989   3576.8625476786992   1         33.61658140436857
492.6378374507884    674.3189385456957    1         1.1685076401736458
5859.5451303223845   -502.11992913657696  1         1.1468178425734583
-5754.389344381304   3979.56964059149     1         0.8218741104933203
-6150.212911219492   -6745.92163953329    1         1.164333616838641
4423.1550214313975   -553.8953495576601   1         0.14539738803194494
3546.122298947077    5825.227815054349    1         0.4481030272371379
-5589.9290663339925  -5727.09288939048    1         6.858036844195919
-4668.215862542963   -4766.248376794839   1         21.823374531123847
4533.384860650242    6931.892667475743    1         1.0116993836524508
3718.640220562317    -4046.6861047259167  1         0.8632759969701171
3917.790632160975    692.0755366597065    1         0.168263462494197
5133.147105286534    -4446.916847001193   1         1.0921432457596976
-5118.75917012858    5444.819414617475    1         1.0316100155012489
-2763.0622092665167  -2187.5930337561713  1         32.23772010189538
-5697.414917031008   6690.910267372983    1         0.8654424565376763
-1582.6346598660673  -3093.804199497056   1         0.734388379854853
4855.216528420923    -3853.705987327523   1         0.5680418648878883
4695.9748801183405   -845.1355477524925   1         0.6369964605259675
-5698.084432063683   672.6469812159557    1         0.6352843685411554
1496.6023295013501   3456.1196435162747   1         0.8953089257379439
-6823.251480721512   -2838.569871981519   1         0.2033759991744637
3010.9921750238623   5654.938651931104    1         1.0821798557079176
-6603.556516672078   5946.379985709096    1         16.34130391078776
-3149.948483502617   1870.1218537956356   1         0.8137928203160846
416.84449323734606   -330.5099347340539   1         0.7589978420222838
6599.3677046661105   -1771.9123014644615  1         15.079297895384784
4196.538572901863    -499.79884064429046  1         1.0057970137932575
-3490.305572346207   2573.943318827338    1         0.19574321905055447
5941.697595969622    -6215.681790513887   1         0.1076872564086796
3823.2047159328904   -3314.5232236795773  1         0.6640358974140781
2406.7145390674054   2529.9071876671933   1         0.8991823263202147
4216.208350577257    2673.1179999043416   1         0.8015500215812255
6162.9583078630985   2354.5002782611873   1         0.1095940448601907
5290.2355083015245   -2164.142415448657   1         0.709174734364407
2111.8691769672096   -3639.17347886314    1         1.4322770953768555
1887.3222136191707   -5174.540932712136   1         1.0851144875223968
-3462.384071578445   -4949.110731208766   1         0.15924362094023536
-843.786203756169    511.12697237422253   1         1.0122118929165504
3906.279259653106    -5554.354448626627   1         1.2226494190571564
6412.172747135543    2064.3230300941887   1         1.1763778918160948
-5901.8495528956555  -5780.049467479191   1         1.1569493037619831
6441.952567538625    -2848.519447996645   1         44.2414733887497
1435.2777959482246   -6043.788295189379   1         0.308974965716199
4658.988565732945    632.5775933009627    1         0.9642139185026695
-7062.3863045736825  2899.426030643369    1         1.0686330866380422
-5918.509858775933   -6591.252812911476   1         0.9773760338067107
1423.706561975462    -5469.603872373122   1         0.5231448510290114
460.07071354704937   -6142.791638892127   1         0.9317304524889201
2297.058205185596    4499.575323135156    1         1.1094830316405913
1044.0205086917358   4842.683540495665    1         0.8918700554530405
-3807.4101888741475  -5476.634298703921   1         6.324041336128927
2093.0082170628643   -3836.520055065526   1         30.673011393807673
-3680.418843843653   -5397.19764851517    1         32.21786005097927
6917.005359816367    5149.522740464468    1         0.7050694318007759
