trucks_count 4
drones_count 3
customers 77
depot 0.0 0.0
Coordinate X         Coordinate Y         Dronable Demand
1157.9616045890507   439.8430521166647    1         1.1071188701847912
7880.932919001654    -2372.6789474460447  1         9.979309471982607
833.7605069788702    4546.109426283051    1         21.196736628013408
-3422.640589460216   1014.63570376192     1         0.5691175769431207
-4841.390347693401   5734.484713076597    1         0.39804659322232916
-2173.270700786884   -6064.942717445145   1         0.7617745014337446
-6990.2794862310875  5473.4399309044875   1         42.30896265122468
-514.0876439419794   -6529.049295193766   1         0.2519697632555816
792.8156773824829    -8254.332832922064   1         0.5338077974253704
3805.236566828717    -5756.412050744785   1         30.033831797270896
2466.477724446836    1542.7831267619122   1         2.946444421224765
6028.0216030695      -6018.95512550529    1         0.9607743428144742
-2058.6694442497314  6995.193252018712    1         0.7110287363454191
-2369.878417698539   284.09350266066394   1         0.5953424536958009
980.5647444518632    5815.066008364232    1         3.1552176847212383
5354.907487954821    -5229.580901524416   1         0.57121354025326
-2840.3392077475773  4003.7880218332125   1         38.85332972764208
-3896.7649422348372  7315.648783893464    1         0.771974466180288
6582.944285783196    -2401.9269277420253  1         1.0333108750606548
7915.643137366324    -4018.7192869618443  1         1.162965292417098
-6310.2664689370995  6832.159084975251    1         0.9619737101773744
1856.7170896603855   -5910.660678267548   1         0.22753801770112134
4795.598706456565    -1063.953228813047   1         27.050646189146295
10550.0644884967     -6218.7283983395255  1         19.684308715162036
-6065.484897882847   -8549.457484015174   1         0.983051656199911
-3894.5852176721623  -5253.2619979160145  1         0.7486908986996965
6125.758656855583    -7146.443915152145   1         1.1395848724311157
840.6572896139662    7435.565097106658    1         0.4983933405138209
10127.520335812407   332.917692741755     1         1.1086113759139598
4713.927119285049    -7778.324470885847   1         0.8905234321333885
-10205.570461206029  -3684.061437298264   1         0.6474945061403002
-6057.971093275261   7858.465034617067    1         0.6769449386551586
-7434.3796802712795  561.2372252006402    1         1.1937221619982161
4695.668621230425    8858.273342474422    1         0.30077377722323306
-7655.972181203809   3270.7446897064483   1         1.0968511448714422
6944.7159861586115   -5645.549845016496   1         0.12048306071234818
-4335.43795518954    3882.872355295131    1         0.6595172848326308
4394.042200779063    754.8140985483641    1         0.12201374783161283
279.9678252388297    10332.424473270397   1         30.336396731231147
4626.8076169316555   722.09306224038      1         42.189405831785166
-4778.372615040925   8738.405902878423    1         0.15954414393271632
-4980.1736524271855  -2211.83519155173    1         0.746843696358267
2511.0662529848523   8928.241655105356    1         0.9608128668498366
1343.2586241307486   544.9878593624109    1         0.6639069662333822
4282.587787691395    -2739.7092106614523  1         34.315626594375814
-7603.18211610835    -4799.905503679188   1         0.3597526350093232
-5436.10083888223    -8485.544132193632   1         0.19553091338101136
-3691.35362777843    8575.214368154784    1         1.1891211684132856
-2996.247365398143   680.2570929030429    1         0.9394060369272115
723.3261975841273    -1513.6411209189796  1         0.8207364780644915
5162.462343129943    -7679.1492381529615  1         46.07612266423657
-1303.893176638323   -2155.8455571418945  1         0.9602202732086729
-8994.194836165829   10703.65964527594    1         0.4429247310944371
8711.877581058632    -5352.2942709895515  1         8.005620555946633
7476.291193399292    5665.1384788391715   1         0.2805588823906292
-14182.883478811025  5571.998774931177    1         1.0295030875144264
-5427.804245839468   6201.486798071284    1         0.6887144877171444
-5762.511233581026   3753.3911671542373   1         0.8944440972893689
2291.9721018940695   -7498.875106539677   1         0.9038519377112237
11956.879569651162   -13321.201721135341  1         0.5804713567835892
7725.628636386652    5751.957050351704    1         0.4745470258022674
6679.248433921593    -5960.088640171859   1         0.743700963404766
-3196.9521775505655  -396.0930420938621   1         0.11465092955301563
-7282.543931185916   7630.362118338956    1         0.8232628673951248
-6462.559346102487   -2679.708892011584   1         0.6428172708522628
445.6209398035053    -8159.421140826358   1         0.40618092755083457
-3156.206159581595   -6812.630549114881   1         1.1917630333567393
6369.54164994712     -3248.223471494676   1         0.769991617306855
-2717.7796072058663  -3990.1939189337213  1         0.4098301828939471
740.5609389972641    8795.109194107139    1         0.8205879474767518
-1441.7113658841165  -4870.594380214452   1         0.7577540103019328
5487.353934728944    -4480.222152944254   1         0.8846854906147104
-2145.1467271365805  -8664.579902432928   1         0.9174231525510902
-6721.316119504852   4657.200200947409    1         0.9806110517322876
2530.4132899267292   -6650.268138409107   1         0.43042935905606494
1971.3431537472202   5879.638133636135    1         0.8478069923223172
-2731.681121455661   8565.182949352198    1         1.2321772216831708
