trucks_count 6
drones_count 6
customers 85
depot 0.0 0.0
Coordinate X         Coordinate Y         Dronable Demand
4928.757189799267    4834.293237863621    1         0.24217444111843583
-4670.722192470526   3520.227487879704    1         0.5592082322938774
-3254.140755283503   1375.613241735271    1         4.29176176786839
231.12060637057093   1368.2891095279697   1         0.43435824167114256
-1847.068004855749   4405.628302055219    1         0.8222975614246235
3630.517788786705    920.3684680957087    1         0.3576302538492685
1464.9985838861983   -94.19395622895405   1         0.6225114408874839
3170.7004038572427   3340.5087263297683   1         15.27648517360093
1634.9135259643137   500.2609813312859    1         1.0367981747006945
-937.1911143902124   -3392.3351642810185  1         39.84359598819843
-2334.144531962104   -5026.556482066929   1         0.8472242326728963
1059.0997788524305   -4077.2710436425286  1         0.3561543546889814
-1185.374367084084   2877.7890405523494   1         0.811562724329118
-2198.299408868878   -3827.037599314762   1         25.793599589455734
664.7141122195094    3428.707762376785    1         47.591204511362726
2262.4559869133045   952.5094694252845    1         48.99628278835713
-1480.482234412854   -4196.077789980867   1         0.3863248234684743
4327.001891532107    5166.027005986611    1         0.5221778544995969
4863.002754063792    -864.2613514366911   1         0.43106106983998704
-5023.6171686839625  2217.1179018927014   1         0.41498350456761446
2659.879096429168    3205.8034331524736   1         0.26507998209083306
-4449.481528217041   -1498.7352454754284  1         0.631050685379099
-3573.945806042645   352.0991178990448    1         31.377605033884503
-4885.872633682861   4935.670228816057    1         1.0684946520091572
2128.1211047344286   3716.3848225641004   1         0.5241471183578232
3024.012549840144    -971.51407536637     1         0.22702331122741354
4816.092912377951    2859.9855776062986   1         1.03009658838573
3540.0195591579404   1116.4128442587426   1         1.224124433655306
-1576.5677090688419  4432.707054946682    1         1.0144892759683413
498.2714443389915    1346.9763377703212   1         0.7989862694758973
-3171.534685792891   -1262.0700217044355  1         0.8355762994929902
432.4702683243461    3590.0497200239674   1         0.5441457424872231
323.8582419075947    3808.0125095959966   1         1.0608371901674243
-2217.3950193104756  614.4031270008637    1         0.8148634820829047
4560.956942511477    -5017.5678063016985  1         0.18061821625285496
-4953.314607630649   744.9347290835386    1         0.17797943411430228
-121.94370283318321  1858.074873207454    1         0.724205922407346
4843.458195474756    -1771.5080031622956  1         0.4464979374958362
2800.105075734847    2030.7202067791088   1         0.8003608335685445
4366.746636991571    1452.4656668038326   1         0.35518920304440127
2910.0791739847805   4634.421595118092    1         0.7037926705160517
-1825.213550681956   -4089.697195535824   1         9.416599176383937
3782.8844315677015   2515.5973858944476   1         1.2362132744386496
4577.088453811024    -2553.528941990977   1         14.041205711265754
5110.135951086806    -3114.542009424539   1         1.0808028090259891
2608.982897402182    -1106.4940906401964  1         0.5276647382771245
1778.3415344919767   -5088.114335400882   1         1.0170364319168474
-1355.5959527701052  -2416.608165176869   1         0.7643609454962055
-1288.1093907085963  3064.8366430435726   1         0.9744497947574644
4954.46491101173     -1986.0524696048703  1         0.5558034088135381
-939.308186984497    -923.5452057152081   1         34.689513638136205
2716.1381603930386   2188.1011004801385   1         0.5845184339324057
-5001.543260407298   -4766.633351932301   1         1.038922774315295
4893.483485944778    -2434.299851006103   1         0.43028906127407873
-4991.388143483341   -3133.6204618676943  1         1.1100964059334015
-3786.9039739253963  -1210.162637494562   1         20.523912302166938
1463.1152218110562   569.9592593756006    1         3.435365428718211
4231.140919556351    2790.313215886981    1         1.0654587602566743
-942.7486811146305   1007.5307358315824   1         0.8960200749552932
4987.07056573441     2751.2743653453267   1         0.7846657233541905
4173.984726206701    1502.0136795904139   1         0.8649332275565567
3257.501312449688    -815.3812506263339   1         1.2085066245759644
3995.685503069555    -4143.207120306537   1         0.6593331636491281
-1716.7098102292052  951.1073001963827    1         1.140823871179051
4489.215510607235    -633.1294365845698   1         1.1431195823882234
-1836.4200858303059  3483.313512953133    1         1.224980990599346
-4610.536207595064   -3652.4823735990044  1         17.759296987954574
-1138.7390494972683  2059.445247179208    1         0.11038373547882148
-377.65914279881054  584.2691795528235    1         0.514270660858433
4403.8571670232095   2626.937178039793    1         1.065465313606181
1204.1286799843804   -1762.2842936930028  1         0.9109944901169711
3634.2854058269572   1789.9753238331225   1         0.736591972218701
4718.1978322299665   820.3719484442347    1         0.9232681642895572
934.6576025844198    -4185.366681593622   1         0.4445085180024402
2101.3692571217166   -3829.310504526133   1         0.34947841377249933
-2248.1494060424748  -1159.0624428495132  1         0.9364320249273433
-3233.992353921147   3795.5447061386403   1         0.8243095409884064
696.3152317433578    -2731.143768365066   1         27.142977026205703
3577.2930130441937   -2882.483554883523   1         0.3983404807122102
-4777.794208118925   1466.4456277274703   1         0.12637633694996914
1582.4834432864989   -572.0368441369076   1         0.8569173897684623
-1948.567589308817   2192.2932651963347   1         1.1278047535830888
3641.1113061838732   2664.5039035207787   1         0.7797690544582754
-3050.243958732247   -5106.876150219593   1         0.4732073608812162
-687.161451636318    -739.6936043417232   1         1.2196531604074896
