trucks_count 5
drones_count 4
customers 63
depot 0.0 0.0
Coordinate X         Coordinate Y         Dronable Demand
4945.817955665673    -3583.750874338874   1         0.5322748362713053
4467.892595971069    1610.265162823931    1         0.18904168350808429
5321.513162532862    -5140.412823284673   1         1.1683459685109558
3185.856305337597    3491.1947499325147   1         0.6568300558643415
4022.434772992803    -5566.427823620672   1         37.21813059782648
4849.15738721805     1763.0324452359253   1         1.0955582286224055
-1391.5223768783178  -5794.811237517626   1         0.2663805627675874
3570.499265640279    5716.189889254045    1         0.4106961257335636
1715.1606162311498   -2616.2321608838824  1         0.9558758221253922
-1547.34692749007    3113.7101878024914   1         15.604419320123107
-6865.571165965627   595.2277159144636    1         0.28570577445878514
3124.5829950040807   -842.8810489884683   1         0.21853738358691774
-562.6492844678324   -493.3294233867936   1         0.5110459857026114
-2501.7886482400504  5470.865113347752    1         4.442741050495508
-3448.509896369599   456.29472669162226   1         0.8917646008310969
-5172.277051510207   -6883.002495370293   1         0.2713787889368954
2651.3124639706316   5822.192016869778    1         0.6372798964683848
241.48569023471654   -1264.3790339138816  1         0.7044294195416666
-579.8126774355023   -3617.5847679938165  1         1.1509525041995792
1280.384466868264    610.3519203571454    1         0.14465687003484248
-4074.8061902960562  -3850.5677817340566  1         8.37688605873165
1434.4124710244655   228.04621584094167   1         0.35370647212165085
-855.2964154927248   1884.3936806692357   1         0.7812844401914671
-2839.8163454893097  -3498.1448489662976  1         0.3420299967805288
129.61863207122587   2478.799026513794    1         0.9168382810573155
-4760.62893456326    -6384.046114047639   1         0.7608766982428258
4863.909792250928    -1958.9023010605247  1         0.2470799962541449
510.16814373591944   -3204.487032470797   1         29.038651380674903
2169.5542413342764   -3913.2918208691467  1         0.376786310484971
-622.6932679799219   4186.029479494292    1         0.47604626193628685
-189.18070990234352  4735.55389515391     1         0.6583144419320129
-249.40933441423698  -2438.398615504326   1         37.835585719449405
-2344.31363966104    -4752.815009438891   1         4.954510180501639
-6323.381822002899   -589.3881629775924   1         1.0934901711342906
4389.7852605352855   -5519.50329545241    1         0.8457934966152113
-5388.207079624843   -1378.88022964437    1         1.2264466825950853
-6428.666948565972   2434.5946369804037   1         0.2501892533747941
-2063.363002485531   -2528.727742466092   1         0.9380552617637299
-3000.1240327832897  6304.147411900527    1         0.7493204662478478
6843.005338765984    2072.7003038821435   1         1.0323239274221276
2136.642517349283    2839.562585745476    1         24.75035476185549
-6916.083873128429   5176.75740844495     1         0.9959213993130331
-5929.049698913147   -5434.025938712199   1         0.9178337064420975
1600.2906526937234   -5909.457315369947   1         0.9418605018195922
3158.5679906489036   5625.427581338519    1         1.1439131548200372
-5876.690404340711   -5618.375928070187   1         0.944894142529457
-5083.552530135092   5309.52387757774     1         1.0901045007325143
4371.6371304022905   -6896.189998707217   1         12.820297688447374
5267.040270951929    1003.2325581011254   1         0.8915436855081772
-1925.540737441949   181.9397428150312    1         45.48912355057479
1808.183289407265    -4105.356104572402   1         0.574588602373718
-2707.169163599139   2127.402995035669    1         0.8247949736396878
649.4718994230898    1498.6882874431699   1         1.0480069103424283
3560.206425558019    2093.082002158697    1         1.1366079813436512
-4163.438088010129   1890.6442867214432   1         1.1136764058027555
-2060.928141744994   216.40018527437337   1         0.15585507572690976
-5247.378202296259   -1139.7464043957225  1         0.962593072883062
-275.44321400545834  3623.125868746063    1         48.710981279901056
-6488.068152111349   1753.8739590192959   1         1.1429431802782242
3006.0950072636824   -6123.6946130803335  1         0.6560964563698952
-3723.536398805651   2113.9232300601325   1         0.49014065682558383
4188.140279699001    4103.668715305318    1         11.45782127577827
4762.00118711864     -6586.360392366842   1         0.29497137882712365
