trucks_count 4
drones_count 4
customers 89
depot 0.0 0.0
Coordinate X         Coordinate Y         Dronable Demand
-3287.434028213865   -5055.653032569803   1         0.5028650485892007
4765.553570659194    -1395.8364719408094  1         1.1543627573417097
2568.0692421229633   -1380.516164544938   1         40.67463713201109
4770.009506989796    -1051.5362430264056  1         0.8903832846118954
3312.2449389866556   5427.545757410759    1         2.6698793859932035
2519.4418419405115   4271.967360170091    1         1.0944859254228303
5373.569609871727    334.57875956519734   1         0.5231945682363199
5283.096483713403    -5200.586841644938   1         0.23665711822715946
4751.588067064118    3523.154967690034    1         18.71348847332884
-2110.933372929614   -2115.834438150658   1         0.4820375962677874
3174.5107121427245   4210.608474572871    1         1.2130975403967392
-3703.3517945169397  4503.209457347149    1         0.27938477375984794
4723.825213653358    -4155.974277829324   1         47.61672475476336
4694.326966004261    -845.8319244223006   1         13.699856681395731
-1063.8444231182511  -354.4153810977241   1         1.2461239180689407
-5492.866025519856   -454.2420901343226   1         11.616398997363738
4496.915062918665    -3421.3144711066593  1         19.451174109868365
1634.2858220058204   -2710.4939672098863  1         1.1443315954129647
-473.9466583262062   -1568.4046034217538  1         11.987688961504094
-5222.140796320936   355.71581894472865   1         31.10197035916332
-3937.8322644131426  -4829.897425214394   1         1.1107069056233363
-2896.4506629080365  5252.142286402071    1         0.9698696506058729
3963.4237727135283   -1518.5596373391652  1         0.4080400294214014
1466.217364244002    -2316.475863326686   1         0.9964414494362234
-5262.646641974696   -5117.308637633261   1         0.9364669843439059
-1078.1214144761861  988.6522661468122    1         0.814448506540017
1338.2907971257898   -928.478318094599    1         0.12784119466264518
-2057.955246573121   2259.0700482554316   1         1.067597179876776
-4682.734787732874   -1932.7409536754567  1         16.51565412508149
-2904.3220073425296  2953.206390251651    1         0.6485625283133996
4517.411403322079    -3756.5967284517033  1         0.45937203531406
897.0444503893996    4126.710087022483    1         0.6611740451123137
-3001.330199521104   -629.2838825010185   1         0.39580529503485584
-2665.1994335625345  923.8899037043209    1         0.35905057182520506
-766.4131325651402   130.79914848449351   1         0.9439181434058758
2057.3069689384483   -51.8970685629929    1         0.6848973129199349
-3881.313431472029   -1165.1989120506787  1         0.6551835862659792
-1060.891862257111   2527.8776977379202   1         0.9846511697566261
4887.82331156798     2336.983083439616    1         0.7761455306606594
3006.935363386293    1002.4781927400402   1         0.39389566599986603
2343.1732565253064   1580.2649856718651   1         0.13902801898670533
-4074.107996322634   3439.393969023132    1         0.23894105729839513
454.71176437948435   1096.0420690585602   1         0.495216269683728
-412.70935396507923  -4288.76964686823    1         0.6180597698373645
4702.345613143783    -4312.965077426652   1         0.35349519503130444
931.0433519546707    5325.742057994626    1         0.7974777461980949
3559.5998616857023   1482.137350043634    1         1.1530969060168463
-2091.7253007726295  1678.587153617731    1         0.8598834373586961
4621.863325382832    -3397.229098938493   1         1.091390765373368
2661.470085725919    -1839.9206160001954  1         0.3304589849639187
-1839.3412345337506  1357.0096200212474   1         0.6607369357799581
-3389.760905346955   4057.178700197409    1         22.47582404264787
-1814.1562055928948  3643.180532264122    1         13.061919629541492
-3006.341869168019   1368.5587217765797   1         0.326749136882502
-2412.587980692846   -364.56057791002837  1         46.83090998249702
3010.3135236657536   -5398.757491821494   1         0.8204914900501771
-1426.7561501554517  3296.3899857158103   1         2.6944010552691298
3262.057871090722    4340.934779555881    1         45.571298948981536
-1174.9534996397047  -1113.0779445210576  1         0.8738581773894883
82.19468012221208    4800.331245732376    1         1.1912232033589165
4314.087911936534    4483.518328977695    1         0.8494930857948528
-3841.698809514433   -4436.176471687746   1         1.1385467318247748
1849.3013040876867   -4122.8111917752285  1         1.1587261271903597
-4982.372304121781   -4814.461501643459   1         0.483049947788076
2134.7707505170697   -3171.9446779819637  1         3.03089639258958
-3500.555387195077   -641.431699465705    1         3.604061615239604
-2999.991557709684   1382.2258103723766   1         0.6928061001921597
3833.460350153834    309.58201007612837   1         0.22619026576224593
5234.661640792475    2751.612594123957    1         0.25716666524231885
-4432.550287667675   3467.3889456972156   1         1.0603117828648025
-5155.517629403804   -3935.1566341975167  1         0.917218917200923
3781.7982651371167   2132.9867285796067   1         23.212283229892492
5070.643005666816    3272.1772893360467   1         1.1366404339131662
3195.9880952791286   -1287.6542532150086  1         30.828669239783864
-2667.411435681819   817.5425169701399    1         1.159392403228633
2598.623042574857    1838.9322210278353   1         0.18542372545362584
-3365.8835925763046  -5361.774898827896   1         0.37830051408978727
4750.710353733642    -3417.3761834357974  1         0.8705562893426141
1736.705277511716    4042.7202641450276   1         0.6484516200833936
-1393.9080445441934  2986.0764204181405   1         0.7722731931398412
-4528.883376679064   -4198.3073380158685  1         0.9467214381993965
614.42813479149      -4151.215572094475   1         16.435167476786773
-724.0292403047342   -3289.624392848611   1         0.7043048550977518
151.09630523516353   -5493.452211100012   1         0.15311527638060718
-2884.5777244445535  -4852.05573415865    1         0.35487401996064993
5467.422410113249    -2641.160706731526   1         0.3046461051634784
5297.901163895873    193.36303410789898   1         0.4526916086788584
-5155.885444580386   1635.2410838511178   1         0.5381452518065767
-4050.5880997255867  -4863.89619402505    1         0.16645646408061332
