trucks_count 6
drones_count 5
customers 90
depot 0.0 0.0
Coordinate X         Coordinate Y         Dronable Demand
-3462.7078057719077  8837.719431939195    1         48.33322839699578
-2715.33128731106    -5483.898606760375   1         31.217166208010926
6648.034661277257    6456.979815674951    1         0.7041613023503263
10355.692729817436   -1662.9627705530543  1         0.45170136954179263
-1584.791361340514   -9896.100885113783   1         0.5831438066323916
-6696.697704415234   -6765.586246453103   1         2.002924610809401
-2915.386676299143   -8472.078825738201   1         46.70361299664056
-1317.8415743575051  -44.51223624889741   1         1.0526169072926694
592.8511503574155    11557.2450350714     1         37.88564498658952
5395.398992789998    -9155.95624284733    1         5.3437455027570255
9515.141463399295    9828.598936760673    1         5.07334493983095
-8789.605879504197   3339.5706760524668   1         14.427837009552976
3899.725250865946    1277.1385000556909   1         1.111421558862216
-1493.6214779864786  7699.639431739224    1         1.2187646627428814
-3335.4255419090023  -3409.685436860371   1         0.7022351039381296
-7572.970340515096   -1833.3567099993186  1         0.4006336092229257
-9903.898850767115   -6049.938802006162   1         5.165069606306819
4221.958788840642    -8933.312279936397   1         0.9283247535713892
157.61330558895585   1532.1879401061165   1         0.42811074826310147
5446.0173915867035   5902.025151095054    1         0.7576831060593269
9335.985548283297    -2581.3330056384584  1         0.9185837955734432
-5590.058587010894   5441.148791406029    1         0.6427750969566812
2519.184296143162    6656.920092162968    1         44.61699264696456
-8645.951361256924   -3223.429327761519   1         0.2539104219802134
-5259.697920529198   7580.229777997065    1         0.4022051967158986
1453.1633852332998   5712.745172038862    1         0.1082025370348017
1437.9317457455973   2817.614656166949    1         0.5276323477872346
5961.815425090494    388.1089323018702    1         0.5419193800501042
-4135.430866262328   -164.99862759390467  1         1.0831532200946947
931.2825652198904    8280.813710710787    1         44.78775650812629
-5821.034557433346   11531.431115309608   1         43.66958496590222
7388.931081113376    3440.1285159973118   1         0.8627795054852179
821.0320542629511    -6125.453932025347   1         0.7563843448962578
-173.7731509069941   8742.839798823627    1         0.5686833561493838
-7391.14930044684    25.709615138221125   1         0.9662241403110869
4925.724919047915    1290.918943894888    1         1.169345644315598
-3287.8632667520037  -9938.403806247901   1         0.5285760571211554
8657.194491698881    5986.23631786063     1         0.5460004270336589
-5612.767994634734   7468.9345131297005   1         0.6932782848729784
4480.965832017535    7620.261538885853    1         0.26840138835976945
7445.312800205883    -877.7242805251766   1         0.5054899985248279
-5203.223672783272   5979.63323482904     1         0.7193386613093203
6495.056896061863    -6183.526154950802   1         30.117725944227413
9444.753823653826    4569.76678170603     1         27.64304922157339
-528.1040935026981   2850.3175552094767   1         47.49668245313768
2521.4506219697887   -11462.793524053133  1         35.217425300592325
4800.399951244243    1804.8924682677477   1         0.8321417680194564
2207.940567061464    2820.2462853265447   1         0.5429559713925884
7354.459530738008    4489.0785829578      1         1.0757263747759496
-9478.563518718896   5808.688695813749    1         23.677753137039133
-4402.788195110236   8111.422897048764    1         1.179189850591903
-10911.616913352018  -727.2617151443859   1         1.0571458302003072
-6343.427670754788   -177.72278070659942  1         0.49941430223435057
9443.12027555587     -504.54241534159553  1         28.077387023535213
-4765.281209109581   8593.27509610892     1         0.40986597133435787
587.6988591194644    7391.098692760905    1         18.783264411155102
-9646.999509612595   -1521.9956317784895  1         0.5462590367969752
-3216.4944793932277  7219.360380275974    1         0.7692191008608356
5016.931446121327    -8211.298613266805   1         0.5819816971255043
-3051.8780394441237  9697.850720303297    1         18.549119403341813
5334.325160511659    -8000.40854492182    1         0.203679742227796
9376.72367764586     1999.6495897535963   1         1.0177049918875065
-9400.800896081464   -4639.947977396021   1         40.311606961361505
-4613.043678482081   -9843.682101750497   1         0.9409004897763311
2347.7674520003466   -5946.0828945115445  1         1.0874833950402587
-3236.02667892804    939.325824630417     1         0.6218784021417598
-7749.214531356886   6928.9877787901805   1         0.7061366985000527
-4981.039145439839   -4067.9335313371316  1         0.17892520167898138
-6659.360615691646   -5422.457680687904   1         0.9017896326987829
-5771.817073915809   -5691.395686832615   1         0.18588863111407578
-1537.9437543637941  8936.019661353437    1         0.634145712073526
-1022.5166122142796  -10774.981368670704  1         1.0604750920084605
-11709.530203379467  3400.0546023017523   1         0.2425905616769864
4575.009450107729    5999.995227000339    1         38.86526193241541
7724.826241963017    8996.989547964547    1         12.479894740979576
-8721.19605826285    1705.7259926767902   1         0.28175378980460797
-3099.785028746969   -4782.84582398849    1         1.158676299066321
8209.350697699756    5813.431896408374    1         0.9961528152707062
9526.599002592131    1319.1934543056534   1         0.6351361547652137
2288.4843813102407   1824.791097278263    1         0.8522012627530992
-3560.536646938368   2160.4782176797653   1         6.770608978286362
-2751.9313243266315  6297.8392381783615   1         0.5669534480181644
-5460.448198158248   8553.93895650156     1         10.281381022252283
6562.990461702714    -2768.008335679248   1         0.5318645841340722
-10880.86188705356   4272.417333252926    1         2.4488050601034512
-9310.04338131197    209.4418768936535    1         1.2325998068907225
-1013.8260169696381  2438.789553519553    1         1.0483370063923514
7873.105439393812    -2228.6551832708446  1         0.6057973391799119
-2960.200770021425   -6206.001474732787   1         0.40063112364884523
6658.611154253616    -5607.702594529227   1         0.94110312858226
