trucks_count 4
drones_count 3
customers 46
depot 0.0 0.0
Coordinate X         Coordinate Y         Dronable Demand
-10552.852297859079  -1263.1469897169677  1         1.1830441835441114
604.1805070857721    3432.0694573376736   1         0.5289827313826844
193.38629143862042   -6556.363465569999   1         1.0685403088512504
11174.330032649312   -5420.409381182657   1         0.9005301304253752
7966.5460301116545   -2593.5338663885286  1         1.199779976727247
246.44903945753063   -8897.687990211114   1         0.7057071429855675
4441.804073519259    -4128.715168555847   1         0.720138529836401
-5062.161250768327   -8663.943725790565   1         0.9996540061894759
-5981.316188283866   -3924.317464809995   1         0.9992994111683924
1597.4291163292048   -4970.979603556565   1         0.3921499185263323
-7873.8568039530655  -2397.767835612243   1         32.29455608580635
5367.500763792875    -8094.725764894219   1         0.8239167774973654
-1579.2477390671309  3683.7045332719263   1         0.2220045251786174
-17042.781397323557  -3870.473967214468   1         38.4820652286432
-8294.100685245485   -2575.985143546284   1         0.5594438730463529
-5169.3452406363995  15624.263110392443   1         9.481965291894355
2171.271950483844    917.460538127348     1         0.3818145681636267
-989.4155443988677   5968.064665403377    1         0.6398393124905235
8912.301321108713    4148.968815831844    1         1.0392201668756662
-17883.40282528763   1370.8528517638442   1         0.3031008387229889
4446.516106141661    -22.477671607467727  1         1.1565953407152239
2396.222865740797    -122.24634136758087  1         0.6751898139654843
2346.3332287559488   2299.1455425632817   1         43.04113891002306
4235.917018745223    -8909.96926687929    1         0.5984034069671826
-6405.947116192884   -368.975328610724    1         0.727269817976678
4290.368406195523    1472.410436779822    1         0.42808315829765575
-7292.9140202758845  -14199.933888671629  1         0.36719347066697594
-8037.6633038171     -4123.427405426935   1         0.5782589120676219
-9106.196584105694   5327.055658829169    1         0.8017861108307864
16982.23493956786    4984.0347113849675   1         0.5540144490990537
-466.8398609156086   -10514.740642008568  1         4.408006205694228
-3623.702847153036   5759.4956450573045   1         0.91201732396307
2254.9580298144974   -2376.3823056907877  1         0.893230839474128
4802.908049793141    -737.9788422728776   1         0.9428940414264666
8647.504507658417    1113.6436843826873   1         0.5280656720823147
-6438.247545922639   8053.32278348769     1         0.9760257800626974
-4638.747530675763   7556.963424470461    1         0.8483029304092897
926.4768304938793    1098.426532373299    1         0.4975990840974114
1229.09187611971     9756.213363072226    1         0.38990099039539095
1674.25938154811     2553.505733877406    1         0.43424645236284876
-3548.7436009649346  -9989.380170534532   1         23.076792851220326
6662.57786283882     3167.673010576305    1         0.5695765630008578
13394.385130741397   -6.240969365459023   1         20.59131574414059
5738.81046062701     1550.3822719780073   1         0.3783214637086231
-3968.479474026941   -6483.093627841651   1         0.345017281581132
13515.575611239808   17946.740408073216   1         21.96277648571428
