trucks_count 4
drones_count 6
customers 100
depot 0.0 0.0
Coordinate X         Coordinate Y         Dronable Demand
7472.886241498858    -6710.781080469616   1         0.9000939590177827
-6851.054672676537   -7278.786838302396   1         0.8991133581063916
-6872.148105542634   -3565.62308736263    1         0.10867254377950505
4186.937027290722    -2106.439111077473   1         0.38422910964115065
-5557.678696571715   1677.2933912640583   1         0.34608873607655877
-4670.48455698746    -5564.149407494879   1         0.3336563195162596
-5889.970031013246   4448.248069549259    1         0.5203225463070409
-5815.159619834303   6165.395625887921    1         0.19671633262010418
5756.905332919932    5187.902692538411    1         1.0708730411299627
3157.922848748088    6863.119865195297    1         0.6801941563389942
831.1131779577926    -8029.803123541985   1         20.676400632962093
-1517.194550687771   8366.245142945263    1         1.0730208175450513
5925.267799554156    -3316.9643452892346  1         0.9184551439355195
2406.9037909720846   -1653.8558952024869  1         0.3385921668021038
7547.707422978456    -3740.8043990475726  1         1.0903987265559227
3256.745997966905    -479.12442123517917  1         0.10987864381711462
371.725078040795     -5775.709718031473   1         0.5022760917524519
8422.774284275609    -6803.332768736749   1         1.0380727723226482
-3370.423187545196   6515.944977766683    1         0.13240180502822166
-681.6591991335501   5606.540343248686    1         1.0604701962448633
1260.551677860114    -3696.266704905802   1         0.8713396945362255
-7225.094428735948   6156.642575634823    1         0.9991409279755196
-4085.118066814781   7547.956739980311    1         0.18572055664846648
-4651.649261684985   7936.940794848641    1         1.177203138870937
-4784.636783377591   2557.288734656977    1         0.6341068701887986
-7980.656049024357   -6605.538132755874   1         0.6487889574809372
3455.486961450033    2643.521698900213    1         1.2205019757756659
-8284.201298345939   -2608.109436937445   1         19.10972356803433
5641.33660132334     8330.59769768935     1         1.0213329980033314
4523.577293705659    7187.785859489283    1         11.392770031389517
-6826.821438366104   -1760.8857588461462  1         34.63653211516555
-2159.573598983768   6004.3904794375885   1         0.30452273403312635
5874.345386848912    3918.0498981045807   1         0.386720573847979
-3857.428990655996   -5902.136394653047   1         1.0891057972697493
-7281.642125624764   -4621.297551657926   1         0.4099281400293181
-6644.251978720622   2003.734945606213    1         34.793762345432
1987.5661802542875   -4124.6623879437675  1         12.12303470518937
7204.7303653161725   -4537.05725594817    1         0.4759314237929786
-6355.504007141841   3913.2539376357927   1         0.822897683605502
-1815.2683940693291  -115.66594265549016  1         0.8938617057803293
-4427.604571262027   -2818.152507158337   1         0.1377136927028254
5821.675686753025    6557.9152859363385   1         0.7990232827070954
5445.6148487930395   2587.775673082212    1         0.5191406874815669
-4164.952259961473   -4144.6436799576895  1         0.9291653358793182
-2443.9353800359213  7415.814716580678    1         0.4667129862763517
5145.047801166782    5315.683552403012    1         0.31686224000783175
-8163.131683007048   -6180.065343189517   1         0.2608228815755439
3796.1264816371313   7805.633041210018    1         18.778044779097915
-2148.067127248685   3064.7890206104585   1         0.7946336158855108
2924.2664465484186   240.58551609424862   1         0.26048622232168495
878.0972732500562    -1891.0894740210924  1         0.5129470684493302
3113.3862379364696   1475.880036035138    1         0.48031299880187583
-1138.9943385532158  3877.398758379307    1         1.2266426545035594
-221.68609896441652  1172.6330232935634   1         9.117807933314019
-2171.3633622366697  4936.460212303884    1         3.458823284629117
-1944.7400414411263  -4811.982009631115   1         4.5043842043351505
4100.150095182706    436.68824897153087   1         0.5628626682857993
3381.1834483460775   5211.537557473564    1         0.7827867273644694
-7320.821497810339   8123.506908256107    1         0.5775600840856541
5249.654633813439    4775.8748378791315   1         0.22069072027522002
3564.2760607662585   -927.1667125047892   1         35.724800247335914
-3372.127974993391   -7344.01846064088    1         0.4801182161502482
4002.7036840093697   -1438.007854175935   1         0.10165673745255141
-5067.899725198012   -6044.048885789781   1         7.041297870522116
8015.308941916831    6052.083641574673    1         0.9969091072834445
-4562.520256301968   4865.793232721931    1         0.41494250093774654
7045.020591193373    5847.414713314524    1         0.15631507801743894
2575.949289750254    6695.002349591858    1         1.2164291117605441
4490.929727191842    1145.5115589027498   1         0.10020902092658035
449.40167218200565   -6113.633461915241   1         0.29620930450888483
3705.503918750291    3559.2201545065213   1         0.13834263076347422
3998.321150693395    5798.831154661195    1         0.7839519650564625
-2345.2208491372785  -4170.442888601685   1         11.590423177287382
132.14753084645625   6433.29248130546     1         28.053399607578612
3686.417392115832    -7674.020269097866   1         0.39374971824335325
-4155.54801941898    3326.072681642854    1         0.9989970608584252
3019.726556011916    4588.034612055315    1         24.85169618920505
-1177.7608524180275  3440.8199248770165   1         43.85494347906227
5481.98356027112     6732.010187753014    1         1.0040625027935672
-497.6092336927732   5215.885160863658    1         0.5010400001787157
1771.363784190433    6904.047080313322    1         0.8153428734865173
2057.672251428157    1658.2010423158893   1         34.97011433508595
-7993.508031894928   -2939.038550298268   1         9.844916273080079
1264.4959277454948   -4572.242106267405   1         20.446137949006207
3474.506328252483    -6089.153508564876   1         7.972625635863811
-747.2523684414048   5518.039466320104    1         12.782530126725351
3472.4914455529834   -2186.145606341038   1         0.7675898619050078
-3821.355992336639   -5708.4987175061515  1         11.025031111334908
-348.02276905541237  7225.666427942324    1         23.00492371355494
267.438582864001     6706.05589111978     1         0.1729081503240535
-3133.7672833544893  999.2680621545227    1         0.49043442186993114
822.3145786462169    -4489.348068127523   1         0.5057243916992338
-3170.3106902970057  -703.0832717519748   1         0.5888286526728709
1543.7354452638588   7937.521742801387    1         1.2224682222467997
-7425.960424605918   8268.279594734571    1         45.95621464822332
3253.9613082411906   3271.164864643668    1         0.1672394436273198
413.20199300756997   -120.44639992356251  1         0.9202575879529133
-2450.9240297853926  5166.66185713069     1         0.44081628834723385
5225.788938039556    -4813.76056197992    1         0.41825948777417576
30.779228099483362   -5436.432437884878   1         0.1322854867184151
