trucks_count 4
drones_count 4
customers 81
depot 0.0 0.0
Coordinate X         Coordinate Y         Dronable Demand
7998.624013511305    6531.010968495695    1         0.8663778345424822
-392.3930316240923   -8606.99030370206    1         0.525515801713093
-4682.512435631768   7198.948634005343    1         0.6181788613747002
5.196749407587603    3140.9973685816894   1         0.7596439413761997
9023.671017178214    828.8951981695991    1         0.2118994284198532
-1942.8333905611037  -7899.676715674962   1         0.7944999807275072
1150.611152018544    5292.390211976221    1         0.7802423518234568
717.2397382712059    -4157.200423079164   1         0.7811506899422048
1501.2484459332627   -3823.1625600026764  1         0.4737967889935518
6079.84115449407     -4192.977195498005   1         0.5921037423179998
-1526.1663242584932  -6177.484044564648   1         0.9704433542832015
-138.7048540986707   1752.0819845199912   1         0.41823404000900877
1112.7378098842512   -3236.171399029785   1         0.4630860339046068
-249.5600141983761   -9453.75275967151    1         0.6916961669225596
-4650.222654857716   -2087.6341588759938  1         0.21556276971265786
2612.202432109813    -1939.0917048300032  1         0.30575113501038
4422.900621298529    -8627.464052511785   1         26.049579464363013
8645.824472563523    9057.116536824386    1         41.22256591202203
-2621.4143491168347  7192.772427953639    1         0.7470471660112538
7118.549420167812    4169.310224604267    1         32.72424342744503
8926.340994476213    -3572.6841261446543  1         0.6950834108687427
4061.961386122413    -8037.54951544776    1         20.995787385885848
3547.536600477217    2989.5117574601486   1         9.27604861374963
4035.8564613953263   9108.812543258558    1         0.6681366306422628
10063.470473872421   -1517.2729493388827  1         24.94856902898988
-7085.872925984137   -6308.2293512771585  1         0.5645772665851647
-8847.613542705183   5798.443191011795    1         0.4596841288349339
-7053.013285094421   -5676.941244856109   1         1.0346312410349336
1955.6815814366673   -9586.893737426597   1         0.628373671305908
-78.46847052765695   -9354.094536322327   1         0.8604042700301939
8246.4071972859      5506.5781713753795   1         0.401933524604406
-3624.2449693762887  -1665.5350479530234  1         0.7298153180224846
-7749.543005072858   -5408.881415457084   1         0.33909379262567085
-1832.1807829051265  -133.7373576957708   1         0.4902300576642209
8154.705888010501    -4037.3549710425696  1         0.5803564458680107
-2712.33714165534    9333.847257760768    1         0.3506762385769435
-6885.313380555074   6594.178953009909    1         34.016034615420345
250.349736317398     -9599.963586095208   1         0.7888315437537201
-6090.695430283904   -1169.8062318843658  1         0.8504853830069917
1719.2256230206785   2033.8470871644747   1         0.9007481835169235
6948.637941148121    -6507.389029313672   1         0.3273753307028988
4403.560052446085    1190.8547246695518   1         0.44677054179837317
-4695.436932884861   3937.720364353901    1         1.0419135760686768
-3043.1025467533354  5755.84486825282     1         0.28078711231086795
3935.728927499563    -9015.701659361399   1         0.740647097890864
6129.38360361865     7750.73751754853     1         1.0437633316219534
-5295.422287531161   -3923.3601642656363  1         0.7637186207463289
-7958.268919925167   2221.6284110516917   1         0.7590376355092073
72.3425097390067     8402.314807585115    1         0.9353127003475037
3973.8549580036215   -1111.5212482922998  1         27.02923502781944
6693.6246779665535   7085.541216127284    1         0.1894065593737237
-3305.1711939197426  -5018.650658110827   1         1.1218188979052481
6194.5912889714855   -4255.341575340769   1         0.736779128755642
-6663.891301611489   176.73644233499536   1         0.2915909128887834
7245.840874757943    5157.393494342782    1         0.9980193541912264
-1376.3691330961908  -6358.124445376559   1         0.8539728950687981
-2175.839802961307   5714.553154521667    1         28.511784382250458
7683.8008463566      -6782.507792631144   1         0.9340135842573098
-2879.6979601881376  -8476.20016789264    1         0.28953380101373516
-4384.106054512048   6953.410090424437    1         0.8536223333867857
-3689.2293502311204  1190.9511739591471   1         0.2330286841826818
-2329.5341547415633  -9657.079289481379   1         0.6811519431486892
8570.638782109105    -3126.327524306149   1         0.8139143098689151
6286.626986410867    8636.101658920576    1         0.6778854247986124
7328.636579455477    -7789.864926623586   1         0.30322788156541935
8940.12501211419     -651.0759259248434   1         0.1205820842333559
3800.197759176085    -317.92395980776325  1         1.0463107299738093
-9015.981691852585   -3673.0591787894436  1         1.2363754111265957
-6015.07672205378    8720.641728184642    1         0.5072818088421934
-7716.5590515709555  5234.979879655338    1         0.9863347839755628
-5080.361905205788   4499.502418855027    1         0.16340545790677524
-3717.3405158285414  -3390.874568369474   1         0.3980969570133478
4279.286113770231    9878.748726228197    1         32.68562906677877
-3162.0728039794376  -5915.635036112576   1         1.050303083124079
-9165.04131310842    2305.7688359631866   1         0.3543986582859362
489.12029959701783   -954.3872391020416   1         0.8436062249656726
3330.667518678362    5473.368455439698    1         0.32166585493353783
5853.307641526993    8848.143175923246    1         0.698060962993155
-3736.4756447526343  -1667.9105245650699  1         0.33256063174383027
-9257.280026934872   2617.4670830325945   1         0.32628197689794003
9814.18787459383     -226.4125542391225   1         1.1660154777658867
