trucks_count 3
drones_count 4
customers 45
depot 0.0 0.0
Coordinate X         Coordinate Y         Dronable Demand
9098.352965751175    705.0705903134902    1         1.1497783846701195
-6319.787872093763   2438.083362322515    1         0.4468798802127725
1992.6017198629168   -7389.213481395108   1         0.7858810529128223
-6659.925613736745   -3330.3437029935485  1         0.15223481514455245
5229.08212008966     2238.988338062887    1         10.84991734116698
-10980.173874561333  5201.608749157465    1         0.9372947358103476
686.1225624120169    8753.378260985546    1         40.17141011687841
238.50315500271597   6166.825058772969    1         0.8698004657546503
3233.9498985179034   9839.88850411038     1         1.0870986382985603
-8790.905604829513   4536.191925926333    1         0.8030459536821358
4115.352549071223    -11.840554640938239  1         1.1049061086787093
1785.169023554026    10482.063750187208   1         0.6599391859062798
7470.704107504718    1299.0131355245564   1         0.5181405966659379
6286.120205280136    -5581.982380498522   1         0.581018604219764
8529.692734881957    5369.377290503301    1         36.17733289752261
18670.138577069658   -2156.635665359736   1         4.4321729809426165
-5120.361872003404   6227.808509384592    1         0.8789376731901208
-5962.652819835069   -6522.047103811405   1         1.1307929767185847
10635.159754175955   -2511.8749691899216  1         0.4843303309440332
5798.8458880067565   909.7790409582757    1         0.8297655904731686
-2451.3388713909885  4622.194638637439    1         1.224493806111496
-6847.860698429523   2829.562686200216    1         1.116545856660866
2081.586671647188    7295.6024861618625   1         0.9229783930309767
-2371.0463366226077  10223.64608671564    1         0.658359388984779
-1789.4586727322153  8018.0576134589555   1         1.1658723883709798
6598.663558039873    -523.4588504339954   1         6.962795510352228
1666.2035411658449   -363.0590173481379   1         1.0492449669034987
-7966.757714242588   5408.923108189105    1         25.964576632951257
-13702.811755803952  -16219.695040322767  1         21.963345016999597
1752.670292823158    2377.1154849597774   1         1.1837444057720048
5045.884089225382    -9233.476667800707   1         0.5840749018786575
-4998.608808045367   -6430.810438965019   1         27.321707234866746
12182.449524267595   13063.081275694924   1         0.5558342451240348
1413.5554139867018   -16756.42075395948   1         33.90351164303989
5132.697886039947    -350.30062937299294  1         7.455370549691302
9845.314498339787    347.4707664018314    1         29.3876590897886
-4617.837653175103   3169.277637552628    1         0.9639238745437599
1769.7003439276718   10032.885289056492   1         0.25103277043816485
10730.294808816043   -470.89913010734927  1         0.5504044193540203
2026.7885292742621   -9872.021183644447   1         0.940998816498732
274.71262706345095   -124.38761532567666  1         0.8237614478468595
7612.417948613374    5529.732529974162    1         1.0503432572665243
-3564.3507398456627  -5403.038509785058   1         1.1929669276011066
-17886.465110993406  -2161.211455248711   1         31.190917586149116
-6617.846358126379   19003.47939310196    1         0.46919236179939916
