trucks_count 5
drones_count 4
customers 98
depot 0.0 0.0
Coordinate X         Coordinate Y         Dronable Demand
2059.8755842568316   3572.375753965189    1         0.234903112259355
7998.245385999968    2086.3047623997927   1         0.46181866379943626
2088.042947441162    5048.494626808033    1         0.6032686856752633
-3040.9529125508893  5248.715659957213    1         0.7222857665361254
-1696.0720114605174  11452.562256040575   1         36.02384183532662
-6587.306088192889   2336.484284550442    1         0.5634679219090061
-11214.628593639107  783.6953661571606    1         0.6991753752812361
378.80762021971947   1342.039128760954    1         0.4493893865783586
-1287.3078690649686  1137.9696845473802   1         0.36906265177712594
-3398.0380324402463  -10128.973345746395  1         12.87186700757707
4316.7813683587265   -7722.719271833441   1         0.1461886870096979
-3983.374246785219   7906.055582707492    1         0.5035756478286237
-118.43366306701967  1344.9516272650164   1         0.4669571891888201
-14147.789373204905  -15471.239984506752  1         18.886598764262224
3853.102094703037    -4336.821418914442   1         5.362214891271985
-2438.528119824274   -7541.508205751615   1         0.1575977517037237
6972.268923154798    -5198.9993032658485  1         0.42533358582115555
15505.31107984416    -10360.073168315907  1         13.09696548247349
-8203.098380481862   -2727.1925948744097  1         1.1325209802994693
4058.3946045794532   8963.35639059382     1         0.42385884409792673
-4517.4452530982935  -9912.712473680665   1         21.41063545875606
2658.405441599546    -1369.551660333151   1         0.9762683750758919
8630.680183448447    2286.524612607829    1         0.6611640859110012
5443.714929443012    -3707.628928766301   1         18.358285398766004
-1184.8396639263779  7484.897794852585    1         1.0714148804880494
13786.747778907142   1152.8797336988173   1         0.9013585159079321
-734.0060374815565   -5107.561990402055   1         1.049581982232987
-715.5608964964731   1011.8057424895823   1         0.9293732220486774
-4719.2160294823425  -7914.095921863724   1         1.1166044855640447
2901.887906626568    -8101.733526477329   1         20.736914837184205
-8782.095564130786   1086.4720728475845   1         0.5925625933190052
-1961.2933558488676  -12282.918848072772  1         30.12172217313616
3474.45461221548     -5090.895462620363   1         0.6797915629321983
8325.959471254468    -199.043604877932    1         0.599849868635518
15612.152311974769   8581.78823381225     1         16.154382882663356
4747.06751806644     10947.979450441602   1         0.45809787601877006
-5867.1470069174375  326.20046779423865   1         0.3801535394999235
-9034.908265397155   -79.96710050600582   1         23.686833478000473
9640.570568357563    4894.448152308689    1         1.0511570972841464
3500.4027546076272   9236.575242946032    1         0.33625834768255447
-7584.206519256861   1742.6024252141297   1         0.1895694814995497
-3922.5392678023613  3563.967583857827    1         1.1607888907498345
8472.112650508876    6309.858838236841    1         0.6326131927500194
28.30926267673567    13092.952448579283   1         1.1360366086646618
-1581.9922349926744  8220.456421148407    1         26.004500397994565
-1879.1055153898162  4180.291536054648    1         1.0045031044844155
6767.705902285255    -14829.867082432627  1         1.6436428729147168
-8118.913145480303   -13129.520512804258  1         0.14111756161366681
-3269.2913620799336  -8347.669416810888   1         1.1869532425806204
118.83928440911417   -8779.939400491336   1         11.38751348880339
5212.059674603829    -2920.3372323372078  1         2.7454750250964093
7645.292286535431    1469.990632181882    1         0.5360342419948658
-4738.639171953285   -2576.975454558526   1         29.7404824305209
-2778.0503591867605  8297.367463554552    1         0.2947631589390589
2163.9742648220126   14093.69698014338    1         2.459926537152114
-2012.417208113707   1841.8963079702737   1         0.5669762162737892
-15856.915333299827  -3372.1704527193488  1         38.90231914944169
-172.18893733643313  1103.0038380676424   1         39.19623942080513
6097.561539506351    -1751.3459355513044  1         0.3877323990883089
2494.8309688091895   -9620.812207582178   1         1.0033743689354475
4143.759251713819    -1979.8275980199483  1         0.8202276247986491
6551.422853092483    -8403.44564385967    1         1.0278971579007252
-9761.212887616182   4643.890392360135    1         0.6756964496801723
-3538.03270419077    -3201.895039306713   1         1.1387718092580021
8703.939211247674    11667.982399960376   1         33.53719578830178
-7130.58118407008    -8182.905783831515   1         0.5623968285455004
-3154.2814347364915  9029.185194205602    1         0.2420353420860916
3048.9511807571944   5434.424723880353    1         1.1667375654208703
-1024.7293138156383  5238.108140288947    1         0.934212801753311
-7008.2616776584055  -4773.465879697081   1         0.9567804865796679
7367.12466857541     7616.738361378067    1         0.2637651982308533
766.6311021271744    2777.6209089016393   1         0.8048476999152032
-3674.617027408873   -5937.580827432597   1         0.17808841234722111
-206.0736116857441   -7033.644848942155   1         0.7604942217755315
-2680.468421794123   11696.81218898952    1         0.28933301504176834
8112.643481938511    -4726.41726229941    1         0.34999382256006795
9716.539163936757    -960.643986856267    1         0.6179010335142071
1357.825902163355    -3741.0023088126254  1         1.1642027851095902
6135.787593977173    4099.232603177707    1         0.9690431906449052
-7327.313972474448   6265.828177762431    1         0.7076616986467152
-4541.861575756015   4132.1504980816135   1         0.10455743192405338
7202.267607807474    -6040.741471316253   1         8.519543500301229
7452.976351380514    -7501.107171166772   1         0.9283292001199777
-2600.1586091291256  7165.16615931666     1         1.0396027091375235
4825.275996449714    -3362.837334232725   1         0.7822644810374426
-2205.7699676435777  3614.096791318229    1         0.312174763863988
-8294.482993615946   -6488.141654994617   1         0.6048070001432887
4877.898539958877    -6412.199700498061   1         10.907890574395141
-10290.401473035045  478.1209945565145    1         0.7176995623862293
-7077.2023003572685  594.9872936081086    1         0.793258459239522
6820.099973584977    8560.052070434815    1         1.2037012818448876
10364.07587060368    883.8174788311254    1         0.30119300436483043
12326.468771380933   -11644.75694500479   1         28.04657266430251
-1151.012262378066   -8943.039476683996   1         0.19387930643386025
-5143.164314015235   5972.3827057510525   1         1.0096603528730481
-1244.3329951056908  4609.836203461642    1         1.121714334902298
-10716.222538026599  -12768.244362062793  1         3.9681593074193042
-576.3159782441835   -4074.945063736102   1         0.3170834598757273
