trucks_count 6
drones_count 6
customers 91
depot 0.0 0.0
Coordinate X         Coordinate Y         Dronable Demand
-5754.116329804474   -5011.481587699704   1         14.349124021795475
7036.283425532057    -730.7525205703145   1         42.94010824686861
2525.6760876212684   4983.944066989684    1         10.697685353592743
-4000.3837149532383  -6905.904229527556   1         1.2357567679697743
3250.3085191533555   7503.861184806492    1         0.5861951312736597
6436.223950218745    -2943.428473056285   1         0.45325512776782073
-5017.7614451598565  -7154.373951227324   1         0.9289442641199044
-2029.260350116877   3018.1511089859973   1         0.8196750177827216
2920.6231739475875   2642.6010961088796   1         0.4820648830599612
1780.3015292114608   -2162.212390699939   1         0.9502857303057975
-658.0770924515195   -4877.951323406427   1         10.795434533541574
-5201.945564890069   3937.237869209281    1         1.2033201211153743
-1380.743192104267   4981.347855305375    1         0.5950593345886764
-6521.331944814392   -7809.6712581575775  1         0.3568201185884863
5693.662377835758    -4971.126250731538   1         1.2087334438501085
-1392.6603090774688  -250.14519714165908  1         0.3826446495124909
-2602.0100496120435  4740.153807964672    1         19.47364835896478
2890.900499012007    -2743.200935366781   1         1.1638889488925175
-7220.909080342687   847.4385943117431    1         0.8995848178311506
6151.546093559314    1013.452120133431    1         2.173548567712772
-2549.5477926717235  1667.068474033621    1         0.4617510821683275
3547.4364149475045   -4003.472938205142   1         0.5522891421842991
-2072.1233268384835  2941.4500901121105   1         24.325284667234722
5293.649319297336    -6523.199652102875   1         7.131951752532489
216.25123680848145   6763.897956322561    1         1.001282645368675
-2428.388517240669   -1195.414719026304   1         45.63747747753254
3368.7777667739724   -2577.9083765224536  1         0.6357991563131576
4380.561085451481    -4638.596753516483   1         0.20449923862587097
-5293.268111880952   -4102.266352151072   1         0.9379933115400357
-5966.491776527754   -2137.625895927977   1         37.3903755822567
4015.6472353015065   -2930.712651381838   1         0.7471046967331402
824.1085083903415    3837.957421559697    1         0.673416558167413
4818.419130546919    -20.010349066033086  1         0.5840503941185639
4601.824702673379    203.26751315946785   1         0.5213806012354152
-4795.218445079213   6184.947644086122    1         0.6783022785653405
4951.2748804860075   -7256.551126072483   1         47.22131134798921
-2254.823288192711   6566.959570469812    1         0.1626677244932675
-7768.51038366819    -7240.848692380523   1         0.13461661302501293
-876.7447684063079   -7890.040556494533   1         1.2131530919969766
-6669.77627022802    -1195.640237739058   1         0.7867454679637957
3967.4626176943025   2505.006537533712    1         17.26980807555112
5140.682248770359    -940.5568453815956   1         1.1957372674031146
-350.1637767076983   -2813.4614576307395  1         1.0462848030778138
-5748.160704536784   5662.685426828291    1         0.7802188740914168
5436.312272132145    -1523.836004430832   1         0.9054290185016484
4017.7115428863385   5729.736733481534    1         0.8200320726425973
-2084.1025768484915  -655.2119135198168   1         0.5301538540742619
-2489.4829297704964  -4503.088249079071   1         0.1685733257536831
5539.994582020408    3076.960277783688    1         0.23398624653850514
-5407.881883660062   -8001.475417325878   1         0.3411983596025969
8055.316440426651    5070.789988941384    1         0.7314726861553567
207.7202149331498    -641.4594563458286   1         0.3918672660215363
7547.800666809703    6862.823812388626    1         1.0014599882683006
7146.092083264065    1182.7431015767606   1         1.1537662234540107
-3696.64385957288    -3255.450024061939   1         1.035527601814885
7427.18714267309     -1379.0404651687431  1         0.4797097825455571
-3072.398576712686   2909.6986998376615   1         27.84663726464365
2658.3814752831154   844.7947985678379    1         0.8835817381924346
1034.800728483222    5045.806936165056    1         0.9707228224469393
7655.866646033499    -1245.5769563896563  1         0.8324666220819454
-2323.2580867282554  2781.7570208934644   1         0.6886183759162887
-7387.28824868915    7004.741830267673    1         0.9159784749208825
-1139.9242776342212  2832.5537726011526   1         0.26738060203890757
-2523.1343206468637  -6625.382994607069   1         0.5215389192085524
-7717.109877356422   1421.9698562884569   1         46.45442392534304
-638.7674196738191   6946.420251593023    1         28.324819288339008
5025.307631423037    -6702.286118670415   1         0.6734887494632777
-5195.365453661305   6213.529841818942    1         0.3559547145575145
2222.233520136624    -8114.264021290531   1         0.8110691762201994
1214.7143376870688   -376.0075267469376   1         0.4647961689294694
5697.783682155181    1113.8874408415124   1         1.2427029112214454
1256.3546839379412   -832.5823058771118   1         22.23446584713004
-4508.627919989039   7703.70963956028     1         28.769110669313886
2490.8084471628936   1873.3073894301197   1         32.139118386684856
-7963.759704561335   5451.090711357275    1         0.2058571379801577
5674.848857701324    6157.569873071019    1         0.7732429094753451
-7496.03525827059    -952.4043108352095   1         0.8171199167154121
-5828.737198624285   5563.9008350181075   1         1.1086164903766973
-7883.83240647098    2146.7891598028978   1         7.674147177624025
-4185.748468554437   -6134.193397788095   1         0.4632138322640572
7344.043730925261    4510.392206163481    1         1.218366016629217
-3419.7586950043524  2698.4878140946157   1         0.7487295070321281
5415.687203886115    -5309.860680399365   1         0.4057095340286353
-4482.823096306796   -3742.707114597356   1         0.8280625099973689
392.1957848171334    -4922.961671034444   1         23.702640913663195
-3014.137435556166   747.6662925912323    1         0.324139219430742
-3584.3696635758115  5851.4606833188045   1         47.87742905547981
3627.9907936331056   1974.8723526772876   1         0.8039317082012066
-7016.193611276727   -6651.64626463615    1         1.0237189410771903
-4629.330396282      8151.679712349646    1         0.7846927275129975
-5233.594265206      -495.4187364286024   1         0.8790152227339271
