trucks_count 3
drones_count 3
customers 68
depot 0.0 0.0
Coordinate X         Coordinate Y         Dronable Demand
6622.508059722869    4016.960819180537    1         7.5776414466322555
-558.5679480383578   -1844.5660094234336  1         1.2483341908979084
4570.009121302291    -3396.853817071743   1         0.8822775489803268
-5491.059853481018   5928.350362553629    1         35.073270788529676
2542.0800699454517   5686.193459167518    1         11.574726521182036
-2146.740800462566   -5122.578901605467   1         0.6726285587748823
-2793.8512518647326  -205.29920893671977  1         0.855889261652577
8385.232454797148    -2617.57036371068    1         1.132107190011023
-110.64767158079303  -7431.06535122763    1         0.20091520671485263
-6868.891333606352   -1579.4038807123356  1         0.29392373943779004
-755.9483078174917   2017.4091226078176   1         13.754805816320058
-1339.3580599522395  -1681.8560100556829  1         0.8651594135778464
5022.442216753624    7263.971067930197    1         0.491550020282448
-486.17195630301376  5165.808363261209    1         0.6101958890994497
-6514.801950163427   324.43013332600646   1         0.16668331838457098
-7538.444056431774   7609.724215800123    1         23.250674148035294
-4261.468656203309   -6128.969955141712   1         1.0234986900850354
-7247.6658328975645  4479.163640806186    1         0.27126986561028466
-1650.6561792565426  210.18880333602283   1         0.34096878596540303
-7881.239235169374   -7098.036888973372   1         0.2215607269437592
5800.811294199148    -796.3572188219208   1         0.7170096491760244
6710.302261319303    -3554.709382366823   1         0.952446294175164
6509.826562252796    1831.1075889916392   1         0.18831632466756595
-6720.657466360842   -4220.325116343213   1         0.6791327340936882
-886.9668876074838   4767.269069557255    1         0.29684039440003607
7254.2028936538445   6796.9985846013715   1         0.9372718623942425
6740.806324833786    6058.639626525954    1         0.6300296229209411
1493.9302873634842   2316.995800708264    1         0.492449199395387
4175.112658160155    7760.394363943178    1         0.5897745341171668
-5772.858192099454   1075.7833996899956   1         1.1281512132775606
1994.8444085192841   -3042.5721493646124  1         0.2357709683451872
-6524.190292837293   4737.445638061846    1         0.6922870889845593
5794.281202918201    652.5923261198024    1         0.6565742971792564
8348.211213854023    4312.820643889585    1         0.26258740772039874
8328.656053961906    572.9759844297688    1         15.287918595207508
6479.3870380705885   -7824.851823404155   1         11.097341522652142
4001.0230288838866   5027.053343843998    1         0.3719485056531209
-1753.154778124282   -5481.2181815857275  1         0.12179718487534352
2457.855745907492    -2024.4911263222546  1         1.0800256838966877
570.5947110493076    -120.78828715844202  1         0.26220915911957865
-2885.4504679225456  -171.67776022117818  1         1.0285103931793653
1391.085441595515    -2037.1296409740648  1         48.196075712765726
1946.4654388518302   7329.850014947615    1         0.37132221879210514
7124.086156983383    7090.0812668500275   1         0.9648709741119849
5729.546652384796    -8489.674772340819   1         0.34902902669001823
4362.770263148333    8197.073357148904    1         0.16152239954935907
5223.4452800906665   -1126.8535470396307  1         0.45725110149224757
7769.358920254017    -1357.2698091364564  1         0.8292001008618893
-1469.4709922027994  -7131.647943261521   1         0.6789172886594788
3072.029992715109    -4308.64104940447    1         0.347205496972153
352.3168088069888    -7964.389463397967   1         1.209477715140875
5579.30870403933     -2844.131115876014   1         0.6613215706890948
-5353.775918274394   5084.560696067454    1         0.613071635601981
-8330.0996685415     -6597.772731592903   1         1.2204545343678617
-5808.504725590003   -435.88467060735536  1         0.7776275606697985
672.6464664660303    431.132970504244     1         0.10063456895938257
7444.649148115189    -5716.292905846805   1         0.8435520625133152
-1645.6492353042315  4008.5742345613176   1         1.1170622302351045
-1993.380238753059   -8260.74449946443    1         0.404503441847897
-3175.59089864087    1014.7902680408079   1         0.4467188168558254
6739.5405581287      7508.191327998903    1         0.19506263242940614
4361.862452785833    -4464.9831189728775  1         1.2372598918573379
-2694.316852288859   8526.103748430458    1         0.3912093231347318
6730.854340268101    -1676.7733416633655  1         1.0448032025512646
7276.58853097601     -4156.3257420822065  1         8.401126558966332
-3294.2539768389674  -4708.231369349108   1         0.19195767336977743
-1776.425910959594   -4072.766060209692   1         1.1114611327845778
-1273.4802646430862  -5392.805090083104   1         0.33647558504597086
