trucks_count 3
drones_count 4
customers 63
depot 0.0 0.0
Coordinate X         Coordinate Y         Dronable Demand
8434.654582332285    -10849.706972326745  1         38.46624812954581
10354.627003914477   5960.432243269901    1         1.2015124092076672
-3248.03524568078    8206.577392425013    1         1.0034465170645888
-8181.929360958577   -6418.626730767735   1         0.16202291972292476
-1805.512446247813   -4838.542054976345   1         0.7640678962181748
-8549.557764693074   2.6426813643422498   1         0.12342677968558201
-3469.572975679304   5333.606885671268    1         0.9834754838312009
4263.719783672901    7800.320195567067    1         0.16448634973982817
3004.136301347591    -9982.264978361904   1         0.23576406141959896
-4655.361577299829   -592.2395970877726   1         1.1418957449510585
7295.701372048549    7482.677786893206    1         0.5350091608881863
-6376.1700653809185  28.256337811944146   1         7.858441849030052
6883.8549181284325   -4460.424885173963   1         0.4710568800802617
4239.1102941022      -6169.929733980619   1         0.18775840728553783
1202.3794687272639   -7514.956680693046   1         0.24174325032827745
9339.76397140297     1281.978327259793    1         0.19875387647070486
-2018.853691705789   7770.843881375362    1         2.8010198179723433
3588.6951015796258   2859.2917437245305   1         0.8900092709665798
-6151.0282724466515  4180.849169730305    1         0.47815122929365095
5352.107408583421    -7274.510743931189   1         0.801336209829935
-4629.819957615307   -1103.2077101308041  1         1.2206293203066723
8022.13819210943     -4811.981676715815   1         0.8698123433288337
-1381.736095740361   1781.956252604679    1         0.13338658148408317
-2163.289912109492   7374.851416676402    1         0.46831340208594596
391.7528743616974    -10148.485723806982  1         0.3388823942572773
5869.483682612812    -10833.768774916833  1         0.613273144950369
-2702.145545776537   1094.334884853475    1         0.1456149926215661
9410.998097994778    2048.4559773393016   1         0.9679426216770836
-10220.504078880498  7743.392980613717    1         0.5999386610128113
6301.334777763642    -8632.29469273978    1         1.1554383614074104
3701.150037730192    6216.213169635721    1         1.0048122798865233
-18.2712643174782    -4381.968194754404   1         0.9634943996913604
-1371.252984474502   -4443.415277266708   1         1.463830848332844
1695.439705896333    50.186536122032685   1         0.5307383838971884
6251.055953194915    8652.900754910816    1         1.0297811660370368
-6638.653923571075   907.0236265121464    1         0.6068314543332864
718.686413623164     -10026.710647640399  1         3.2262192286814555
5456.633485931961    3310.411078286056    1         0.8440703650977012
-8657.660799493686   678.5474299971353    1         12.793141448796206
7366.34600907709     5315.120493607876    1         0.9732574823929361
5096.199063076317    -382.832573236318    1         0.4704651030158663
6520.779336727963    3138.411569473076    1         0.9850399420839773
3693.288769088405    7728.533866940773    1         1.0792606407267804
-5249.464966333218   2680.9436407349      1         0.1369408841872403
1915.656149787535    -10334.072459520568  1         0.879656518426243
6961.560523641361    -4939.670364345672   1         43.174812768679494
1009.8262383796696   1354.9643766830602   1         0.4475100609870546
-5925.627736661225   6619.652883679387    1         3.364438944179371
8602.569722999178    -6258.108295364968   1         0.4975886544548297
-5137.3218242302055  -7290.3535891288275  1         19.318723315117186
96.24279276936967    -6269.4185992232915  1         4.012761063888245
-5477.812165044225   -3044.0697014287794  1         0.7881134554971435
-6552.2207526222155  7038.741752580474    1         1.1782745079165415
2270.0107421093157   5514.069222478139    1         36.927529261948656
7060.79760432011     680.5247401569445    1         1.1828337410949794
-402.41950596026226  6300.8749277611205   1         0.365345095187643
4565.524450287746    -446.3739803454362   1         0.7226432211141985
4590.475164917163    6852.0676285212685   1         35.86212884614372
2561.5433536570104   -2466.2759641140387  1         0.26105740061679183
-3210.4607773985826  -552.4116944694536   1         0.9595505522942186
8045.936238053964    -6412.413441716989   1         0.7026624807673177
6214.36017935531     6583.502734895243    1         0.9592141491899719
-9439.403528112533   -3502.617932225268   1         0.8606452508440859
