trucks_count 4
drones_count 5
customers 64
depot 0.0 0.0
Coordinate X         Coordinate Y         Dronable Demand
-3777.6422468046912  -1998.3684114691914  1         0.8176674864817579
4125.382346265604    -14644.553406794437  1         0.48321064590899565
4016.327707462082    -2781.7292359208586  1         9.910953821127928
1100.8864031314224   -14768.799546620985  1         1.0997191344239634
-5935.4405664813785  -3503.8785618262827  1         0.6664868568276756
-2201.921955588272   4700.473901787306    1         0.5731646394980947
2638.051020147583    -418.5406953222283   1         29.5200680187542
4583.202864807813    -948.7343778572737   1         0.6019953425893426
-4690.8524313182015  -2928.8994556876974  1         18.98579796240513
-6107.4509928111975  -8025.00703892752    1         0.9020224569338973
-6176.164939136887   427.5060412373987    1         0.9656698206353972
2015.07119343197     4882.100801696819    1         0.16930483261407026
11451.355727077545   -12750.509889753972  1         0.9843083067865863
-4830.115927776682   -8481.665879705051   1         0.9556860064304766
6974.463540282278    948.2328999218181    1         1.0895677823907808
7884.457321955659    2234.950549792058    1         14.27066047003068
-5190.877458617995   -5748.104785535147   1         0.7847870309152443
4974.638763851268    -9716.415236496168   1         1.2423201346060893
6068.105391579541    5675.470392916082    1         0.32333642264930534
-4906.815828674163   -8768.961187814059   1         46.34092136378329
-7735.378424314073   7161.314890576957    1         1.2463146869220052
-331.1370954477445   4093.9441801331327   1         0.15396607327578316
1714.860040644361    3880.0767493926305   1         1.0017480659930937
-8040.952206870867   2534.2369257867335   1         0.5794922802035308
-6507.070400792949   4546.836742901832    1         0.8350753250251772
-1450.6371592283258  -8928.468479158342   1         0.6538314630049156
2264.8979607446877   -7600.931954479979   1         0.2283323642403168
-2440.0901495004036  -9535.571679412673   1         0.23677926101022514
9809.513950478755    -2688.1882170401877  1         1.2224759390667599
4937.530193498945    2248.2454904972283   1         0.8642210735198925
-7584.313637643106   -2850.2587365147265  1         38.84315422290432
-3128.4711359106896  5979.609470123713    1         1.2057110891151543
3158.509308645997    914.7375770660576    1         0.15098326127230371
-12267.760671457134  -3380.325490026011   1         26.72606276858196
15346.961552811437   -4246.0395702467595  1         0.4263814251705572
-560.5341626177711   -5280.635148752659   1         1.1293988645831994
-5730.245807267632   6651.9770905050045   1         1.1249405179337557
-2453.0419719225392  -16301.4683578264    1         12.976801668415916
-7821.151046967077   -1034.4944700385022  1         39.84745381784895
-9811.073940818676   2791.75429727344     1         0.1918087894361201
7499.678930676662    1639.2780263851869   1         0.2812217277276239
7081.272653893676    -1986.9181729304994  1         0.12111764274152893
-9812.63868062154    -3911.3156279933773  1         1.2171456781174443
-7531.912588353604   7471.970702992878    1         41.80535315206395
6772.556046813454    6859.097843535613    1         0.8075654971723022
-3618.065749823334   -7661.341631081281   1         0.49078709780785557
-70.11393874865783   9950.591869748958    1         0.8758706750193757
8415.09794419025     2228.892369884297    1         0.9468524857982715
-4704.409124091698   -6531.48834900591    1         0.810486415025709
-2605.503482358823   1598.084616442411    1         0.4170585373606597
11685.177761721905   -7087.168139938976   1         0.15683380240269798
6909.914372318169    -5167.142998771011   1         0.6587280285015542
8428.381194039986    -2860.0903293140423  1         9.171885096803084
-7638.548070009292   -9927.290490321022   1         0.6881563166103202
10336.36416777804    -1054.1999309642174  1         0.2585352102428625
-6860.246896301638   -11266.44642749066   1         18.959203317189917
7234.273970962068    -2244.9316265393263  1         0.31784622569625054
2653.6844154128667   -7529.799421102649   1         0.4838983048742864
-368.72515120201507  -447.9873809100028   1         1.1265959958363905
1902.2682317646381   -4476.738344349201   1         0.6876031186401151
7593.561346285831    13838.239254675525   1         0.46557862035690134
5074.731348468577    4331.412049667862    1         0.6263429644681091
4982.384323229769    -144.65935355941582  1         0.2961033250388616
-8227.28076816531    4517.966557427327    1         0.4307286460601345
