trucks_count 4
drones_count 6
customers 100
depot 0.0 0.0
Coordinate X         Coordinate Y         Dronable Demand
-1141.5920700219194  6931.292295231426    1         1.095986979894176
1097.9564080843484   7832.962819913217    1         0.4699260742662251
-7683.587943955677   -6329.912791206415   1         41.206817349383044
3668.450938375454    -2925.29220146035    1         0.7833579836318457
-10491.771803550793  -1023.0166305076089  1         0.3133860861025892
-5249.1467740480675  -7857.593785210515   1         17.082709900813757
-1401.994481071636   -6631.1822244646755  1         1.1018477125416362
10509.672673216037   188.4605608034417    1         0.5281067730098451
4322.349647089755    5519.163552372033    1         0.5406032880310845
4271.5044753411985   -4579.286027257916   1         6.99973882535634
5882.254842834458    -11851.894965363244  1         1.0402628264215794
-1179.036893540476   1681.7953565209652   1         0.5978728788832811
-8027.341578816717   -6713.96198823919    1         0.8721333267636745
6576.625471871039    -1185.2028599694913  1         0.3109677967297524
581.1536295206806    2304.419092360624    1         0.5847845727529156
-9295.963540577528   866.4007618609976    1         0.4688475095982537
-6197.511523257545   2671.0706372571713   1         0.5630174266472093
8581.011310600954    -4054.0132596878643  1         1.1897034073995034
5429.760500111295    7017.36499255579     1         4.4218555396309345
-5029.224057228348   -3222.495174523449   1         0.4582110989043997
5471.271563156733    -2813.279662664362   1         0.5113027589803254
233.3342775754007    -3025.0885266599585  1         21.882580255049128
452.8216110774846    2668.21395705712     1         0.4046890336883191
-6663.1966230474745  6946.227109459213    1         38.620007964139354
-10239.258179415046  352.08269158238437   1         0.9317055656315381
-1367.3913771249074  -3130.4123905537144  1         39.95225127225298
3952.416222847445    4821.762231780122    1         0.4864276528510174
9308.213393802263    241.358719687863     1         1.0600599078205923
-44.809317752372486  -10608.756403719986  1         0.9002513911167925
1786.7221589997214   4328.8396868600885   1         1.1411618108081092
5614.39505690898     -6539.000268466661   1         0.9066680881961451
-8794.163813135126   -1593.6216741720004  1         0.1970639121793965
-5860.560280552547   -2775.628672996492   1         1.0351268730597678
-908.468951481609    10218.369308450103   1         0.6272359472713152
6775.109533141585    2982.051871670847    1         0.5856481412806905
5580.731489278449    -6708.13876030755    1         0.8753306459374751
1201.724461118225    383.7742618903527    1         1.127180779095535
3453.1350974165543   -8992.479728437636   1         0.4400515882201004
1007.3224501987985   4793.829162192491    1         20.119484064363995
-2672.6228261797432  10610.75567412346    1         40.09353142063814
-5816.210613248478   4228.384346787058    1         11.702990142993425
2556.056861508964    -1878.0649836732011  1         14.20320017965724
-457.092317013812    5047.807269972559    1         0.2569599278019845
-11785.36276250752   -3529.7731480892835  1         0.11013809859807937
1993.7752641514198   -5256.488083140834   1         36.37732061843878
-11061.104034410127  7133.8042295412      1         0.34082183436330493
-70.80461527853505   9501.168592169837    1         0.20921306408112966
-9957.658348591065   -3957.9380752884813  1         0.36839067760660593
40.132700560348376   9829.70650647369     1         0.25889930455260124
4015.0878564004215   12330.070612732872   1         0.5676668850451705
-8609.550830665576   2621.2458881042658   1         0.2993280597483966
1370.639219368855    -10430.37293418547   1         0.9808179422300457
-628.3340299047336   1889.4483337096399   1         0.8607647737188527
6041.582703802253    814.7345336673375    1         1.0769859551844854
5987.150503423786    7200.834963164502    1         1.0408418609005385
8527.811971084942    5042.033507439944    1         1.1812757269997232
-781.3065220586252   643.6679644744867    1         1.0212006124073902
5156.435514152026    6117.352701033709    1         0.6940180484005227
-5598.029655359861   -781.8206550323582   1         0.18152732483557893
-8025.599822436897   7656.736984250323    1         27.84879217969862
-4993.46530298226    -7514.470578861789   1         0.230176699513243
-5300.317528228267   -2226.212861349374   1         36.01662125948521
-919.5221893200779   -6185.548314672264   1         0.33147132098419363
-9839.42114134991    2254.6833746749603   1         0.9693428870151101
3693.5644034847123   5908.459979921802    1         0.4034448872520816
-7568.228615979313   1413.6386379309556   1         17.63103754465101
-7742.442864567814   1910.2758250272043   1         0.31459811055701004
4004.4286939845783   1844.303801173079    1         0.8705290188916055
589.5756881575555    810.5385284464219    1         0.5719134145174058
549.712806625275     9593.019074496371    1         0.24702776099055682
-7429.082342671422   2743.2769552098607   1         0.5257667650037339
5119.164304042947    5484.40206765917     1         0.48356603255986297
9452.789881856823    -782.1138654598951   1         0.23674169961474015
-504.84039653216456  4452.073863689193    1         0.6795215815972755
-3121.833796772944   5763.433758166577    1         0.3597731433944922
-5349.345575443399   -5657.140906747601   1         1.1901498005671498
2060.326650534011    1101.105430804102    1         0.32424937495135964
5961.008575512509    12601.301923201967   1         29.54169393184463
-3792.095218660678   -5168.482979147453   1         34.57827485828228
-2945.6077828368893  -2432.286662791588   1         31.88288974179778
1831.4870060273347   -7856.543775644969   1         0.2751844738889434
3810.1256204482975   -5046.876050336945   1         0.8381982831678526
5370.97427480092     -5649.4006582293605  1         0.24298138255440166
426.4621171069931    1250.2418473143653   1         1.1814165151344542
1312.706342867519    -4725.784312758861   1         0.4331116519476699
-959.8590230212686   -10364.714664974996  1         0.9565881686049222
1343.5051081189868   4016.5843755731275   1         0.41856040702034647
-9942.514692757766   -3340.021661589818   1         1.0862153919900666
-1804.8516025898414  -8702.014675179968   1         45.28373185349626
3249.879536649248    -5670.46148893189    1         0.6804423462841483
1823.9029125265704   -2810.7407925820153  1         0.49664421326259933
3951.5670808449727   -2395.848226708029   1         0.42849968056097587
9843.35004175735     4325.213314319573    1         0.686267589615614
8064.880017236675    3680.988359922638    1         6.504879988001371
6990.830440608077    -2624.586552277562   1         0.8551681515898943
2255.22171270839     -2440.2751395977657  1         0.4988449452187569
7640.934488668405    -139.23295871015247  1         0.25901479911987385
-3327.7079653551446  8654.703529871185    1         0.44975706477253274
-6380.63924540765    3828.028773857677    1         1.0872614906062172
4661.534914947816    -8859.202349906176   1         1.2434420564320876
