trucks_count 5
drones_count 5
customers 100
depot 0.0 0.0
Coordinate X         Coordinate Y         Dronable Demand
8037.760735038371    -54.56023887935383   1         0.8546183798588088
-5127.786863570621   1667.8199464544477   1         0.3792764446872282
1266.3857524197279   -955.566277613375    1         0.399453531740506
5054.655600481728    -2068.8783815594898  1         0.565532146027211
8003.85692515498     -2131.3873646217653  1         0.5971903346765483
12189.408405710059   -1902.9473351258002  1         0.2444306848373473
-1929.6175189024398  -5806.528910953115   1         0.8763702805943808
-6407.699600887686   -4273.762336717575   1         0.977348102729656
-10134.095408366438  3508.9603273668226   1         1.2155642838901586
-1827.2254197472719  -3360.583631115676   1         39.858400673975176
-1423.5947901830634  3175.8625340570356   1         31.692010717617908
-9726.397037574774   -1676.700373712738   1         0.6285674084516778
-2741.94322234361    3658.500610277146    1         0.7760688651767236
-308.1047617897332   10873.436752584457   1         0.8044010268672309
-141.92741652009448  4231.565204140596    1         0.259035976460576
-1909.621184690336   377.32561600544364   1         0.716438948406492
959.7392088313829    4296.477812121066    1         0.4963165503140916
-4369.232174064886   -2227.298690950187   1         27.00917029331929
-4568.262878216795   -5117.646268978185   1         0.7771784352611082
4874.73776360368     6633.679378500893    1         0.5298073300989591
7164.0355566313265   -916.4393408925821   1         0.2504379067906983
-1198.773855165422   -6746.510043720321   1         28.228888978526058
-8851.04588061293    -5675.130614864993   1         18.03098830969899
9873.869642115173    2176.6400775115376   1         0.9010785081887438
-977.3555842329987   -1820.7851768166136  1         0.32092701850728594
-2392.9036678841967  -4021.975377396704   1         0.43685999026981315
-3936.235029695328   615.3846351489519    1         0.938942132680432
-6047.903252051319   7718.750756987401    1         0.5381062302965105
-4957.009380847924   4767.573632315213    1         0.940915418760886
10368.469079161598   -1208.2064131216798  1         20.75991128962718
4185.672139072707    -1665.9051289547715  1         0.5999732711747539
-7427.970617118435   3600.0745433340817   1         1.0120032009781155
-7249.549740625186   -1092.6554066713798  1         1.2139287471364169
1074.0072315360085   9427.17082184024     1         0.2947968998599909
5234.006412769914    -7774.893657677215   1         0.4221009319810113
8720.072026884887    2249.2637631072294   1         0.6029152841327515
-8960.993794281747   5322.38493320773     1         0.15754449642652957
-8490.853059156372   6779.683503626104    1         0.449502020518738
-6417.18072738132    2276.1379425975892   1         0.9113386439897811
-5543.559663271195   -365.61757553227136  1         0.16759344292965234
3008.847237156324    -8561.564460515903   1         0.1039850120255226
-6475.476561616028   -2746.7552953336044  1         0.9492749528488408
6484.4871489216575   -3699.631003058177   1         0.40121841380371936
1086.520411607171    -8014.2677459398565  1         0.9456457247364852
-11071.577164267706  -8433.941927372569   1         45.35728260228822
-334.2034704147717   -9062.084483582747   1         0.9868787982532882
-3354.2084295565996  7443.944485615953    1         0.7022040093696794
6864.781914956944    -4763.083014810162   1         13.278958710557111
6117.969644792994    -3611.1451104807084  1         0.5360307453333021
4465.270782873272    2101.7670114047314   1         18.643619448717637
-2087.7154030913352  -8117.216563050584   1         0.43820710557345666
-1944.0689640396638  9738.695822878795    1         0.3897064788651762
2385.1244331153      3234.909501965507    1         0.9528260428766047
1229.3612041442086   9230.18111726182     1         1.1003999636647008
-3655.0854464726162  7221.4291820392245   1         0.4656462906931058
-4720.732732602983   -6769.061082951986   1         0.508840398748434
-1057.5892440458047  5926.763734087694    1         0.4504900807288976
-1315.3757756990258  -358.236994136664    1         40.363399295401216
-5808.307380788568   -1941.8115445899125  1         28.55824360942008
2685.7123668035442   -1103.3000900100308  1         1.221841679578502
-636.6068369649159   -613.8402851665048   1         1.084556953082887
8146.511300375257    4778.704090468314    1         0.7612330712966979
4849.020225014996    -3340.293381242949   1         4.081259010488407
-5131.148691831      9376.554265208093    1         0.35343010776565864
2463.4521358037405   9060.629486514212    1         0.36196426396649883
208.31273542084125   -6939.10124974959    1         0.9788433384169636
-3420.0321822890555  7267.990878065465    1         0.3809666210103714
-10199.696453468589  375.31497954162904   1         1.0374168494286737
7291.2092185915735   7575.868883121496    1         0.6641068012237838
-1828.1871828781132  3155.2319728733264   1         1.0724452406563383
-9933.368972005472   683.1144553426508    1         35.28492022707186
7759.848206785299    4611.977430729559    1         30.40749503172719
-3631.905554879674   -2264.5674911668966  1         0.8851058272877799
-8944.795635636232   83.6507730100025     1         0.7761924425129573
4624.894932977968    2704.9210682629      1         0.9294338583057863
-8582.105437209158   -6568.284534498744   1         0.845080916687156
-2801.869046480947   -4465.900580592994   1         0.6030120781986055
8620.289998809603    5112.8461366201      1         1.1379010159374638
-1325.5763981474001  -9652.647129166935   1         0.46173315902438283
-3358.7695707023095  -5228.205729607626   1         1.2342477842727677
-4038.784910401091   -3751.2339359077723  1         29.565667032878792
8534.942810196382    -3689.039404822671   1         0.17124650702423466
10257.507545903318   -1330.341991363031   1         0.4612692166566662
9004.917067647904    1091.8696477264384   1         42.47428772335879
1429.864305100915    -2184.039736627304   1         0.4258981050957633
10704.693542911049   -1737.9674592088595  1         0.7764687794984545
6604.7054077802095   -11791.882693457526  1         1.1274024196949621
6857.665944389599    2360.483170469675    1         0.5593395894032668
-6822.4783051098975  6438.097329871151    1         1.0515925172452698
-7994.486568077919   -1092.7732853531177  1         0.7286816142897182
3177.540956302113    -2924.6165363869295  1         0.6816451513766897
-9694.290498753511   670.6808164340887    1         0.7550651355428214
4137.315057397232    9899.977928136554    1         1.1855521948157184
879.4157559557386    -710.3710136868345   1         48.066235614808306
407.37710832408305   1256.9255515764576   1         0.3976697415389361
-5002.230369619433   -902.9615136695647   1         0.4662548946591596
-782.2299890225094   9150.057536921926    1         0.437195671573369
9042.495585183104    -3057.5769208604033  1         2.25223229331425
8379.55043544486     -6821.921797691309   1         1.2293307370100917
8438.112088980879    -2821.458008888005   1         0.23836399374498832
