trucks_count 4
drones_count 6
customers 100
depot 0.0 0.0
Coordinate X         Coordinate Y         Dronable Demand
1702.9704572737596   851.3235321436633    1         28.761423968091812
4729.874844059672    -4122.5503122870905  1         48.256900912423774
5788.559424043026    9295.613632109416    1         0.8642829904098789
-3954.231345002447   -1026.6705928467577  1         3.6031783488418525
1744.4424181886152   2523.9760905674743   1         0.8410336974502344
4799.970504204105    -3203.6831311435567  1         0.8443035853241865
-6819.567029520392   6458.622284011108    1         0.4940155485329444
4645.103998095818    -8898.782023137548   1         0.46895745740817507
-3767.3326108900565  12201.511913706654   1         36.7395780298054
-4551.294294860594   -5264.860238339224   1         0.11100034621196268
5853.487109001757    6323.991848990184    1         0.4280013676342088
4744.234527625752    1045.541924637394    1         1.224848670785949
-5178.156922502607   -5623.287148441427   1         0.2823146164327309
-1594.713085249013   10346.025880829777   1         0.23434819562852288
-5851.648890726207   -7842.211786770937   1         0.6999999251677542
6615.847446329269    8694.00607501795     1         0.7666749113891018
-10162.82052473129   1716.698884706305    1         1.15981600064123
-7915.083313392643   -3789.970394555096   1         42.49189314529329
-5067.244983734883   -5089.724912812385   1         0.5711044860229265
6907.147727007654    6673.74167601158     1         6.916720420384274
7140.604025966575    4799.934202287768    1         0.8123065165892402
-1804.3277995110702  10526.517580233818   1         0.9440301213770314
-5279.717537804803   -2514.0380401246744  1         47.6971646135387
-7923.945088200582   2296.147987708049    1         0.8795153885335685
-1986.1705046216202  -5629.647358187216   1         0.6262339120278494
-2872.946549925328   -5427.821742129447   1         38.90592621816056
-5394.195303560296   -4270.651190821336   1         0.6039732413075297
-3898.8326915685334  -3243.733195137714   1         36.954577121419405
-1713.005747444171   11758.726802047739   1         8.464844891287603
-1910.4410264772628  7124.202625809073    1         0.6156934664107087
6689.579815315431    -7581.660850105318   1         15.444547711199325
8547.617109786477    -1060.8618082042424  1         0.7159340166121628
-8825.758099185556   -4501.296778907749   1         0.5872813818873859
5173.403582753397    4241.883177305975    1         0.7050681649281051
2114.5591720334946   -3338.6364885405756  1         1.1919278185341142
6834.150290787275    493.4241734036808    1         0.7771097969472933
9407.354209265271    -1317.1326477155844  1         1.1755447864006439
574.2840303982907    -6226.348539901432   1         0.6374718569976644
-15976.708639410434  5196.450274186234    1         30.339763780786118
711.3890340491137    -8816.964981092002   1         0.6915908874107579
-1280.140305686525   -2178.2876304566857  1         6.9239152846793806
5146.324788583415    1694.6024757522996   1         1.135294636126092
-14646.32925444016   11607.908605199224   1         26.568536720603657
790.6932006594964    7778.658603871386    1         0.26900491390184283
-5114.546903712702   5335.557232070667    1         0.6572039402601629
-4160.598172205125   9276.486399343814    1         0.17581493519250974
4090.194724079692    7095.232627166678    1         0.2901081480894617
-8945.7244221248     -170.32807361272893  1         0.1266006445292277
13592.9073656281     13876.079065396283   1         0.5181414208716605
8520.351827930774    1138.1734475896758   1         0.507539014040529
-758.7070634263005   10901.083885559096   1         0.5701303566227659
-358.0683446649199   4773.095806864212    1         0.8421259045665845
7508.872484918047    3956.509355392309    1         0.7312753168945606
3562.054196714495    10330.012787276553   1         0.2826669797405016
3551.77521154806     -7920.353761898758   1         1.1955641288678163
7304.862370472666    -6233.093155513125   1         0.72882854266687
-6003.383075963588   6095.637126751404    1         0.4662204094189505
7544.260101874924    -3446.265467100116   1         40.04038955521601
-6825.524908149172   842.4587050149412    1         0.45531621779918485
949.8360677083355    6642.342082361024    1         0.7691012171418806
-4651.78312606359    7178.833723215607    1         1.0778028753816526
2997.8574638941272   -6986.320865788814   1         0.32897688007761267
6460.857564040182    -504.4629467321304   1         0.38057568340822057
908.3096192900931    -6102.898990908259   1         0.8187676114633211
5290.325846542652    -13996.043653287725  1         0.8830140635879805
8012.365391048383    -2868.214087261001   1         0.6419909506879952
344.0041509923032    -10144.112179832355  1         0.3737010938697274
7747.076628197103    6482.598860586948    1         0.13895927933865526
1974.760130772098    5137.106046270685    1         0.5086365184681457
-417.7913228618796   1477.4987992999988   1         0.7928060945210058
-7031.609210459999   2758.199588441331    1         1.2126844163110235
8177.0567287936165   -1741.2853969853593  1         0.1601191450051774
3966.4019345455563   9739.622497965704    1         0.6019536945574806
-3390.9855254569475  -3977.592844483651   1         0.4716908965534893
955.923339118981     -4974.667244062295   1         0.48844674334888827
-4876.745066131032   -3189.4338757566684  1         0.4333953357338083
4810.020724571453    -7585.044043177732   1         10.136884899249257
1471.3414453524613   -8300.748162145997   1         0.48085357309512333
3434.516132014639    -9263.931900464757   1         0.6123855140780633
6606.152532670836    10871.660734557809   1         44.23773446795285
6769.440029167901    -13834.629790878538  1         43.172072082586865
1078.5644719908405   -9379.129553019031   1         27.50885983023639
3479.2782731132293   2330.6821547588106   1         1.1278984625416808
5117.294251582444    1138.1245960909002   1         1.0551636820907655
-2147.3444936905307  -5923.569809363091   1         0.6516443672906699
-214.16085224466605  -6802.925641953104   1         0.7728842931228548
7473.699242265742    -6415.336867451866   1         0.21064991675129507
205.42978556266593   -1272.6832147391249  1         1.1701539670019665
-9077.15811048098    5627.707394137625    1         0.8013228640463322
-110.88705361883207  -7491.4023001139785  1         1.2188094482583727
5645.143620276445    4097.488714376224    1         1.060583437779848
14022.903128970778   -1168.401913525906   1         11.549061437778988
-2206.6969839067024  -10924.982167855242  1         0.46737493029884936
-7982.129813283492   4243.639875715051    1         1.0298911717256272
-8747.383651408663   8503.161421895868    1         1.1670716973662754
9995.564260280082    -2235.1159612315832  1         1.0887367803610821
-8537.771596844139   3987.9462314106286   1         0.3644401135477312
2959.1203588542644   -8203.690120818575   1         1.0506839315825318
3023.143853943553    7886.619103534376    1         0.1719921372271201
7117.978935481675    5712.358148994316    1         27.07760806579718
