trucks_count 2
drones_count 2
customers 36
depot 0.0 0.0
Coordinate X         Coordinate Y         Dronable Demand
4239.421837940584    -9380.764808902519   1         17.06857389376455
2666.7611703494063   3153.3907233547507   1         0.36698455368762084
-4248.842075127517   -1506.3857290852077  1         0.45674020723588715
-369.15145732317615  718.7634002530758    1         1.2167721098056956
-6292.150518827015   -1519.908521358759   1         1.0332819412710341
5103.460111475844    -1666.2564251119602  1         0.19973398754380828
-5998.930867805581   -7093.938282018271   1         0.7412747047637913
-1296.934117100922   -1266.3257280940486  1         1.0979788643766408
-1456.9991388870837  6003.89922829035     1         0.9073295421931369
6011.081913314233    -3499.8212315629194  1         2.1019588390434176
-8795.032615822452   -2315.0855376565055  1         0.5758489358322181
903.9502695135718    -6595.83108070945    1         0.6884003746222662
-8167.435761153896   -791.9589922531725   1         1.1218131810176741
-4367.437963873551   -6375.53829709823    1         0.22295809512612888
8811.538622850336    -728.7085804646056   1         0.5978523332886682
-2297.9351108971828  9454.716166844211    1         23.43040716555967
9566.606240922078    3607.7511178222726   1         0.38422575601458053
1443.0916235098439   -8716.529167538025   1         1.2063866463646555
358.5718383327276    -10165.190359162036  1         0.16598577286811353
-7709.144039943717   -5828.774271116442   1         1.1982253764781727
10909.27158228555    659.9982370432555    1         0.24076436329435388
260.57258964649685   -728.403717473279    1         0.9134198428677214
-5781.984655993166   -2854.3777319004403  1         1.1541751396993147
-10326.47385329019   648.8201033611114    1         1.0086805934933816
-12440.528421929735  -7999.533122079247   1         0.17798975056431815
-1559.0259885107669  -4521.085906741441   1         1.0481234589776596
-392.1783348982638   -10302.962605598172  1         1.2259799583900528
10397.555205174656   2635.6072794401225   1         0.2018313178863616
7186.841942889059    3989.9919301091327   1         0.8761879190253253
-12556.119515770342  8487.377525354274    1         17.297319999863745
-6263.152580659924   -3679.9323623247815  1         0.31037089352532177
4315.374025235749    567.8219816064857    1         0.4628791698692605
-6415.301183415407   -6192.022931163369   1         0.23335184421809688
-992.138905235887    -7023.678063906748   1         43.73809766551432
-6471.385172062659   -5860.251624975572   1         0.9221820330217744
129.77738903393686   8167.990483695372    1         0.4905151229793072
