trucks_count 5
drones_count 5
customers 49
depot 0.0 0.0
Coordinate X         Coordinate Y         Dronable Demand
8755.87636779869     -5599.9506246472665  1         0.9018684700659111
7883.360802216139    1814.3703076809015   1         0.6944908056051418
-18579.209120214495  5298.367189358352    1         42.881834540217724
-5667.384203746351   9333.683906583587    1         0.9730932079372144
-16265.060126037217  11376.023009638433   1         1.0425329629668567
7809.846154450109    -6323.555135659265   1         0.5992417414338426
2272.0932354134093   -5691.338177950567   1         1.0360106265295719
-3298.280305331092   -6030.320098887944   1         0.92631944937568
3218.5420665749466   -3919.2415177941643  1         0.8601274304962179
6305.834832889215    1068.4430115961038   1         1.24991742829493
4035.0614630546415   2208.2552439068454   1         25.58845193703464
-6060.842663384578   -358.525750105547    1         0.2005648461962115
-13074.030839732533  6095.414345870318    1         30.093884327960733
6766.8475527844075   1296.3394568954436   1         0.28592926659858353
-8486.146259917497   2645.0463122445267   1         1.1877660015694782
2674.4431095126656   -6424.658141679574   1         1.1298723182069397
-11397.93172673445   3158.277240534633    1         2.526583808904642
3606.173800788085    950.3677293585667    1         1.0329092259731267
6723.847620903688    688.9461335112724    1         0.8206718487220999
-7955.654907889754   7233.004016619363    1         0.10220220964712254
-1897.4139892123817  -102.03286393093875  1         11.541802493731657
-2473.977862625653   -5756.116975832801   1         0.8047543100637651
-5713.672999990593   1617.7783785794932   1         0.5584491504230797
-10284.826463715413  -3228.7588254573097  1         0.48951737227826964
-6884.769447033649   -1888.01714738031    1         1.2211996149177209
13057.61562143658    -12159.49990982383   1         1.1258417402775762
6691.813333794923    6666.905566353388    1         0.3533575077613935
814.3341179769919    734.784970907858     1         0.6953187796549751
9031.715224301866    -2483.8965885325497  1         0.7442099213142451
-2199.4202263325997  -1626.0994202667728  1         0.339018170201247
1385.8842020818306   -5727.044508887474   1         1.2474371398642523
-6480.422090709326   604.223672498239     1         0.8640124249145301
-2944.689783109195   2741.4964655128274   1         32.8344940827193
-3812.4346325218526  7811.241815439627    1         1.0781798312806044
3932.3654617682805   -17380.246681512857  1         0.9778377587003956
8595.35091411839     4880.344987866309    1         0.644649643923202
-1832.0092396413495  -10670.112025889379  1         0.294362823740431
174.69926339697054   -5826.064908198835   1         20.96773995002465
15163.116612204467   -7225.876217975016   1         40.60216017056954
2020.6109481101366   1662.783760731518    1         0.32363406734844047
-2764.4181265509146  2648.107835087399    1         10.389515258355589
-3837.2709451741057  10060.341384117211   1         0.43279859712747737
3161.1957162581966   9356.329357003038    1         0.6629726723687687
-6055.630542020723   -8577.307512342988   1         0.749819914359342
-9847.314345911745   318.8505504928233    1         0.4323676387077183
-6872.40922876887    -6589.148292613683   1         26.980489697095287
10237.458070421104   1894.697880752238    1         0.3175674251168484
8655.74990963769     -1944.2622789668849  1         0.16794275723191113
6186.764915873253    1186.0451982896138   1         1.052483379926128
