trucks_count 6
drones_count 6
customers 100
depot 0.0 0.0
Coordinate X         Coordinate Y         Dronable Demand
15963.447641370101   7879.428249327128    1         0.7329433658988315
7416.765230754751    -4459.565564248913   1         0.7640281527442158
5691.334092358251    -12238.282305529792  1         10.917430315087598
3407.6438405709737   -8685.005176387289   1         0.5226577935725398
386.12138713444057   -10351.27139632548   1         0.9433616831781474
3585.216995635987    -10162.69980502798   1         0.24057367350402764
-6362.676179455206   -638.8672900688397   1         1.0944862618358469
14549.161934568856   -41.95387491634756   1         0.32948600094767566
-1653.9598748969765  -5936.69024781857    1         9.132075105160553
-1859.3061568893177  1216.5428901578011   1         0.9131665952979302
358.79642595654684   3523.2142144242907   1         14.709608741846983
4298.871345024068    2759.3802716232167   1         0.1323472453034871
-9218.426079977306   -3121.32016970483    1         1.0823972692489412
-6090.256016366657   1870.2739531505088   1         0.3207613298703357
-5309.123848350832   -9115.868827336424   1         0.5934448689012973
-5937.941717624113   -8824.50673913174    1         0.3995910124632598
-5831.9378307050865  7939.724058274338    1         45.337180913918914
-10647.768132219342  -13420.49321129286   1         15.734315564436429
-6837.630126280965   -3356.6472418814574  1         1.1692565689271197
2890.2318334482734   -12362.16091729868   1         3.209262907321196
-2294.1054882405383  9870.466783430687    1         36.602908384384534
-8085.097800509999   6158.542108265347    1         0.2699422743065141
-3544.6034682534046  9934.463042431416    1         0.40201099125970696
2372.9610035275305   2777.7158144341433   1         0.9649516171941119
-9255.447820883433   1359.0941721551826   1         0.8126824666132079
3862.7502844641303   9734.51050121551     1         1.1204143835734846
2171.256637592578    -14901.707357581363  1         20.14946626934718
5148.464273258149    3879.918758507814    1         0.7053082298563575
-6440.2889246620425  -4605.233727319514   1         34.342146727818374
-5094.403343820226   1472.4173611305093   1         1.0561374090880624
-47.10312801408191   -5153.720762842417   1         0.7797482250808893
4966.564659699401    1908.2622893748419   1         0.4852851749516396
9811.491346672763    1075.5797002120448   1         1.0903688793106745
1666.605543771202    12485.984892780278   1         6.120666684581849
-2284.7371383376026  7279.747316916945    1         0.3854971811097082
2880.100017584626    -6922.2321764941     1         0.10889202270713172
-10203.267126214032  -293.18471030562654  1         1.15477523268386
-6710.290633889347   -8555.32316944527    1         0.45400045931713195
-2637.102876355897   -4390.936935419097   1         1.2469471670621577
-9243.721138816245   -18.49750976455445   1         18.03485408996413
-25.71894454993792   10031.466479892151   1         0.43335933816821615
4922.1307766815535   7156.015130623468    1         1.0017670100076956
4571.621748588342    -9424.77185106272    1         0.20057762951895797
-857.4282520692815   -5128.8228387949775  1         20.562255255087415
5422.603730140513    -1653.7945634430123  1         0.16204669554632686
-4791.196517673059   -7778.1340519195555  1         0.11095520525637029
-11578.391942638944  2438.4806313801128   1         34.94434651585618
349.17227916337396   -1087.897247529378   1         0.5913005174221698
4822.897885479243    -5698.46889135098    1         1.1237316976247993
3398.1552039757576   -968.0616307140232   1         17.390583291529143
2020.7219901908102   15863.700033554469   1         0.18809400676012755
-1922.3630711573833  2482.4344228070463   1         1.1412769248624641
-1818.6971720392337  511.6933394397595    1         0.31605715746971164
-4156.846538047867   349.5977580098256    1         0.8858244339002721
4651.0926421450395   4917.920876306286    1         0.6935759091843144
15962.869949302996   2564.544219178875    1         34.66347364302918
3018.419198283107    1217.0044032061996   1         1.2314327014379247
-2311.1253650805975  -4366.936087836725   1         16.948725794294692
-9435.347058573048   -1018.1265782062455  1         0.8705235704831784
9477.808929271874    -4754.077481691489   1         0.11426934991506366
3127.901557118709    -9924.887805442528   1         45.34541923942792
-7568.815774652181   -911.5394113529001   1         0.595064327195473
863.1147837776529    -6180.244888625594   1         0.7517483456948049
96.0129377111792     -2862.0062311042034  1         9.610282901517532
4075.8467363197014   -7283.780995542097   1         0.6348494307890394
-2846.6494825842956  5190.4672733144      1         0.32026531571372197
5865.069654226623    -1668.0834939659712  1         0.7948003541617298
-6697.752594581833   2126.498002283225    1         25.814185733383876
6992.151158761968    8175.8098699202965   1         0.7639122076090898
5921.229871751361    -6693.1902386101865  1         1.0034352485629354
-8547.90948689485    4582.283818909418    1         0.7627402757554115
3109.1951985774886   8879.309402880377    1         43.3492621915934
-4391.116128679578   2681.8419138852573   1         0.5694032308473485
-9813.467753535362   1350.421598234427    1         0.8718592165063265
5657.273422169751    -481.2897276081753   1         1.001658476699668
676.5604684708269    -3484.8215785690372  1         1.0722248607662248
407.16352923261      -11910.058629234365  1         26.06277506709214
2815.035690102175    4605.915642265257    1         0.41110097598790973
4389.92156057763     8802.26920871471     1         0.6898441276951772
1184.135796442791    8261.282500721556    1         0.104229057494133
1540.706469830369    -8529.884184118071   1         0.15269606914092576
3142.2988658715303   -1529.228918671109   1         0.7108132381978571
-3088.6537544886846  7067.423039436972    1         0.7734015496760389
-7419.574958547183   -4459.424774133631   1         0.9081354581364889
7684.352977702085    -2338.6868928861963  1         1.1078794684693913
-3357.2641396895906  3146.948067683943    1         0.540586995073735
19.194727282309177   -5246.84858642647    1         0.5594467003593274
3115.3037533791003   -4370.51723440017    1         27.6109711125946
5280.321098842567    13941.460243586454   1         0.9992574450218228
-1304.144676008673   7988.30346074964     1         0.9876158479792022
10171.918921640197   -3163.530144050827   1         0.985909764164138
-1796.1100324177987  4159.889677400486    1         0.35414834606595047
4549.956877309976    -8965.735674353735   1         36.49887453252858
3473.625269523356    8333.46602765537     1         40.996587532415376
4583.214751503507    15480.751137245348   1         19.321312304268815
-8434.231546490253   -8808.065790130899   1         0.27624330378095796
-7668.1523801089215  5140.7493557970065   1         0.4449751627605203
-2527.4607795533902  413.32140076625      1         0.18596741797094796
14676.16731895574    13890.775676203972   1         0.7494447257119287
-4729.635060634249   12934.846857683224   1         1.1476217256015917
