trucks_count 3
drones_count 3
customers 79
depot 0.0 0.0
Coordinate X         Coordinate Y         Dronable Demand
3390.5758807417933   5916.011701495086    1         0.4950787718556613
13407.090365628854   -9541.228392694618   1         0.4583096311432727
8540.394476836056    195.51618086479226   1         32.2789132424691
12392.90988749139    13635.077423127987   1         29.41038044910031
-5583.100077514969   -6064.931700157529   1         1.0640013720446808
5318.929252753114    5789.57741070315     1         0.9586085189933066
15460.282925881173   -4774.945156672013   1         9.583508860834565
6938.217682678167    2325.200980196757    1         0.4644778751219101
8859.354981351351    833.9130119340778    1         47.74976727828534
10771.486811973351   -263.3146311339451   1         0.8606634083953851
2121.274985062746    2366.8567022054144   1         0.24415803635149413
-1674.5344805551251  -6986.266757530822   1         0.8522733298644646
-10048.157248322528  1841.7783605257282   1         44.47084738999002
-9310.93702127765    2125.7435840028347   1         0.7938550620712839
6265.471654315528    7058.660512717115    1         0.7677728217534888
-7983.535714638864   -2695.7226764319903  1         0.71481033721484
-3562.638575998844   1939.8917464449992   1         1.1002634016453479
-10777.499415953425  -10496.723094262687  1         6.866654130980988
-10872.046312252922  -9557.550002712696   1         27.84044158965186
4094.1745234911646   8076.713212851393    1         6.102854288573129
285.78308804850553   3202.5559178787694   1         0.8423335506345321
1848.4093893576862   2299.697695607241    1         0.4950817743603857
-6854.269977876045   11264.87719631743    1         0.42534446071094567
-138.9132876449218   7847.134440990156    1         0.6042194268264713
-1595.4482933236388  -1783.6402661755803  1         0.9645317961848372
-7906.015785543031   -6602.102833422515   1         21.66302165893788
-4635.758199652906   12073.186588498942   1         2.04232604744035
7512.375882422309    -6628.554335335566   1         0.24492173087165342
2430.836560059168    16456.83075834512    1         35.31321329039989
-13456.160917212725  1569.370873179516    1         47.33817473788353
-10882.367787003861  -772.1850123684148   1         0.5060403310471774
-2455.8618111452815  6163.157018497157    1         0.2293736324139436
-6608.057741368067   -8071.640799439088   1         0.5211005133204765
-10543.867365892325  1611.7513070463065   1         0.5890099721997498
162.22741365271676   7349.029711630287    1         0.7993836880262386
-6117.358132255571   4020.63668487905     1         0.8184057425383324
14765.595646757847   -2000.192819666534   1         43.00251879117048
9848.005476866958    1562.3280543008768   1         1.1451285791496446
14681.070117032748   15786.838585712703   1         0.26806431013067056
-5525.0699459286125  6080.753905020038    1         0.14434149573533492
2937.549458661703    9484.33418437646     1         0.5649864374718081
-5404.731306991618   -1907.9814324953945  1         41.5269002357441
-3568.88988996601    -4688.102647013789   1         1.1189210574562911
-2290.46749194722    499.8559789018054    1         1.189016371857921
-766.4705043466556   5042.507690873252    1         0.14963186827917382
10266.925595508874   5191.705191570556    1         2.881829766245659
-2394.6675380677298  -4638.197582858319   1         0.38221218205232865
2434.805614955505    16701.427106420033   1         1.086738394701968
13866.252320566287   11492.062230378455   1         43.85370102271747
6115.667016987142    -4369.032343259197   1         0.24749608405438656
1940.5171898685392   -2594.7388284302365  1         0.8011137225039918
7529.268126505529    4021.2355414836056   1         0.8287825651024577
-10336.731904523165  2345.0379271420024   1         37.85181836617928
-13729.04374493967   13316.68246895128    1         37.07223772488253
4130.432266400443    -803.0456503830324   1         36.38203841642367
-14090.23612898665   -8762.284264674443   1         1.0390672279754387
-563.1696349222548   -12289.121014920911  1         48.08157067696821
-6793.570534426988   -1243.887653345494   1         0.9457796114989763
1108.588151484246    -5691.298141318485   1         0.6014316937358208
-3254.1659419104003  8270.629385677277    1         0.37214506468594
3059.46396483596     -9120.836372202772   1         0.16591677527370308
-5621.7780414448425  739.6651523811572    1         0.20517499414166457
6027.427815284744    -6925.143662506831   1         1.1555637719824012
9495.151385945854    -907.3976984873798   1         0.4559300764006814
-817.918638162255    -6068.300782103352   1         1.128344636434841
5904.583626857954    3332.0877127152517   1         1.2320115048467906
-6828.203070002277   -8441.745507371561   1         0.86974470113761
5908.543325407926    6104.642900354775    1         0.5679696879380149
8366.780654088388    4198.634035295891    1         0.3215554836173371
730.3439057539861    9949.967753761255    1         8.858259431865948
-7940.778973330446   4305.068050090409    1         0.22224493111070714
-480.14740479326866  -9977.288481355905   1         0.7383799189526332
-1960.199874438379   4897.401679916644    1         0.22283507466217012
-5695.080724487062   713.4866545526021    1         0.20684342965132085
-4315.172277509608   -9679.266351774779   1         0.4172418948340689
-2035.620973487659   5315.268828066161    1         0.947094888112119
-5937.007566171504   -2947.5423801196844  1         0.28582674099815686
6624.562309291592    -5497.078148224086   1         0.725843885832622
-1020.2518387758275  9131.80635440333     1         0.3954381366680275
