trucks_count 4
drones_count 4
customers 50
depot 0.0 0.0
Coordinate X         Coordinate Y         Dronable Demand
10608.057414888592   -674.5123193893758   1         44.762158589484386
1361.9394381972857   -9479.512672488194   1         1.2336051084199624
-2388.8390498722056  8101.3823247579285   1         0.7135293141046561
9224.833817376792    10178.081237618127   1         45.174385595504994
5066.920597604358    5802.952966580772    1         1.157184332490836
4625.8794018237095   -9204.938774657836   1         0.907819836025135
8841.764419333993    35.20930119455305    1         0.23904727662122993
727.7300921734965    -8330.666093860778   1         0.5856714714959813
14791.037594058962   12422.356466837191   1         13.963615956885274
3784.946359008162    7182.1658449629895   1         1.018579013059196
8563.703637353005    -5830.599711212658   1         12.685785691418902
4630.752842738781    201.76654790464272   1         1.0466808321307521
-7156.037291154411   -14293.23129882518   1         25.69870003535981
8534.153760488538    -2101.9917330055914  1         34.94067263270214
-1586.94222961081    7692.2843555856425   1         1.7333244237770407
-7377.929914484863   -2965.623695230421   1         0.642555363663858
4384.210040675933    -9414.814654611177   1         0.5040620506185238
3884.770212754732    -3849.6529455975747  1         0.44848426772890415
-3410.049654504681   -5302.910950764213   1         0.7546940143459782
7821.645291200847    7653.427198298241    1         1.100993170449612
-4685.926946877553   -5565.334160140423   1         0.995285109452575
-3609.725892142354   -1267.7607190129888  1         18.396926469171724
-3029.609883927556   7006.412509544924    1         0.903968734691766
8274.68192839293     -550.4002043875913   1         0.26450649043795044
-4328.001985181047   11635.042200082346   1         0.3915628784974612
-10314.458988838587  -9276.343668583304   1         3.042892372660124
2484.488818571211    -2030.8529018730414  1         0.982071780923232
7357.178947538458    7179.658198862939    1         0.48197990811252767
4130.53310978389     -1276.8435979753497  1         1.0484466225828053
3879.7620242780163   -5566.81771853742    1         0.1888737960732703
-8874.828579200837   -1667.5863184190582  1         1.2454561745700936
-8850.138738694715   2828.6989665618958   1         0.7083819654891974
-7802.929525317456   5711.575767662008    1         0.9732569575567636
-3695.670799958518   -5068.525851961066   1         0.2716542171528189
-3892.612264391815   -5505.1193939597915  1         0.4551198715566509
569.9969575023032    -2119.7218964926287  1         0.481183143562228
6203.447974846504    8781.735056196507    1         38.13544679696502
-8333.958975002375   2859.6604885824013   1         0.24420840972285238
-4514.576059304087   2980.488930728543    1         27.873566579212998
-2015.9781458675518  -807.8613035874541   1         1.013120126601044
-7091.44862774415    -8346.525886873012   1         17.969628347181438
-96.90715095107961   10345.013404003657   1         0.2609856582536193
1716.9690135850715   4627.623481300177    1         1.14685045679996
-9849.795391620586   -1926.4019647934344  1         1.237938411988073
6610.00596461085     31.65289228494739    1         0.5458556779503869
7514.489675770574    -7845.957460509627   1         29.65288289962632
-7674.6574197397595  -6657.640183317464   1         0.5510925887309331
4907.007286596808    6510.29466544672     1         0.7075257620090948
-984.1809602455895   9936.606931635599    1         0.39525936631914704
-6432.515216422177   -4585.908334839599   1         0.49810568058228655
