trucks_count 5
drones_count 4
customers 75
depot 0.0 0.0
Coordinate X         Coordinate Y         Dronable Demand
11302.664566048716   4180.657312636276    1         0.47825090760760236
8050.521574205043    -7184.619960362169   1         1.1179443527472428
-5156.61502512565    8625.201724455457    1         0.6128470249266075
-3004.6129193209695  -4403.142184557847   1         0.23886027888046668
-518.6435326813336   -3385.3634216290525  1         0.25570862736341354
-3639.571694966435   8067.708286005183    1         0.902143600223547
6414.916989344857    -7726.046558970889   1         36.436221258375994
6882.1046013206815   -1021.3058755795014  1         0.5540757617985366
8536.777213482486    2120.5511217863113   1         0.2298309695452969
-10174.17326210472   -9456.817339172218   1         31.03831063032231
1364.426856980297    -9540.915062712585   1         0.75434564259305
-4893.857626808255   -1857.8594915183855  1         0.785774482720417
-2439.154564614797   -2763.7758150173613  1         0.16002191384815495
-543.4814758328453   -7558.874617814044   1         1.0482304024349953
225.52861710154428   -3096.3266069649935  1         7.168760341139182
-7880.021552468137   1292.9650192557183   1         0.5259253177839619
11372.773118072619   -4249.851306571205   1         0.18801901531699
-2749.795668461359   -4466.192522270266   1         1.1469893576397898
-9824.990203142585   -3949.4870413124     1         0.4684959971865671
-5578.538631442449   5661.361427181484    1         0.558510759547817
-9075.347045753915   171.33310185837942   1         0.8618363819584489
7127.488290619666    -297.73418514071983  1         0.9437858398425558
-5691.623418221192   -4929.035265623455   1         0.6090440178522538
9468.161231347009    -2681.1456591145347  1         0.30496165276451026
7779.6553125093305   -393.55009715842266  1         1.0015082184790822
503.3398273144672    -7879.880246534402   1         0.652165262151807
11224.514910144819   4892.92812480135     1         45.43999927704248
929.6735993809335    -10344.004196992959  1         12.662196596613803
-6184.025920521906   6504.874212072319    1         0.46747799571491966
3579.3632514229566   8434.03262178916     1         1.1686528593513974
-3113.4554047777283  6200.261707988044    1         0.49036290319681064
873.4077682498792    8764.831193817772    1         1.035642323137717
-2364.1377794059317  -2602.3075918701143  1         0.3947505483864344
-2301.3301150267143  8337.744868301535    1         1.1196639450371217
-3546.5698054862614  2837.0244198030505   1         0.7895634015194498
-3696.2894898162367  3198.6816672789055   1         0.8949752136730916
6404.413471255528    -3283.0477405345446  1         1.0891841359419718
-1801.3474972300937  -6540.4430265487235  1         0.9887818448306451
-2705.5727520783307  -4661.67957604304    1         6.309717764954886
6418.8998312518015   -7359.844636779515   1         1.0000677014897967
2538.602846662789    2064.7318454017554   1         0.6646299841936106
3060.5503696310825   -11208.410497342787  1         0.303782159743077
-9727.876710007247   -2121.7711721371616  1         0.2842272489250859
-2944.56064941253    -4212.609216063089   1         0.8466901916417281
-1365.8070005181967  -5675.905673623908   1         4.669295761213492
-8083.086713797274   -6416.028491359652   1         1.1158302926107162
-5077.48267010071    790.077477497106     1         0.5466589655847958
-6845.812791709171   -1016.952119715108   1         0.31957478463512834
-7973.56580055965    6171.9108139225455   1         1.2075138655860627
-3039.417046997856   -10373.240611555064  1         0.572231144144761
-946.5810275585189   -5612.040760351384   1         0.7287528335168661
-3595.8847809063323  -2654.6199661523065  1         1.0874965181986567
11300.753865611528   10973.145825229582   1         0.5488076041852148
-2895.2419230813216  -6482.543305256246   1         26.189354343452734
1895.3386873909226   2203.143506581455    1         1.0295910586934531
6428.596995250053    5732.109057956977    1         0.6271975972156486
-2921.694289421306   5348.526217002137    1         0.5650276705866264
-6799.024150812303   -10319.25141628953   1         40.159466325068415
-742.1727977504976   10261.09166416984    1         0.9653979677106653
8041.803982204678    -152.18213388124968  1         0.9465921356182355
-6430.334332599705   -1174.2883309187966  1         1.2444342027793485
5226.024719646028    4595.491701670417    1         48.59888149008351
4384.655761226668    4799.462177118113    1         1.1182634078107776
6687.319786899563    7842.718975967371    1         1.157394778201788
2832.0775037445947   -11357.293763900216  1         0.9504987141269042
3928.3783151321677   -2305.2120419225744  1         0.9706679668460807
1012.1372886948056   -2623.1396264248583  1         1.1880108532025442
1473.6290520334398   5036.66880498372     1         36.99820800060794
-11463.420292582088  -5003.829891148627   1         0.7636078961019286
432.92157124418253   10275.722629952605   1         0.16431276305612452
-653.9319098795808   -4896.870994106649   1         2.796159392882772
-4623.3767324205055  -7161.027685733703   1         0.313385030869896
-6444.786254204632   -19.740330486608965  1         0.5111188504808334
-982.1426708440961   5741.382766092433    1         14.429909778584946
-8044.176276992387   721.7636730468639    1         0.40452434872216203
