trucks_count 4
drones_count 4
customers 88
depot 0.0 0.0
Coordinate X         Coordinate Y         Dronable Demand
-8307.441826603608   2192.4300994368723   1         47.755124916402444
2648.269927978474    6941.682368496042    1         0.12673734254069707
-6438.115296423382   -631.521081144443    1         0.5496422694692786
-3124.6555166114936  970.985884794878     1         0.9062067990747068
-6983.082116460114   -2510.6376165997704  1         0.3917876920259008
-1625.3032827166887  -7419.4989185173135  1         0.6784492987384845
186.401967794585     -7186.701270778274   1         0.31318750325859057
12342.994669453214   2573.665967890256    1         15.500919567432797
-4588.275486234906   -9423.192208520146   1         0.8396112769317626
2125.0858796020066   2219.712321169276    1         0.30831335251402253
3948.40508659524     9990.152680779545    1         0.9117729817303154
1826.9041621917072   -8930.861729391288   1         0.7788350862141654
-7119.478911137117   4122.945738596512    1         0.9879201318960088
6339.241497076353    -3786.9247360883483  1         20.42797725502531
-3215.099807036127   -2116.026804283162   1         0.9501367112001681
2189.6581098137      -6959.072455274497   1         1.0816985571692457
6867.305819054595    6241.163838002527    1         0.8972769054806892
-410.499153253707    5123.764504583071    1         0.7220912590731435
2617.6324586788096   3564.4381564935834   1         28.275760678504774
5202.007937733213    -3631.4834134161147  1         0.8473285060183099
7112.250421670275    -7931.374166058811   1         12.33144354640511
4224.901411259292    5798.881023025339    1         31.664519327019587
-1466.601797216785   3697.7194417179453   1         0.7734801414671919
1404.6853582510864   -3677.953819765797   1         0.21301443781667112
9998.818301057641    -1091.0655858644352  1         0.6614033312438045
8330.5642347397      -4101.201929096712   1         0.2023519298775528
2649.6883376899286   8235.59840898768     1         0.7738377385558184
-9.772648882602317   2111.8836944435784   1         0.11389156745491663
1679.4125043609708   -5734.580254330455   1         0.9780771296524752
4721.811584238313    -2658.494757639117   1         0.7156289591772715
2842.406303266671    3083.3090175149246   1         1.06214226586163
-6635.847028552996   -4561.833465195719   1         1.237785569166401
-10882.892202769935  840.4214902790341    1         0.5266276546026188
-2239.772745248376   9862.612896702016    1         0.2343336179206125
-1876.9167129817324  -1895.5948745744718  1         0.6904381843543288
-2061.700637510112   -8729.16073194505    1         1.2488876367837463
-7373.30439830606    4604.6748848634115   1         0.7638655134050593
8722.565218884496    -1860.069191543882   1         1.1362743093307053
6129.193640510402    5973.998267669731    1         0.6821934099632185
-2656.492222922192   -272.2673263092122   1         32.137030380379
5053.095484661945    -7601.160107791595   1         26.128867742591176
9814.324548703486    2590.4902934435922   1         1.0487162658414424
5347.188660381783    2196.8689949510635   1         0.8310694002064188
-3503.2185179097596  5234.798503497486    1         1.1650430275163786
-806.2639161090206   5630.570155657405    1         0.7625662521083081
2894.989669377019    3338.7298369635373   1         0.12649557561389135
620.753042359568     -7550.786837381769   1         0.22454803076535473
5209.797158876837    1114.0718558642795   1         0.7868705222178848
-1920.2781727927347  6592.542748239731    1         0.9375386896910302
-13025.216422741707  13010.280463769142   1         0.9904537157294662
5554.335049159839    -9256.784258112986   1         0.8009069366022162
-2915.990746235573   2488.4667655514295   1         0.8822517683758345
641.4000636744606    8600.502160675589    1         0.5973242835808497
5524.910097759555    -970.9288016154057   1         1.20333897616034
5233.720748002608    -3180.203961099576   1         0.2039608986207367
8688.898539216118    -7664.693602093714   1         47.86186205627414
4503.93129170765     -3932.871689003819   1         2.0480540336410393
5332.531168051769    7778.201344116775    1         43.553564012466765
-904.7263769120171   -8828.616736233678   1         1.1980581012565548
8795.505305392375    3422.42985077725     1         0.5912415125576446
-4215.725155585242   -12063.170297221515  1         0.32984714209507554
-10795.633225641677  1292.6064485533273   1         1.7490401805008333
-8036.731981055388   7073.501068492014    1         47.69514142973771
-2550.6424606959804  -7067.735383545949   1         42.9803960818583
7744.182925684042    -1344.942894789391   1         1.1168973498321615
-5376.890544367949   -4855.587016192509   1         0.3992594512959634
-2776.2564098664548  -2993.987318279028   1         18.764846901504303
-2133.401042101241   9466.077182146715    1         0.5633936444244104
8562.018998109823    -5173.039070061815   1         10.016307705991581
3713.2921630310398   5410.595449780129    1         0.5161886753507766
-9301.562326124465   -635.7422737833209   1         1.2341230157557452
4289.383153681103    4640.382945656106    1         0.8442650315063506
474.7401705536969    9286.231357456698    1         0.4552294671283281
9220.163999574286    -5224.574686990361   1         36.54444357112566
-2889.2807451013823  -5042.817081396921   1         0.3195076546076179
5596.934142183169    -4887.937535588693   1         0.7866852378818878
-4678.563414924024   3914.686110554338    1         0.947594906171598
-8224.654070067516   1504.2674832284695   1         14.287448861135422
-1118.1432982273288  5945.640852361933    1         1.235713579979043
-6961.66000996217    -3952.1572128806647  1         1.1491108991809347
-7849.293610742912   -798.6746956433872   1         0.21275556378167215
-9884.600459728748   3899.4780453792355   1         21.350161831997525
-10962.786993697531  -12439.223093907076  1         1.078345730813276
7148.249558098078    -7628.914143245659   1         35.94365424249094
-5107.648330407838   1826.1593325293052   1         0.7482909120342945
1888.747498003225    2257.6316263805124   1         0.6924690220825891
-9811.563905768122   13104.165333996696   1         21.427118826111425
4413.873501554514    -8024.434335203617   1         45.145708607321716
