trucks_count 3
drones_count 5
customers 69
depot 0.0 0.0
Coordinate X         Coordinate Y         Dronable Demand
-10446.938088217334  -809.1905981283126   1         1.025119692755629
-9526.485197135451   3382.6180516975287   1         0.13266946894483314
4294.09741918226     -3214.7184369769907  1         1.2194174029868647
6271.981686824605    -7742.963218728284   1         0.11920471798478396
8908.487291218487    35.81295979273555    1         0.49181495807221776
5530.407413753458    -5075.460326381215   1         1.1653149204528122
-8694.18267628624    -876.4840554813863   1         1.1796322342048202
4330.663495753576    106.96316038236239   1         0.4748139543523231
-6164.2875316187665  -1823.995328453606   1         1.1870653764536234
-4564.666961322096   8782.48002725417     1         0.26342513323721084
-5878.710050416859   1801.6441524442987   1         1.1451751236650185
5049.792694212047    3675.1060542015475   1         0.7749736027096316
-589.8751358254376   -6017.0358155044105  1         30.553249245417778
-153.09212311950452  -519.785242971892    1         1.1624444240689193
1026.7084325025487   -139.61696256449721  1         20.947907013158634
-1168.773899919713   9597.68069856189     1         0.7256240664483146
10443.779187106922   -109.6652082026777   1         0.6564848758877222
1353.7317384041821   3054.129907615386    1         38.005419997670444
5677.873510505303    4883.882787790446    1         0.43209349037363076
4289.836695715044    -5771.636014261379   1         22.94944986036326
-1718.9971293704     -8964.648728267779   1         1.0371851211400753
-165.3199459587503   2167.392949935827    1         0.8778479849681087
9025.485551829568    9265.166036627897    1         0.884172219794093
-6201.074795358094   -8274.721738821594   1         0.4561008918806895
11718.510597307026   3766.4612808220572   1         36.815585851729885
3137.3274594490213   -4638.234945853635   1         27.56747846136676
3069.873223719453    6617.187843170778    1         1.021281064671431
-1482.5669547063587  6424.134081765799    1         16.88914462854175
143.47607912807342   -4027.341384647707   1         0.7551694684021114
-810.7549057169633   -3320.8373595579396  1         11.117307287850732
-3212.7122654641626  1545.842764331289    1         0.1599862362987002
-1331.8587041587143  1616.6036240497008   1         0.31294368562702807
-4434.107404031863   4029.268148744693    1         0.826197310679715
-4037.8381245751734  5261.956712636655    1         4.329610528936637
10863.719041414295   2326.5561814013236   1         42.461894247406974
3223.4606701831553   7651.791052628287    1         0.12719773525628994
-7538.815128539843   2312.8707596180666   1         0.46194424835314285
-6703.549985169222   2036.2773661122483   1         44.465931359317615
-4242.87335551441    5062.489890054596    1         0.6665958157714063
-2773.862026290576   -7024.240526284463   1         0.6076822018312225
3118.10054222498     3987.3323383621587   1         0.21225584175838413
-7065.575959757926   7477.333177522406    1         0.3643497377931971
440.064537225119     10341.955540397264   1         0.5566676417546049
-345.50793647005855  539.0237936631991    1         0.22008319783168168
5129.128442799809    -8726.601186786289   1         0.22487768672039843
2669.7501166656584   12619.353948359201   1         1.1876467487288047
6562.811488209705    2944.748496171631    1         1.0618169127742823
4587.562959559835    -8742.687665423131   1         1.188246459705868
4529.666508983335    2458.384557458559    1         0.37835181854304833
1503.2773785049333   -3913.0094163882977  1         0.5903599370372382
4290.050087045647    8886.39237857698     1         0.6208239617437757
659.4710068260213    8917.214105008063    1         20.12889243943613
7586.225317543375    -339.7984498960301   1         0.30810174470333523
-2461.0537466426167  -2165.470557095178   1         0.8453167712830288
-6535.6755290715855  -6508.113286896848   1         1.0989940972725885
-7184.005671266142   2183.8931507971174   1         0.1061425722493087
-6765.83916421592    -1088.5215791268974  1         0.2395521907601546
-6751.841116504704   7006.2874155626805   1         0.8327468643803959
5567.317818523631    1042.381423770084    1         26.275097714410133
-7835.722175371699   3835.960447822818    1         0.22817936524700347
-4471.877018950936   9928.334555519481    1         0.6707315491632369
-2527.6292678577524  6817.1100971435435   1         0.7147436724168235
9462.285919412878    3204.836109771766    1         47.24301296220783
-7104.424080563961   6459.418845601644    1         1.2245856378755624
8915.452716317403    -2668.818301416637   1         35.91218979313162
-8412.79691600053    -2648.1206756620436  1         0.265316207226727
-1410.269429714615   -8471.8263628827     1         0.9563452962684584
-6495.847543287458   5899.995467972746    1         0.8618473745329418
-8188.634143360144   1644.2368197830097   1         0.20285418829307628
