trucks_count 6
drones_count 5
customers 88
depot 0.0 0.0
Coordinate X         Coordinate Y         Dronable Demand
-9268.102411372445   -4080.094394427928   1         0.9882240400444289
2756.9454566138606   9088.652349120117    1         0.24302072438203046
6589.898949849994    -11698.919087415692  1         0.4650584607346091
-5340.167186305291   -3526.5912018508475  1         0.6988557575160771
-2484.0611262644848  -4851.54622842427    1         0.11626519929094456
-6077.849977641477   -11901.219679863207  1         43.36540433707603
-922.5565023176756   4733.845473519162    1         0.5431216971805246
2849.5442236129206   -1657.7262642028966  1         0.7941739121317017
2907.467360091058    195.82394388296717   1         0.4885543844666047
3898.6348362962635   5791.201490975309    1         27.71214682502511
5283.86322442598     8918.129875075887    1         0.7625802324202346
-1324.6471091266208  -6895.9597594063835  1         1.0362861141514943
5991.536135172017    5950.2942399612075   1         0.21238362184071854
-10051.696472468142  11662.544080750482   1         1.0316242118870094
9718.065314259575    -2964.7262829331794  1         28.635854260366756
-6493.7637241797     -430.8480513719755   1         1.1649494270649523
249.89452767368644   5447.74345324364     1         0.4733039058029991
8956.393944889684    1682.8982913270247   1         0.2611893831026283
-8773.939749637637   -1763.9594051276933  1         0.40487094787804256
-7125.957903488258   -5060.791194357739   1         0.733141592052182
16446.978159184313   5789.911759514831    1         29.418172566556073
3898.8318821084895   -3950.030310436017   1         29.307223284549394
-748.4907239785623   -7120.735666157163   1         0.3131539277651889
7706.51154800309     5735.820270575568    1         1.1359947324126511
-501.79651248525454  4057.3403809845986   1         39.04120488991787
64.91168768172547    10879.374167308826   1         0.11011941984573291
-6897.2329582208085  -5336.62988293503    1         0.36060871285833584
-5148.942574748072   5993.5697564296825   1         0.3018321630434715
-10955.884311849728  8467.191069507251    1         0.7926247953354213
8527.257826066654    -5653.812612946039   1         0.9754170675304766
-5685.128254342409   -5956.915891649151   1         1.0386699250880405
-4119.2109813968245  468.82323031222415   1         0.7686250057126969
-1380.0563022560527  3801.953041709325    1         0.13332616398832636
-5413.963330743121   -6040.093996284505   1         17.338525043084132
-1288.671393164761   -702.1886893893861   1         0.8826553557388789
-3571.3331260618347  -5388.899618075414   1         7.783066103229477
-5090.330059203934   -1845.586061243388   1         32.20955629687721
-4720.667189750524   2375.7203105743683   1         0.9770937834848692
-3816.361189687827   9049.806634768565    1         0.621090871089104
737.1279466403786    10719.655483774066   1         0.29396520929277337
8609.335159395443    9895.688808802715    1         0.10205846545605829
-5916.038918998767   6263.984764941669    1         0.5405570610134613
423.223129432721     5490.380585935764    1         8.828656052042245
1417.916231613879    12129.926445016976   1         23.105632193211356
8941.608102752072    -229.1503209418507   1         0.546309154250352
-2525.1436433093427  5857.430395622731    1         38.9239746356023
-5110.409087489835   -4570.1161253108985  1         0.20818130350497005
7900.439657426013    5080.932654416891    1         0.2724053921119987
526.5218697226832    -2379.2234527755922  1         1.0121850020463599
2884.8402335822066   13151.639653072638   1         27.130355390130614
-2127.701745013855   3709.9899622832672   1         0.414098935037152
4296.842105926483    5421.487211676476    1         31.432798852854205
7104.857946758381    6605.344075399799    1         0.8674303743177015
4015.9483655114145   5540.183787134726    1         1.0266714733897857
-7107.864671863725   -3088.835354923725   1         0.7970366340339098
3670.521661124813    -1727.0266982900612  1         1.0168093368014786
-10817.999146635186  -448.2217487026401   1         0.5751375704561371
-4046.634237311866   5618.7834423878085   1         0.36496053773828707
2280.457334329524    -0.3585282926359652  1         0.7219910404664335
-369.4510392192756   -2725.5014295363026  1         0.7281473068054365
-843.2138918270746   -6470.6840966943955  1         1.0016398277063308
-6612.137805562914   11715.361791850497   1         32.95670674156527
5225.202891492904    6326.2290270857675   1         22.70660368056265
1948.6426253334666   10727.777168513934   1         1.1542177758785153
2551.610426969855    -7915.9030988828845  1         0.3457739242568687
-6213.367474035317   74.14380525780592    1         1.2012514463516266
4877.480860158711    8022.586515097132    1         0.5964628548406061
-3724.3740539540354  -8975.002420839324   1         0.43318033184660176
7913.408004915934    540.9228198130866    1         1.0263362221974275
6291.081991453086    7022.81788357812     1         0.14430973452663598
1852.5293488616835   -8357.68535331067    1         36.79023958810074
-6158.257444023305   -8615.075885960574   1         2.4124785273897325
8781.95931293206     -792.3875158581382   1         0.12379505452015228
2856.6771656635783   -1485.8992453855933  1         1.1249017984627754
-1621.326925708487   -2856.6063083271647  1         7.468896513796252
4569.0036306496      -5767.639344727124   1         0.4488137755496888
-666.2357675507739   7831.493130694034    1         0.4473070735828323
-7226.012344333585   -121.50342913148762  1         1.2888996018905838
-2684.2290988609425  2572.4498836561565   1         0.6114332667023371
7712.796833365012    -7231.131987868475   1         11.305967437316959
-965.790875619516    -8988.797526499566   1         1.1002972880309645
5465.927673195341    2937.299395233236    1         0.8960350931435863
-2835.629291761944   -10315.945421230635  1         0.60212762742642
-9446.078727464504   -1533.3479409461888  1         0.6119558515229631
-892.7544564832472   5635.863063670966    1         34.300557098210554
-3381.8261881933113  6749.663111370748    1         0.8756686048181763
7001.8952083203885   -1181.607991063706   1         0.7630893423186959
7220.6672831327005   -7285.639131528356   1         8.284358978156167
