trucks_count 5
drones_count 3
customers 51
depot 0.0 0.0
Coordinate X         Coordinate Y         Dronable Demand
-5049.333458546455   -2061.163294348605   1         0.13992623415221506
3086.874685296397    -3070.6945718400875  1         0.29844136093667456
5442.6103441638825   4596.4162203227      1         1.2456994600839786
-1430.668018740846   2487.819977936004    1         0.751116144700507
3942.0799283079614   -1364.8985253579208  1         15.969258396674043
1511.6413696843335   1612.1100833393702   1         1.1185689994643562
5027.34599687449     1315.390926288599    1         32.21159800031002
5274.596237293677    -3192.714326095819   1         0.6412234273999088
-121.61371552396258  -5597.635946262369   1         0.39214116574161184
-2200.32748145609    -4140.365236312729   1         27.401041756081327
10.290448288477021   2607.297999648423    1         0.12844970540196424
-3425.7098365976867  2485.5760009436112   1         1.0288547706024311
-2963.772883187742   -1951.7868362905128  1         0.2978065541086469
-5604.808464998057   734.1900079615813    1         0.5533309100767331
-3850.8732904329336  -2348.0129107896855  1         0.5546718603393475
521.063895966905     6035.863620617913    1         0.9707046939271962
1820.8026644004287   5526.037078327126    1         1.0919537630171319
3556.9414223924105   6020.150230075242    1         16.926345938609117
-5890.030402215436   -79.04435647289405   1         0.6419721602773133
-4222.985637078739   497.84158140633645   1         0.802846263382973
60.392673084045654   -3691.391866312619   1         14.51687337679976
2488.8226878932933   5076.988919129779    1         0.31496216050468717
1495.958342829495    -2476.873873202159   1         0.45875105227321944
1282.7601332574156   5328.008422199935    1         1.2463580459301589
-3632.1190522978122  3103.833244521228    1         0.30573594350121613
2645.9930479957306   -4501.521838798773   1         0.2787120025827629
-3162.241365695038   4350.889571301612    1         0.909159023211699
-3788.982455636772   246.2561120998721    1         0.3975350144716254
30.049739189766385   1085.2074148356223   1         1.2387437461601927
3182.480943084367    4162.150605397743    1         0.7450954722596016
-4020.1808728997626  2475.150822146162    1         0.4600691671641074
2999.362360962845    -287.9563570937635   1         0.7626953476110236
2084.573776000706    4399.371603765199    1         0.38289939144691343
-464.51155745328595  -3137.3253907043354  1         0.589440521499858
-3715.466355178569   -1454.9096502339476  1         0.9742563196900473
-947.4291569273313   2905.2385656533897   1         1.1090395208726593
4340.7054045175255   3062.863023802899    1         1.1990743715123502
5839.555266368729    -3861.8075959591533  1         0.1716653600278248
5320.018248498492    -3458.9291365143904  1         0.3927186208556058
4460.639274531821    4204.130645421376    1         0.7534005539899161
-4982.619960795222   -3561.3022639775286  1         9.871892624161397
-5291.655661162631   -4096.446396581541   1         0.6904584017670945
-1650.2995877313278  2639.735295872319    1         0.5169748834284317
1266.57612668364     1238.038949237171    1         0.2566536948663503
6040.183229105143    1993.5364238438551   1         1.0703596072370447
1855.9508703073489   5635.699430794208    1         0.23531695330980534
-3650.9917448198594  -3686.124670578808   1         31.43333619234516
1704.143876039594    4404.226057682419    1         1.1545708717989605
1179.9663350521314   2397.1582977697994   1         14.299622052948768
-5801.071772196552   -1.1529533644852563  1         0.3081714482918486
4731.166301156838    883.1047213926922    1         33.08668529249102
