trucks_count 6
drones_count 6
customers 100
depot 0.0 0.0
Coordinate X         Coordinate Y         Dronable Demand
6986.892424865363    4145.213858915541    1         1.208345925376052
-4402.3294965904815  -6032.245043357027   1         0.8463861079553672
8875.660811158772    -244.80203958714446  1         0.8039043116517546
-7750.91891285274    -4370.017188243495   1         0.8301736061746723
-3940.0887459573555  9421.979489123194    1         0.8270572235729942
-10086.923765940977  1590.886721244917    1         0.43286630564521167
932.5775303928117    -8140.370013133149   1         0.7384163163945578
-16.914745505567762  9982.440454066034    1         17.43097433121105
1260.9328056363447   -10005.0217596965    1         0.7989767536935547
-1332.668559285937   -3857.680864744317   1         0.8176499106496974
-7691.196001995457   -6693.905949681559   1         0.10418878394092604
-9528.169254217742   -3233.388367274104   1         0.4348844162418196
7866.402945523696    2566.3151136170422   1         0.47854328842379534
-8966.077649327355   -3462.927255173714   1         1.2401117792924339
251.4136261276629    -5517.00385243412    1         10.67728260422621
-8631.198275788345   2911.871252606432    1         0.13758717835782358
-1057.5964982152873  -5059.313479087829   1         28.378015262190473
-3446.1464233576608  -8618.722014883871   1         0.5453853485116624
8627.339247909456    2463.4600170168524   1         0.10632794140060545
-2746.961876143859   5112.680314862961    1         0.10461189929827516
4088.275772852952    -6367.553897354283   1         20.5697000583015
-3821.3226451511723  5775.571191002075    1         0.5634052349220438
7182.548565982545    7638.29436464487     1         0.8494488397491051
1949.4513461934387   1517.9943674424044   1         1.1034253234037934
967.2579139519454    -98.78902340174139   1         1.1069714840047484
9365.701427243492    4165.306596042494    1         0.17029557707053053
-3684.0563994030385  5306.4512896659435   1         0.34814468494403616
-11373.977689352309  -7343.436474721261   1         24.67544297239573
-2490.9287397334056  6260.855230458539    1         1.111032837938587
5138.4818865245325   -8858.567743670577   1         11.278357976721857
-1330.5163415145532  -9719.117611104202   1         0.10101423170933714
2426.7848000476674   7355.541335490236    1         0.21165226838373574
-1776.010711456014   -10206.068873550557  1         0.6134062515761787
8427.490238420349    -5634.364519696492   1         0.4758124325712918
-1664.448797883363   -2004.020805484386   1         22.727071639801526
-8596.716008259882   2922.4855296285477   1         0.45472729458698413
-323.2563754088248   1878.9123083510701   1         39.195102461476985
6939.91421084982     -4964.215082395833   1         1.11557470484267
-700.0198273464409   6305.996041150022    1         47.364023432125336
6860.216698380629    673.7197759320651    1         30.65870884915997
-3467.135872636057   -6525.985637213993   1         0.5658723939248925
9663.072182548047    3460.7812092824097   1         0.9211164548037041
-7546.345851979258   -1430.7203512676106  1         0.4391230054692583
-2574.1514589488233  -5392.534080463291   1         0.4772410885763635
-10483.931532500781  1858.5664124288992   1         0.7791111916512777
9384.784465757753    -1990.1035419310178  1         0.7652551944725096
-1945.3669420315953  -1092.838731054172   1         39.52236835521922
-11062.099176177642  -10314.990121005527  1         26.439021127364803
-6399.032484151906   6300.251234241148    1         1.2186204020867426
8138.897964347576    -805.3505896309689   1         0.9695926162788701
-3622.640709999867   -10288.82546151435   1         0.23356391885973507
6497.668440663823    6079.946865890308    1         0.2579115541833242
9442.416812513069    -9137.20739848812    1         0.4618574599866764
592.3428010701069    -2383.794678276565   1         7.700389713167423
-4654.759169113956   -2266.4230758405547  1         1.1565714841861716
-8643.201509950784   -7601.616461465186   1         0.24237054970829347
151.30868779898668   -10663.999895232568  1         0.23707527046323468
2341.281083684071    -2386.265536601635   1         0.6940624938566601
1474.0404784405916   -6244.060787514524   1         0.33133743861918563
-1682.2516495318123  -284.2563041667651   1         0.5200546084397858
-13030.091778315422  -5205.726320468457   1         1.162481730670632
7195.228287539807    4709.886367325622    1         0.3202429361224216
9974.115530063824    -4449.306008011904   1         0.9658864720949628
10042.287710459941   -2839.447889291267   1         0.3131575452128137
3055.8971798900584   12192.07568062984    1         16.663599073976666
7195.014585609729    -8236.737553595152   1         0.2162288209187813
-10495.353021342247  598.0029254646361    1         0.47537437503057267
6141.407391327512    891.1254040072978    1         1.061200568039841
12141.149299883347   12617.56327947225    1         30.441606878321306
-7824.657783530687   6644.8958901059605   1         0.3956032790531735
97.58041948450003    1161.4606112518957   1         7.066364568375441
2239.858313016184    1389.2989494580565   1         11.170852011450137
3796.827407663253    8046.859372400463    1         0.3731996842096026
-5413.330724512656   -2673.95991396881    1         0.7593987489677452
-5985.46176959376    -3259.335136907236   1         1.1966600326032266
6745.2689796275245   -8316.079659738021   1         0.6386985519425217
-7254.309000085372   3187.607676085492    1         0.8670600086848391
4748.790101793948    -9787.36806204528    1         0.6996437342210893
7241.18678705147     -5060.726387059145   1         1.049104996823357
-5245.069648190256   -8212.457909668097   1         0.7095137631671363
1422.1848523512158   -92.02922890384923   1         0.9310067186090891
6130.103247954052    2374.1458216924593   1         0.7369806874746778
-7891.860083969801   4564.21221389434     1         0.6687000330871362
1040.5060983536468   -10860.197846625753  1         0.5769811777818187
-1819.1397931007707  9409.313492689564    1         0.8812936927568568
3680.8803210863643   4236.3598738577      1         1.2328190136245112
5665.694790238912    7624.047578439244    1         0.17160665645712259
-2076.463989424347   501.27552216292713   1         0.4000632163892158
578.2568565304209    616.4735490264666    1         0.1323500333469052
-2001.884093085376   -670.3889619598325   1         0.3870382165068442
6227.416565020591    302.65560414358555   1         5.895916727096382
-893.9811899955505   6002.40212970514     1         0.9169180691475493
7016.022462339524    -3994.151345786762   1         31.84269265908438
6574.9227623736415   4266.5368831386495   1         0.8614246767042162
732.72969519767      5820.583822583632    1         0.9552230318406633
3415.5660525796484   7664.999407410331    1         35.96821512032587
-6309.164547797842   -2677.6630240860122  1         44.02748794092417
-1973.9003219196602  6925.614216193984    1         0.406341942878934
105.30888286090993   6001.223870869653    1         1.2478244964967145
269.71188766743154   -3080.0462353498147  1         0.700115051950707
