trucks_count 5
drones_count 3
customers 80
depot 0.0 0.0
Coordinate X         Coordinate Y         Dronable Demand
3073.20960076504     -8255.974221907225   1         1.2191925247079665
-3117.4027433760407  302.1514843628855    1         1.0250491965471593
7517.665031206728    -263.1407187556615   1         0.3141847923157095
130.17025592996015   -2728.0512900858853  1         20.49460132297077
4659.256697269611    2022.0952221014443   1         0.15771895899762278
-13666.654018813259  2627.072157295437    1         9.18578983390818
3121.208178286713    -4620.107810170382   1         0.12739479523237096
-5451.843815214044   -8372.908688225323   1         0.6418747552240334
-9922.611307721028   -1549.8889767941207  1         48.56210166797338
5481.2534644583075   -1032.699163730325   1         0.12446634286626371
-12482.34253241701   610.787997237012     1         0.5281629785539268
7320.215359670793    2080.34382844495     1         0.6094481275481536
6718.564789380595    2533.319499155607    1         1.0933491805768838
1893.5432693728883   -8709.374308648103   1         1.0834788273653162
-2215.5415317311463  8638.338963419445    1         0.36590978926472917
-1172.1905298734837  4608.62698481265     1         0.9747854937348983
2919.310086616232    2705.3737834133362   1         11.962739043582118
10.111551879964507   -4373.847701312081   1         1.0485558752746187
10591.369313867093   -6529.817151264807   1         11.89534551085529
8276.673122576782    165.53209228836553   1         1.0233734200419673
1798.391934861742    10788.658291123229   1         27.7274118766828
6161.054939836671    597.8223445535338    1         44.15282287815358
8682.074377796209    -3550.715439965016   1         0.16248913279015778
6660.992827440207    -4400.24569772266    1         0.399579169905835
12433.383282488136   10401.921859843074   1         0.21311094212941006
7343.107588248724    1313.0451460358397   1         0.8242237750112658
3818.142541497226    3652.9167829868225   1         23.558092843800864
4720.439922246624    2970.596888168733    1         0.8230878136249752
6481.34896098596     8553.157068412034    1         0.8955037399059588
-8490.38154421064    3968.718098722103    1         0.8621542451603436
-6043.0050643009545  -6837.950704586377   1         1.1144486414603803
4200.862357803371    3272.009495877283    1         0.9302556374055702
-8052.713896084726   -2296.6719064399904  1         1.1367644828305465
6041.2906777509215   -4255.555870020661   1         0.5330923596370449
-6093.3864075395295  3525.838925731623    1         23.57497615524012
1870.4132058837763   8140.165706594186    1         0.6458435589029237
2383.070718932787    2596.9837877833306   1         0.2433297880450489
-1389.7198537074757  -9115.544689598102   1         1.1358856620789197
9411.788328220231    -4807.824028828488   1         1.3360547542759522
99.6653624441985     -9357.107615956973   1         0.7436527577434255
11489.411504481443   -2258.4032235825744  1         45.09220229478674
-4825.5278981116635  2778.984918248653    1         42.572528927834966
-144.94489432047564  10664.604757203346   1         0.5910945055872131
5990.206647402091    -5912.064413012218   1         48.29287388518463
4635.814521948076    -3494.865602510445   1         0.5030093802456614
-8439.976295099726   3596.546222241117    1         0.8538247855611489
-6818.054728775974   4795.032482714231    1         0.7113917382151732
-5143.746560568611   -2914.8926492758596  1         1.0491000483914168
-8598.94482237917    1199.9676881564476   1         0.5426115365789933
2798.758439731886    6074.953895072722    1         33.21736878069149
2444.8317479670554   202.94805586595604   1         0.26663083323179565
11631.210628029767   -128.39755931402397  1         36.131164253500174
-7521.942413398174   -11433.641472311616  1         0.20684934305590408
373.65473039305465   -2350.607863593061   1         1.018298562710738
-12144.947912460713  10399.700696525812   1         0.8583782977706041
9443.448679028352    -1062.8462250463133  1         0.6598837989150892
6173.9502137348545   8632.542427756001    1         0.31435425716188514
1744.8196541398231   7178.6204999189      1         0.6940098369683392
3653.3711298933727   -6375.346238256241   1         1.1768039009269227
-2862.3047465156083  6281.6632102671565   1         0.42687497577949474
-3333.1592168076822  -9203.732685515215   1         40.230844845588656
4273.205086941094    4440.597386148497    1         0.3045492841091021
-7399.378176165947   -7012.082167855261   1         1.0802396073686134
-3471.348866739252   -2980.3116302778067  1         0.2621937797183387
3420.618243180629    -237.16376111580067  1         0.17899069466888287
7014.214372896825    5054.375307342937    1         0.5764322300661018
11739.918358770057   5852.507847274115    1         1.0463797145876264
-2256.7707612589206  8135.313376590588    1         10.870607539823878
-1763.1146488552122  -5251.200513080079   1         0.9793776081254816
6989.216137160607    -3455.799455119355   1         0.3907111331236648
-3721.8877969518644  2212.1788523906125   1         0.8795084602767922
-8565.581233864425   -1503.3509404196006  1         0.5561646299745211
3342.8766690203156   -2701.13836557829    1         28.867844306828925
-2957.6933346102783  4098.050520336676    1         0.8227895871643244
-2701.479601716362   2351.5291963394166   1         0.12948385177495883
3860.8473311628363   -6007.695666386685   1         0.3981979954082566
-2684.320039571055   9154.173874154641    1         0.7426247363661493
-3752.1914314230676  7424.02000874514     1         0.17582880263592743
-4299.496821634191   5781.779405163961    1         11.404062407385142
5385.272374240736    1084.1507669819894   1         0.6764082801059573
