trucks_count 3
drones_count 4
customers 46
depot 0.0 0.0
Coordinate X         Coordinate Y         Dronable Demand
9629.336249772934    -69.97082363722227   1         1.0198469136685424
-1831.0663644933738  8435.691166014241    1         0.5549025988030538
2055.093035058982    9883.53089341049     1         0.41736722185279895
885.56901748304      9719.007521948557    1         1.1386835985543522
-9987.529413370185   -2156.400703804679   1         0.27408218730015144
-217.2524260290539   -7618.874379350238   1         1.143463409475717
4928.703020532684    3134.5011644380816   1         1.2262005875299757
-306.05060322892587  1162.1647336071303   1         0.7790231097623728
-10708.266024559336  1561.7859645167866   1         0.6733567839997069
-10284.489392926915  -683.8020221594746   1         0.9148426735572964
-3870.6497510662357  -5331.711334389102   1         0.9208821487035359
-3109.973520366844   8163.160609019136    1         0.8714665709824357
-12891.774403583375  14020.81222411949    1         5.723302417354149
-7172.268727177849   -3517.649114083986   1         40.63493935039155
-2209.0647653343617  -4365.642033678801   1         1.2188768811815274
4294.1428972346475   1426.4373317025745   1         0.1919987587240276
406.29845873338417   126.90298073866272   1         0.194966185235528
3828.2184486226975   761.7897494544551    1         0.2352749729659854
9104.713998341167    -413.9173292292983   1         0.4682614240712766
-16105.160137182756  14265.68532408664    1         0.9770365054738857
-14857.753954389384  8984.247763527092    1         34.7447097547191
2925.0226473704406   -2578.8764531189777  1         0.1444603155019272
5637.998000244987    -4229.414248906219   1         1.092529412055885
-3509.2793336895124  -7336.614454825267   1         0.1635776535445593
4553.3347170212355   3404.1684896642955   1         0.8255964621979306
3181.4458375697895   -5550.356103801065   1         0.28449369513549577
787.3555556774953    -10876.968047597862  1         46.9770497844286
3921.295226186885    -474.07276623068014  1         1.1348792412252842
2598.6111762384794   -3215.676801913956   1         1.097389512511939
15115.30841675539    -9222.412919008335   1         25.657409137207186
-8494.24325163627    6575.31707417721     1         10.421170910220114
1446.451644895261    -8120.540789791059   1         0.4875969225392992
-1974.513098198074   -10761.06346360502   1         0.23327824916023
-4596.950571815154   -904.917921418635    1         0.4431408400229536
3175.3268428173947   -7211.5019948561885  1         0.5603650298977506
7088.603109870632    -737.7182377965612   1         0.3906327951496801
-4398.877443541412   -7883.1371466509745  1         1.1755202694462414
-1928.860082593526   -7961.099454139449   1         0.5510084981390286
13560.707556155085   -5069.926735655918   1         0.983329252760075
-3899.5975207628308  -3458.8659180937     1         0.6381621771759615
-3684.2335455768007  10971.716266245738   1         0.2062712128628033
2243.2677596817894   -10400.076812613228  1         1.1536784086400642
381.5907476227769    -3302.099371756265   1         0.5233869268631962
-5684.346579002718   -5257.443299710406   1         1.203072691812916
2930.0064807821777   -2900.67346242144    1         0.32704015391920016
8641.95721969762     -3647.1447170693705  1         1.2393126441971263
