trucks_count 3
drones_count 2
customers 33
depot 0.0 0.0
Coordinate X         Coordinate Y         Dronable Demand
-5532.573629981367   -9062.008790846328   1         34.75341848182373
-1378.7535391833935  -9821.166168098844   1         0.635914435184007
6583.761095052968    -321.3070460360141   1         0.6415125802245504
-6729.149459792343   14954.060045092887   1         1.0160935887624698
-4661.43541168889    5781.323987391102    1         0.6299726150264716
7645.929376435741    -4035.424632018528   1         18.7149795352258
1877.4993658761366   7287.517389566631    1         1.2031977761502304
10221.411973238577   -1460.9119804851182  1         43.94955721820501
-10651.94694462123   818.7533559004142    1         0.9506690643765296
-5868.2914241627495  5473.141197735114    1         1.1400130813724647
3045.8848105987568   -4326.958961992666   1         0.6413835150828527
6722.080173255887    -1869.6018317213784  1         0.8342707461516292
-4617.495965677359   -3227.7101987659753  1         0.6862853795928103
2668.94958954112     597.3691260148275    1         0.9975891958393959
5382.160503451542    -6337.01578217609    1         0.4002423779287393
7134.081578842059    12319.671551029744   1         0.2523556061238214
-12854.54427553579   8147.109175971633    1         0.6448606786279358
-1227.4905435032417  2781.480566595958    1         0.9329940274733743
7528.94933700362     -756.2248377033399   1         0.9352073474334769
-5050.696566285988   -4896.863311978254   1         0.625654820436845
8522.071682254771    1441.4392757265387   1         0.8089872215109226
13698.450601017663   4320.271716044648    1         0.7615907101129059
-1688.814619800574   -8379.222038086506   1         25.874321745067274
8681.96157941806     4218.943555800912    1         0.6128410407564049
8525.80275055851     5368.673198523067    1         0.7510962845748939
9383.12089163215     4886.371603149986    1         0.3142819847381087
491.096107520197     5439.826436488531    1         17.776449556854605
5701.663916296996    4331.59195677672     1         0.21088551652071613
-8177.193648412561   -178.98509791732982  1         13.259989258091078
9536.730295250707    2958.98947676597     1         27.283392229512618
4475.7181303137395   5952.96543567048     1         0.4348439202542549
2223.7286150836276   3150.810954584302    1         0.5612542697162461
-2537.7068441093306  1916.1798680709653   1         0.9254430153795676
