trucks_count 3
drones_count 3
customers 72
depot 0.0 0.0
Coordinate X         Coordinate Y         Dronable Demand
-2854.7375916402157  2386.844267004853    1         1.0173491253239741
-3248.1470061860928  -2726.9418320791033  1         30.35540156897536
2546.0753592813617   926.943871830138     1         0.5370187339273973
1259.5313753343867   -3203.008659001603   1         17.815302866833374
1596.9575194061533   -2833.729433582798   1         8.846601318562573
4180.399059047842    -1501.9174284038234  1         0.9314079480284816
-256.14008015006647  -5276.166997642048   1         1.2364558573514306
-1099.6758346445308  -4769.476285345617   1         0.21848909105133535
-5126.682531774637   2658.45571918571     1         0.3893213296198832
-3194.20518988693    -1808.7713947558213  1         0.9123040831901926
-3761.0551334457314  -71.1373389131962    1         0.2126237950636905
2002.4739180627757   305.1637242980139    1         0.13758654906789286
4191.837057477076    -4312.443056485799   1         1.0369349246604087
125.68626684393828   -5466.863122349165   1         0.5772366846511393
2063.77263592462     -1130.8740915698297  1         0.5578590546513096
3927.148647597103    1144.0531890882623   1         0.8286490256389485
2997.3690517860928   5290.875659195496    1         0.9053228755951493
647.514523161286     -3642.6398152523607  1         1.2120026246244053
-438.5207395437268   302.4411338933712    1         0.365777807490942
-5274.691804539351   2952.1912804894528   1         0.8636733012511737
-1646.4698995623523  70.58827529862356    1         1.0040288217206264
2532.478802130672    734.2737913294228    1         0.8145523503444639
3756.606293520359    -1486.4028241041558  1         0.5402027251766872
1087.687489262085    3148.138756030747    1         0.7388855314197886
989.0062246243449    -81.02716836780128   1         0.5322785448751791
2648.0005570504427   -3763.954604131917   1         0.1886501946478438
-3224.9792036035956  5445.700698691649    1         0.35156671821849084
1025.9570089712138   14.771071909277413   1         4.6870132483677525
-4306.977630673968   -724.5237210865542   1         0.12819020287965996
-1960.9651744667576  2432.067897474337    1         0.829383255299486
2999.8920800673623   -4768.737765009001   1         1.2462270615094266
-4708.631995222131   -1820.9323498472397  1         1.0386595607907392
-1670.7035168811396  1690.7399058543135   1         0.5384082404630036
2467.432746439981    -2833.758911928944   1         1.1947096142398446
-1104.1641555411652  598.574804665752     1         1.2185988484211805
545.0933408092984    -1554.492770950281   1         1.1355295317082654
4642.943806746164    -3480.5043862836155  1         0.8995091247663908
-943.9465442376095   -2243.712375591856   1         0.2713760699251727
3785.0859093361505   3486.606810083267    1         0.3156095513341123
1538.9578449294395   822.5119727437882    1         0.8280422100521962
-3578.732869467409   -4817.82390000478    1         0.25260155758528113
392.6996968729717    -5261.408411477232   1         0.5398911824108196
-4285.589983727905   3158.631771377383    1         0.9516784266568186
-4452.621024959462   -5436.144161252877   1         1.0103150501338465
2940.344014718008    4000.053087218794    1         0.1918532155643946
-4159.863927437695   4731.580886658156    1         4.9981606466834805
-846.7693474993404   4059.522826337126    1         0.7508944274029267
-2766.1324647893935  -731.0406350536514   1         0.8775650170531524
1738.7436301337673   3577.5924803641483   1         1.4146423819754286
2973.403275591775    -950.2437475878487   1         0.5261580183612123
4557.408592089173    -1995.6166638317081  1         0.6888561042030533
3534.051549820138    -2686.367987618157   1         0.7461365741727584
-3217.683799166325   -4933.707958646997   1         0.5184829754511371
-2047.2920528444931  313.95563451642954   1         0.42843122416973467
1349.0994535802822   -165.85964568323405  1         0.373501415830626
-2421.748715027065   -3554.8163273460104  1         1.225333275014063
-2430.03225531549    4685.883656985871    1         0.9484635904222019
-745.1499033346555   -457.5303826307487   1         0.9668012566514882
2811.264732383147    -1813.9141965720735  1         0.41967931760559174
-2584.233539332688   -5188.957232343405   1         0.9929498903971515
710.1494298492452    -2361.5127108961533  1         36.22610518721468
3146.962453996099    -687.8455958713522   1         0.8660639504320049
197.74589862127516   2812.657430225536    1         18.92560929112546
-4771.189662332224   -4043.1808246120477  1         42.63390675793244
3493.106313287622    -2687.6132064193794  1         25.65854115812089
3392.6810051030216   -1610.4302753923973  1         1.1058219665903979
1702.125669459444    3417.5289268059337   1         43.51630059596037
4840.73020697309     3868.757161140533    1         1.0831889335310287
2647.433922712435    -3508.201994424399   1         0.45592618808606156
1210.7242894341782   4471.595605543799    1         0.5014252373253748
-3585.8939604898324  -4659.804807579454   1         37.669956699004864
140.17616237813908   1130.980271063328    1         0.533969730330101
