trucks_count 5
drones_count 3
customers 60
depot 0.0 0.0
Coordinate X         Coordinate Y         Dronable Demand
-4815.289115964456   3052.6612215594937   1         0.3248752346661521
401.7842127036354    3648.747598397204    1         0.6715915673759577
-936.092942102954    -272.45967348544116  1         32.61522936796827
-3756.650934811119   1744.1209707838407   1         1.0775192783385426
2755.1543978074183   -3958.032516782894   1         0.9503109865851449
2564.9793796060253   4475.506957998933    1         21.626268263712348
-4800.181387775371   -3391.1646806439644  1         40.9171446217267
93.49995887672056    -3360.418168781875   1         0.7605586745083198
6058.423926791995    -224.21027143062685  1         20.207842489529238
-4969.525723023629   3760.7197963456865   1         1.0759524012885129
-5003.455769342416   2366.5119413718203   1         1.1799728880559375
-6347.147053083219   -2102.318799665914   1         0.8937679674161074
4447.1889405597      -6176.373917199905   1         0.15263508936406314
3963.36752853959     4307.585796420693    1         0.9371930087098108
-5817.519371623236   -5199.285794433089   1         35.11295980789
6166.9638962125455   2332.976196331987    1         1.1382045993789558
664.6195259140998    5539.263163885174    1         0.3286335825084733
-3113.767570436294   -2214.9080567937876  1         19.816895278494464
-3894.1635826550123  4269.349389948149    1         0.37929910806280176
-6554.8228247718     -4751.650072219107   1         0.21988640169789286
-4337.839259211794   4879.276571247388    1         46.64985709855216
4875.541772137548    -3896.7568187652896  1         0.8377153385407002
4804.866577458857    1389.3052233246278   1         0.8143380905472055
2016.1465577934562   -3361.211319231642   1         0.17400167708232062
3172.483434826264    823.1386258928278    1         0.10801072138454937
-2333.7662987471235  1993.7920050722716   1         0.6264198075760312
-4541.768821920561   4265.222179992138    1         0.5395440260462082
-6367.147252763527   3200.6789578352386   1         13.158061485998633
-223.89786650194623  -3616.929493795276   1         0.3114813648317075
-3866.290682173108   1694.102178909182    1         35.63937736909451
4011.809626635836    -6398.215422102264   1         0.20176161660959668
-6640.661852918734   4328.0533124596595   1         33.924974887120165
-1932.5363834744517  -6597.36218782453    1         26.068666191604542
-4421.62709845002    -6426.158995575007   1         1.2007074791131662
2509.176807745344    6468.6158537084475   1         0.6555889572861624
5257.488470032263    2124.401716113253    1         0.7837422220508347
-769.4072599098719   6174.635650320924    1         0.6584227607176972
-4395.995459352169   -507.008035072568    1         34.21485082874746
6299.893516882635    1953.2205988622554   1         0.7198961554798586
-169.30227614048147  5027.69283936766     1         1.190465539791711
1920.6201458315825   5214.446180055808    1         0.5537030989253912
2756.9814620628854   -3660.84867805767    1         0.3409015473730317
-525.813873504719    -5158.762600260138   1         0.6239843428399225
-725.0167107932957   -5371.35634877715    1         0.12150002553985978
-4732.848061740183   284.77676982201984   1         0.5460633491135147
6555.535457200375    3845.1213098000435   1         0.43207745578140855
-6535.423166807875   -2864.9901426326182  1         0.1860323732661479
-4832.566615883979   -3702.741644266819   1         30.82890416965727
1104.2480674489007   681.7652162874004    1         0.15122857851176155
-2406.1542033020446  -4415.372819727861   1         1.0458802518329646
-3806.387470439974   -863.5884935638376   1         0.1097870574057873
-1258.6638217016537  -5866.930107106958   1         0.5563411810770887
3804.6796688206746   1986.7558779950502   1         8.514747791300163
-3736.6575719372486  3882.746563728246    1         2.04681356914727
1164.2624175176782   -1462.7457535090075  1         0.9138722371630611
5389.12305827428     6576.141189106585    1         0.15383046638630504
4501.6778305110465   -4905.396695192088   1         0.41082522408052635
5640.1518295973965   2848.3733050656715   1         35.54587537910615
1972.9558653265992   -3017.0044832237304  1         1.0643369189332983
6222.6071005745125   5934.864398945988    1         0.8609547121877031
