trucks_count 6
drones_count 5
customers 100
depot 0.0 0.0
Coordinate X         Coordinate Y         Dronable Demand
2.120860265508575    -351.66678724713654  1         0.20157127530320956
4579.237496723309    2440.1729010253466   1         0.23884130548288354
6943.8873680562165   4710.327930133258    1         0.20526036191737185
-4417.910939295614   -5257.8109863158     1         0.11082711401533625
3943.7427516492307   -4332.728139881671   1         0.7378504212655062
-3148.0930656125106  -1551.7359154173569  1         1.181074377179468
-6951.442797491786   -57.1100108566834    1         0.8239149997387574
1189.9456624598681   -1177.9585702152149  1         1.249493411737777
-1653.9877687659582  -2739.3287596713913  1         48.343399630045894
2661.5352896567692   6089.269811408629    1         1.1123935456005882
3797.712693401838    993.0909100727636    1         0.5696568350131604
4336.046426969152    5508.701556624384    1         36.351176238568954
5848.734924816133    -2883.5985052045817  1         0.5294449560115588
628.1786565682601    -6306.25307071958    1         48.35793685229564
-553.0306265871666   6650.717349011224    1         23.08712797583019
-3103.494497137754   -5695.150190014775   1         0.4997792104066463
6416.460375878833    6626.462035093845    1         0.7072947356714883
1798.5896507777934   -6962.409004040104   1         0.998354825257711
831.947915789196     4320.361361856757    1         41.228060320877155
2685.8962686142804   -952.5120458308561   1         1.1247381663336895
3044.018644541781    -1659.2080607383705  1         0.8395438089185534
2651.45436577491     5920.960515209553    1         0.18191760017662267
-3343.517152642055   -2399.874483509688   1         0.23890991741901632
-6552.693031404206   -6696.946529492705   1         44.87495525694881
1916.6797604332796   5792.81289889244     1         1.2016683134714496
2675.0225622721823   6233.658179431647    1         0.7764900286798602
3300.61486896113     466.954321315784     1         29.09878433312283
-807.5373430434674   -1668.1745471134027  1         0.6529239733928253
-6967.849375418026   -6366.079430723605   1         41.67713258114052
1460.8903066117875   5302.094326337188    1         1.085446039110331
2868.848480974914    5608.601169139954    1         0.9120692824856916
2317.1552844203225   -350.85699521393633  1         1.1284334085187921
1280.6607138083048   56.73276372081592    1         0.37331047078183943
-2387.9296266943074  -6532.633246181289   1         0.14100550711145307
6907.103275055863    4688.404963288547    1         20.806241320274424
-1361.9745652509132  -866.6243368678223   1         31.271129037876857
-2330.733214017179   2001.002551687894    1         0.77391757819453
2584.188841553295    -5550.838119520839   1         0.7240357381904714
-6623.085658394819   -5098.772596383924   1         1.0438799029385952
-1606.123941360283   4467.092972785168    1         0.9647569232713049
-5033.773374200413   2882.3051734018854   1         0.46865285818521196
-1596.1578963755512  -5916.8551613075215  1         0.5125293332328326
6638.442073015102    -3213.655645575722   1         0.3300949909430749
-3506.6194106842527  -5764.849273566953   1         1.1025193905104642
-3210.8448515276978  -1298.1910661793481  1         0.6741978884411771
-4788.199997167075   -5147.791577273086   1         5.596656050365553
-5212.046426507157   -6732.694364937706   1         0.7522013770789048
-3383.782759553335   221.27840157162566   1         0.1118426439028833
-5431.123711235865   84.72419344071916    1         0.9612149368264487
5452.7436826513185   3994.6245809293464   1         0.42082497524749407
4377.595879626573    3904.191391288172    1         1.0521880015769023
673.9841806200958    -5832.390625513862   1         29.922293326502302
6176.613905282899    -345.4544896515422   1         0.6117673551574725
847.1743623812249    -5002.393163537281   1         0.7812079524297165
-6468.43357530762    131.44117937185837   1         1.0618074443607781
1180.083158687582    615.0991192429375    1         0.9654832346186101
-5444.689398101794   6881.404565941252    1         0.7372293655811271
-2011.5493980640458  -3853.130419070646   1         0.8231519280129157
-5374.238400103891   4117.37190995761     1         1.208140885277164
-198.98579382905427  2165.1273452009546   1         46.858784321682556
5394.575291142656    -423.52220148368315  1         0.8923800791783922
-1757.8938456145593  1269.1154509800608   1         1.1011729036438935
-4693.579789345636   2010.8730581483314   1         0.27567350493284504
-1352.8970366422645  -5195.533266761713   1         1.0524986717299845
-5412.663796809746   757.2849525433376    1         0.4356392153337745
-5976.204491615548   -6854.733231903833   1         11.43635744720341
3137.220432882822    -5705.625314298504   1         0.9990391146448699
-4284.8776266251525  -4980.454473599785   1         1.0670131167310866
-375.1740844615803   -2696.4718970058657  1         1.2436733095939294
-5085.6138130060135  -3208.2095964855266  1         0.30860640330480715
-5934.344893965577   -3768.5525005122004  1         0.12128735457223067
-1658.48417639704    -1750.6298442887341  1         1.1305643111832988
2106.4420024585966   1309.318556176473    1         0.9277554352551644
-6816.246035270233   2199.4689146181463   1         1.1613524680262262
5412.986012855749    5572.926524712374    1         38.10173616042638
2506.6457269052503   -3715.7059660743967  1         0.9835965356424023
3940.029242524562    -623.637270847354    1         0.6897367297924982
-4117.869388819347   -3949.5164510910545  1         1.1938493569056943
3495.926381886114    1370.332633535412    1         0.4725832533598032
6037.663812806144    1872.6071871250908   1         1.2302540830893065
-181.7677515970062   1126.9328645934743   1         1.055394208666281
-1056.1270732499795  -1330.5346181999291  1         1.1019004976815419
-5613.62367196915    -1345.4356061127103  1         37.77149156891099
-5006.465055796783   1582.6239044778767   1         19.733927312340416
1500.4477963647462   2574.0518740251437   1         1.1280281363470688
2805.026277997403    6658.871011038086    1         13.113981104294668
-6458.554020495865   1831.5690161417197   1         0.28598697688499064
-5196.683572419896   -6040.5491018761495  1         0.31122635248251096
74.45596693315389    6159.852142834441    1         0.6452024349097192
-1804.7074065621293  -3140.3553496961244  1         4.078567300096972
6032.152947183929    1550.239431352594    1         0.48150171426132127
-6932.380138720792   -6212.137260075744   1         30.970802061974243
-4212.078469933757   -58.48011238163152   1         0.9028090949686142
891.8211813083681    3829.953820710568    1         0.3962761187342696
-5488.440878167163   3177.2223606824978   1         34.467625788029736
-1268.7139569113294  -4581.8276682161695  1         31.652794862593677
2430.968843338275    3963.090804171393    1         1.083165527697579
1313.4634625950323   1752.9818286058885   1         0.6473757574232547
-1503.3848991771122  2349.9596418899455   1         0.17899769710675484
-3944.359868741249   4402.9890636087075   1         0.1467663085853441
