trucks_count 4
drones_count 4
customers 100
depot 0.0 0.0
Coordinate X         Coordinate Y         Dronable Demand
6698.403388824916    -8321.804186779775   1         0.5488896151611554
-8923.573159235988   -2004.3447043280141  1         1.091711906409896
7236.928690030516    -6858.305750738753   1         0.8922791224463681
-2404.7711074328786  -7719.586658758892   1         1.0175384786069503
4486.411041836227    7450.415873691709    1         1.076191656858993
6122.989036917501    265.37533496371907   1         1.042453855962918
-5146.078323115597   5457.488487342604    1         1.204196905568642
6330.963936258686    1769.976746998855    1         0.8285830601230364
-8975.403710528193   -440.05680252466226  1         0.8334411066239268
-5256.406591445684   5402.399480420576    1         0.22175862515413344
-1419.052892606819   -3602.0120337180742  1         12.119231690322597
-5504.70397402497    -5562.545020870986   1         0.1417339569020263
-6044.978603313135   -1488.4876058728676  1         1.1116873444256463
-5144.856398599071   5629.13264451616     1         0.4786713952127034
9283.092359034634    638.7947957796323    1         0.6258832605960261
-839.954350545657    3429.1556972417716   1         0.9166912644931557
1958.1527234544792   5161.91350813033     1         0.8135171395199332
-2612.453113996784   -2349.452208560809   1         0.12754619256108238
1873.8801896388734   -9114.92037595193    1         0.35259379696040893
-97.81241532686869   -7878.637647239      1         0.5489474000757747
9025.639219770137    -3830.167036297034   1         0.5505857516078009
-8031.29046477585    -6300.098590636882   1         0.375713324097242
3014.127343298456    922.2374714440235    1         0.9420524078818776
1658.956243365718    -7411.700251528121   1         1.0807092558166576
4080.7616267563712   -6125.871588248511   1         0.41874781287469953
446.85570058414487   -4127.414097442749   1         1.0448948600588785
8908.107115417573    -1580.0219535567285  1         0.14530839506928545
3940.5834968203      4571.173898432164    1         0.5519227737902271
-6253.456466723925   -2751.7231351215087  1         0.7956717347851286
-591.6334766079314   -5113.232775943292   1         0.15730050023995726
1985.201746197887    -8308.242671405278   1         0.9956424251161158
953.1655139350927    -5982.141866226822   1         1.2422267600159218
4634.437116513601    -134.5108744451144   1         0.8670863981418334
1816.6114892613955   4471.42323695826     1         0.3419748174965922
-2497.9925105174484  -418.360085810547    1         0.6277103234966441
-7312.465905691609   -4211.703723966357   1         28.80472595706903
3726.6174241143717   -5068.234564726609   1         43.08773273884369
-7334.611440116471   -4004.3570785696884  1         13.808513030190857
-3347.0138417719495  8456.05800168065     1         1.0449288294428
3109.150091225664    9156.112703067205    1         0.8578690420020308
-9013.852431678533   -4329.11037879483    1         0.8240539457627868
3375.033008948701    -8302.066555624628   1         0.9946693491663241
-4454.626196289603   -7138.568624155025   1         1.0018049596469947
6220.575120563761    4447.548730395012    1         14.933332597112235
1167.088592699026    4590.848273506788    1         0.4165407832696365
-764.2983687196603   7443.882259337191    1         1.159890508793982
-344.2557318355266   8633.965940741193    1         1.0099278114927361
-3478.829121249959   6650.789563277752    1         0.5093370828688144
7321.751970466021    -918.2963863588483   1         1.025789695983008
5802.232667020548    -2432.8963481912756  1         0.6474146306995272
7313.5992915459565   1412.6727091290454   1         3.0586724953329023
-1929.0127966098144  -7726.8475660806935  1         0.9423693527119777
8529.659416361781    2796.772025826867    1         1.2141118719519302
286.18271164189355   7404.746659631648    1         0.14629342683376106
-3563.8657476156873  -9003.020613239612   1         1.0622647036047974
8468.163515862172    5752.8987147164935   1         1.0518086598166585
132.89274032154486   -1398.873770822389   1         0.4423322813110824
-6369.2628335413065  3228.2851613108924   1         0.6772869321318357
5139.236486899207    -5090.221665763617   1         0.45330589889866
5093.34974466971     -9186.992432605752   1         9.439603710570617
-5604.757447788179   -6916.26960713156    1         9.978400179275846
-7632.548200519066   6246.533292128812    1         19.383802095581956
-7608.400534635787   3252.994586534403    1         0.10731397187293366
-6023.760346016343   4560.0838018456125   1         0.7135388530937163
-5114.765213787657   -1949.8572229334018  1         1.094917451848047
-477.8059883514725   -8876.727011088924   1         0.5068749347606958
4527.6271433833645   8421.0603703478      1         0.965812320443884
-5264.735153081807   -1276.3662518612236  1         42.690578157641895
315.1340346897153    8895.432094730702    1         0.371277299096177
-32.76787284248077   7230.0317243629715   1         0.42927119766653055
-3847.766437082813   2052.4335584221108   1         0.23735214609072314
-6389.442387368089   8106.1814877851775   1         0.9060145442417202
9114.125017049466    -5497.109485917252   1         11.354124712585365
5532.316959862171    1301.5835526084861   1         0.9480713999564897
-9063.421589238882   -4446.596022690636   1         0.6870828199575651
-5161.079910408322   -1238.9961418776118  1         1.1118859556528213
1277.4029742855384   -8204.152024635488   1         1.2032333871001097
7718.246443921665    -1360.6476385122805  1         0.26787704479871244
4039.363433671615    6163.630396681014    1         17.79309819953787
249.63565057542385   -4751.333016702624   1         0.706208805512067
-3382.6059685576424  -8046.224496229825   1         0.7299043900458599
7261.764421231241    -1523.4008606612024  1         0.602888614128769
-5300.990955609001   -6923.432755286204   1         0.4063989331958694
-5087.89510740718    -120.51201710657844  1         0.8652505901016376
-4624.050895514198   75.50937767946743    1         0.36624180999304123
-7868.6491570823955  -4198.882876571262   1         3.496895026851762
5224.477879213307    1321.4578721897142   1         0.5463162406493173
-8950.72449822407    1800.6515451912676   1         13.184533459567934
-5041.0422601676655  2698.9393348086182   1         0.46361302789545256
-2664.493052466195   1182.096562519344    1         0.4851213199219969
3035.7398977795074   -6915.199358823376   1         1.0866002492864621
7729.6342801467645   -4331.006316306685   1         1.1866085693155877
-4885.7185106985235  4968.21734183813     1         0.43030520601232514
3204.8547839609496   6370.212982692634    1         0.7025912489075128
-2375.3839267706367  -2299.456999163286   1         0.6701494588752671
260.0812930206739    6834.176984598556    1         0.6550099263238303
7799.833391571603    3841.3295494238064   1         1.4413875988338771
6434.624986761516    4851.522263043538    1         40.71544902372456
-7939.022246005552   -976.284676988485    1         0.7319152672014286
3134.5912707623984   4162.462246572501    1         21.273139811760633
