trucks_count 5
drones_count 3
customers 52
depot 0.0 0.0
Coordinate X         Coordinate Y         Dronable Demand
-1059.745502442881   8154.554274549177    1         0.15191175893116182
-7607.048601050353   796.9715793487308    1         0.48753563734046046
-7630.022895515744   3330.2867785560106   1         0.2276266084606737
1442.2567437402993   -7065.860455671392   1         0.45767561258023004
2642.800132733196    -5480.259121743185   1         0.5040634507814972
5639.994499316949    3932.7590885009254   1         1.1962823701698317
-6132.4581209455655  8512.944850449729    1         0.274536898474248
4878.662131333304    -5243.156122983299   1         0.870125251943151
906.1976778194656    398.9430803883947    1         0.33023149463282925
2536.6409519675794   -1558.0627638429414  1         0.76719936313551
5118.197131702213    8556.582882639019    1         1.0246602697034906
-772.726589376074    -9131.688979332488   1         0.9682956360132409
-1350.6913739268941  5022.8544897526235   1         0.1610192321449292
-3825.5584671330685  10136.50387544506    1         0.2536845053108704
-1874.062266421513   -1663.2210404122036  1         1.0851739698967588
-10178.097865648731  2366.84277588069     1         11.12374972478926
-6640.757010343876   212.66474645512253   1         0.4308711868345293
-5428.629714675368   2227.343603208662    1         0.9013524561689142
-342.7414986625063   -1908.2185185442104  1         0.22577601574008543
-2123.953922191299   -3175.731918192649   1         0.7967890699079757
1698.216486142277    -1315.6583440799604  1         3.887120806805105
-7452.994091356119   -8357.901242300852   1         41.095078121664905
2668.0286919670953   7526.993999678858    1         1.4426467918778894
969.0932429671146    -1372.1195937971327  1         0.2684513944241904
7201.991594236784    -4896.276289392923   1         0.592860046524452
6157.331221698767    -8610.507362264723   1         40.673007750516966
2441.4016833687674   973.4069774180316    1         1.1918104802428737
10116.71183886827    -382.9403073254525   1         0.5230321762470443
-10665.208058163256  2057.7360541458133   1         0.8900988558520945
3002.3550487348234   9176.64509288442     1         1.2164180938946398
250.8097779424461    -3591.781268956902   1         0.2937457385995261
3549.553222371804    -6798.327123902771   1         0.9430410861651564
-8799.71865255956    -4029.3697420399785  1         1.4992447516946372
10551.867841358327   1532.7866306055594   1         1.089066241739893
2599.692556633361    5026.0973760760035   1         0.8951421297431843
3025.222769722856    -326.0163810523101   1         1.1175752387749398
-320.7713658317787   1931.7967969087647   1         0.6645757618316624
9813.125350840057    882.8356509057945    1         0.8072489284186564
-9489.448326913425   390.6730791410537    1         0.4630349703091099
-9652.906110299991   -2894.4997949616586  1         0.5794358611374871
225.22284615390708   -3951.6915059615094  1         0.1538515844858525
4157.188936038437    872.7971082531194    1         0.6830176823344589
-96.74007187768234   1714.1639245422705   1         0.7722870167060943
4308.010770771315    -6094.187174486197   1         1.0154627433187011
216.5032403644036    -9367.589913142629   1         0.239779465454346
729.4449548835637    2027.9640509773199   1         0.7095103030674647
9686.016517438258    1770.8885860298335   1         41.586292121451145
10063.921313300485   3642.910009420054    1         1.063421321262684
-299.53660767791905  -8139.86705333493    1         1.1845366416982155
-6753.304113059457   3701.9982380157635   1         0.5665706067579547
3611.5143891463063   -5931.540576750142   1         0.6498934353168833
-404.0646770636257   -9524.055924102227   1         0.46197098358680266
