trucks_count 4
drones_count 3
customers 42
depot 0.0 0.0
Coordinate X         Coordinate Y         Dronable Demand
-730.0435675437666   7019.554793273285    1         1.0043386487156847
-2868.615484118987   -7977.055602413447   1         4.831092727183228
10246.52246089741    -1979.8003962186203  1         0.3664799694526152
-9704.28674546578    3126.2737413565033   1         0.8219182592517881
-5682.782245336509   -4291.478335795664   1         0.7702860046625091
-769.8530628216159   9454.409362118116    1         25.43388971466749
-229.17176831427622  10866.072275516879   1         11.559958055288648
9298.945601544685    -11537.344426128671  1         0.7036568228090009
3711.374230667297    9609.230952190977    1         43.315173461616965
-5945.6081088830415  -5198.391400744311   1         0.3791228933999249
-273.4269445856129   768.8979000312055    1         37.42664302975882
-2912.4754525164167  -630.5424929750683   1         0.6551859240232333
-9764.321891134638   846.7560990093043    1         0.11918956961503259
1424.725750028596    914.4552574206773    1         0.40090180197302006
-4996.815505806951   -8354.47043494839    1         0.22309763991209763
166.48207661675747   -10160.014762651761  1         0.8675257575406339
-5186.19439504462    6339.830188306798    1         0.660640995946631
376.64763129306294   5282.491288884237    1         1.0322495620704486
563.4877656922621    6578.924486190551    1         0.8698988991380198
-7397.87877763465    -4285.669787752007   1         32.6832083619573
-5911.593615527586   -6612.168393593754   1         0.7588879218295838
-5074.320928261843   -7383.00503123454    1         0.6028556528715413
-8185.551771650347   4019.827857362781    1         0.2810524093975387
-7928.225905014685   6883.093449140557    1         1.0360353868788301
-3695.817569557432   7735.7619258981795   1         1.121912700092846
2925.4825048260673   3114.0897824594103   1         17.992354562997438
7613.259086968105    -4235.071296652608   1         0.4915898999467876
-5887.800769445978   -716.4370102217927   1         1.010645394062172
-2851.4655225378865  -7671.786878455119   1         0.8201175827183893
7569.796215157433    -1164.7406542955964  1         26.62929047755585
3542.535396985019    9544.405762609653    1         28.670949991001848
-7008.149243362861   -1970.2667978056336  1         29.168671516748766
-6053.537712041947   -12654.296975379379  1         41.103599279401394
-2227.8269419022     402.2896498712146    1         0.10669597599258251
2199.17041310543     -3040.698261850114   1         0.8559248932606901
9476.504982552904    2853.106601572861    1         1.1206017225933733
9067.71859355151     2452.7018820601897   1         0.6619246968275762
-8232.027508212723   1196.2189690888804   1         2.8345639270368914
-1866.4306599478937  2359.395602063963    1         0.8824351704245562
-1971.4598466892894  5375.998616078778    1         0.8281953595071481
9488.041865699968    3582.845845465047    1         0.8610400153697402
-477.11809611569333  6334.28221765938     1         0.3989778735956647
