trucks_count 3
drones_count 5
customers 70
depot 0.0 0.0
Coordinate X         Coordinate Y         Dronable Demand
5067.335980929912    3243.766682613406    1         1.097118727561824
-4662.351005163996   -9773.437715632239   1         0.991550376928636
2432.5706497159604   -8099.550147669216   1         0.12332049913870285
-9718.344795827345   765.5382788952907    1         0.3574842743707688
-5550.256312578731   -8552.127628365037   1         0.76114295248342
-4210.887916662013   -2520.525051540111   1         41.792575207125466
-6894.558881380797   789.3539431948518    1         1.1642930824659796
-5580.397314392612   947.9096997542641    1         0.7685420326307937
4147.957605318087    1576.9654555610675   1         38.10902545020357
6420.737617707738    -5174.470482249843   1         0.6677888281721547
7685.401477163464    5597.8817072976335   1         0.18270253045253315
-6459.899311901323   -1795.5611836170985  1         0.7823152205413156
-7587.424852334896   -381.1566689714772   1         18.521355322496014
-3114.070365460153   -8566.981476874385   1         0.33860148520526157
8745.299354185245    910.3909006702017    1         0.8730711870598751
-8840.955420299902   -5772.591885014495   1         1.2314941667013248
742.5999803601145    -1743.4974809222972  1         1.0674300150880758
1192.6860192500735   2905.1738720575177   1         0.8796562788478554
5414.976786553709    -5957.096596588063   1         0.6908675542038997
7045.769237022933    6334.13880356071     1         1.0638758201930802
2906.380405097742    4546.283899260674    1         0.5349847706416785
-2545.0689749497415  1698.5911473625401   1         0.20993537576776455
3437.7282219326917   -9393.216644821561   1         0.9025757600723845
4385.160149573032    -4138.357062204923   1         0.4435165608823012
8650.366870080396    -2734.2395788973095  1         46.59358929558536
-4815.075752464477   7109.779019696589    1         29.116071166861577
-2408.0089796421066  6185.242919096277    1         27.975827212875245
-100.60638507732416  8209.798571825295    1         0.4991526743076864
9789.569679658029    2192.701372980961    1         0.20938993879110945
440.9139881726975    -3881.152339421408   1         1.199141734930716
-6329.26507097749    -98.19079360205251   1         0.6234040983174236
-3337.4620824391095  -10154.908853137322  1         0.3749502976233099
4354.487410312266    2457.826573848344    1         0.8988764920306183
6287.523187616767    2171.5280623185517   1         0.4873780996734164
7225.392345703212    -6224.770191974292   1         1.0407448163871238
-3300.6307968093297  -5815.111145780808   1         0.4482361423028911
-6056.1461592312435  3656.7228737977457   1         0.6224140310252202
4188.852046498495    -7814.889629688214   1         0.37156515574794047
367.92059192492525   6442.085951369581    1         48.610244753838124
-9246.206085045707   -2453.4038749027595  1         0.4763556971087465
-2760.314280709359   -4670.680663324664   1         1.011809242245281
-7203.19547321439    -4993.5444512231215  1         0.7352614733247195
-2461.8263298191478  -4221.444111192604   1         0.38019456134977847
6722.849257207808    -5974.616922295517   1         0.5392830794814182
8833.668751321466    -1751.437149193407   1         0.5713097172418995
-1779.757474997247   -10147.801416655595  1         0.9153740301933436
-4956.884757616298   -3442.9684674891873  1         25.135629165957848
-314.29060303647066  -9157.995457345167   1         1.1644433315985097
6660.253025181136    674.3834383014437    1         0.11643401298589924
259.38425228027154   1538.5789494112942   1         0.13369461250025463
3245.058239421412    5151.317813071252    1         0.28465508216416935
-4823.296108623914   2660.8831842019845   1         0.9035581183003053
1151.0362132268672   5003.282919574715    1         1.182131441768985
4573.319061866324    605.6970327141902    1         0.23782680629132694
5456.36220854954     -1845.0372706726162  1         0.8674084172788384
4969.65852157264     131.1771469681065    1         9.832889505459375
-4142.648718669432   3774.6719762697785   1         0.7495092153605927
-2314.163140646123   77.52613466431444    1         0.8686041803874978
2761.618685996705    1778.6095905206525   1         22.407318991809262
-4438.969091048472   7238.168624608426    1         0.624904881389306
-2647.2369262393745  888.4495864310566    1         0.6024276781228548
4676.15711370405     -7443.046552275426   1         0.45758608471936757
534.6385433079429    7728.21816035948     1         0.27145819943519944
-1799.7098058570655  2558.0208308820693   1         29.937390486975396
3709.6040590558305   1842.0996943960515   1         0.4925282229420801
5471.494955539551    6178.144463595395    1         1.2454241132755142
8934.36831249509     -1964.7590113553651  1         30.875124185386326
9071.022563921071    5523.500360749025    1         28.483534566574
-4067.354479334285   -2833.582710791187   1         0.3967782937057929
-6044.460897659764   -4245.715592474921   1         1.044145757231024
