trucks_count 5
drones_count 4
customers 74
depot 0.0 0.0
Coordinate X         Coordinate Y         Dronable Demand
3565.8316255066616   -8371.54688870725    1         0.5531256118063889
-4015.7142123869216  -4640.70409950528    1         1.0677499980167278
-1201.87957993576    -6817.690409635266   1         0.16302852018458716
-1566.8991835432087  -8200.551915381227   1         1.0520046015566926
-1763.0302632216494  -9076.509920001128   1         3.873290128786847
7663.9176164869805   4950.453689016095    1         5.98799948894954
-7746.527576078799   -2826.888928682093   1         36.77119928247008
-3327.6597480987384  -6776.050769163737   1         0.9167485108339106
-3279.840239666198   -373.8025639737393   1         0.39265471260490803
-1830.6531418816812  10788.770382446652   1         0.8301547369459445
7894.909344641062    6495.031165881226    1         18.657100388286675
8108.037025092535    3087.6703452377074   1         0.5712050256427537
9313.57239150511     -2926.994866685763   1         0.42185680171703976
-4741.993323743029   6964.90609276654     1         0.42742461922742603
3542.8297093974547   8352.681028179511    1         0.8105265223417412
3301.4793820679665   -715.4938677645874   1         0.6730648843793309
-9703.05910276302    -3367.9318470762137  1         32.820456171868
-7238.461381006377   4410.027230307539    1         0.14665677311775657
8720.56202388131     -576.5555086357218   1         0.5422100230699746
-7511.682459043024   7196.155045749576    1         0.5928500481888962
1815.1303968078105   -6797.554841655722   1         0.7712268128394426
-1939.5513413431356  2391.1438261282356   1         0.30290235466904314
3650.360045649263    99.67903293562442    1         0.20101160279317642
1960.1267898096503   2285.1720297067295   1         9.895109482364544
9209.669172710024    -639.9729910228212   1         0.7713116869867245
2447.7971906176567   -6664.176823256558   1         4.9539966165565215
-5922.023472229882   1910.5098329109082   1         0.7152843466649789
-4281.455722698493   6278.261728987773    1         28.92962852153832
6751.541145608597    -1860.869985461928   1         1.244346318176605
6581.80623022431     819.7528423557133    1         1.131476927104368
3425.685257992318    2949.6536540746647   1         0.17550101602387497
-2899.8566009841725  10384.410620284569   1         14.39616627981516
-8415.616638472882   -6514.974755883721   1         1.2214610972091446
-6091.772601137437   3970.777839563805    1         0.27398922782277746
919.9229672816318    -8944.29018465746    1         0.5954313826001199
-4099.978901906205   8617.986286628742    1         32.24430938895623
4257.45092736943     -3506.1891813990014  1         1.0903586424100342
-761.1877521954148   -1452.160317724275   1         0.44734120205487826
1705.1448667202221   -11098.585056389396  1         0.6014855242557007
-8721.25366046813    6215.711910475191    1         0.3687538509053838
1450.3618435287772   6373.874594664856    1         14.541066664788083
-800.6491021330136   1047.2976697534666   1         0.45841132247900784
-1479.4581094936111  -7605.201343194827   1         1.1073341731079713
8285.71407212661     -7049.247683692268   1         0.7713158411532456
8856.924170383132    -1971.2479581032035  1         21.862740054134093
-2934.5370956151287  -60.528017096296104  1         46.62430043691583
-11251.151008811023  10958.85138577787    1         44.03008092203511
-4573.691501310953   -8581.685334086491   1         1.0294599475701094
6593.859136572204    -3810.940722043843   1         0.17175655426882971
-7923.358861730132   -5583.92625165052    1         1.1944804433438039
-3595.478369180314   -10255.95597042979   1         0.5072073091469931
6020.434843716938    -7354.291592950939   1         0.5902693375167316
9074.93666571251     -10516.469828289171  1         0.26198250648500326
1494.9964517147866   -5831.745762399124   1         37.9532858645156
-979.5322557667344   -5472.150278696134   1         1.1258188438647578
3210.10370340902     -9416.887916270996   1         41.94578249935455
9493.357067856632    -4706.9785668524855  1         0.8325732229753199
8934.499989598698    -3149.0681908966108  1         30.088511183664252
3497.8273806675825   -958.5946617911777   1         0.48434829999868
-4607.694000364816   10174.933814840908   1         21.37501563447948
2199.9674794841103   3272.549090413646    1         0.3770097465721505
9265.091357557723    5007.046010488826    1         0.8447088611674035
-1153.694787984484   6523.447367375244    1         0.6985893845335776
3482.741822573609    5108.917874684172    1         0.25413420530616126
-2321.1481887488785  10432.359335292436   1         4.289934812681356
3521.0021297889525   -368.43431647160736  1         0.6661675204675164
-5430.271146828219   505.44926901122653   1         10.339313727427607
-1676.4540600937432  6009.526553580376    1         0.9593131664509743
-3805.712095377976   4953.612213688975    1         0.6550432428995258
-7265.4535380056805  -3137.7503154083297  1         42.37049679977014
4377.044684027124    -1769.2895234405664  1         0.529041716825031
-1075.0595749165998  740.0760347424927    1         0.5893232270594415
2741.242958627156    -8032.080682156898   1         0.723553931777461
-1471.814000562722   7349.29268106902     1         37.24870278728265
