trucks_count 5
drones_count 4
customers 86
depot 0.0 0.0
Coordinate X         Coordinate Y         Dronable Demand
-2234.0659971467426  -1247.9041195512048  1         47.744398604920455
-3798.676137144044   1342.6063748761414   1         13.349772106681607
5838.023766279076    -3489.903840920892   1         0.9887868258090737
1511.9623566330795   -273.09129583840956  1         0.2877736584402885
2365.320601358537    -5743.565002681009   1         0.597019404652908
3187.62535207313     2753.7080837931376   1         4.94449533924321
6.904305276375147    -1729.0148669167215  1         10.400951854001466
4724.902851811961    -5700.424058048753   1         0.33414851404012746
1228.947104814428    -2480.539259548344   1         1.0022462437008186
5183.8908619518625   -3926.3350140753428  1         6.9065328785529685
2596.6583307261253   -822.5482245716685   1         1.0233704752977564
-4072.5028380461154  -4660.950473277212   1         0.46812000262882014
-5779.766849362415   -6420.47205227019    1         1.125786005583121
-501.7007556684178   1960.5045852661922   1         1.0505148064244405
-4218.007529075142   213.429521953492     1         1.200496893408294
5921.997469974297    -2930.649696228377   1         0.47527408145477945
2279.703819851053    -6547.307704445176   1         0.4275245145321144
5726.929484209604    6373.388963112879    1         1.1414917081899951
3326.019907200105    365.6601393868138    1         0.18059187539049426
-5045.026999715447   -2399.0041489625128  1         0.656616328286923
480.14753389338324   1257.123420538188    1         16.706165914009176
6017.439137608731    2585.7240784598807   1         0.49796848331687416
-1355.4416020919718  -6521.113105570622   1         0.38305208995393714
903.6340585131329    -2177.098497829119   1         3.5274256017043886
-4991.055006549037   -4527.225663165178   1         12.825756134614231
-1518.2492142281737  3136.498885154455    1         0.7136874353033462
-6581.808970069038   354.3627073856156    1         0.7588558094435719
6632.350681686036    -606.8631174875533   1         1.245708083079644
5606.1692880186065   -935.4118788815478   1         1.235234875954734
1618.300455625111    -4572.541881368785   1         0.8811331780758588
-6675.91114096976    -925.3724428609576   1         0.19100564918449725
-2539.314053306562   -6575.834949359955   1         20.88390939444691
1364.9005851481545   -52.294230619322136  1         0.20467232811179847
1654.9453343750215   -997.3942707290178   1         0.1532105436673275
3940.744588938822    4041.465687551594    1         0.5724244179128178
4819.489638223694    6417.2368092712395   1         0.7234412313552596
-82.09985762114478   -5209.986501885863   1         0.45352171258210694
1750.0634584601207   3273.7448751924867   1         0.7954609875582235
-1123.190822292596   -2735.2369730769233  1         0.920412349254276
3793.1310903068284   -3523.9053812007046  1         1.0206003793091638
-5624.815971222229   -3253.120872200897   1         1.0218323329113121
4753.153661596708    -1723.5976128576258  1         0.9174414036864081
1771.856864499102    -6111.620359809741   1         2.670783624904556
-2147.5707865272266  -3491.0410317976157  1         0.4657158232720362
600.664011034873     132.71953924949565   1         1.1065774332433103
-3729.060317280309   3462.412304394004    1         1.044818402137027
999.2156986606178    1972.7604830901219   1         1.0169518800834128
4939.086226979689    -1974.8592673666017  1         18.983627392758432
3731.234285321019    4961.689741570384    1         0.7263056802618577
2284.2853571082137   727.9676570300963    1         0.6476895555551401
4417.194765151438    451.77194394761045   1         19.00075572668061
-1820.1694999610827  -5088.904645770193   1         37.759123568831384
-2783.675568950267   3681.484168720823    1         0.3857814819437875
-4185.603143294588   -2283.192366349878   1         0.6568370282423185
6498.636839896782    692.1626013488395    1         0.5426936337666669
4806.344631628017    -5464.476272755724   1         0.4317064367365486
-1347.199587217521   -4340.580248124711   1         22.970494381015726
1565.1529420603988   -6513.682493342057   1         9.405743055693373
44.221786256314516   3228.8399022714593   1         41.22329156823108
-3918.644751292415   -1685.2125778824982  1         0.3428461066178587
771.4761844437494    -1650.1287092199364  1         0.9705292773734564
2464.2786553812625   -6702.468130448698   1         0.2739372135734766
-6126.347447058951   -6477.037822610138   1         28.099223521768504
3166.4662014092296   -1301.9174604446198  1         0.625501515152564
-5532.921121344535   -6731.583263357996   1         0.11525545257389053
5658.978752736771    6152.200096657902    1         1.2414756468925783
3603.341285283046    -721.2085069861823   1         0.29411797757228175
-2058.4026834914494  -6427.910706038083   1         0.9581168145736992
3165.9203819179675   -4622.4313687866825  1         0.786621928058333
682.9355276591714    -4624.332632758935   1         0.4086491754907797
1215.129384226329    -2917.8650297532376  1         0.35313164620564885
-2087.1460081292853  4901.570814724231    1         0.5682384178117373
6089.429935772371    4161.2707769099825   1         0.40416075694232945
5431.03234719421     -1809.7524175645399  1         0.8548788382281203
54.80207099967041    2515.1083856071464   1         0.7879491459985152
4742.51773563098     4075.1905161670784   1         41.120394856544465
-2372.090898890431   -1961.7025183222913  1         0.32173429507824075
-6483.047737819276   -2037.802121254476   1         38.11280111472742
216.77424540408444   5661.503048867189    1         0.6729503076364013
-4892.100780259592   -3772.198139530843   1         0.9750904683102531
3608.9021459755154   3701.67109256974     1         33.18693008704516
-5920.534405247361   -4857.261623435748   1         0.9563129453454411
1931.9987251304929   -4997.683706093754   1         0.3216147600142476
-2174.0780338300783  -5689.07667380444    1         22.037075252288215
4555.350571461234    3494.619509891264    1         0.23924089693370684
-3316.816982728098   5503.91136018951     1         0.10378582151322852
