trucks_count 4
drones_count 3
customers 73
depot 0.0 0.0
Coordinate X         Coordinate Y         Dronable Demand
-1345.308020643783   6137.175662424103    1         0.5570442272176434
-8025.855314299912   4096.479838837969    1         1.0472312041720484
-8392.22009923594    -2013.0492706369814  1         0.8832952338456508
-5416.143050690993   -6561.191181225742   1         0.9857894323255633
-10304.264406645678  2580.0214896935504   1         0.8920123859796035
-2245.3118208120873  8946.130753599526    1         1.1389601569843764
-8158.396527894967   -2085.2985622634496  1         0.7999367048026107
-336.9984928790195   -4065.5878708984296  1         0.6535291877819576
-6166.401887404948   -1533.2647425282994  1         19.17172179631672
9302.169546570414    -2986.7194949679774  1         0.3004381048342025
-7728.04997381797    4721.306581860156    1         0.8957330309214898
6325.54356904911     1039.6538779803523   1         1.1105088140055526
2443.433019073368    6353.840232634158    1         0.1113583528394275
-591.8242952385641   427.30908527157703   1         0.4781505847881513
-1159.166398364925   -1028.6397334822539  1         0.2822233093421823
-10623.992567799494  11020.542823971551   1         1.0913448696948087
2044.9317866068461   10395.640364423205   1         0.254102884711657
-6475.356640962099   -2284.172691368229   1         0.3111452134634858
4498.740739447371    -1977.1406124712896  1         0.7586860488798269
-1372.578011052272   -8000.642792558073   1         1.0181226845793931
-6353.1238417660325  6659.5351615230065   1         47.82769579257639
-2631.015068858488   8609.980251428888    1         0.9625996972810775
7406.427393527341    -2322.147670385222   1         0.4947550992827363
-3403.6085471252745  -7406.734987902939   1         40.34818852667341
9374.671840349649    1449.6313746757041   1         0.69694728147107
7230.880672183282    -4348.2970924507445  1         0.49523930387209325
6532.943646194908    9953.63317832725     1         8.998341985183943
2813.6036277600415   -530.3460284751284   1         0.5335804033839089
347.72620305037253   -10370.016504397965  1         0.9092278937687852
7871.4156732388465   894.7962723258566    1         0.5583725453927045
4307.008016253743    9529.001329530602    1         0.5533142402391126
-5903.170190102624   -7294.424268325677   1         0.8966687693826461
-3448.0531327339963  5835.131265386101    1         0.3175675225272492
-5201.912292684767   -7572.763825562025   1         0.8841251745341998
2085.819638981053    -9371.173428065533   1         30.115981853863726
8337.830517823637    -3856.289435093441   1         35.85018831830116
1254.9081469599132   -985.4276990860781   1         0.2444058778349273
3480.7517680094224   -10879.928559160118  1         13.81321167649539
-348.1108529467157   -208.72678730229242  1         1.9588173090004461
-6038.682484639642   -4846.69528999472    1         0.7341509286734663
9618.06160868942     -762.2616563603705   1         0.11313090700218384
8601.782353137092    9916.24203163535     1         0.8414108806099391
2315.169799467258    5746.112385811974    1         0.8994482782047124
-4129.065869815934   -7232.079446694133   1         26.388977580154354
-5187.060211215632   -1033.2203231625947  1         21.014950690123676
3203.0547600581185   -2231.091157895859   1         1.063445328000799
-6713.57862489239    235.3956213894468    1         1.0675903555259856
-814.8726402941026   -5514.896046269292   1         0.3654707513475699
67.75543275043114    -7506.098112536522   1         0.1742746286172641
-9238.93672403708    2377.3813364495104   1         0.4350626658053913
1269.4163682615272   577.1687123982698    1         0.31926676290995204
-7600.097363659451   5891.528468958642    1         0.8788835307312312
-5221.38909368639    6350.588968746144    1         0.6977005702075534
-658.2338121184999   10162.87044861733    1         0.4711580179218008
7133.417034720624    8003.22438588343     1         0.7546114833574457
5357.814646196318    9375.687961063844    1         0.5696380760325992
-6587.682366205849   2602.8521226226      1         0.8032602675205293
-6984.319704858809   -7440.387971432613   1         0.6747157552608347
5084.0912378198      1756.5352754369085   1         0.20222071037753048
2545.852352944883    10508.446641940885   1         1.1024237512072992
3895.9663885678547   4334.047800588747    1         0.3373179862516176
3503.984565620155    4403.746318012964    1         1.2437786344211648
3178.403032388694    5103.836984146936    1         0.8087423603134791
3803.075361263807    7836.752041266082    1         6.523762416385618
8362.435093724227    -6973.478170789597   1         1.1443047696147435
-4193.0267790656235  7884.522693657934    1         0.21522028629120696
-1498.1556998789492  -1526.7958117586859  1         0.9148951555265914
-6208.258270632197   2748.8271302636876   1         27.69537702896502
7364.031250134125    -6449.160836573229   1         0.8888885514830307
-8754.918426995268   -3505.913265262917   1         0.45520744128508706
-3066.271948120615   3705.3365461904064   1         0.7093784319677962
1973.3787152161824   -2355.205485421652   1         0.5941918068736072
8092.128598219569    1274.070682133601    1         0.37861180250625726
