trucks_count 4
drones_count 5
customers 58
depot 0.0 0.0
Coordinate X         Coordinate Y         Dronable Demand
-5801.272411603202   -6906.998901064721   1         1.1171645974969544
-482.45959537749314  3978.288877860412    1         0.514705038992452
3143.270710767259    -1068.8868941741691  1         26.449172279697713
216.4858574590944    12923.39664274577    1         34.41608200596078
1631.595976325748    3068.8826688726695   1         1.1966700256459564
4913.819074847907    9663.721620754979    1         38.69064061201475
3266.024231090407    -12655.782754909198  1         1.2055282396279399
-6011.189006965323   6812.595047987402    1         0.616344329477704
-5187.163781641442   -5832.390292939763   1         1.1904322214698007
3008.7475026855423   -5956.002348128316   1         0.6484461061374951
3114.4905038257966   2782.124219793857    1         1.217567461728141
7558.179254443404    914.2601698519735    1         0.7834128428192827
4354.042563518481    -9166.50333565735    1         0.7615412969226462
4374.013665910415    7223.915535761745    1         29.86180462367625
-2304.4112270990213  -10343.745603078212  1         0.4566801197511643
-2807.594992076927   -5186.962571176448   1         0.10537836497144948
10160.709699462135   -2415.5133040364926  1         20.151737340599507
3890.851082140401    -4166.905292712693   1         14.275950117183339
-5911.497767108247   -16629.7482176209    1         26.03687903915554
4992.9769235072035   -610.133533841914    1         0.4421825468807371
-5361.881576697564   7000.774422448475    1         0.5496321472834489
-8059.325798412604   -4273.1054372801445  1         0.4115361363555068
-1241.9957827539154  10738.104051956561   1         0.9233410068233728
-1228.8253127911087  10743.531667960393   1         0.9950419475155874
120.01684832414685   16978.463810452748   1         0.4180177917326211
3514.7363671665253   -10341.274936130618  1         0.38118372644159004
-10954.440009108901  -11216.38765084838   1         0.8798321455373528
3503.3063784457977   -5077.423181185415   1         0.6961172381742735
3916.5993474207417   -8445.580892127786   1         45.15613863724712
-6593.8522557772     8222.513376489296    1         22.883616773610377
5540.753783058976    -8644.269629770988   1         0.1636182496273067
3116.0927656522235   -6666.414777221142   1         1.0188998507350013
-9168.777169440411   -3984.194143589789   1         0.9634447514446098
5514.16898148027     -8307.837595179812   1         30.128512952384668
-6964.66518362677    -8048.17101272957    1         0.33764012510923863
10696.017057332754   1710.2095368938967   1         0.7758110543228273
-5004.125757529988   -5555.1340784318045  1         0.4981555755904584
8612.674470858492    4066.9439478965455   1         0.48966900929679236
-2134.7290918541544  1612.7601339680034   1         0.6333434215501031
-7355.48539585876    -2906.704237218733   1         0.15671745970632972
-4446.760491011238   -1551.1833800622255  1         0.7047849899315001
-1646.5759979533102  -1199.9756754115374  1         0.6020246623968019
5205.552766082907    -9009.509566471073   1         0.3515405084029658
5128.548552570313    -5206.871732105481   1         0.4561384481281081
14283.265876557958   2761.1008209373504   1         27.656739256482215
1113.2726257284726   1804.649701433719    1         0.6260391776104872
-1020.1052315440138  -9923.793472204356   1         0.5198255283909201
-868.7757593485478   -4313.53088484507    1         0.1325864491156373
14078.34343685993    -5860.744477919565   1         0.9710938125809068
1132.124879935261    9113.200366266043    1         0.7068102195158618
-12739.193536058723  -8420.362859235138   1         0.3461361937731763
340.1663135512727    5504.993162914305    1         3.2910458870441484
11864.098603473009   -13011.456880892878  1         31.318508972362444
4844.878505390716    10136.52895184707    1         21.795362069157843
8511.528885422358    10085.24244211552    1         0.12189730309190752
5656.517121771332    9106.05935049495     1         25.789332303529452
-3240.425038514741   -4087.47152371689    1         0.30498099084138214
-9847.842058941058   -10849.51881825421   1         0.22208437689471483
