trucks_count 3
drones_count 4
customers 62
depot 0.0 0.0
Coordinate X         Coordinate Y         Dronable Demand
-4798.898835636319   4062.4307098005443   1         0.4045490602009274
-1727.4453685912188  3358.3348343921816   1         0.24121221000904378
529.7764999543502    -220.60469045938996  1         0.1370345768387665
-3716.199876317766   3070.4571265734876   1         0.2844138829914948
-4793.399584117871   -3208.962692589997   1         41.82467760151268
5123.825734103073    3024.883639747905    1         14.190011517653913
-52.49836765522559   -2976.80310828332    1         0.618169549190558
-2665.7977021362153  2591.2096126827732   1         1.17348894187811
2238.972988068795    -2531.2394888131157  1         0.24221575235075116
-4629.494746911409   1234.0342226192333   1         39.57315574953127
856.997007073308     -15.685722419783154  1         0.22444322580992299
-4670.884854675638   -4228.89406311585    1         0.6238137853069432
-282.79425049682186  2164.0300445355347   1         0.9907177687308185
5538.924064018565    4579.379295172051    1         48.42726313805349
-3234.4466683900528  -5033.748650980343   1         0.5406015482417812
-665.7881851915885   4567.619485354755    1         2.9485029601287995
-366.71808843153553  2976.871494834394    1         0.29073522104528693
297.00854579614236   -5143.659134824106   1         0.7904033760400443
2741.461189908753    4732.9905647969335   1         1.040379439698032
4764.952448272465    1664.3232645978665   1         0.13081102947619563
-1601.838491323782   -2498.234004462524   1         30.96702872968759
-5268.225878421707   4493.060346826425    1         0.4934583552710893
378.33064333930486   363.2201801447762    1         40.06190583707782
-4893.218881906416   -1529.538060638508   1         1.072151512693167
-2006.8204555196382  -2160.8803756348457  1         1.13930312632879
-4109.298166035026   -3455.3568452813947  1         0.818175349250973
4548.730416786464    4101.832096205055    1         0.6659905149568751
5389.573123234129    -1790.2592748706704  1         0.21901263372627644
-476.92064404961735  4745.4504095496595   1         1.1122359937869146
-2715.06975589949    534.3203871692403    1         0.44398721336273916
-3338.803883686601   237.84148067015136   1         3.0732942375053716
-2845.26937583673    -3699.4882186707314  1         0.302483244435383
2755.83903979584     1662.1987116689818   1         1.1565494655740531
-1846.4685482141415  -2144.6229075798315  1         1.0050556312349288
-139.72734077192362  1128.6218119095913   1         0.18512672404091618
5368.851871317336    -2638.486195147692   1         0.3576971680605565
5375.887757934029    4147.203938936008    1         0.700987036240941
462.8098835566738    5494.8180289980055   1         0.8801145510014259
-1197.1195939236238  4292.815848139147    1         0.4888633335416527
-5219.491782256832   -2386.281546153084   1         0.39753412417186085
-2206.1852399619615  2544.0956863537053   1         21.989481141290245
1694.884017540807    3958.445935434865    1         1.1948740494939598
-2008.6206429401861  2092.7495199297073   1         41.80179796429006
94.03636241681943    -5142.034996414157   1         0.7712546967295465
-5126.594473415531   3157.3347856918817   1         29.352934726993524
-5496.665908393449   1615.9164605467022   1         0.47136053759940144
-3032.253486660404   3788.82100223005     1         1.1629254122079418
-3657.9727083809908  -3867.0276459781476  1         0.32490299564814107
1629.2238447855048   710.9757247306068    1         0.9328481759679874
-3325.200330533322   5038.530166051428    1         47.61272673925971
4401.050084281363    2414.1534231372116   1         1.2336331527500868
-5464.991578156598   -630.1921593117312   1         0.4612285421732536
-3323.9807973580682  4532.13431281678     1         0.4336817193682463
2254.539841720356    -805.8981834897477   1         0.8555515461849427
301.2539376906249    1378.6995403786432   1         43.23053624895192
-3997.844116036006   1180.0216399589954   1         14.082017336036316
5290.192788013872    -3047.9981269694695  1         0.8219387717727256
4176.520277857786    1928.2658024840098   1         0.5945929575642414
590.1994360041608    5441.444100590242    1         0.39513612259780273
749.7049839496044    2737.8755628838235   1         0.19300742345100547
-2286.7754325890214  4251.84492802312     1         0.766632918037768
-1502.553904316495   -636.3119865125346   1         0.822027053789757
