trucks_count 4
drones_count 6
customers 87
depot 0.0 0.0
Coordinate X         Coordinate Y         Dronable Demand
6655.460012808648    -2614.377244276898   1         0.8061952134541965
7951.4724812588365   -5947.379909514832   1         1.0044334922540958
3213.730838780811    -1183.8392085049477  1         0.7168480810527111
-1015.1093729553384  -2189.664654979469   1         0.3925690592211487
-5734.81339735949    -1542.2222799636897  1         1.0788301357085401
-1641.7674571002603  -420.1311482512721   1         0.23346399080526797
-986.6332403910377   2733.4294868139627   1         0.8772291039049915
-6759.189259077842   573.9963891024167    1         1.1454759821607483
-4097.09420030075    5888.161376350263    1         1.1717774685030273
-2864.4048509203376  9413.682500813771    1         1.2206495909195818
-6493.320379542693   2380.33410242173     1         18.853086427473745
-4745.090408769759   -9620.915053679235   1         0.3268036491628569
8942.242082041472    4457.250888742415    1         0.7295273669516171
5334.641344622913    -3642.759702633122   1         0.8739682915670112
-8984.383984781325   387.22767063730214   1         0.20275540933814007
6063.46862468685     8308.413955233349    1         0.5004922201231344
7796.186878617156    -4348.617408385409   1         0.37279485407044666
5009.59974337924     -9699.849991043984   1         0.7492170579705514
-3087.414227678033   3400.2617051959996   1         1.170932914083053
-217.89180341354762  5038.1760729368125   1         0.2941682552935948
-9112.93951819932    4618.046348747988    1         0.7723351046552355
1186.3101769959078   -10423.273865666575  1         10.233191053636402
10155.367675876354   -3746.715586921181   1         0.3034018539452141
2062.3442806637936   10016.454746774052   1         0.14180485355673694
4936.702837221222    4391.520096354963    1         0.927539196844607
5866.850252766482    -585.6627182751945   1         1.1260473974736593
8882.90058020898     -2499.2002551694727  1         0.28852130331609427
-6304.718302332283   8830.524822717798    1         0.353042735868598
6783.488796722076    -7649.678966340147   1         0.7089198276166755
1877.7335142013883   9763.937712913645    1         1.2371426713722047
5781.801203808028    2012.1620034494517   1         0.8424672048709843
-4031.0503493057076  4982.570318718847    1         36.160490228641535
-4441.576804854387   -4641.355788896266   1         16.119029335564882
-3655.9706268812533  -7730.830199075524   1         0.11040567601199332
9095.518003598883    -497.24097744100254  1         0.1729911416766886
-3880.1289078788586  -3878.722771318644   1         0.8496649116671647
-287.76395247602886  2463.2825200354073   1         1.1793379939752662
-1539.6643348402965  9723.197777220821    1         21.486084797454332
-1011.179000057117   -5335.789444356126   1         2.111114999239471
-3490.2074980817674  9754.687075297099    1         0.2890281915886732
710.5033495184977    4178.519953968887    1         0.7918133495252898
-11.400367085515457  6581.1962837835545   1         41.18261166491289
-3410.020922829267   9524.900694289132    1         1.2019035209087678
335.3463042892001    2416.8391231091923   1         0.2837595671839538
1760.0734804028418   10645.303240862602   1         6.81588263629301
10043.566349740748   935.3429320933319    1         1.1022134296510067
-95.54082603501429   -2341.510999459101   1         6.672324209218625
-5382.733318880037   9253.192594628006    1         0.8257381589899944
9183.981403708152    -8216.715316142141   1         1.073132231228516
7015.422913872866    -2116.9183525520893  1         0.8342363354279141
-2448.5871050971823  9037.244960171813    1         0.33166568971701593
3804.8553196971097   4153.424952082634    1         11.171132547932505
-1557.6171056150943  8911.359299316162    1         14.480416726625407
680.3570336800881    7830.588531404179    1         0.6245260497435086
9230.529940394259    -5764.14817201833    1         0.8286550221655554
-1789.7142247034628  9916.063557869598    1         0.6579441104676103
5914.005863496813    8490.466064093973    1         0.644089433739366
2636.7713601979726   -5089.743306137716   1         0.8781054956956709
-3436.564012655202   -8921.371586351494   1         0.6715433711717516
-2491.398627960388   9158.815999808525    1         19.707262383139145
-8376.771538155694   6687.882374029041    1         17.50950017693047
-5366.172810606784   -1081.5607937032498  1         4.89838899666156
-4579.129500661706   -5512.357008360116   1         15.42625648940713
7407.574164179036    -2008.4837892701769  1         0.1616650860034805
-5005.990493317699   -8427.216592480196   1         1.1153197323304818
1846.938713502205    7069.900513016417    1         0.963316371622596
2428.611107380497    -9041.890997807715   1         0.618136408464104
1591.089894784898    8833.1550381265      1         0.3214369807997875
-491.70656257933587  -7161.505074234229   1         0.9188276287810552
4564.2902093143275   5529.516297728223    1         0.677204903291242
3179.9217771752537   -718.875381898124    1         0.7921669171368002
-8454.372422115448   -6559.121721351598   1         1.0021236203851571
-7942.543401081475   -6013.480103699622   1         1.0411864528405956
-6267.11419477219    -3776.3861612713054  1         1.2244752721592258
-2749.693477493085   -3091.998918373234   1         16.02823701737905
1965.2808121183928   1117.8364781915282   1         0.8696793822683457
-6278.419764952368   -5845.858536586402   1         0.4082357062244344
-6117.001005931408   6436.751383621913    1         24.432616408445607
8486.306321789278    -1846.5902439063648  1         0.17232497730384966
2415.7755914168397   3331.353579081345    1         13.066270142578665
-7837.72761238763    -3217.1002690369555  1         0.1331439984024865
6223.437834154711    8062.340173856256    1         0.8702166366973728
3416.9761932896936   6409.844479061429    1         1.0272823397497153
364.38919812947097   -9514.97629848395    1         0.5053903093513316
2817.4524380261614   -1954.3553733787664  1         0.9338450220006767
-6911.626262217304   -4279.832088619424   1         0.19848213824246053
10469.534653713108   2473.708452708041    1         0.4577054436829878
