trucks_count 5
drones_count 5
customers 100
depot 0.0 0.0
Coordinate X         Coordinate Y         Dronable Demand
-3288.736560185208   3149.7446019955896   1         0.5214729193020982
16.41147919429312    5408.4839039532      1         14.507484097948648
-4186.345809130836   -8648.769781086257   1         0.30334239638544314
1985.2674447519857   5593.606970144425    1         1.0440491715985722
7987.156789809012    2266.1369767360475   1         4.972432266203834
10448.473815942722   12148.157069778641   1         43.9700658069476
12029.40845802708    3637.9337903846317   1         0.6476447470624486
4703.191098368158    -5576.288760482659   1         0.8835969368199261
7017.265264360655    -7973.453717936758   1         1.0998184654024359
-5120.7187216708535  4886.939127751549    1         1.2330546122114745
4148.359302804227    -8025.957530059155   1         1.050163835655257
5134.999224174613    -7751.344882402202   1         0.22603202339319803
705.373638425745     6284.284262422099    1         25.375206126909806
-5637.2259325702325  -4543.36408277761    1         1.0153293387477722
10211.854088234535   2715.535657751684    1         0.5980874726703026
-6066.325787216215   -7557.143102140286   1         0.4409950793514199
-3758.2788415603904  -9194.58442571262    1         0.46775473550441216
882.5838401564049    -950.345380124568    1         0.826837010954495
-4616.278461334674   -5749.65725044162    1         0.6598704379838221
7353.222279323927    -12474.427778629448  1         0.8492911814919781
-2215.4795776067162  -2800.022758776388   1         4.141285605249964
-956.8608500093716   4009.8282577659015   1         0.6701283126002061
-5933.179713122195   8527.04951302784     1         35.733663725299834
-6495.763635525302   -7948.843900724447   1         37.45689279540481
-2670.078165399945   7687.963490314521    1         1.0179965003484257
9624.185465158362    -1235.632122075965   1         0.9626157730259294
5118.737357653218    -6750.256521869881   1         0.22443499705838607
7062.825280048393    -6067.7741152751005  1         1.0976791829402162
6435.473197745835    6957.688858654377    1         0.8514861947066746
3058.1652413561496   -6814.9048869158     1         0.7211462109262068
-10505.396266676526  -1485.2202747622516  1         0.1606579677339244
12709.903036362444   -1549.6983248033885  1         1.1456563467827248
5848.361143110429    -5836.556083238871   1         8.56467387818816
8314.475461895901    440.81227500388235   1         0.4865353586480683
14251.006851148548   -13756.661536049165  1         0.4965121730661759
502.7388849202624    3857.0936353610514   1         7.196399316337374
8151.080528692587    6619.323219925492    1         0.11542614799865109
-9993.18944736692    -2944.526332250313   1         0.1583825850444353
-1287.414959175096   763.3786852124043    1         0.3387463274187533
1670.600955287658    -4920.48474708674    1         8.031035580598475
-7143.527088025364   -1370.5769995274168  1         0.17127700199653859
-8181.486266921307   5797.59866632952     1         0.3862890878600719
7738.100187781986    -2727.747942984209   1         0.1954736907948298
4455.152833251641    -2290.5503438247906  1         11.200298667227718
524.1859086909976    7047.015577836993    1         1.0607664853130168
3203.286358273319    -9542.712932848106   1         1.16756518036255
-4091.0324161636745  6256.392567958217    1         1.196851869661235
-3776.155038170493   -1519.1694265669414  1         0.15038510297583785
7059.914165082452    2324.8821948494506   1         1.2033642856930975
-4359.3273433101685  -7337.213601792796   1         0.6858009278342234
-4939.564374555189   -4562.833734254706   1         0.14135638523230015
4335.939963061302    3857.755863702948    1         1.0351613811152705
-4989.051590081906   3652.266283416587    1         0.10706240700702419
-5038.716811328268   2517.1028879738747   1         0.4256699025185139
-7960.841147324574   -1727.9323626854518  1         1.044181883778175
-57.93164572421223   8375.153481004021    1         0.22245047397700674
4908.6556002888865   -15078.795455777705  1         0.6979098426591325
-15565.901741955266  -12796.130017881735  1         0.5417470557640848
4838.475210579051    1936.6798787258836   1         1.1375840311540288
8636.554116501447    -6592.07779350975    1         0.9398609182384173
9478.300902242365    -14753.77084929477   1         0.9062432257029553
-10212.525167951871  -2182.0214639992037  1         30.411033951136176
375.9243416583292    4311.912033790215    1         0.832393233850712
130.27210754401918   -506.39923016958295  1         0.6279773340409902
2363.2375219557207   -5592.391573756471   1         0.5687747766072262
4598.0807561359425   2392.836707213246    1         0.6368170331458345
-9123.277944823432   -3908.1151885667805  1         1.1344664221607899
1782.0383030165794   -2060.16621761639    1         0.3878974512336433
-2387.28383190418    -8603.46837092306    1         0.7703767500681272
-6802.665035285396   -2047.4380751144668  1         1.110254698215391
-5655.660660897968   -3773.2732592032617  1         0.18055663287499696
2470.6267161968517   -10080.635704337723  1         0.30832301456446576
-3652.6862600291875  -8496.713123920132   1         0.2754408245328774
8775.349255159868    9577.919436034423    1         48.68560840953854
16495.750466515812   -14553.603798495758  1         0.9222822966080707
3407.924384790328    -6441.704646354589   1         19.243685295694682
7551.190933154717    -635.9315521402294   1         0.9628143402493861
-366.13318381246614  2592.0185401747754   1         0.1991147675907181
2452.366377150577    7155.988764237504    1         0.41301128603120085
2834.9829874863854   -4495.96957893338    1         0.6110187831825591
9348.781403461564    -3553.763524856195   1         0.21325028166698473
4596.9236092213505   3338.559596701907    1         0.10174063912982242
5643.660580008362    -5564.834955849303   1         1.1165803001907038
-681.4406555697522   9642.571411625679    1         38.11030816626143
-7057.501055726143   -5781.117150716114   1         0.2696902430646674
-6946.562147807128   4848.3697744883      1         25.428772933948515
4343.538760208202    -7021.41167520316    1         1.0670390274935968
-9484.8241461009     7002.228927527049    1         23.569678780040917
2934.3821745552814   -1063.9941666437626  1         39.28209105118969
-341.00397657336947  -7444.612388284256   1         0.3940162772086193
5595.828605755987    -6523.036034524892   1         0.37438379525761334
11841.478049988258   -559.2938772366033   1         0.5523552604996197
-3599.9964279748533  10273.024757399642   1         0.6854784341058692
-166.19208334062165  -9784.423043509967   1         0.6130057676203299
6487.60009541925     -3539.5816596548666  1         1.2146000429935486
5232.162189842439    7752.38887363149     1         1.1657052880007248
4204.265582512441    -8399.868340754325   1         0.6103373391939807
-1230.7619718663207  -650.0264408550224   1         0.107287417730867
-121.78839894844427  -10565.489334637037  1         0.9633921830172582
-4030.5940672118268  -8348.170320120473   1         0.4755412011621839
