trucks_count 6
drones_count 5
customers 96
depot 0.0 0.0
Coordinate X         Coordinate Y         Dronable Demand
5539.761330165759    982.5091744382838    1         4.203889027676829
-5499.4271726863635  354.31112464370665   1         0.7208450246333058
-8399.161272903288   -876.2364013026382   1         1.0802834125025325
6247.496035715472    -4017.549866745037   1         0.2333567285101578
8043.351831478506    -6542.3598046760435  1         8.49418452486364
4326.213849744906    -7449.293936753627   1         0.8926314805452547
-4153.7018779671225  -916.7646077229933   1         5.214524476724265
-1161.5116017180426  -7672.394425114145   1         4.365569265066588
2203.5490873659887   -5166.496604942865   1         28.1025203138623
6718.134857368959    -7026.359431688361   1         32.058959791163474
-2352.8120456405213  17033.836192378338   1         45.22647942186861
-12794.621723849968  12741.010739254616   1         0.14621211221071062
-5430.632361716409   -5821.2253424953     1         0.23628762974417397
-10396.278872762436  -3300.6761431900604  1         0.9944141858233899
-6512.183408959076   -9249.38279196203    1         21.526905111583524
-1891.3313847772724  -2980.087275242034   1         0.27433038366433304
4281.980883371079    -8811.412743644707   1         0.8033273205645295
8170.408555759637    5406.518860631118    1         6.884353989557827
-3108.167874090616   9028.733289744863    1         1.2456266779771312
-2755.406329116229   1052.5432157150071   1         0.5226131791471176
-3150.6740947878698  -625.8398541426723   1         0.5739785654493518
-3594.502854644256   8799.809879511648    1         0.7570091048846483
-3726.880078062958   -8586.897233325266   1         0.1572874663943072
2343.30309955356     -6863.904609971092   1         6.66367213512463
2782.178201287373    5266.648808317538    1         0.869690332791473
-6287.4727362514695  -6830.680193070877   1         1.2378551700285436
-8077.498458230065   -2489.40186010489    1         0.3603576501546377
-5371.978610326815   -8935.557107307535   1         0.33312555451803494
-5709.245242715557   5889.117531077471    1         0.766081395633453
9098.533648803226    1042.3790070605246   1         0.8506381796278217
-7891.201610692619   2284.7532458610945   1         0.6734819087110039
-9015.29245353213    859.4644061447472    1         0.8436707106569333
-557.7457876205335   6451.293561347228    1         0.25678030435937815
-3734.6362327625766  9916.083621074484    1         0.12562739812226126
-4978.54901264924    1514.8995277648448   1         0.7064796002379901
-15307.380166845103  -8414.79497685702    1         1.086854552644041
6714.714694790955    -5064.19165596185    1         0.6277975195482917
4528.425806895756    6215.884725163803    1         1.0038385208689362
306.15714962005967   -8555.757728617946   1         40.553550607130205
-5531.082277467781   -4693.386414616593   1         1.1985837994428579
997.0814670387844    -7036.915446266902   1         1.2433210165454995
-4310.626513809738   2243.3625175171633   1         0.9587374758497044
-827.6973428002233   -2322.4422040870218  1         0.20380376959675023
1307.7832683340898   -2771.078615789488   1         0.35650011965639206
4418.083046612771    -9078.37726912152    1         0.42344739176635393
-7826.7487641703765  4029.8218389060758   1         45.76173142894143
-8318.350303467074   -1782.3756741454745  1         0.6236093820577521
6152.640146215228    1945.8484647480416   1         35.79149919119683
-16492.73791878933   -9054.486867397945   1         0.8870330975493202
8875.826868168897    1891.3398100772667   1         0.4377846284255621
1810.527622056542    3170.8352888841737   1         1.0085719879986828
-1333.0265885196688  9505.10380005191     1         0.9327276642872335
1597.9189247129627   -4598.405591140503   1         40.81447117223479
5492.177287522441    1938.540318429374    1         0.8476722808271868
10095.327254490434   -935.7415595741982   1         0.7071036544644279
-14945.446099247982  8915.25114965193     1         1.2352873467841805
9430.324558917784    -2836.021373783151   1         0.603231630441057
-4249.312504457706   -9233.740302808172   1         1.1056435575767436
-4437.442428225807   645.2886822587268    1         0.3733605189978342
-13834.475463017166  14741.99132730977    1         42.48912751990664
2991.1425403703447   7329.731641448816    1         28.936238369458277
6953.949697667827    -417.6391038307706   1         1.083243863097014
7923.409387726973    -1035.6219972059746  1         0.9906955030743958
-2861.9962001621034  1735.9375890810386   1         1.136526046348753
9204.89633990485     -2118.306097401851   1         0.8852824787257904
-1061.0147308197022  -1367.0722883242677  1         0.8111610288750561
-7627.870467287641   5665.233735776281    1         28.232905077767544
8499.346271044873    10172.878067587568   1         0.11912492885912793
7670.5639070544385   1821.2996103860228   1         0.8440582206786824
2192.620789453698    5758.751265723894    1         38.40057611313293
-2086.0487918903664  5073.444486213186    1         1.1172081758135632
-5697.6522729890285  -5908.604910433614   1         0.31141245919543853
5618.025839334088    -14960.413977315111  1         0.2323959427379586
-713.1713445557148   10595.10821149025    1         0.7682906733950396
3950.1274501483367   -362.51060494272696  1         1.2113089826662333
-6264.791774686088   4759.484142673609    1         1.0204337357693714
-5379.139278306263   4835.329300312773    1         1.0678126515994557
-9688.6151240754     -124.3684692629684   1         0.8447999428226978
3496.7708573645714   -4321.143646843988   1         0.8664495905065474
-847.7410268323952   9808.93395198101     1         4.1538904322531
-7417.750084123069   -4588.678925692031   1         0.4355703049327543
-2303.241606923514   5707.961933521486    1         0.6143371779648055
-881.6786527359341   9198.947466507476    1         24.897483786076858
7353.407291262338    4555.026454820078    1         1.2221341396764327
-6773.759953777523   -2198.994703069142   1         1.1277036146650106
2231.87049120172     -3771.7805930597187  1         1.0647661337701873
-6334.6925974734395  4753.435974494748    1         1.0484833900507182
-10984.279496325616  -16172.532660121644  1         25.153574427933123
-14136.76403547366   3862.8716104169143   1         0.9213681767907255
-3368.401277249068   -480.6797665076564   1         1.0436437972537784
7401.572761475651    7059.336526329868    1         6.412101123679014
-5367.536826638174   -2710.5933004258236  1         0.4894362122349879
8155.570794651427    -3311.8662899197366  1         0.8677061996747476
-384.2410637079754   4545.160776213925    1         0.38092736370575386
909.9931601438366    -3924.4366483268204  1         11.723194772771217
-2460.0660896022546  6919.516691067039    1         0.6921436881429696
