trucks_count 3
drones_count 2
customers 39
depot 0.0 0.0
Coordinate X         Coordinate Y         Dronable Demand
8659.906859642939    -6112.183645508381   1         0.4249444316767086
3666.5550951411897   4950.609164671314    1         25.865778288134226
-5570.873158830401   8964.276451682419    1         1.0101087845832215
9294.377630533349    -4940.222576787567   1         0.19768276702958598
1116.5943956641333   8101.924571254046    1         0.6925828892651655
-9308.582260962377   2143.996826862885    1         0.9953124364767003
7775.755155817576    1437.5622928408575   1         0.18397988169097368
-6328.776896892667   -7207.202364042056   1         0.8573458509927626
638.6428790493514    4086.5615940242437   1         39.22089327750891
1693.2044589680086   4004.5596316095402   1         18.765648076544576
-107.89412418376362  8245.342049580413    1         1.0417643847333413
6894.05062245574     879.8163893023858    1         1.0443471370265125
-10361.98514750774   -10884.39131032652   1         5.789958260035602
-9052.137359338436   1124.2923241653189   1         0.36223650751000214
10493.884508143303   -11005.536926272896  1         7.895327994407132
-1854.9454095070816  2886.6562396341114   1         0.7758046952405899
-1269.1949629008927  -5442.063052647917   1         1.1509045061086511
2497.60082751962     9446.031456466008    1         0.5502016844907515
6413.501253688962    -848.151019041474    1         0.9424125080250262
-2860.586519783779   4942.4527890334675   1         0.4643333555898066
-2321.4575734385785  -7271.290410744936   1         0.5381725025764318
317.17980542128663   1721.377901870658    1         11.815878526686566
8544.509843630258    -6881.759142531526   1         1.2010192087112248
1029.451889661314    8963.408100317249    1         1.0073385965505615
-7736.724442188637   6175.694307946855    1         1.0693618588878593
4704.2399873161985   7601.878558392352    1         0.47409230541121006
-5178.4845685205355  5865.311632790574    1         1.1460862002784202
4759.303162591886    -4718.288481193361   1         0.669442775522733
4997.140473205217    8939.535761150655    1         1.0575994666679802
-380.28226934812767  4857.756052520448    1         0.920138762084497
-4339.142000659568   -4989.7814076121385  1         26.271737116091955
-7112.3632352024     -5076.875133688184   1         0.9199682602213924
5404.245735170769    -3086.117386903829   1         17.11825366210273
7245.068189358764    4038.95938643266     1         0.9861205263817296
-7846.43515213849    -5344.578925223586   1         0.2165298766197144
-7198.579829477915   1582.7100676254584   1         0.4272298481524873
-7500.2163360318655  -2650.804643051118   1         0.5420979907464533
-270.93593595037134  -1878.2653554082772  1         1.241102552887102
-6730.767474339307   1439.7490042738461   1         0.5743667288978715
