trucks_count 6
drones_count 6
customers 100
depot 0.0 0.0
Coordinate X         Coordinate Y         Dronable Demand
2318.1278832856915   18974.663003403097   1         0.2547341926826253
14969.312564653235   18905.29701030891    1         1.193070643458919
-3836.2021601584142  9550.663713330603    1         0.7381142075752702
-8044.147044549184   3340.8622288075862   1         1.0639877517199416
-5454.3984885569     6656.675231980492    1         13.2236285751342
-4140.617131561197   -9104.389045469867   1         0.6463789397308705
1651.5658567025082   -1002.9113243000722  1         45.83355568941751
3374.80532074263     1318.1128223196242   1         0.6152547331197745
-5679.10397748428    -4468.033948863855   1         0.4311237608490761
9470.46054444673     1629.3643285385149   1         0.6116804712163513
3318.189521192498    -9207.7927772123     1         0.25099339740595866
-742.9045652529528   -2423.2337627091742  1         0.3119101465704255
-591.719393372161    -259.1808836091732   1         0.26752726928088993
-924.0461538722373   -6899.262768299706   1         1.0954116633496918
-549.3416996913011   4737.2519891434695   1         0.7058737327013346
1848.7936688824368   -287.444326841415    1         1.1805293534777097
3521.778931760819    -5087.739740295763   1         1.19532647517248
4250.219000594392    7784.655055792358    1         0.2408691853992435
-7557.149694187942   7220.712693718878    1         0.9386499652606969
5393.596915699515    8466.73978994427     1         0.5147502417356464
-18102.60257408247   -7280.137342429258   1         48.34164965314624
-3702.3174630227504  -9209.90753398571    1         0.7236902579776207
-7419.029597620649   -1486.8975245198887  1         0.9262611421669757
878.0451586826556    -4637.578946349535   1         0.17429687233347455
10258.46498566788    439.1502315222391    1         1.1848157822776033
3263.250174835389    -6835.607027692787   1         0.1663256741633879
5552.737415922656    -8460.531543745601   1         0.8469257067913307
-1431.3646575904413  280.67325286510675   1         0.729193988636116
226.37028726784047   -4204.949412190061   1         16.786136326593276
-3389.681406096605   6831.728931275325    1         0.17606644176812417
-9267.149557592298   -171.9215256657846   1         0.47717010060818743
-3890.9748558559468  671.6842578447039    1         0.10039576677337846
-770.0972543949109   -9279.856378466204   1         0.35175770619534463
3280.0106925611067   7840.208974027461    1         23.77821841062902
-8820.17692284161    -389.06556368689434  1         0.6959522087856297
34.81118145510639    4553.484197660182    1         0.9189205895797664
-235.47424761009427  10305.324974458807   1         0.9382173922047229
-2578.296336525491   -6469.498664361456   1         0.8635524656999236
-5919.893665502721   -7302.539356455907   1         0.31419252293028144
-8371.450166570517   1139.5525822958987   1         0.16340592342106197
-600.6784342362238   -54.80734422433848   1         0.924503949465283
-1985.5411658619844  -5186.999943644516   1         0.8213234803536817
-9781.001411196989   -710.2366737924568   1         1.025166533003106
2428.361984194177    4012.7672274785155   1         0.41771130748453944
18065.55079611796    -331.80137844647834  1         6.221339830594853
19595.866807889972   1849.056273924809    1         0.6825731833947732
-1939.088162840874   -3979.8855483333327  1         1.08795520192919
-19595.435271654605  5266.980864120735    1         47.68798384659088
8364.613230236602    4319.50922703388     1         44.59562842829486
285.0536089731346    -7878.661203341294   1         0.8247026893332208
900.0672194732872    974.5339008495082    1         0.986728429243889
16035.211879479713   11007.564004876327   1         41.98798241472533
7127.983561870505    6970.487997586227    1         0.2317118167772643
-9379.27017923862    2596.4968808247454   1         0.7327598604406204
-6685.14167227562    -9288.411059828277   1         38.29130870398717
-4632.2453074359855  3214.6994665179222   1         0.9728140925146971
-9158.93790012536    -4387.758005286145   1         37.987098418208916
2843.295498014081    -32.3393299104168    1         1.1858179162625224
1075.6655350645335   -315.04709399031486  1         0.3196171362450352
9133.084073084538    4890.630026766007    1         0.6956420833006898
133.82593382269624   9449.134975532044    1         5.721279261622381
-2643.364692852771   -3587.4597153965938  1         0.11814644533847721
411.05220777640307   -9839.335074184539   1         0.3897447505650774
17557.37568707999    19346.73821497937    1         9.601286048624017
6265.976140129881    -1138.4322756148717  1         0.9384312754309561
-14498.057811689312  -5296.300762579809   1         1.1092939898443945
10043.18010981416    2426.927121492744    1         1.1823904817876418
18857.750973619688   15485.352656562762   1         25.61468698955985
3610.2552666245356   -2475.654287212686   1         1.1489595185115675
-1826.5231749584225  -912.7151534613934   1         1.0974189767718527
-17745.507466531773  -9777.877472184204   1         33.390405627856154
-8848.301739734703   -3244.107161361413   1         0.952535782863351
12526.91927557296    16874.358318606544   1         0.7725123310071359
-2180.996448452741   9724.53534121436     1         0.12532352123622992
-8972.217534649868   2458.746734150646    1         14.340128007460432
-8457.017767190571   5460.361697138964    1         0.14788361721913257
-7563.9116976455925  6155.802117353754    1         0.652235717849277
1537.6611259539714   -17378.659909834063  1         38.112145065437794
856.5058198488318    10375.902556082267   1         0.2367838470283572
1253.773548055068    -6628.3798586878465  1         0.3095548513214925
-8632.124249730128   -10004.40465192444   1         15.204549125068725
-3280.9078256430143  -2860.463732631662   1         0.9850297341917733
11360.591849149376   -7517.955231274358   1         0.8693021775605475
-38.95261921195561   11638.848087052811   1         29.201895483823463
-7643.343185662033   -4933.367824701084   1         0.731379665617661
7992.410281871628    -5260.060116064293   1         18.78490114118403
8250.699865486344    -4406.821783409828   1         38.291470890809464
8248.417455982419    6948.0311825303825   1         0.793076101164181
7139.396047902632    3314.1309621109554   1         3.303594075808089
-5584.707425150595   -7630.950014833757   1         41.56379158127304
3207.2125500268367   1581.1514294473577   1         0.16780578967803936
4664.204419373074    447.23075695667444   1         29.67574772257905
5203.660371293845    -4721.636147064082   1         1.0015152968090797
-8370.487529009997   1612.8561349863203   1         1.1102329945757807
9577.031565920504    -3738.4667406034614  1         1.1676418449958592
-6070.5575693961755  -8287.396062347992   1         1.0626685722189748
3909.9384280249587   -5428.081944721333   1         0.11668329912393617
6396.261798659537    -1529.1310999972673  1         0.7550531818020044
582.327563818213     6574.7068992020795   1         0.8099768946235497
-5565.466428425164   -7412.687527721929   1         0.15968684210266432
