trucks_count 5
drones_count 5
customers 100
depot 0.0 0.0
Coordinate X         Coordinate Y         Dronable Demand
-295.90984906052654  -4123.33011432807    1         0.8654984922999517
1530.7279203075386   3853.1186100542795   1         0.9642896576690397
-1344.8593209491746  -4557.003945396133   1         0.9220710113479321
1422.2618908341553   114.4398513694367    1         0.23845594516067387
-1770.5496891723437  2863.480217524275    1         0.49560073900624935
-2362.9816355592725  -4975.910998689453   1         16.259701683741515
-2584.5868270046058  4237.6568181445255   1         8.717008897128004
-492.3227352787432   -2331.7617607226725  1         23.09793294721144
1027.3478285442527   -3388.798314128779   1         0.933981738547781
-4184.385188522733   -2138.6930733226     1         0.10448544402613369
-2901.4611554617486  5137.009070098284    1         0.2973609443875186
-5309.941884613614   -3282.9761640480306  1         0.344664146706546
2135.2341890044045   1571.2613072348722   1         0.5718673359817986
2915.077813580014    -2325.723181632393   1         1.2397259751150693
1328.368979914169    5555.842500710801    1         0.7472868093789
348.87282643706544   793.1119159484739    1         0.7700169121302426
4927.206005016869    4931.135037672406    1         0.7970007291320881
-1750.392884364736   256.46854249549136   1         11.681129661741027
5426.509478247251    -5295.355928988291   1         36.27693313426228
2846.3112770606976   2931.507038728539    1         0.8862357538923916
446.19528385987576   1354.8447731761325   1         1.2112695559101065
4050.4973904501717   -1881.8459452243221  1         0.9210673353360871
737.9799831683824    4508.604898490597    1         27.579848851578113
3504.961710867061    -1969.567413860113   1         0.7264154229748967
4209.501654136482    -234.38868319853628  1         0.7551877082013028
-5149.787008883658   982.063400188939     1         0.13132201051614908
-503.4330776884294   -5175.437563041154   1         6.427918447438744
-3716.4717186675553  283.8076184514949    1         0.5838593987941761
-1648.1608625975828  -2443.979652598064   1         0.7511746375339853
5554.975110669768    -4993.0497381813375  1         0.5202298232357276
-1503.7063898372035  -1112.5218559803288  1         0.5600283239839242
3094.334697059651    -4215.103044980744   1         0.4602257251461548
3374.4117817277993   5379.904376117675    1         13.490639010150304
2027.9045063600593   -1401.0780756723295  1         2.7891115444143137
1919.4191512616858   1821.9637335897182   1         0.41121971367041743
-2.4317743034213315  -4742.099987327328   1         1.0664420096744576
3374.1340643699937   2922.6746072760225   1         0.46553213438361696
-1190.6133726242028  -4914.802568242939   1         9.35661428107864
-1194.8407131142164  3045.603333694204    1         0.500656987629667
-5603.289902771727   -2346.5568238356173  1         0.3454295840905147
-1051.4033538389594  -4005.2840438536905  1         0.46490412138920145
-4379.86146782955    -1967.777336547469   1         0.4360975834720322
1914.737273371123    -4221.206058012861   1         0.15856569689376343
3717.262942934492    4120.211706952838    1         0.6709336464652633
-4501.2837971614745  1996.0726386985832   1         0.5586700599891895
-4086.8250371409654  4479.356484717037    1         0.589742749449795
2529.480940086865    -5582.295455666011   1         0.6219072771036902
-1793.689305716413   -4088.4712662356264  1         0.8597879355714252
-2104.2781366830277  3016.1466889409244   1         0.8726399953062003
-2284.4376610116806  -1835.532175359383   1         0.13320096248465782
1929.4739286740187   1941.1602855385536   1         5.447407654685274
1031.5034299238882   -5083.3656778081295  1         0.16993608836773222
-3536.6960574235995  3859.2652670830116   1         0.4167662629660792
-818.434952587711    1571.1198617380894   1         0.9382732780006195
5241.291062307337    -5208.929519655712   1         0.8575387952690536
1471.9061983686397   1061.3215284602356   1         0.837363242286291
-3561.900571291531   -3102.9332380041274  1         0.8329851788882103
3544.722352112907    -4744.674451351944   1         0.34845148844918217
-3184.038971312821   3769.091585417745    1         34.2520451428464
1677.5560179391668   -1582.734927146246   1         0.18365329087929358
-5407.67242939847    -2102.358926287802   1         0.8132985621245432
-5614.015244321986   -4724.685362164449   1         1.2295977750176856
3791.5763731287348   -2331.836289506245   1         1.1640408789017045
2053.216177589945    3921.845905963089    1         0.6361508162052893
-160.62988268653297  -5613.450341654622   1         0.24874246898895241
2527.294233558778    998.347107478316     1         0.43717076171790115
1687.8728457424413   1654.2687624424207   1         0.7249589812705202
-638.6680598408518   -2497.3692860431884  1         0.30496470691245803
-4107.791067364676   5593.036246114551    1         42.9337621805417
5014.782131376358    -406.51784486576526  1         0.15126827351020222
2440.7928736905296   4068.5006155213287   1         40.098040607605775
5077.775359935468    4088.341639089086    1         0.1639074118811892
-2609.359692720195   -2052.782489060263   1         0.8428990884098881
-5376.927461730719   5628.741360931214    1         0.8341505750506174
30.944223211117787   2413.811763896134    1         1.128950812038643
1714.7923808099385   -5521.8300958801265  1         1.5768173391731026
1276.029206074201    -1184.1148745854157  1         1.1436488784623169
-2561.6102238365293  1762.0917202576518   1         0.48798200906103906
903.7323700185415    -1494.9278430797233  1         30.492508800684927
5455.808466623745    -964.3592795412255   1         0.6423371451521934
3103.660442403814    -1250.6515574402845  1         0.8854093028108688
-614.5270078662081   -2439.3665398705893  1         1.1398552924714402
2669.6328254965065   2360.306748379091    1         0.11426088087316176
2629.763260353213    690.2941180791058    1         0.4772510079529191
3228.7025653280807   3266.135373227163    1         0.2515913817045406
-666.8922475302533   -2570.8317646999117  1         1.0372568716777941
1675.5263703075796   3756.852293415643    1         0.7302954191015867
-1536.4088169334586  -1818.3673941784834  1         20.64631994557202
2040.8889334216044   5240.078502242182    1         0.13708208505366642
387.2889662969019    2122.1735985391306   1         0.861475022051866
3120.8624090091125   3199.789163138832    1         42.88948755592331
-4671.858633277579   -1832.0137828980667  1         0.2367353267826309
2029.3508225675578   5233.46723826928     1         13.286454053774188
-375.789449582608    700.8842543472872    1         0.29623889901353095
-4825.453254954873   -1127.7351968351995  1         0.6373512724076154
2234.304735483594    2110.93721367282     1         0.9999296601361121
-4051.698644486402   -5018.586826961175   1         0.3561570026344729
556.683917211677     2191.199953127515    1         0.4179982149767518
-4809.376756824887   -683.6514339931309   1         0.29237341242080994
3480.9638746274986   -4639.656519077408   1         0.7839435985746344
