trucks_count 5
drones_count 5
customers 96
depot 0.0 0.0
Coordinate X         Coordinate Y         Dronable Demand
-115.17334620111377  -5369.506563423064   1         0.6918214530179507
4449.137753515945    -3725.3002216948576  1         0.1090819894492937
-5323.337794428884   7800.91247417482     1         1.1661860941351856
1736.593751279706    9689.074737763542    1         20.278153662782234
-11185.567154617505  -4765.195077392684   1         36.435941230131945
3126.924622143726    -10599.154127343356  1         0.22941916812053015
2313.5913118446415   2059.942493773379    1         0.977441704001461
967.757613327171     5393.307194182502    1         30.900454949289298
5723.086016978334    8059.9598352779785   1         0.7626673681998875
-5890.451413474786   3022.7078606240157   1         1.1189760631867265
4590.768893111747    3917.9303793907243   1         16.86957385134963
-49.88139464276078   1871.6811125741917   1         0.31968720636251147
-7681.0267978353495  -4744.968320842505   1         1.1564094330368777
1264.1596953466576   -2977.1485313701382  1         0.40438554367714574
-3133.204800449669   1888.0845453916006   1         0.2315449038668634
-977.0253646054281   4921.966458612977    1         0.709947841839154
1069.6438149175506   -2192.8393384203023  1         0.44417145196459673
7106.788758219128    4943.947640940108    1         30.18717251337084
1042.6208292465435   8351.42487653114     1         0.10148185174427979
-4863.9247732198155  1890.2305129372817   1         0.8707279203601619
4767.336381715707    6198.724747132625    1         0.5420706444565303
2189.509034699193    -5400.8512051684875  1         1.1875052138528244
7668.248364601852    6932.741089107774    1         23.808603301349436
2827.439454731989    10010.868828383154   1         1.063036832006286
7887.580761238494    4243.844270920627    1         0.22993038064805707
3715.165229497281    2264.8987995319058   1         0.8174135279057815
2920.9443023987187   3622.81644378962     1         0.5551135641325261
1299.1873170329127   2817.028395912941    1         0.5701309084451505
-1006.6270836862611  3568.844396892089    1         0.2884624505345552
-615.7584769568859   -6865.495443265449   1         1.1511835929043712
-3407.455165342051   2640.375232556476    1         0.5687836431586302
-5169.22546339811    2361.4186119096835   1         16.795970095268096
1197.3154107171813   9756.71525109121     1         26.3101508751843
6954.587818942791    -1882.1117990457778  1         0.2949351270057252
7148.0130425000825   -1863.7785477416603  1         0.5791465777352705
5472.106752044688    5292.1239920387015   1         0.7890716855281351
8273.700546766559    5589.951577681957    1         0.253116180254809
1934.2614345202844   3265.532152566426    1         0.7077005959284699
1133.2662351805564   -8499.403870265991   1         38.782235652694034
2393.7979343968336   -1558.12799879036    1         1.1920499290989728
3231.7707711272437   72.33846966904231    1         1.0276834105566974
-2302.6140794846815  -4247.305457991835   1         1.0556724801973354
10105.59565342342    3471.218675420032    1         19.157874474145082
-339.62768076585985  -9830.999920228069   1         0.5838574613022554
7516.944974790269    4531.042754451914    1         0.9637108113127341
4552.662606311187    11308.72055547182    1         48.42290091970042
-158.34961844785127  -4461.882571279286   1         0.459814558444129
-9231.989371405287   3226.5407883180683   1         1.2277062752327765
432.6846644331372    6901.293728893654    1         0.25682013392409225
1701.5317594038843   -1813.3824529375452  1         26.361302051006216
-1747.9920954829388  -8651.349373564884   1         0.23198131388993037
-3918.2675891135077  -7082.603599372747   1         39.33835775617193
9410.776545319271    -5351.532480885055   1         0.4469400391522004
2830.0957382869396   3182.7388617111483   1         1.211604995754303
399.012236495922     9945.78934564666     1         0.8119922963095703
5755.184901544943    6931.284064088649    1         10.657760633300718
2837.1621846662492   4032.000855431712    1         9.023460922955563
-8500.56596296633    3201.3773779860503   1         1.0893805681059208
1888.358924777273    7748.866438875617    1         0.6749534134909846
-1247.3099130549665  -8135.600792790764   1         1.219582740240797
-1209.2119720814626  10317.01551586928    1         1.1188344599312403
5632.494081601605    5675.640795921883    1         0.3489336766693836
749.4911997624515    10349.950797811265   1         0.13065389559810003
-6447.932363638032   5556.9189350019515   1         1.170307100320002
-8318.164192613109   -5114.317343174333   1         1.2126148177784921
-1100.1530823953592  -9092.11453573675    1         0.29318967049501665
8449.040550119626    5823.590400480849    1         0.6730454118492337
-9396.333455762991   3427.3497508194127   1         0.7050231975997576
-1097.0531559387728  9919.415195690224    1         4.4234014395960495
9519.560215656578    -3224.0885521514538  1         0.27178246126910627
-10161.011823425799  -2368.4329027477434  1         0.305638309747854
2010.7050393258544   9569.874422648527    1         0.2650540099205459
-8280.714077393812   -5413.988006026077   1         37.62722200972119
-27.347184272914156  259.9925400920563    1         0.5286003482755594
-8911.308706466138   -3713.720405567905   1         0.1327668312154699
3660.0332579584483   4373.514900408621    1         0.20833856870971257
-2315.4181673984167  -5915.637869515857   1         0.6344572162822888
453.74575991287224   9863.308934904475    1         5.281451821407222
2369.953125776017    -7466.271565864735   1         0.6194592163072515
813.6054174832074    4104.809079387718    1         0.5300728779269812
2893.41729064038     3533.2357313665852   1         0.5161920947733605
1771.3172471407236   -1463.6270736372917  1         19.232176815452554
1854.338729152963    -2120.8163008302886  1         0.8233765186029656
-5050.153417371176   7142.910885810293    1         23.175685323971738
-7377.893439669434   2086.9974257105696   1         0.5510477907889749
2618.6872225157827   -4983.434640644422   1         0.8732543164287304
3700.6702809866338   6206.089573145275    1         0.42035781386504756
5394.577497001404    -3763.4579607554933  1         15.80157169394971
-1671.2510100385593  -10241.031744126985  1         0.4371447114251531
-10204.97885759603   -1120.870444496133   1         0.6013511761065292
4163.879679668283    3225.6686456337857   1         0.10472695582530746
-3323.1171076308983  -3487.1321681288514  1         0.36731315588133584
-11083.29899267677   1248.820956815689    1         1.123091966487306
-3497.310969577262   -12078.978766319327  1         0.5472821650575165
2320.0996808811233   -796.3701098546277   1         9.388016995456509
-359.0398700564493   4217.683984433557    1         1.0490001340736947
