trucks_count 2
drones_count 3
customers 28
depot 0.0 0.0
Coordinate X         Coordinate Y         Dronable Demand
-3258.8234462452538  3067.7895643175843   1         0.917631872248182
-817.8236083396494   1554.5304406690614   1         0.3725655353915388
-2633.3213429770044  -6564.962467764676   1         1.1452436335296086
-1467.3785224676603  689.3197235773019    1         0.9489660924496263
7041.198890047686    3488.5833297345334   1         22.724669355530978
-924.4973432586011   8386.106743064738    1         0.6499436217077852
15246.985956038723   -9802.625539379142   1         0.9344294107480889
-4486.5728527109     -3266.816606658649   1         0.6520163418990533
7370.507110114714    -6837.913128254522   1         0.12864492433375327
-9690.570553702626   -1713.6902051613258  1         0.35949503155857265
-373.75613192660484  6124.8932453648      1         0.7789725252375893
3615.446717448189    -7038.704836877321   1         1.086565028180305
7287.751812697934    5250.138463058545    1         40.148787960610406
6619.675520620258    3045.88593686313     1         19.033996703224233
-9270.333942202424   -4353.848290284447   1         11.174266440047473
-5847.944442677904   2051.2004782079707   1         0.6628250858765221
1827.566211573697    -4234.245137650582   1         22.878290023238534
2172.7351272815276   -646.2242598770619   1         0.6242584767289241
-8787.367698484495   -6927.624852935072   1         0.2268433657706374
-5511.203587373088   -2513.246679802218   1         9.704677935067062
-3954.1993120281327  1002.0837877488344   1         0.6851665957760142
13407.049591641644   -17297.328724520685  1         0.6660641031754911
6324.21663898938     -3000.843786919787   1         35.411454967149126
-4328.293222902859   -17117.59501168187   1         34.42400662217677
8067.913627628485    -681.4929901253662   1         0.933684084988603
-346.2254253182286   -622.3220451325672   1         0.8404424753022275
-2686.625179483317   4747.604568312698    1         0.24492200585710888
-4090.576770538749   710.3281957601727    1         1.1613063432140471
