trucks_count 4
drones_count 5
customers 98
depot 0.0 0.0
Coordinate X         Coordinate Y         Dronable Demand
9336.707616107335    -3457.076115435353   1         0.7406958605352744
-191.87845784088083  -6808.8578258709385  1         1.5777600171383206
-10396.548999373714  -12050.334786760548  1         9.56752925123903
-8764.102010815091   3598.373485598141    1         0.17153706473388214
5278.011515010513    4383.290750079555    1         1.1611485623275446
-9719.15199235641    -4332.206318950453   1         0.44619481137246875
-13238.237574761984  14111.395188223065   1         45.40569109150654
806.9278945650736    -10037.384801817816  1         0.5176211773063122
-10880.546669659696  3661.288681048147    1         22.571616600845815
5958.53368542831     4513.133094481885    1         0.6578859202527155
-643.6929672386177   14152.902186888758   1         10.822215100589165
-2988.66265297228    6315.661806100137    1         1.2045333476013715
4521.496821107982    2936.3590418602066   1         13.51152759696273
45.371765664771374   3138.0196076903085   1         0.4655551994110828
-2347.5852706677415  -7761.343257164247   1         1.2371104041888619
-340.56179369256347  -3168.827800083183   1         1.1302273023058211
-2456.2490475549057  -776.9800672100213   1         0.8373562233217441
9699.835193551715    -3557.3167500593377  1         27.69989465334799
6535.639101096789    414.9423862570329    1         0.5931372343009909
-360.15640722418937  6857.636461898112    1         0.41492287533369976
-590.806572411805    -430.38784326031833  1         0.9221542876329283
-6841.966245521802   10.084632780069192   1         0.6376696609644036
2698.00260246092     3607.023890206836    1         1.0836814349189543
-1480.7032806375646  9301.61554053629     1         1.174803139909561
-11586.069955728937  -4957.368309473966   1         26.744303634482225
-103.00266553021781  2530.3035459571747   1         29.28491508897192
5291.799613248044    6891.9564253259405   1         0.6925197943511626
-3882.9819461671027  8887.747633734452    1         41.389138395076124
-7038.231244201404   -3860.9533964371035  1         1.0430018011822626
2287.3072481948725   -5515.118731664059   1         0.9527681047383041
4240.530710371643    -1388.9825399890499  1         0.3670382594569407
-3265.4379145018447  -14221.76664298451   1         6.958051399984477
-5030.058527311094   -9398.475458951667   1         0.7165141519059453
7018.509418548635    4418.233220773443    1         0.5872088108856289
8954.26424170936     -1473.821745771191   1         0.4133524250432926
1690.7055447251955   -8123.874067312137   1         0.463672365824933
9847.956901577225    -5588.116610655905   1         1.124890828784054
-317.07964627906625  8161.58378734651     1         0.6976079612802479
8078.523873845561    1644.2780630641917   1         0.6610898210579118
-4905.5017313683275  3951.7188108848977   1         2.5167388299498508
-1083.1594630650877  -5938.4302343616155  1         1.2143600766288285
126.08071101210159   8061.218570764524    1         1.0717707026936212
-16714.170916615927  -7951.67639258097    1         0.4193552208445521
7236.965547200167    -2592.359608673662   1         0.4312314360921271
-3655.8903938928793  8045.237956044153    1         25.564877092669633
-7623.2036369464495  -4719.260914697801   1         0.9766155664889435
-3209.105238360193   5683.23912027573     1         0.11070393905846412
-9101.195030921295   -2355.2815935241415  1         0.7516658717510489
7182.547265510656    231.05681018355884   1         0.47983676018937815
-1407.0948295789215  -3148.7916168101165  1         1.2060045974149969
3401.897592152172    -6341.698356320358   1         0.6861658979603317
-6831.86895221391    -7087.091517851139   1         0.3016231926295022
-5474.340488114199   -2996.8024515243205  1         40.305786163578006
7490.538592735844    -7789.205003656512   1         0.36582047753340663
5703.468826482715    -4060.1008683097994  1         0.704334140405523
-8020.458276155847   -2537.772577060959   1         0.1538275637554101
9573.939089408417    -1981.0444716395846  1         0.9985127715572997
10308.61700665544    1722.6398319731607   1         0.4957218353102275
-2923.0916793451725  -6246.917254929152   1         26.568071783187264
2826.8830367519836   1761.6784954487348   1         30.0833099099238
5109.682542400449    -12209.076889743998  1         19.375146273604134
10882.357451426027   -811.8066366856851   1         0.42909573572210546
7850.064098729258    3579.2133286688595   1         0.9165190347817417
-2125.9573068948193  -13957.910993612091  1         0.24470598436410576
2245.9460675037117   4500.064979372411    1         23.657759411349975
-3021.3359870187164  5757.561682441615    1         1.075461181505795
-290.15147952693707  5682.6566857878215   1         1.223949944836943
945.9411576954716    -9002.763527483386   1         27.844165763356813
-5031.447026530478   2014.978752108934    1         0.4144988476694186
5028.717748296556    13805.22451988066    1         0.21494448637702826
-5579.321175215933   3416.3435115128223   1         34.90260407199305
-1266.8090416242194  2620.012960701981    1         0.8836542005744021
-228.77483624889467  1687.5186825621795   1         1.0922382333873015
-5792.902541088124   5560.090643393508    1         0.7521076627705116
691.8811918616793    -9070.02791091356    1         0.27573492983243214
12229.137767376938   15012.511542403645   1         3.8278141234146834
12713.574157153977   10794.089017086058   1         0.6787676920593863
-7430.060133360072   1221.2217184335316   1         1.233161221411132
-2598.399370386618   -577.2141874340422   1         0.6701550103905293
-2664.27897706907    3168.7136029172707   1         0.6281338144560683
-198.00710401966307  -1204.4484816665383  1         1.1433272777029684
9494.959419048126    2190.750247220601    1         41.10635076221412
3154.440471996911    -7232.448130975745   1         1.1231286407149856
455.8933198881761    3483.6985969456728   1         0.6349953307481601
3708.658312779092    -6931.345801419131   1         33.591427030610255
2154.284177494166    7298.36084909922     1         1.2320179729538103
-7717.111909951382   4685.141319204832    1         0.5382358079496139
-8213.190957907464   -2467.90589583454    1         0.10112303653412566
-1522.7319121569199  -11486.546392932782  1         34.414085204257226
-16390.14311241471   17097.64643523485    1         22.71814543043898
17023.80761522417    -673.803524928655    1         0.9865415289306895
7048.356160011682    5152.995624874147    1         0.5376272983689441
-6705.630569856765   7762.047401493208    1         46.238831616753494
1254.209692242057    16000.389868577644   1         2.215337170827591
488.70629337561695   -5360.467389192609   1         0.43318008713189804
-844.2775105828141   7384.444580867028    1         0.9369774788316207
-10100.833860019622  -2540.6089920181075  1         15.922887721788493
6486.650209015654    3001.9318483764437   1         1.1971285586219205
