trucks_count 5
drones_count 5
customers 78
depot 0.0 0.0
Coordinate X         Coordinate Y         Dronable Demand
3184.7613651742085   -7146.155728791846   1         1.2435623337405042
3829.7078820453253   -4421.671539888295   1         47.266805877922906
1466.2653215160433   -596.6235084030326   1         0.7902130022556404
6781.702158662263    4590.136310404577    1         1.0253581613832508
4570.062880127003    8591.645362612064    1         0.2687538151838968
-8880.200125451953   5970.626791138071    1         0.86500807761614
-2225.3781917385295  -5502.351724166861   1         0.8954007874229486
3535.517482915069    7516.883023124574    1         1.150341614989507
3782.9761126007743   9373.053737621525    1         0.3434526720771483
2506.668507148429    6029.656421873338    1         0.384024697440155
8028.594733699385    -8612.681350454293   1         38.84804786466336
-6379.78727944302    866.4385118893441    1         0.9319577739473013
-1384.983363017851   -1344.3802298284227  1         0.2787223939388159
2461.168064678201    -6710.843975194364   1         0.5695917356820015
7488.016360956919    -2002.3678283434813  1         0.70479124529916
-2697.421956393192   -3064.995844233228   1         0.1079984127465155
8384.132229823625    4543.126649120726    1         0.4286315099357104
-7445.245438694467   -6409.511462589158   1         35.19905708227315
-6185.524203620739   151.5937978359229    1         0.13258470250790413
7244.368867612822    -2187.761641428615   1         1.2118739508895444
-7262.6919925638595  9040.482795689404    1         0.975289148245991
-1334.0693553150213  8217.416014876675    1         14.58462155637604
-7442.067247099908   6620.887574109956    1         0.8057587650163599
-3848.529179288518   844.4964485190461    1         12.148385673179337
987.7253804432631    -4380.9438682676355  1         1.0510875322931252
-7111.288264172177   -7230.667904393732   1         0.3814372540060511
-1631.2450953872979  -5846.009131851354   1         27.007007788128877
-9202.14766204616    -2018.9918632022582  1         0.5431113303426855
-3491.814134539129   3602.595685832136    1         0.592939795671455
-6381.073601627568   1583.157391006471    1         0.5106459806529755
7454.307188474559    -4002.1228307590973  1         24.7042459183873
-4540.732704618246   7217.08262810047     1         0.5433422230122845
4973.954834008529    -2342.0144204642647  1         0.8182709301337496
2619.265252227911    -1530.8192817058975  1         1.0181855886696425
7167.6586060113195   -1957.3326475865945  1         0.749308178026448
535.9203608158549    -1890.311603023198   1         0.22657417513602832
5998.881087542952    -8973.08088309745    1         1.054177245212688
4006.0625410942034   5649.284501262534    1         0.43600678921218505
2726.925946390136    753.7997990020317    1         10.10089763906954
7877.298070529915    2711.225218121213    1         0.21686581899941135
-1224.4028075604638  678.7871091244069    1         0.8662199506698244
8733.11605602625     -2258.569584354733   1         0.20606719722151293
7208.988574923508    7781.935760253341    1         0.8434505204239726
-1711.580385853835   -4418.1805379465     1         0.7168501226864729
8134.702665143306    -6685.4735887164825  1         39.94805522894157
7686.179893715553    7343.280062674572    1         0.8664084690525201
-7784.541589187577   -955.4448459206615   1         0.9017328949580254
2446.58904208818     -4825.200326178109   1         0.43203162301377773
1530.2269243023884   2840.3700433641898   1         0.8333125387810916
-2033.4613364174306  -6292.1736347900305  1         0.42924460406338893
7196.510570337117    -6575.806512028015   1         11.575112174623822
1509.382012986721    6764.403748357838    1         1.1987287138201768
6771.686317444957    -8165.745488342761   1         0.43659077479794284
-7373.902611833976   6483.8949348553815   1         0.3632592244866901
-2271.293315535283   -6883.07933532692    1         0.3963531954829259
-5309.130224083569   -5995.0473987571     1         0.5749042604092003
-1812.7306547195763  -4918.736819744977   1         1.0429391288127556
-4700.004190458192   3003.099646196021    1         2.5912709614307943
4438.334329714791    2411.252348395508    1         0.39880092838535297
6927.713871633637    -6431.925850037797   1         0.5928327737169374
-4235.338227351506   3160.517020918372    1         0.3193650118759864
129.9272162532994    -8146.947102531412   1         9.383341202152689
8210.775908121286    1674.1747903345806   1         0.6977531589650191
-3298.7327187945366  -7271.9718476407725  1         0.2315641848115167
-5673.470134763052   9071.184586164425    1         0.9851458797123993
6544.50627612832     2417.637796095035    1         0.9906497153747932
7172.116516212371    3473.45693682263     1         0.6453046103226622
-798.5552696654786   4530.8058124596055   1         1.1640646422824523
4857.806398911509    -6049.76428750358    1         0.2800274021610796
-3656.4151394970013  7582.124208388806    1         0.7958629297694881
6369.956568868241    -2179.034679083486   1         1.0695531777819276
455.9903888693425    -3769.5387749485344  1         22.52594336813063
-2174.2310485661687  -2164.0247802872655  1         0.6992248192318447
7502.141707298611    -2648.5452787531804  1         0.9058482327600721
2888.229718277656    -395.68438606271866  1         0.901360276522068
7787.091127482333    -3572.2256995023313  1         1.0095725436403766
-3156.9544700881456  -7722.238195033188   1         1.1875797734351137
-3687.9977186545266  6241.864746657377    1         38.46088504736901
