trucks_count 2
drones_count 3
customers 20
depot 0.0 0.0
Coordinate X         Coordinate Y         Dronable Demand
2138.4519671086173   139.72939529870558   1         0.4006007717397094
-4898.568655819984   105.02165966314105   1         1.0571222953672563
-4886.656254151443   4470.816464993446    1         2.102326956005803
3101.4782847936326   -3603.4420732646768  1         25.338735785694844
1178.1101960126202   -2024.6929886111766  1         0.1753206862075179
299.5414806305116    -2347.6419869292286  1         1.1005622280769474
-2595.4160869578172  -4976.253868851855   1         0.7430683071394529
1962.5389187007893   -4357.193374692189   1         0.5216678560158146
-4742.422501127953   3441.7015211518324   1         18.33851182895413
6795.164452159687    -4133.578149861781   1         0.7764331219280033
-6817.492378344957   4134.635848538915    1         0.5401285139993913
-3733.307364007835   5777.100643993075    1         0.8284918980980311
6526.339206881311    -3946.778781098977   1         1.0827860195959478
-6692.30537014953    -3599.2863562560547  1         0.7885478050620319
-5303.283502662474   -6189.735184697043   1         0.673549812085091
-5327.339102868424   -1236.0213590616754  1         0.427963289152286
-6495.290138469211   5886.9255783325125   1         0.8179224516984318
753.9984992056974    -6689.689204738646   1         1.0504061907515663
3645.6300034666874   -1462.4574989709893  1         6.268794500456292
2876.010288959376    -3560.045403904345   1         9.785077532939658
