trucks_count 5
drones_count 5
customers 100
depot 0.0 0.0
Coordinate X         Coordinate Y         Dronable Demand
-3337.487760426816   463.57060854327824   1         1.0150974071707517
138.6333457493088    -1100.6988952325676  1         1.033471838629724
2909.6142974069116   -3814.0207082548895  1         0.7102643421249953
1265.6038712416578   4907.011331918237    1         0.4197256692924456
-4697.678487091912   -598.620090065962    1         0.320142385383415
-5172.941508663965   -3883.217192004239   1         40.088747254305716
1484.2549785422843   9828.202784382684    1         0.5128082483273098
3155.9786881873483   -6400.129173997632   1         0.5989784459741152
-7315.785693986138   1754.7992764490293   1         1.2432396020831298
2345.232683389322    -3749.548973497296   1         18.861056862860156
-4720.139832153269   6960.190206172149    1         0.13345068077103625
8574.93071973508     1642.4442256135171   1         0.980065191662513
-3231.4409986717483  4223.459676382514    1         0.38864467714253703
-5072.9903420558785  -2380.440860471136   1         0.6582089680473593
-1981.4988144114288  683.3892190281541    1         48.489714941778914
-9256.473880826523   -1881.7492175874786  1         9.720355055829225
7547.771350698782    3160.135377828443    1         0.42045792187113806
-6450.478876838033   3415.441761265134    1         0.48747468958949036
2128.9094034592163   -1235.9811087900343  1         0.3328076635446824
7129.634446976435    -484.68318585609234  1         0.21874264677790822
-4827.796184400683   -7452.86744994537    1         0.6562466886717857
3592.417433363282    5530.150231562864    1         0.7426132668494383
-9779.917988329991   376.6537159760235    1         0.42153052512002265
-7172.923005537298   -3869.5268005015887  1         0.17603328036273072
3451.1649584695447   -5621.371789833378   1         5.351058886695713
5067.149141120649    -945.677042945802    1         0.2881967504353215
2725.470566956026    -1212.7270649489967  1         0.5741986844797461
-7515.2645231954575  -5819.881754919459   1         17.19270004860108
-8847.498011552783   5658.502016940762    1         40.11824475089831
3035.6769834863726   -10200.386579071524  1         0.2062989691143603
-5670.530099693772   -5930.013996620349   1         1.1873714189825462
10955.586524793118   -6222.718043845163   1         38.6524346893591
-3023.10388836128    5434.586244919893    1         28.979311801454372
3091.6072268691623   8475.625624715894    1         0.2421389719717794
-6176.9323737977375  -1990.0363195448215  1         0.4555144509498489
-4565.010397520822   -3096.032721631178   1         1.0638446159980555
4675.642132376577    2915.130481829801    1         0.21928436979223537
-4360.835788047861   6250.406652678619    1         0.824531512449062
2987.8454634553236   -7482.061193416601   1         1.1476770912449434
-3923.3573671549757  -2842.0778349319944  1         0.14068079656315177
-4222.156382531253   -7211.811894211044   1         0.4564334250903982
-1447.4451877779557  6139.907630713438    1         29.625386228471488
3581.3974732817405   -2553.225496028361   1         1.008826939371298
9191.321219337684    5291.430181479293    1         0.8297022481828032
-351.198934659848    -10564.246541988674  1         0.4594278262455589
-1998.2510886287575  -10568.679590283622  1         0.9465757127302787
2326.2523267330794   -9162.22390273405    1         8.143616536705984
6265.714666397914    5988.565113070611    1         0.9339059263385885
1772.3273968185067   -5442.225559398983   1         0.9669547150372473
-2731.37355678333    -3813.898845350661   1         41.168683018487314
-7807.669978766366   -4772.142253184904   1         0.4578050494993715
3190.686274382949    1683.682316448536    1         0.6335685377150658
367.5096318340089    4920.228332046882    1         43.074008533043084
-1858.9912085050687  -1018.2100973867276  1         0.9486726557040575
-2244.3059486537986  4502.840442722676    1         0.9709730645141645
-5132.992588217521   -2846.1780604790847  1         0.8644740885357214
7198.412768039245    -1020.2711725308443  1         0.42228264410732264
-10908.306385678288  157.4533206795998    1         0.18919247375615422
-9424.101002801164   -1765.1580745863607  1         0.4365164150268236
9318.832369267702    4995.721140355164    1         1.1459898102590338
1632.1931144780835   10150.953120740869   1         0.7086981237741102
-3719.678114106823   4344.386562436731    1         0.981401526150355
8816.303469087336    -3339.9575686427515  1         0.6624709968564428
9996.65771249601     -6610.238569866799   1         24.630043628451926
5451.552879407593    -563.8952141730812   1         0.918191757203008
4913.53481819271     6447.893216153015    1         0.5496102260917898
2519.7900631289426   -5581.1894097171125  1         1.2014334358018104
-7242.769515214858   -3242.19474371177    1         1.1609503427705181
-3424.531267608197   10014.426136268192   1         0.1015272405260317
-6749.679066726227   -874.839533483845    1         0.3908256416735886
-1517.0549812245577  6216.703216674044    1         0.2880357549689203
3438.4024254709      -1417.2520939225528  1         0.3332903182635182
3375.8002888782594   -5582.879777202006   1         0.39893450795024266
-2217.0661112766684  3218.948038236016    1         2.745045376152098
7196.278331067415    6826.618361240057    1         14.302108545337271
4321.655989264136    3517.36427548778     1         1.2354183485593293
-8035.462834352287   -3846.5931897981677  1         1.1821184523005646
-4831.839371751276   1244.7791757275595   1         0.9934742191364345
-7431.328729544427   6550.175052639362    1         0.8352883339172682
3171.9973413342987   -6911.276160303782   1         24.551797760736374
-360.9956574894158   -4296.352558023976   1         0.9175598461709992
1163.068846000497    6505.3820147474835   1         0.24500919811580218
-2941.6327802130763  5196.271410713327    1         1.1868581998753256
6111.20461501549     1635.3420572025964   1         0.20435063075705523
6264.482264600707    7784.797882061028    1         34.77746500012198
1228.3375148147552   -4927.517047077563   1         0.8171115180388768
5600.443550183751    -6085.1778780761115  1         43.1637071348223
-8999.620494422166   -2129.835496854042   1         0.29303368108059347
4870.195453726552    -5209.851593025019   1         0.6746031786635134
2728.9917496217568   -2860.344044705505   1         0.8775361436074592
-826.1431140575212   -1925.8113936346601  1         0.2421935069755767
6051.213513585264    4591.362286236289    1         40.194408555543774
-7453.753395494432   -5249.644865628157   1         38.25548433053924
5305.549193104225    -917.6485997007894   1         14.773299329297478
-10298.992999688682  -2700.050734934526   1         1.105639376495881
5068.691833289704    -2101.9708921301603  1         39.605910152428315
-10810.410251604937  -480.0782309750105   1         20.678351694827118
-4290.711214785162   -4550.391113819595   1         1.1682367067446504
9055.303578066783    -968.914240994141    1         1.234034408936486
2154.1771368554064   4843.702389844915    1         0.6752154223501089
