trucks_count 4
drones_count 3
customers 65
depot 0.0 0.0
Coordinate X         Coordinate Y         Dronable Demand
3780.2730011833705   -3937.125112858041   1         1.2189228708665878
7385.682298376624    7585.097535779283    1         0.9595162817991916
-7897.357052327248   5101.51972138544     1         0.2461042279494086
6496.517079508692    3080.1728004978395   1         0.15131006479834186
6136.587341597984    3635.7399966380062   1         0.40208213593839703
-7763.555547687063   2858.8523554359053   1         24.49120431399101
-14368.306246140657  -10079.108728707648  1         30.45738916849558
2573.2273824225167   1891.0404273160907   1         0.9291628577287915
15798.001376864304   -11753.42047300977   1         34.994911291188735
-3003.1742942487517  6551.609448228609    1         0.5389826537912664
-759.4703407452196   3580.8558697357544   1         0.758831251954994
4059.7034251353725   -6368.355376147014   1         0.8481351864509066
-1995.636144086956   1781.0693990176385   1         47.47432598267033
-3530.946084612238   -9195.595833771788   1         0.10933798682279558
1224.1260232000702   -1437.4730450358693  1         1.1958188131497127
7469.042247883848    6255.310891396843    1         0.23322465128408268
13026.421847946887   -13113.27075297509   1         21.20076118231193
-16767.948332296695  7558.453472690449    1         7.3779106840013275
-12.03738159362183   11161.423174419964   1         0.5368145567596307
5021.770104552527    8183.088010382375    1         0.8382980346818626
115.71683047218295   -8574.414735708375   1         0.6225692000956591
-7386.841046640457   -5016.615916157894   1         0.4396540717400257
-6816.056085386819   9839.793832066756    1         0.6278327355043262
-2318.698656334877   -6803.634596256113   1         0.5660773661998173
-11819.533999923431  9453.215733034278    1         23.107439978260526
-254.5002097194026   4481.172847910454    1         0.7752443071828607
-1075.5430732345612  -9100.679545567586   1         0.8612106333482945
10183.909964605351   2640.317464914345    1         0.6253321773923554
-3002.5522449060145  7690.212604257945    1         0.9269149366732096
2980.998134245314    -3065.841217398769   1         0.5100052528077711
3198.9338301160833   5376.803548549303    1         40.33449437402304
-2234.9181594804554  -6679.577797941444   1         0.5161456734214187
7391.799268399857    5583.814364157496    1         0.8196200318149317
-9806.767541482512   -4416.393308171305   1         0.7713049153424731
-8962.10927729247    3032.3206677371827   1         0.9208014791158582
-8765.416776666238   4689.065133067695    1         17.379895003217186
-10196.49361993827   -2802.0821097403805  1         0.69449372110966
-8282.479972227513   -3766.3441437609554  1         0.31868356168621603
663.5685589644819    7178.693277714149    1         44.728443423275216
-4877.909421513351   -5810.2473772455505  1         37.14683239812379
2939.9416674750355   -5725.845019351207   1         1.026381277639667
-626.385614566291    -8543.737538647076   1         0.11863703390697485
3565.6635569850864   -3400.5675190826337  1         0.19793999558106373
1194.6789411913044   -2588.625504823148   1         0.8152245081832266
-4776.407407395394   -3033.464490595982   1         0.7698617651567242
7666.325534701548    3570.5888396598507   1         25.598452560590633
-7920.669931985177   -4822.044708533094   1         0.8471577107382389
-1719.926912027846   15459.415040514046   1         12.754965532887718
4166.601607594044    2849.0231293913976   1         0.23725927539280567
3695.929111184787    4170.751895938127    1         0.7721622759778287
8094.588365857769    4790.236561274049    1         0.35157426917493106
2652.4482069953146   -6533.461086929162   1         0.16614595349700806
-1477.9547365304581  3313.2719579077025   1         0.12493751180304014
3407.9112940189443   -9546.66283734201    1         1.2329007267434628
-3235.2440012050624  5015.560237182913    1         0.7026102254533062
7355.423331976456    3976.6839943515292   1         1.1294439485331693
3805.751119160231    3315.0637066001577   1         0.5635217584577339
671.6836193687676    3074.569642468787    1         0.22423268418459574
845.0581362787452    -12449.444108565134  1         0.26163421216009886
4697.561234750588    -3778.8339631812396  1         0.2521909688430497
7453.20493985588     7408.238322711492    1         1.0313493618158032
3096.3104764162      1498.76544272519     1         0.22029340373546474
-2601.4695903923193  7833.944921879658    1         0.3476588244423087
3971.346509939704    -9218.121082377542   1         0.4891089392615098
934.6740039123596    505.10510790088006   1         34.67232576691365
