trucks_count 4
drones_count 6
customers 87
depot 0.0 0.0
Coordinate X         Coordinate Y         Dronable Demand
1516.5938435414287   9658.184508272701    1         0.20752645260945723
5125.67910059946     6283.339057690417    1         12.719829842241834
1825.0444651996927   -2100.4766959473523  1         1.1469824798770758
-8286.354004134635   -4568.767912593856   1         1.2290144274187587
7584.670074726213    639.6168171545162    1         7.073935720195962
-1219.0795267876983  -6887.176048036692   1         0.9960194721065974
4991.687629717237    -542.9858129021994   1         0.4059607569704774
3224.892490207954    2524.8756806150254   1         0.9851693973373792
-3037.436062465148   441.2297477157643    1         35.01814201725501
1464.3058790613413   1611.0695164670044   1         1.0016354973185049
-824.6999879104857   -7290.490872952844   1         0.6316406087591486
600.881696604631     -67.99581255873395   1         0.6134758124080378
-3783.4871032119686  -4834.420049416247   1         43.698533470705435
-2921.700207054625   -9419.596044472843   1         0.6835989811873273
4817.10177215544     7306.423509743795    1         1.0073363671862134
1082.4503455328356   -124.20741882673549  1         13.49623983412029
-6550.220730855094   8013.040424283705    1         0.5423710987361652
9309.273913306555    -398.56726130632705  1         0.9806498507061822
2642.305057625451    -9079.230671235926   1         1.2217120391780856
1535.9166683756182   -9301.561746234385   1         18.76282959652699
2823.1681265473417   12777.46147033354    1         42.65960211927506
-3124.9610228610736  380.1566325405377    1         17.58190970430516
-8297.849940444723   -6241.834418565309   1         28.715373037912958
-66.4299032093079    4237.430286542265    1         0.46766671909166724
7236.576832320902    -6992.853527266915   1         1.2102965610605163
-7170.826319010256   -4710.2044339211125  1         0.2703577515082246
-7480.478457092008   669.9662778240746    1         0.7663209550202074
-8899.011544109611   6380.10538006088     1         44.434143417860355
1071.345857705844    -821.2905461185803   1         4.890313843852086
59.515598725120206   -9289.598772412139   1         0.20105781593360322
6526.512718467082    -5960.219142630269   1         0.46319587411984187
8281.490719254401    12248.440352665119   1         1.1261713614354607
8097.6354450737845   -7093.323889852635   1         0.7821373914126855
-5298.921796929795   -4320.2597174342345  1         0.5881632118990855
-5347.176808765939   -2109.61577506956    1         6.488485965813411
-1980.6512395497093  -2251.9695707717638  1         1.1061336156228594
4063.1539877023856   -8140.014275468738   1         0.7679326352599742
3674.073143743935    -1171.6178305132119  1         1.0535561365547097
2375.1642049834545   1704.0229446001879   1         0.832290087779083
3687.3914879332774   -9194.614854683203   1         42.725983366056894
-312.68552995670757  2731.879046074913    1         0.46476766855297424
6902.754313984428    -8479.21505211874    1         31.97779832158999
39.44763611391796    -9089.34647329137    1         31.969810109491718
1514.3129777228844   4485.800482062613    1         1.0727171668510442
-3618.1370854136503  -996.6235608872469   1         0.7406460706453519
-272.832904130924    4902.603397178488    1         1.20072569232287
7165.57249003291     4211.361182370637    1         0.8717339283934405
-9740.90014010021    6731.0443216153035   1         1.2104285094147647
3749.864410795712    -37.54214005007022   1         0.9433054787929137
841.2207045428835    4944.642088625692    1         0.6063280366781566
-5093.310714163475   438.6868257699791    1         0.35721096601148994
-8619.354168640657   957.3706998920359    1         45.83983357070444
4805.686935420252    9665.562470723537    1         1.0263565574554885
1563.893504483713    2042.5953546932985   1         0.10431699218889326
8001.690828513611    -3361.2848389559535  1         0.16015344226681813
8862.31373116882     -385.9814889008179   1         0.9268653096676631
493.27235565803676   11667.04537268023    1         0.6520909130184195
-12888.386402167005  2916.7184716478296   1         0.19418576010029834
3973.9144770880025   3787.644799776397    1         0.4257388238423998
-1894.3943179021405  9248.69529841109     1         0.9580195197525803
-9939.79568462778    -5149.96723836886    1         21.846355894218732
-6461.260453635808   1525.910891819281    1         0.25388846646488783
-7563.980654305275   6606.408776677796    1         0.40961953403964335
-2584.0068434466157  9978.643326585949    1         0.13405875798399638
-10149.545359351852  -73.19748174788609   1         1.0000812162647605
-12508.111646241254  -12855.559957919533  1         48.26766341868884
9594.03610448842     -3248.9300561984023  1         0.12362510278559194
1664.2619855284784   -3411.8596901676533  1         0.4386217175875954
5205.721907705545    -12492.259278916992  1         1.213149990751144
8161.781000108301    4828.78765916038     1         0.4924816664017584
-3124.200646074477   3503.913490515952    1         0.5088325313799829
7693.992882012248    7615.24424533893     1         20.461029177117553
1612.472776160453    -4249.801894201838   1         0.37174859446782405
-7164.822087279218   -8735.774422115392   1         1.1991930615530637
-8135.15205524852    -4849.142529126048   1         0.7640406727131468
-1114.9165465292044  -3895.9079242606786  1         0.15787417495320163
4055.1405829373775   5247.4651288356135   1         1.1486893142960275
-6649.698955829122   6175.948352478675    1         32.95393756771074
-1037.4276576647067  -8110.417508077795   1         0.5237016504124827
4101.201192412437    -9543.44198583416    1         0.8726893948000145
4137.0840941711795   -10625.725719076403  1         18.791511483294027
1231.7586388610757   -2398.880624279434   1         0.18103429165818785
7625.0081059586855   -4969.745407772502   1         0.8744759514823817
-3854.3386251550546  -6465.740495654131   1         0.7526770326572466
3853.438265879036    6174.775998828798    1         23.28338039748227
4695.920973365064    -11412.434367514472  1         17.9689364742581
1073.9228219177426   6348.591345688906    1         33.6519982336037
