trucks_count 2
drones_count 2
customers 35
depot 0.0 0.0
Coordinate X         Coordinate Y         Dronable Demand
1904.3925196499795   -415.55587772115996  1         0.40341348044927394
-4016.883560931035   534.1308892042886    1         0.5388601722174297
-2841.8239089839244  2176.141473219416    1         0.21698193344026367
-4459.373627753099   3278.6627505025344   1         1.052919865818049
491.8178548174982    4098.808989314087    1         1.084210451178755
2453.3211039967973   -2548.2100251624215  1         0.7138496539853356
88.83679623928401    -2930.654234173435   1         0.8261770875238141
2197.009456756473    -1198.1580676383126  1         19.002277303812775
-2148.378663657666   -4013.95623703881    1         1.0565916059685805
-4720.692868017916   1940.255505602116    1         0.2523812270284881
3605.741718108392    -2893.4919929349585  1         0.667298804166987
-3940.2426420201755  4906.091451378334    1         0.8143705085787144
-5583.26447674786    3630.3492412925584   1         1.0920834904337375
231.06073656162243   5423.825208354813    1         1.1919472497892476
-5083.544953102393   500.34504371376306   1         38.43206702165396
-4899.491814988426   -2740.0234687908087  1         31.17493990661944
-634.5678825587927   -491.0699084159527   1         0.2403017052084806
3870.8227262306436   -3193.000761797756   1         0.8009967074156981
2436.1086161917688   -479.9653780533391   1         45.93140567638367
5941.178775464946    -1108.375451203193   1         0.7217565264095271
4205.746588120634    -901.203422332265    1         0.1800048923319086
-3893.7198735461843  -947.3666906886198   1         0.1701178770141391
2048.3510906164      2009.1076937075668   1         1.19803972250222
2210.501930878869    3968.0701485972218   1         1.1368582135672676
5850.463007062262    427.41112351197444   1         0.4644067090491476
-1531.1139027667325  2634.6941444951453   1         0.5716837179796924
-4564.032668679853   -4055.473929000676   1         47.585668480724465
-1181.733525424633   -1168.5839756100315  1         0.4226618384595735
1642.737248380372    3026.5364546689443   1         0.3162901285615556
1348.049046247942    5684.62600711275     1         0.8871476364369097
-2427.6758547594422  4373.618238428114    1         1.0750450323166598
-3135.263599354531   -833.7330492425157   1         43.84122995956896
-3280.344323625292   -5633.5392701101955  1         0.266579308055381
578.5591742118917    3298.117053479929    1         0.3827159318669249
-4483.984960613562   2876.0313055653273   1         34.42798348993474
