trucks_count 4
drones_count 6
customers 100
depot 0.0 0.0
Coordinate X         Coordinate Y         Dronable Demand
7807.807163935919    233.1210466967778    1         1.071726033561466
3120.337243384335    799.4171153660244    1         1.108274741767671
-6500.947532502657   9592.297958957448    1         0.7853655590158879
3931.4085354307263   7191.273493153569    1         0.38257572145105934
8510.830023648448    -4267.426577867246   1         6.414874868409354
-4001.9772665469377  -9008.558735054774   1         16.755818241133067
-904.5051897988801   -2088.996314237008   1         2.123902044945535
9097.650341457214    -5672.856045549098   1         0.9340497414684609
2126.8255070849345   1782.1274386504876   1         19.099889104527488
-4085.8429019355667  -7695.202728066874   1         0.29945155276679697
-7189.787365175271   5426.98662361364     1         0.9330720768206073
9812.549915179081    4396.931903494307    1         0.7314112385261463
7320.016440076582    5878.377634976984    1         0.7882765647409218
-7235.587114082794   -7280.750318554281   1         0.4066848489361974
-2487.6523694346706  2995.8843248594203   1         0.20291735181937737
8168.864641697841    7196.178593628967    1         39.098901278480795
5221.893824349917    3287.2215689984487   1         0.41725452495776105
4994.151453379664    -8451.614962325628   1         0.5710447741711986
2861.270538352767    -8472.61731790188    1         0.3902009840860754
3183.343375313657    1261.3919283595428   1         0.6644222598374386
8571.299107424331    -2919.9583301338043  1         1.0009193820537452
-7359.5795353301055  9289.922769568735    1         0.37491804025621867
-8765.381196403612   -5337.640855236668   1         0.19513596971300406
-6960.697623721096   1584.9459104370433   1         0.46113355320106686
9159.33953813411     -3025.5698832710405  1         46.857888390500065
-6309.703653678268   -9262.058956539935   1         11.068048746941628
5412.55908143417     -445.4018347867759   1         11.14900506903459
2131.5219553049924   -8234.443536499324   1         0.43417487851979764
-2912.5553719218933  -5861.893770873616   1         0.26237155599984774
-261.6416936023101   4877.879711838198    1         0.5191886920431609
539.9828926540486    2307.4363120266      1         22.345907287528973
1548.9828351453402   -8648.845649163673   1         1.0680777347326722
6785.202228830201    6314.880625756201    1         0.9855281210454796
-6492.355865300931   -899.3047881780177   1         0.21305232099873472
7836.769669809166    7055.087458080068    1         0.9616766275355645
-4350.858546637392   -4548.266905057357   1         0.5878798122142229
-9510.422733710438   -1367.9256960639925  1         34.321345153287886
-9352.226194412526   5010.847246179324    1         14.29615596994959
5380.9831504202175   7956.049708056535    1         1.0984937402820072
6251.633458065189    -1362.319046241982   1         0.6842272098174772
-1754.1838273755056  4343.165158550908    1         1.0533780256905614
-847.9182480766394   -8480.818821276009   1         0.6022891326350706
-4431.232635699024   -2235.4545862498894  1         0.9430709359635857
-2028.1003086106825  -907.8850359846549   1         0.31779325609479125
6318.735580890851    8681.024054104295    1         0.7386242115106771
-2455.5886721343595  3180.0261332306673   1         0.8414851162723481
1091.131575185908    -1618.2827285402084  1         0.622326688426592
-7486.546241021906   3321.4549567280433   1         0.6567181121344352
2484.9109557084307   8156.535470080218    1         0.8123002352022254
4175.218213755066    6955.46414743254     1         0.5056899543261213
-188.8372656335063   -8838.202131430766   1         12.592958155317977
5050.604187159596    -6718.722100933347   1         0.9679112726529615
982.8556474049553    -4151.3750752281585  1         0.9210569514165139
-8566.718505599976   520.6649816754048    1         1.0987915961778996
9482.693936445634    -1870.674789418481   1         0.3817340407869765
-6648.220805646621   3178.0325258135285   1         2.2681851406472076
6883.225420253834    468.7522021553306    1         0.28798613804669015
-2342.9349700685625  877.5565889920999    1         0.5822938505366047
2274.2255547577133   -6496.035447124415   1         27.224756543997774
-8576.692255334563   -5004.684986533267   1         20.612570496766946
4594.764100056108    3086.377755803137    1         0.8738916131596959
9.546289941402307    3555.530267765676    1         4.333508350320769
4604.895229152806    905.628419484834     1         0.5558795339514444
7262.2535130050355   -6948.629601625826   1         1.2146323662377116
-3959.7602303231733  -5136.038592678747   1         0.8981697181446142
-4897.578535896755   5609.942045615366    1         1.0576894621813246
858.6360423634922    -8919.78847286974    1         38.67993777880839
8924.976563082126    -2392.6911174744046  1         34.86439965444327
4819.08206530673     1101.500894277919    1         11.119479445407972
6832.090191963416    -6608.6316422397595  1         45.28861092252664
-6159.7770519799     -5196.3903919719505  1         0.7882508212026397
-1538.3264016066962  -6504.809330061352   1         0.6139896714029941
-1655.351154041622   5701.663654623248    1         0.350240438271466
4006.9361428398925   -2380.464356238303   1         1.05615624982361
3373.4234404712843   5970.614439346373    1         1.2073824377413682
9200.457307696684    2892.7036126325625   1         0.11627335001316869
2402.1247251353143   -3607.6337426083783  1         26.036186693683934
-5968.660247527668   -8518.405871609108   1         0.23780697578416063
-7881.637137702992   9254.391846018878    1         5.816163172163833
-6891.202337238093   3244.2250338202516   1         0.5410874773544245
8418.568434416418    3717.543967265423    1         47.74711430444897
8223.455117908547    6678.928312256431    1         29.22967433823495
-6553.18666597941    -5451.967632116023   1         44.71520438467039
-1764.9079766873983  -2597.500506097492   1         25.16627201486153
-9379.68032056682    -3868.6577230313374  1         1.0016095778872647
2805.79786523071     5143.9616360178425   1         1.0835929782321476
9657.714959787087    -4185.096565471153   1         0.7890917210541395
-6353.802078240908   4866.634013967174    1         0.647323965916224
9504.48281322235     -3047.747643547681   1         0.8755291270171343
-3400.8767403997485  4440.52322420842     1         1.1950191973549495
-3523.6018657772047  1394.5640201761817   1         25.153606539431028
-2011.2648569317248  -6457.93720056495    1         0.7649506348756521
-343.81177234177795  -2749.787957722566   1         0.6349353203821085
-5780.969369601761   -7347.985450123566   1         0.6989175376392531
7853.2140952748205   -162.6759625200741   1         1.1524775011928095
9971.530502839114    4301.780805656584    1         0.6621744802032532
6591.27979642396     -7065.707836375992   1         1.133538900280577
-6680.388896118329   -1810.7783591472619  1         0.536322634843593
8095.5779566202245   -6203.41867898001    1         0.22535790384026547
-5252.542349023132   -4240.8734871348815  1         0.8123362887926364
