trucks_count 6
drones_count 6
customers 97
depot 0.0 0.0
Coordinate X         Coordinate Y         Dronable Demand
-6381.458554094228   -7326.170067074444   1         0.4122312443753917
-8043.481719885412   7053.212369361766    1         0.8897304273148008
-7876.314023263449   -5106.4210422834885  1         0.19431454147991256
13891.844141326961   10030.551194767977   1         0.7398580574062119
-3138.3994702575565  4936.5285978436605   1         0.20142356450383725
1796.9417621495081   4509.069292671014    1         0.5148128741586158
-5909.460816068917   10644.511246703016   1         0.5143962593493316
9136.560167815074    3645.77351160117     1         0.8335393531008419
475.29718536336804   8927.070508143242    1         0.3459953741356017
-7152.142410392395   -2138.6157470280864  1         0.735166968903238
9240.439258557428    -2240.8717988003077  1         0.9359698127225011
8101.777148256118    2578.963368913588    1         0.9101126216378406
3298.641664937297    -1802.9459773077535  1         0.17538718788388682
639.1496222165425    -7041.036035066431   1         1.0504934112783655
-18846.769172594573  -1953.7916924531528  1         0.8857403858842573
4880.143146918763    -5210.228607835546   1         0.6643397586286712
3171.354706205449    -8359.784349377216   1         33.587178844074856
2752.015209254704    8569.946595865038    1         1.0185971866593821
-5256.886101227417   4794.101333108756    1         0.8361093143037839
-6728.293317689066   -1288.4319057003938  1         0.9284009567331273
6050.885172108181    5457.735734736774    1         0.4588442390597409
-1965.3944581295916  576.9725500864472    1         0.41743233491822374
6140.593799046687    -2761.6771065711414  1         0.4876627811280315
9113.971521994548    698.4615899587675    1         1.0240172514800716
-3985.6736389646817  -834.88748841305     1         0.3791009807942841
-11043.891888323638  -15491.873733415943  1         0.11130248464415621
5152.139622401955    7474.806497974363    1         0.7990863385733203
-6433.416574980791   17577.120514347924   1         20.153596711663454
14902.594507421818   -16023.647990437825  1         45.53905929270425
3434.6872261752983   9568.562505470447    1         0.585397735947688
6911.8678644867805   -2889.181497025963   1         0.2250054429186779
-405.99927993655115  -8499.933418500459   1         0.9531965008260915
-8576.96303223811    3729.4456798129722   1         16.15543496334768
10437.874279304244   -7623.130531468454   1         48.68334694476962
6892.606147664945    -1050.783790764861   1         0.26928791959885995
4541.471518953013    -4038.656846326564   1         1.2379596278309488
14527.178055509554   -6658.528855742121   1         39.33397669628922
445.36302109071914   -9065.577857975346   1         0.17250378061848237
-968.0915650614962   -4484.73019838249    1         0.20778636234299058
621.4254988979361    -2150.0192082881113  1         0.5506777741065423
-10271.303846220188  -2422.209957061699   1         0.5298425679792573
4706.838773553061    -1279.2193795879593  1         0.7594456513075365
4775.470891380641    -4433.915135411929   1         0.6405785817020779
2714.0514806653127   7912.6903342817795   1         0.20653207332595103
12.767155250887672   9748.156432909365    1         1.0997077516577236
6447.365169455254    11014.90196782137    1         32.53456029911678
568.4940503214139    -7888.045385374911   1         0.26653402035480744
9166.167780662123    1347.2876029798535   1         0.7020276373835319
-10339.882342542518  -471.32744254079256  1         39.692504445698674
-7909.5902296628865  7263.376684478914    1         1.1468754614504018
4071.412764436367    -9770.497510542931   1         1.006449340583223
-10467.169829587936  -759.8592785145886   1         1.2458406813054033
-1341.3121372791502  -1759.9791662935413  1         14.468886662078688
-17111.075022336438  -10292.215049235103  1         45.738333907786846
-2683.2500852281396  -1461.0972527849997  1         1.2225747161182572
10510.536277098892   855.733503035637     1         1.0996483738652614
8525.339831311805    -3359.095554421294   1         0.7866987507077499
-8881.830118634418   -6139.726895792791   1         1.0953451156969451
1442.8294755055406   3273.4640979876813   1         1.2173639090985575
2274.2506834653545   -2874.866843510205   1         0.8068304253219575
13081.620962160261   -18028.862187504263  1         0.5235772336409512
5718.605427498432    244.22490606358338   1         0.8629855082394261
2385.7610790903295   10429.5069950127     1         0.9626958515291376
5386.415233689749    8551.775432843971    1         0.1955419332612303
-8673.163048922286   -6306.970762328415   1         0.7902560261113544
5390.96260334942     -9506.584084764036   1         0.17332949510222273
-3087.777857208976   -9916.112387017014   1         0.6837644445075749
8081.439734240789    1094.7973134210379   1         0.5385637541286388
1183.246679239715    8282.549387870878    1         0.3900268218502032
-4124.504178149136   -3465.619983030401   1         0.9155410358257217
5119.181165815955    -3405.2618413961086  1         0.32403059702789944
8591.609634316561    -4059.8835280653398  1         0.5687416626544367
5177.697451845456    -4719.600148100943   1         1.1283492391442602
-4084.41516922639    -3745.961197861706   1         0.26615072613095614
6577.826464732793    -4610.982486460977   1         5.431220285319579
-5642.675123383586   5292.748175456988    1         0.7860210244131387
-7771.64422177663    -6875.514358579744   1         0.2228904719052549
-13302.744925953604  -3142.1380582392376  1         41.67929932363633
-6711.3948318001985  -4965.189057396944   1         4.582741263598804
2854.0186924002296   1225.568489503555    1         0.9420873140811229
-3234.576224817531   -5787.350171328597   1         0.49956028420883036
-13264.709710038169  -12693.992640252203  1         29.492392880675222
-769.5998054947304   -7572.807751091466   1         0.9655714165999143
-3923.433488689429   -3057.7956205317128  1         0.3870806213007524
-493.3723677602806   10615.911641086326   1         47.04526694245517
3004.4362229758813   -5210.715578960531   1         1.0686884103865184
-243.76228383721406  -6375.067696214253   1         45.9998057506559
-3231.5533540296974  6044.619294592319    1         0.6131514025586016
4718.202711632188    -4003.8384644991124  1         0.22301566966369324
9034.164162147668    105.58711669680982   1         0.731828053766437
3075.0812473854894   2852.7071362743504   1         0.24090060180401704
-7059.2310880718705  -4199.514202066124   1         0.18968820282848448
-5873.640245156269   535.2418073505078    1         0.37299271376054577
-3595.817530159748   -1643.8365866214597  1         3.087344564076064
2575.460186077058    7177.122735062085    1         1.1511262688617776
-4478.192647417004   -2645.5144030853885  1         1.1763625682369827
-8698.642220581982   5230.523951086383    1         0.47264842378925476
