trucks_count 2
drones_count 3
customers 23
depot 0.0 0.0
Coordinate X         Coordinate Y         Dronable Demand
2497.297348235058    -7089.364498725078   1         0.8001498151539967
-4266.988390798279   -7328.938016793316   1         0.4007383026720204
16.375904622893014   -8467.35276517309    1         0.24051394754218966
-2025.2864915933396  -2105.2440553289475  1         0.2642879417621856
-4885.152218869177   7080.689511156474    1         0.3367882265675662
-8908.195876315742   4300.715683031155    1         0.35544440888151574
-9611.489663986637   -4720.706695212314   1         0.643548998120429
4021.8052917062323   -9421.777083179171   1         36.72852405500765
5337.264043938703    2653.8716322358428   1         0.7536261200969405
8575.693870654559    3709.1616335159756   1         22.685930094521712
2888.6525127948985   4529.2390488845585   1         0.39948257358920547
4582.498473837487    1458.8513198740088   1         1.176364626867382
-3379.487296340729   4213.5787795781      1         0.13873689636049674
-7854.413120284227   -3391.1042253055     1         47.87683798874113
-4479.323893793725   -8185.655377291007   1         0.5707385078772071
3915.6736911721578   -6312.057014683306   1         0.1929825953381576
-8002.1796496971365  3389.9659312455397   1         0.8305243635395847
-4065.600780281494   -5893.069609228452   1         0.5305970227289124
-5198.58186620228    -9044.32157170021    1         9.545691463542411
10012.833390689193   -6338.491054864295   1         40.761462811266824
-7611.376394598235   -3722.303138730566   1         0.9589848048079546
-9554.108980512305   -2025.263513538358   1         0.923872017415429
-511.45490037188387  3480.791015345707    1         5.249897661753076
