trucks_count 3
drones_count 3
customers 76
depot 0.0 0.0
Coordinate X         Coordinate Y         Dronable Demand
-4819.155665994937   4904.921298976714    1         0.7432235877682072
2008.6339383916354   -7582.514161985882   1         0.2667718760838426
-7315.980379980804   -2432.3841207434584  1         0.25632877593500725
4139.542594590246    -15084.938676491047  1         0.12803509714482764
4845.926491200093    3817.575194329954    1         1.1626274204241671
1429.1424091989832   -1350.0977680694723  1         0.49424406920355524
-53.2965345159051    515.9802767365863    1         0.30804174430809894
-6122.684383838781   14092.276412118164   1         1.1720396714466235
-44.80763820938065   7499.354539224896    1         0.922679221451401
-6193.769822686381   -5044.0647757283095  1         38.166981917426725
-3060.135082361224   6770.65201704795     1         7.890608801967168
2421.584532805482    -7924.2301993353085  1         0.18399390772575033
-9308.944655211804   2549.992921421015    1         0.42219865715100136
-4607.03938255795    -14191.984149174603  1         0.4648748022749841
-7247.4466489155875  13413.07274478113    1         0.7298615691356476
11768.591566090978   -14312.5619161434    1         29.86917707382593
-3463.0641431643185  3027.9901329393183   1         0.608981362189948
-145.54221603783813  5459.073627660345    1         0.26788448801969245
-2673.827596693235   9042.066810002229    1         35.1983013448192
3682.140953162303    6142.136231421675    1         46.933193109583996
412.74256404617523   8716.95972088003     1         0.5718549751611304
-7540.544118492192   -6653.241769537042   1         0.36787635359192783
-840.496189182395    5353.53472284624     1         0.6968342873702871
9368.753125364028    2678.702601593202    1         24.72171650613231
2168.960272207253    -6559.796498189261   1         0.8643298072611487
8526.33349591666     -5810.376717886121   1         1.1597737013348508
454.30904612359154   12808.352375130995   1         17.847041579204127
8643.694970846022    5934.030337749467    1         1.0919682895379703
-7198.828779724379   5700.793655372533    1         16.680819338996358
-4901.857740252626   15395.65573492859    1         17.200581998689458
-1929.887222809474   -1787.459964423196   1         0.9982070356305064
-2126.634848305269   6000.887370804466    1         0.38689987760257405
-15695.936133052639  14607.117307392      1         0.9731180587151798
-13537.583653462054  -10945.252051808602  1         34.403461904829975
-3924.3782478769567  -5252.443492654017   1         0.2326007248441294
-776.1279725908278   -10824.85160600613   1         3.025922852486604
-1703.2468111461349  6512.645175168592    1         0.6834620461698049
-13548.650346913775  -3933.415264005165   1         33.725950015051474
-15662.04766071334   4288.8997430573545   1         0.43852573335654976
-3159.2545389232823  -8645.566753117191   1         0.38669241697744017
2973.4531909539337   4278.985381762476    1         19.60599163932798
-5044.352163242508   -5140.836619590817   1         0.8727736437684962
-3426.6030107962456  7171.52450632905     1         0.5545977928437194
-6509.389476040952   5502.142651299358    1         0.16725800554688214
4112.738135597684    1008.6117669895281   1         0.11223008618083861
2887.4983832684043   -9196.965868795458   1         0.5181051516591704
13893.39906674972    -2108.43098420175    1         0.24341825589200342
-2044.784948280542   -2439.099580473188   1         1.237052235078049
-452.63002971713047  319.98690160931073   1         0.46544583101445747
5790.304926572165    -4474.178677105782   1         0.5825097305312058
-1906.8537447742256  2080.779152821813    1         0.9406708907472678
-12954.202314568003  5781.525614612441    1         1.2356529458412773
11867.695471100255   6580.810269594604    1         16.65310184723773
-6934.093625738266   -1376.447375970751   1         0.6009359396001823
-13404.021601938408  1765.1188283969932   1         12.451778217767913
4128.6698841669495   -6792.4537731332675  1         0.3699082360477276
9898.730192509662    -6811.108299845544   1         17.582507294940797
-5907.878126493561   1513.801143142161    1         0.19200692693730148
-717.9289456308771   9911.497412268905    1         0.21611189959657304
-1761.4772728778971  -3426.223303920442   1         0.9945307512389788
-5229.746432188041   2636.540943423556    1         1.1151871658245323
8522.004338069846    -3102.72972295038    1         0.389255978439492
1149.3962049717575   -4764.438591475872   1         9.447921742979698
7722.307410120261    -3859.157188605261   1         0.21750108608741625
-3037.269446006423   8157.556719743807    1         1.1761893392018057
-7497.652701423226   1759.6502041366386   1         0.15102390550560157
18.656833643867067   8108.646228927999    1         1.2232451278892122
-7803.044386310103   -6530.052293731004   1         0.5726072853758247
6085.478248118173    -7887.196419214193   1         0.4155322972893618
-1243.1592057417479  610.8915818737473    1         0.5124909364255955
-9415.5881465363     1448.2099013617858   1         1.2289094966259224
-5701.196111314762   -2143.9863234372747  1         0.9125427822759359
15914.524317100455   -4032.3630590936355  1         34.96695527444676
-3026.674568884079   -10345.251402791342  1         0.4863644428416054
4591.047807901658    3564.8587253052806   1         0.7009614691617758
-3072.500408512076   3281.6897449257713   1         0.27154512520529583
