trucks_count 3
drones_count 4
customers 64
depot 0.0 0.0
Coordinate X         Coordinate Y         Dronable Demand
137.99177812529305   929.2413841746353    1         27.26986807225091
2896.6111399195015   4112.985501182615    1         48.22721452718632
-6556.24726192742    280.22238290566696   1         1.142498413578705
-2370.810054668485   2710.14005429341     1         1.0730868315689366
68.0087595243746     1177.0493889156166   1         1.1496516053582329
-4632.603837733897   895.6194354622196    1         0.21921859416700645
7358.051146745624    -3840.1530456385753  1         19.836402858232447
-7209.994124231134   7539.914555046064    1         1.1398353918023323
6262.962161506572    -1660.2610681150084  1         1.2125977020387269
4579.156179157062    2507.4312684007473   1         1.0289131037572374
-6674.71780011672    -6056.585326333549   1         1.0437157861468458
-4570.095573352616   6495.099739516549    1         0.5514756266823547
4699.418119836328    5402.7537623017215   1         0.47139284950260363
-198.7677757165659   -4255.080438880811   1         0.5915162332131929
6875.849772066363    -5616.274789837702   1         0.5690958553856595
-958.6303212870645   -1438.2644171113586  1         0.8156093006381963
-3463.3551571032017  1420.2527701426252   1         0.7932947660795053
4980.558349431735    -1046.2391909165704  1         0.8063554970409821
4267.296827075557    -5969.384174275169   1         0.8496206977710823
-3583.4357841170354  -5385.302800957545   1         0.4774221161230674
-942.0254786027872   2485.49674526532     1         0.41507640095139875
-2148.952213313782   -142.38324105315368  1         0.26656459207048533
-1257.7468887327373  -36.32167147362851   1         45.494874545568884
-4632.046055450794   4315.289776612561    1         28.609699892339687
6289.7839913482285   6495.740722926649    1         33.10430144225643
-5121.748535716793   -5766.783623967881   1         0.42172499719575496
7960.798049131138    7094.3113263220785   1         0.4603511321452498
-7612.475990388611   3377.0471637969167   1         0.997959294762085
-4385.10462400282    -4030.2864865273987  1         35.30627245896796
-1693.8976723067956  6232.941118750179    1         1.2482991455256103
2057.5452579846656   -1418.047683682503   1         0.258874926685536
-7820.40407410215    1366.743157674057    1         0.1664348629100182
2392.834134032306    7087.619203160745    1         36.78513942660367
7034.7873541036215   -6362.3383397707485  1         1.2137861090730115
-2120.720606810916   -5045.413740799426   1         0.6881619538732688
3900.038110262565    -1916.5077065147716  1         0.7636163548055955
-2797.5921399834942  7676.583490636616    1         0.7660521924930296
614.7883768459388    -7524.742797803583   1         0.45509101968403554
7764.928186694768    -6795.083537399015   1         10.904166747895125
766.6494309903393    -3185.3693873490306  1         0.9213943165773345
2407.828234753685    -335.14419567775695  1         0.4461833360878006
-7622.158459778946   -2886.0585997525422  1         0.4982440199666548
-5117.194089974856   -7949.1315290089715  1         0.6524116207433741
7611.301502805245    -7558.9998452123655  1         0.5221691461512608
5642.8897824094      6731.999691135963    1         0.8811351530174826
1503.0491584990398   -5961.553939134851   1         0.9213697382417556
7051.122637050248    6980.095128580699    1         0.43388505243084485
-1465.9880479223955  -6585.395900198846   1         0.5009903497346779
-7942.146349919384   3480.542739636733    1         0.11032159294772634
5645.138124495351    -1260.8312766985048  1         0.8285438913751711
-1353.2672035350633  -6378.463047101324   1         0.3282445961351048
5850.2780288024      1222.47102957631     1         7.442596276406733
-3721.561734239995   4400.476120087086    1         0.3229948159235413
-827.6862219148197   5403.43631726294     1         0.5851463834744077
-5066.067115287822   -1739.3272295614513  1         0.3759803359083894
3410.7410197333393   5381.115926549592    1         47.673008479534275
-4537.808222688515   -1880.1096762020452  1         0.797898275354902
-898.4681807606888   7954.4632585408635   1         0.5711237489671326
7302.68307007682     -3881.55173470659    1         0.9159309248487756
-7249.204553446979   3833.3729146975415   1         0.9769192481637522
-5303.055295915816   4805.593564197574    1         0.3967768034495862
-58.61407296981409   7929.926763779602    1         1.1118004809376485
3832.418092909084    -1116.1780741383257  1         0.6474788376686664
2605.9045228703867   3913.648392871486    1         0.8751461444862294
