trucks_count 3
drones_count 2
customers 20
depot 0.0 0.0
Coordinate X         Coordinate Y         Dronable Demand
966.1445470347368    334.06154604908596   1         0.9557791407655521
-9598.929800532382   -3125.6973639828543  1         0.8409892938726773
9560.98403308883     3529.7439909169193   1         39.336131825514215
1306.5143089644296   7628.475458037142    1         0.23650675549222547
2285.185922601558    -4041.586179113894   1         1.0286629000237608
-2314.4899853404704  -4546.25242549796    1         0.9480747811177953
1406.9255580640815   -7137.779041193149   1         21.199570894038743
6388.575874601414    -3850.97666831847    1         0.5525357468048918
8949.417747205396    11335.748019425551   1         0.40720162461244414
406.3517603664427    8685.073027765926    1         0.6611368724781864
-4692.917565193387   -2574.7143542917843  1         25.902892796027878
-5702.649785598744   -6077.450386358472   1         0.5456524813618856
-10112.357909465878  7257.54918444288     1         0.1542534990961869
-7963.728785233979   929.1358145200796    1         1.1139810828955066
7415.701783540576    -5058.388708714649   1         1.1575812071489817
3170.0709997854237   -153.28879820891618  1         0.26881993957556405
-6763.727427366048   -12168.298141518317  1         27.67321330154439
-1060.3831364353873  -2472.2202811183392  1         0.8827636240909521
3306.091154821515    -938.3417059574      1         0.516610314514714
-583.9334650581745   -4778.310601969944   1         6.198793574281538
