trucks_count 4
drones_count 5
customers 100
depot 0.0 0.0
Coordinate X         Coordinate Y         Dronable Demand
288.9583676851413    9963.713501551812    1         0.24635624132596068
2513.231217775453    6892.627965159006    1         1.2088946130122697
1621.3094807593093   -5922.089333052135   1         0.7025934073410603
12213.796505000866   -5192.365163153874   1         31.066846380030753
-3679.037997641825   6177.042929473888    1         1.1349057527990696
-3822.7588259319787  7151.048632551119    1         1.0349574055827582
-1899.3775722493695  7560.508226278941    1         38.02709789672514
-9272.92561841917    1817.7886030897414   1         1.1038855718049911
-2192.412796319653   9180.132467194831    1         0.6968911677301954
-1130.4527077193416  2408.7590754236467   1         2.3095468469516
-2546.1417406486817  -8105.029383880504   1         1.0993522563467935
-3236.958567457375   -3330.3012661150724  1         0.2011672577826041
-9196.977574339833   5341.271436258606    1         26.90053071392655
2343.8523993045173   8697.41435834296     1         1.19200522530972
-5973.214700943277   10529.408826245779   1         0.6124458527237827
-12683.565574240964  -12402.616903666876  1         3.3012734051299413
1589.8875686454694   -8203.119360093284   1         0.4610705679356979
-3952.8244933619253  -7797.433804340567   1         0.6049078160997227
4147.998682527905    -2195.0545364137943  1         1.1656830658386583
-7146.363352908531   3636.7827394211467   1         0.31376886373258633
-339.5549905759975   -7894.901532505575   1         25.985671916561607
4364.198051455541    6039.474812295902    1         1.007767898287415
-4485.323690220838   -637.3254336359124   1         1.0494387762885853
430.19708423248403   -2601.3118089019463  1         0.6024580812073594
-9301.127504780427   -931.4696344242384   1         0.740581598331429
-5503.230118897921   -7391.464573399115   1         0.26082102451154243
-2439.6746537796294  4008.3580221620236   1         0.1430132135376978
-8875.077464783779   3714.1798994520914   1         0.8076569472976814
-1854.9967792052846  -6052.614463635997   1         30.32471967142117
-6755.5877559035     -2899.331153320052   1         42.39446496596549
2319.974883767372    -2505.5711736188305  1         0.43457506150657355
-7678.773395720382   908.2079264925411    1         0.9833072796456073
6012.650538592299    -1357.646970240954   1         0.42396895466641216
-2843.6732940150487  10553.531595448441   1         32.51398261220071
8757.891115882816    4820.805019888996    1         0.8680844486045988
13276.066353974229   3952.0097030240813   1         1.0859809022710172
3102.9972587418824   -1955.9154768322187  1         25.78058347901707
4720.156457211273    -9182.647515537035   1         0.4867658894427793
4681.42626769281     -5068.0203957146205  1         33.437048360786676
7740.61473583404     -8442.10950813373    1         0.36281583844756193
2103.3703901179633   -3705.870465566217   1         1.2075447128486323
6633.92742142731     -3732.172018294434   1         18.187082230413093
12162.067150528494   -10357.847716771535  1         4.321084808755286
-1326.2206267272506  -9477.936679411187   1         0.9835786391670857
1308.2381640902565   7366.580281788125    1         34.274874849450555
6587.003932830171    -4798.143309767786   1         0.5834043452332609
8692.466328247803    2935.625895435242    1         0.49515656044703915
-7796.5956268201835  -4681.000805737339   1         0.34929331230761484
-3548.613035533189   -8869.730491499831   1         1.0173775363772704
9219.979176796192    -15211.376595158328  1         0.24840569716914496
-90.60667081506658   2764.0826541352226   1         0.3966612430635781
5748.71043439739     4339.814845738061    1         0.49284231233374365
-7141.331923773791   -5487.317832998571   1         1.0031414646277264
-5864.996331563681   -1197.7501265630208  1         1.2423296661514325
2548.3007909402777   10213.438380597641   1         24.96567465459908
-4025.0065629892224  3003.28690983685     1         0.7291372857140795
-3293.7126458245143  -7864.657657979665   1         1.2408507892208955
4944.572701521609    -2477.4467410641014  1         0.48133315605419413
10409.487899169913   -14289.110920566402  1         0.18051418310661088
-2167.234034955774   4648.832033408548    1         0.45637784546888915
-3114.003246030156   -5074.451246715471   1         1.1311075599261358
407.5235233643598    -9112.791056760077   1         1.161075504617678
330.9848561978407    -10859.858131079345  1         1.0858190213976702
29.59623290473064    -8348.950685099215   1         0.17034570181999592
6068.136349031768    7477.336603954034    1         0.17533068100548016
5394.095443331477    8697.111763199964    1         0.46385959466955795
-7732.627301976661   6640.492699682794    1         31.468022546434483
3641.7580899198965   -3401.518682628439   1         0.22295414488278004
4724.288657431837    -9268.518914211909   1         0.2670586809867693
-1096.043038050386   3221.9219242288154   1         0.4880550027991387
-5297.674091369532   -2826.4858054188217  1         0.5246888943614225
-1332.6361100435427  9889.979153966877    1         45.741993366410775
-3460.7245959837965  -4070.267311095649   1         0.2610783034223568
-3327.489878302996   1636.9624805700132   1         37.97633810714788
2639.210462514008    7151.99629552782     1         1.2241294666536027
3524.629805623349    -6384.363789805282   1         0.8170982999245816
189.14400271643171   -9258.049220902763   1         0.7112422030339091
8719.18025490364     6036.821768130866    1         1.0564839258006344
-2184.4286221541006  7849.017186971513    1         26.584514623438878
2926.6887468283107   574.6436911998704    1         0.23320440666838732
2241.383076585641    4061.181325915934    1         0.6525001597069003
11586.212182161953   3560.4679929827016   1         16.57500704980669
736.1386509922957    4058.0189584580125   1         0.3649245844218417
288.14591702638353   -2591.95020617769    1         14.45147016252035
-8779.467566929998   5482.655568477719    1         0.9091407805365116
-344.6873734526181   -10163.366329945198  1         0.42313677525259297
-1594.0222433326871  15133.230486226146   1         25.446766377143707
-2325.0926247965263  -7470.726085402248   1         1.1045277236544808
9152.679373850971    -3108.59018225297    1         0.715175050116764
-5876.136326138395   -1491.754927269806   1         0.8362852384965136
-381.40252736856365  4815.711870209695    1         0.9384993490657538
-3551.6363200017167  -3654.0033556377452  1         9.193196130687753
-5278.935822970959   -3503.5046049562875  1         0.9092563194901563
-8211.986222511576   -4849.64038247429    1         1.1324314090609524
-4915.896787461265   -8162.157071592693   1         1.1459349009028206
-3068.748822036732   -7951.063067567149   1         0.4954678180603225
-13195.09183113606   11277.945939060877   1         39.495228776086165
-1094.24785148803    7059.25558357207     1         0.2670116978833331
4347.474053960641    7426.402946690129    1         0.18309622543128004
3947.0952995902103   -1716.3129033419132  1         0.16972159149155744
