trucks_count 4
drones_count 5
customers 88
depot 0.0 0.0
Coordinate X         Coordinate Y         Dronable Demand
6225.013225325951    -6262.212594392537   1         0.6102652932756952
5770.532970173739    -731.9152586148412   1         0.8579467579725076
-3111.3643697442635  6283.518448220657    1         0.7344041284068221
-8881.359226821425   -4795.683394939115   1         0.1657697178567843
352.11707111378917   6964.317315333533    1         1.0535470777955789
-6620.749845612038   4051.0663025066237   1         0.6589274809369281
6656.5605467424375   -4997.688371413349   1         0.25796143235582353
-5906.870635362564   -5768.509079714024   1         0.5921783452088007
6448.019375329739    -5867.532834842092   1         1.030251829771191
-4469.449711259334   3641.4499574474285   1         0.66549345192613
-2053.22542241412    6520.376923043192    1         0.5120211695163732
-642.8617434847456   5371.095392385259    1         0.22120473362576276
3925.462845886018    4934.236226231139    1         0.30505923716650085
-3513.3571746507096  -5797.622957013042   1         0.7459093538037228
3697.210468519764    -8520.689541016198   1         0.6652846857214969
-2347.662101699913   6416.870168328651    1         0.20786040498739433
6200.08876200592     -2174.9581975        1         1.2309167619927817
-5763.822918309119   8625.934648882932    1         1.1986816512839218
3117.6009557903294   5062.22636140613     1         0.8056359635122032
6088.317403770052    -8301.96346442558    1         32.94941079975938
-4713.623062772594   7002.465510745293    1         0.4537349077115571
2785.159017415219    8409.222868046214    1         0.908775633271625
-6790.349097799675   3245.6152900587845   1         0.7856703771647768
-2814.7681454601625  2218.812585598569    1         0.5800013468309242
1654.267134259777    2423.429128726247    1         0.7949488054612153
-64.9441505982449    -7045.174088089556   1         1.2285809863135198
-2293.6936762892756  -8795.780922558175   1         0.4413407239485939
-4703.818169026001   5106.102129161022    1         30.866915270721844
-643.8330294420097   3649.250675219411    1         43.89131884640644
5841.481701888201    -538.4877654622826   1         28.100838857397967
-1036.4577994624997  7147.497823375052    1         0.5642205148051451
1478.5417241160685   7001.126530387795    1         0.7596114989564837
4119.942337279312    6407.126234313164    1         0.38536894429289736
7483.180989251137    5386.081317906199    1         22.863959651858963
3780.7438741561245   -7132.316485905317   1         0.33671672149980175
3823.9705011589413   -5641.337820609744   1         0.5878942905914845
-5500.197461870186   -3650.390233077783   1         0.10022621586866179
-4558.580855623494   -9201.360750534312   1         0.9168172904420487
3777.4410590172442   4215.682951621173    1         1.043298306755634
-8388.298545264104   401.2704668291425    1         0.45813078803713303
-7001.413699714393   -6978.088067811671   1         0.7941813309024964
-5613.090847410846   5711.535116272264    1         1.2331656025913948
1820.5141200038343   4869.231555295692    1         0.42461283647520265
-9098.710091738732   920.9845523005027    1         0.6572199109682361
-7150.535872003905   -7480.596620235925   1         1.0110940340176113
-3700.397855842288   -9015.390731074867   1         42.13237212877194
7422.372368697874    -4549.211167982361   1         0.44928897014130553
-8194.95294062348    -3096.8262847255264  1         13.327253838455572
-3201.4480984300208  -2811.7359663858606  1         0.27739669040649767
3246.3579627509357   8942.80083235292     1         0.5345958511714058
8543.990396061357    -6183.828227035669   1         0.5216103142355016
-6391.586264701984   4104.771776574515    1         48.887478412837204
3449.821956038978    7786.182354791401    1         0.6414701985274487
5586.105953096091    1558.6824000307734   1         1.1981210870992902
1170.839209235402    -3326.12220830454    1         34.98302084515108
5906.506699121983    7950.556450182231    1         0.3747907863128378
-4645.431462832705   -1844.3540427569167  1         0.9638763005788705
-382.9962892143786   -2612.0984820796416  1         1.1884579246079867
-5805.731391294921   1004.223071362303    1         0.9616494321619179
89.18658042408035    7959.545393526159    1         0.762828112216172
3165.072905129277    4635.54645264777     1         27.641862353345182
3789.579709054122    4914.935399264332    1         0.620557977956411
2808.91869154601     7507.195494968592    1         0.6716219831724551
5.672917350805458    -2537.61029663753    1         0.8890691166836966
1433.945908280474    4762.250882586762    1         0.7473344843089054
-5398.328284723156   1337.8211260102835   1         0.8944783727731695
3720.551484985661    6100.59685685066     1         1.1790436762760925
7752.222134763964    -4899.8874181076935  1         0.2885734248220202
6468.024348310506    -3723.0018542062876  1         38.56812799424968
3061.394801608852    6607.692514618631    1         23.58896543588656
3526.494501252884    4325.010586148687    1         0.5428519240956281
-8439.837400412      2204.219639502071    1         26.73683543823559
771.1967093930455    1461.023611056547    1         1.0410811358197498
-1034.67406711088    -2450.8012771186986  1         0.5381474172726373
7391.244622769346    5190.780883878262    1         0.8208493211734985
-4873.021874586077   -143.18596584118487  1         0.9501192941391916
-4314.8306343819895  6638.767974659872    1         0.4673663099492442
-6347.979086442091   -4198.569676453369   1         0.4695139211607463
571.7078312695463    6282.940734339877    1         5.707641296445107
1618.506578335019    -8023.566748993194   1         31.87240376660376
-5825.38341216071    2733.649647798276    1         0.13553902530448253
-3628.0779328836556  -825.6382026186908   1         1.0929568892077826
-2967.182001938214   -2450.8179209714604  1         0.8129613798824115
1906.3553236316475   2190.903813314775    1         0.9273464956362645
8147.76681621266     6208.562716808575    1         0.13403657709712108
-1119.2724071878383  -9119.806130080879   1         26.42481339819575
2325.229700698219    -4985.886850511526   1         38.853131787857436
4423.637610118394    -2750.002671391294   1         0.3103598359065941
