trucks_count 4
drones_count 5
customers 91
depot 0.0 0.0
Coordinate X         Coordinate Y         Dronable Demand
468.0481061217188    -1341.6222433898129  1         0.3422387098983347
-6045.796881819865   2831.6764761430495   1         0.5729923596742811
-2312.748248516179   2680.982834535898    1         0.11349461261848051
-3509.2556775352045  -5538.586790446886   1         0.9824597223537971
-4228.173913790056   2054.362205818683    1         1.2320352451936882
-3235.8699634683635  4468.90727344793     1         1.200912688423315
-2439.4773129613736  -3723.046021028907   1         11.141666616302366
-762.1244287929405   28.678888759192663   1         0.14849425081883
-886.5758233515558   -11.84924756395424   1         0.5543154499992368
5127.068107136492    324.44954363804317   1         0.2936893580632912
-267.4692129306672   -2365.134948735833   1         0.21332807605810122
-2197.944154071998   -1502.711741823304   1         0.7491341884894008
3610.1869869585375   -3402.1421967158494  1         1.1476209546009797
5802.05244088988     -715.9198050464538   1         0.5804249025683627
3251.3211208287707   -4198.6711682727555  1         0.7237628883489619
1674.8358128461434   -614.8746803324495   1         0.38030538801796165
-1765.0951315391778  822.1869413926136    1         0.5191746695169204
2995.499504162652    3274.4189767832977   1         0.8378673714925952
-3625.5030187976963  1517.1772210437305   1         0.9631388258928859
4638.213684856541    -1982.0299128130755  1         0.8270635104484289
2393.414460367977    4181.628089095497    1         0.3465149616328723
525.2029414012097    2827.469601840405    1         9.254480103636617
4935.500166660873    5433.84852662565     1         0.9747902662897212
1583.8147579659465   581.0900311827642    1         13.174093837807934
-1847.9879617281904  3411.8207087727174   1         41.313086839119435
-1356.235033421913   2323.8276977309415   1         0.9380496319006197
3228.6496623733146   2204.5998520893572   1         0.22671144999296575
6041.165582901463    -5468.295888538827   1         0.5180470792034575
-1559.1587466057924  630.7076035568346    1         0.6323208261748524
-1746.9836220056284  4692.10685527401     1         44.91333739407947
1207.4123304150219   1335.938967368671    1         0.7119070871523129
393.53664149849516   -1390.0935130524122  1         0.24971149200195597
-4321.167828088435   1571.2679918203357   1         0.26379272837149337
3191.131575038035    957.5530827470917    1         0.6403677233855627
-876.9897143426213   2757.484073564946    1         1.080838212334732
4246.6569110874025   561.8402893910414    1         0.6737902813994064
-5319.742141510713   -2409.2286536430747  1         1.2672420894208614
2737.644873325149    -3820.3859307345815  1         0.7335339039192266
5121.568850774667    -1218.421673819035   1         1.0965279938963504
5561.436826969432    -5696.421100860123   1         0.7865116996456647
5288.3237830100525   -5442.182532729673   1         0.9532504153333122
-94.7566983347184    -5245.439909379349   1         0.6935664189417561
1034.609897910488    5586.370371491495    1         1.0650678666412519
-5412.841693592416   -4149.608162251086   1         45.60776383453207
-2460.9646954346817  -1004.414636091369   1         0.6459522071259164
2137.264676198801    -2004.4207983287588  1         0.565171639129049
-446.9489670349636   -1670.1277279427563  1         8.833084587778291
5803.98861271437     -659.4578037326459   1         0.14057862397473547
2588.7142032195343   -4186.47171092016    1         0.6974659286993229
-2559.5557766776574  3042.3316467433924   1         0.7912230782089656
-426.89343132999784  5468.205611168869    1         6.644114840217907
2413.247095275904    3646.5067439084482   1         0.65329545629877
-1889.5238692166786  3269.503293829486    1         0.5433436279365932
1866.1178210521052   -3102.0476376929355  1         0.10548240859677857
-906.1519389311605   5381.810924616202    1         0.2565780917429098
-1440.9534445428594  1597.478959459064    1         48.93772642756938
5636.853194712613    1078.326241950447    1         26.903273394960816
696.783188781605     5881.035665373045    1         0.4471012796629874
5239.113492012695    -5642.407807260556   1         25.273350265770976
-624.3352150838492   -5008.174668483672   1         0.8381107101953527
5073.147580362665    -1856.6470004597356  1         0.9349387188838112
-2121.165916832628   2611.2788206813034   1         1.1476167962509598
-2832.9656953784347  -3671.5099306780103  1         0.7811691487382124
-1623.531725814086   -5677.517270379244   1         1.178435131590886
-3425.8872127258173  -4077.533224681134   1         15.662171113731217
4023.0800835639757   -2067.7122761244923  1         0.813023914121616
604.9913332313945    -5444.129705284281   1         38.280855880757876
6056.025929871434    -5234.674019548364   1         31.1087311701083
5511.485871765022    -1146.320978250133   1         0.23978667537135828
-662.3848968300712   260.5710734331628    1         0.8484288315824696
2457.159855705786    961.9650569172009    1         0.9691212814916339
1731.9897255532915   -1037.8813967728074  1         1.2214487432288237
2726.00931303411     -1548.0262879068332  1         1.17473032165844
-1881.6912927410453  3691.1540530898205   1         0.6593592211696249
-311.4056961249812   -1885.5557605586462  1         1.2172466649050948
-1561.1014659437806  655.7658401308709    1         0.9744356588386363
-5701.026723531448   -4351.172592055785   1         0.16521010477206077
5247.2117747256625   -3627.26043751548    1         0.49555531755309545
383.60657444136433   -4666.869562779773   1         0.43362335498917304
-1978.4142330323548  3361.676790967347    1         0.39013788967080953
1639.4144829906743   292.84881139106125   1         5.891797064436466
-2921.769879162401   -2281.9975107159403  1         11.427078448299303
2047.2601818949877   -5928.5853818972355  1         1.201687986414801
-322.9301527952045   -1364.027297479794   1         1.1823563515070326
485.437471496701     -249.24035664083553  1         11.932521444604733
-696.6071992863108   5413.286707606945    1         0.10599505527699137
-1408.8329887568948  4932.500433398745    1         32.48865839426878
-4981.493047810879   3783.7002176955616   1         0.4901383907002228
-1393.148851548061   3991.983264865949    1         0.843789371828484
-6064.099534318668   -2726.7418540517815  1         0.46225429314625
1596.8356090880757   4325.7757555784765   1         0.6841533870273869
