trucks_count 5
drones_count 5
customers 65
depot 0.0 0.0
Coordinate X         Coordinate Y         Dronable Demand
2157.870709175966    2180.7162107955364   1         0.214280768439661
11009.102834469068   -6584.314068313376   1         9.545846771100486
-4229.521903963876   7523.474806454529    1         0.6017477082726412
-1462.0328898861083  2326.6140007066842   1         1.0802190173393333
-5642.1447862236555  -9056.739896464087   1         0.406761244227977
4667.502890106634    -6330.680435057252   1         0.4121601015847417
2224.0197980463254   621.3703358755607    1         0.9256384406048296
3514.4593456591333   9906.635558799937    1         0.20624128511834822
9763.659709859481    -2151.8280761838478  1         19.65744085348537
-3448.6463949705017  4968.68502728105     1         0.9339456162737625
-5206.293010316879   7967.365957802652    1         0.32295321177530256
1647.3942557511232   1801.2450863196173   1         0.9315047522927176
-2600.436532742788   -5725.7349395836245  1         42.24362855961345
-2423.1536704509417  -12182.020218815338  1         0.5165388752861111
4745.005990774476    -9214.734179271223   1         0.579416242618644
6255.594532912491    7088.913293509051    1         0.9383283174694421
-8715.429429573338   346.9387882019553    1         1.227989530339266
-6761.021648037644   -2497.509365044798   1         1.0600907893762335
-8193.807807294103   86.78082332383573    1         0.21481485361196695
4587.744552158569    -4045.530066740799   1         0.9419405674702851
6516.2159565560605   7477.850051098555    1         0.8963079588226214
-5499.005937825886   -1907.704566768941   1         0.5407792003654763
5978.449591713105    1348.6754233936706   1         0.2900501959235991
4116.373461067773    4864.233588499127    1         0.812709380088401
5730.39040122552     3238.3425780154116   1         1.1666606823456327
6997.781327291073    156.1082544278308    1         0.4422404419962961
2752.1877055462646   9615.944128739564    1         0.72975733869082
-2915.8378575595734  7815.413840496203    1         0.8639024773123829
-6988.295441715492   1771.315984483235    1         15.97053379506047
2231.322617368952    -9813.429770961611   1         0.69466720397566
-833.0378568159773   -1091.3924883940626  1         16.034713491009377
-3898.9237092203784  -10506.180055698898  1         7.859690731253835
-6232.703169338796   86.51367311739781    1         0.5779960655480558
-9053.732394528846   1305.9013395085437   1         27.32496093318442
-119.27136753924924  8917.974675033809    1         0.5057650331909359
-7203.993521200912   178.90665693288057   1         0.43725268558994324
2636.778621723408    5371.301193472493    1         0.7509978746521859
-4036.603547433443   -7874.226956693268   1         0.4540249761150661
3385.424687415016    -10078.070411074516  1         0.5492165670442057
-1666.7387916808616  -2136.564125797398   1         0.5484560956609666
-9902.89679119523    2321.8203722240596   1         0.33595271617714506
-2375.694779230438   -3036.570969498927   1         0.5001102964570772
1673.7614273688068   5220.812391075873    1         1.1066825776710716
1975.9818709600727   -3300.648895796763   1         4.8218503468112495
6950.334788117336    -999.8953085497144   1         0.1795867469903822
-992.8564477107934   -8134.966556165282   1         0.8254747432290582
6098.140291257025    6064.550011317204    1         0.45924272344871564
-9793.58596962635    -4482.1103765231455  1         0.5295590388016653
-9953.808650969246   -4440.836694573472   1         0.3195115790941469
8776.670543754513    -4091.2403794399365  1         0.374630076295678
-8619.407161572333   11072.51039630067    1         1.5944008441786643
-3747.813442473652   3768.8860177619586   1         0.3410034376131344
5108.490477639348    3452.114075979664    1         0.23171331093288777
-3017.2799381757236  -8578.975621280926   1         0.2785262061971446
-5920.592021700178   -2074.582005229095   1         1.0515642364788227
2284.6272112594106   8214.711869469003    1         0.8484455764516076
-5595.202700173737   2174.523328227461    1         40.20545906581827
-5126.024894242986   -8878.110414791789   1         0.554576179191387
9147.121533928195    2742.193560667246    1         1.011325278842427
-5011.136135474232   9020.472041465882    1         0.2722967910525805
-10619.678441417753  1299.5915316980645   1         0.4005958716581234
-4179.91624914445    4961.8111848523495   1         1.1373404634257123
6137.042124898946    1165.5148571891932   1         0.2811800703970405
-3011.6182316407144  9197.206645216345    1         0.9225543160432904
4060.9629628360044   3286.6676973563717   1         34.35863395162441
