trucks_count 5
drones_count 4
customers 97
depot 0.0 0.0
Coordinate X         Coordinate Y         Dronable Demand
-2783.9497988558846  -4741.332862600475   1         1.101628477850526
5761.0372853391655   -3853.9496916608896  1         0.7409787880030876
-5051.447355983984   -1289.084063812312   1         0.8383913979003459
-4429.986037961219   2594.421893244128    1         0.711635540612795
6554.866813799329    4856.256698136816    1         0.44265610446609005
7184.2704522940285   -1348.8132211856528  1         0.4841252302118666
-458.45486319675416  -3952.610887362129   1         1.489186058069959
-5995.858760522295   -5814.523772759653   1         37.81164947862843
-3100.7133692277844  -8133.248716573907   1         0.6852306607470611
3217.203832623235    4487.621659472644    1         22.093457588543586
-1728.6624816851802  3987.486361750198    1         40.29169075362495
-4674.671410363226   -2343.6904781290923  1         0.9254553285528707
-5982.775762087282   -3780.5049506734244  1         0.8748391710124893
7548.809830108067    5304.1806864706905   1         45.196003535772924
-2183.4213162585215  3298.981677613083    1         0.6672575881229474
-7696.8263586529365  -5845.7682114182     1         0.7134783959153004
-1720.4125891170788  -2224.9219292321905  1         0.2811470928062607
6849.447252662207    999.5971702111323    1         0.14787277525814402
73.7303440285579     1949.081044121902    1         0.11398966647344644
-5600.579812222696   1325.040515803319    1         0.16268327031294444
1542.1696998865245   -1963.0538906989605  1         47.664996049752126
5344.270976822892    -8046.664532751167   1         42.71740237528395
4076.451996635441    -1573.9136658768475  1         0.568633825902641
2318.270477333217    -4807.990726176728   1         0.8993948242717437
-2973.056912473687   -5042.185829238372   1         0.4582175237423596
8116.143129239683    4354.995537098015    1         0.7861875421585596
-206.60128363853968  -1023.1523269682804  1         1.0961278621535115
-5993.897048109907   -8357.887082115682   1         0.5597945141738158
2149.6309708513727   -1883.3672577173772  1         46.332755218886945
-6066.176520356632   -2900.1474866122517  1         0.8221747713119129
-5062.393211413471   1370.6935108761318   1         0.8665656863113873
-7080.879390941562   3603.5005564861076   1         0.4657629330726173
1722.3439621069986   5573.5660404607315   1         39.42339267111102
6330.373558263218    -5795.001283347633   1         6.439547431930744
-7648.418956020526   -5385.321297766015   1         11.677700675144942
-6456.854322776067   7520.128448596643    1         0.6875938332696238
822.0484166659978    4019.978794459732    1         0.3949388205729889
-2745.242967678994   -3367.9183982414343  1         7.437001548856242
2791.2109955253127   -4086.362336673219   1         9.706317066365802
3204.279319539447    -1292.8110794090576  1         0.989889760997236
-7411.052598468462   5450.027823734458    1         31.906230749812178
1498.9046880022518   2287.458171927042    1         0.5996155332577118
-5773.308126741274   8245.915453460844    1         38.81004760444207
-728.5295371004377   -2336.9524323265755  1         25.70529272867279
2531.6116414859334   6715.60016190992     1         1.0182935822171693
5909.285587865988    7539.9189561360945   1         0.43412040283643494
54.6528452009251     -2127.077090288882   1         0.7081514386529748
-5023.422985884091   8247.164743674182    1         0.6331287824183472
-2028.473306997365   7614.73699110342     1         1.1511355038292135
1872.1567775492433   -3477.824457899696   1         0.9014519141869837
986.705917391937     2507.634771854786    1         0.9104111798354912
3037.2224215807178   896.0795006304625    1         0.407307506551309
-3683.7654582777786  3474.857579708454    1         15.458009863336992
-6842.127493855154   6934.409624732465    1         1.2391000084315775
-7773.366356149928   -2414.325935575598   1         12.860649541434755
-4145.916698528033   -3951.540828837274   1         0.6551772055445741
-7879.237350859749   -7062.630869385447   1         0.29557778466787754
-2608.625769887519   4704.744280123377    1         38.1874066938365
-2900.2282895971484  -1053.694493593266   1         0.8891477400277635
-2361.8095607366918  -2818.6865839042607  1         0.441395561184349
-6610.123841689607   -5663.767314543724   1         15.017898888669786
-5324.458562022562   -3967.5261378132786  1         31.498942209277608
-7962.332136679723   4861.7225788112      1         1.2198422668226092
-5296.411936038453   -3687.1647606194238  1         10.82335138708703
2498.9342369720457   -2524.7289065277314  1         1.173477543598108
793.4152784537348    -4777.6960515204555  1         0.15345689909228122
353.2438159434429    4304.777877544794    1         0.3600897641899715
-1647.5144314381337  -996.9267383501775   1         0.6269464570019764
6199.551650790751    5730.526540466526    1         29.232836179418356
2828.0314761845143   3815.7644204429607   1         17.010974609231845
7108.347290272532    -8147.609870291695   1         1.0558579998813966
-2101.215851143949   -1422.3349733880145  1         42.2197993740548
-2720.9531024614544  -8076.177923532439   1         0.17702807337958665
2066.844827596974    5535.729450940056    1         1.2310762288243038
4882.5247337670635   -369.3782606709212   1         0.13477445506659197
-6522.137266044521   7399.728256377799    1         0.3248885988685647
8145.868330226485    3452.2381073819843   1         0.5555054137089005
-3282.2731715418095  -6809.899517495142   1         10.927239551209048
3325.8473406741728   4414.839606237783    1         0.48693773600857104
-3142.6597503143084  2384.7229515672025   1         0.8830978939187991
-1729.2382248474262  -6838.873040691596   1         0.8244120576736236
-731.2859886952583   -6647.816987462301   1         47.180701741829026
-7399.388665096279   4143.062576592159    1         1.2436007071322004
-2896.636718542269   -2329.424745558009   1         0.7158681349593211
3675.3002517990662   7494.930479085524    1         20.825617424793517
-597.4764835408214   2245.7872553418874   1         0.9103767707979736
-5203.048386982344   -8152.564143125245   1         0.1718375559792082
4263.816241721828    -3584.6893112293365  1         0.973671513697327
-2922.9317718171296  6027.114519798653    1         0.5173688948546085
3807.950136236612    -1822.276277944532   1         1.1437923848917735
-3877.5281038109933  4346.561342974004    1         0.5925550359310513
-7742.105867163269   486.85533277952135   1         0.575940123771973
5264.3692891510855   6107.245097542366    1         1.2140766176079856
-1871.971652402116   5604.685330575092    1         32.717688206441764
2327.0062651009534   -7974.545368616324   1         1.7321133237501125
-794.2751202551435   -4160.757408168508   1         0.8991428443757261
-4343.767800677393   5164.74934115668     1         0.9231815768001581
