trucks_count 5
drones_count 6
customers 82
depot 0.0 0.0
Coordinate X         Coordinate Y         Dronable Demand
3182.492412392072    9771.95245008177     1         1.0168935565569452
-6191.517612463878   -5295.033906854932   1         0.8730915412522154
3762.60440928149     -7696.967330385815   1         0.9343003708114849
-7250.267645748761   3032.6729530373595   1         0.4390753162578972
8132.75509291732     -805.5395016527065   1         0.7384581426086849
-5090.853783757402   7909.932302731143    1         0.6323625023323347
6137.409624594314    1737.150982982351    1         0.999076624929764
-8266.335720920082   1639.1519273550073   1         0.6738578325787054
3617.3237385274347   -9187.846978113805   1         0.17525695894733617
-2667.6411476517137  299.22870467018873   1         0.7201855437811365
-6934.941039522751   7081.062230252134    1         1.0203261466437785
7962.182333489296    5035.788345434951    1         1.0190755232486743
47.720982989104094   3665.2184141303323   1         0.8186978705710578
9595.89442726449     2941.0933254810257   1         0.10467070652651227
11321.790037370356   -5160.506171836991   1         47.85779104656844
-1028.8139520623743  7284.761514965497    1         0.7475149591760862
2314.6734855402738   922.1518805125847    1         0.7142033871675426
-13377.032706356225  -7767.710609644338   1         0.2592995600571196
7359.475972102233    -2286.8243145928755  1         43.01718907029107
-5233.49886725706    -1752.4405393196157  1         48.223817442882314
9877.680132675456    4579.783826412416    1         0.19972854586823413
-7632.387810796861   4536.083667781518    1         0.3056018049875211
533.9762639974998    -692.5665901651172   1         0.5546188672625261
1555.8339755843094   6833.470632446814    1         0.9277000794382745
2215.9050743643024   7788.694343749523    1         0.3659977032746422
1313.9062652374128   1853.4277942770593   1         0.95450845551208
-603.379544232801    -7057.72043376413    1         1.2092352931829085
2594.1436247248084   -3003.538054033346   1         12.488585755888854
-7588.062405012455   51.950445073280505   1         0.5790001767908427
2066.8992317243033   5460.710833143195    1         0.38851818918925696
-7147.980595622618   -5764.855095331438   1         26.991661400000176
6873.266308000791    5993.27144443423     1         0.34040784364551985
-6601.663903715643   -2051.999722977745   1         32.92419197377978
2814.0789129661166   -9512.029578439666   1         0.30620345424025963
2850.546935794264    8023.723608907628    1         0.1062297160059864
-9714.461829313186   -695.4068235202667   1         0.10202285156149854
1465.0573020718566   -7882.359805981768   1         1.113732602898475
-3160.697014058516   -3513.3409000250394  1         0.36415487223591103
4153.137480329367    546.898090167801     1         0.8266861496019042
-4973.647705284345   -177.5352368875787   1         0.6448061332041303
-3555.69622139604    1602.7852025816014   1         1.1210046518433048
-2129.539957338673   -1352.2734646724298  1         0.8651385061760144
-4579.695330215116   -4206.506407917479   1         1.1013250915818058
2588.3651614677074   -7701.280211190901   1         9.01769085849417
3498.42559639493     540.0649454469066    1         0.9871859075100868
-3510.4923725715776  -304.7446886438609   1         0.24552853516672377
2154.407805065656    -900.0625598743876   1         0.9732801707372244
-5455.619073819119   7475.264199235348    1         0.6190481189856544
-5958.9296643075095  2709.085190834643    1         0.32251953396993266
-1351.3131785021205  5520.952348714682    1         1.1461903932626705
1582.1040502207884   4796.289166894446    1         1.2095972684041347
5492.968813184256    -3877.214359242975   1         45.492446460437286
4024.805152662785    331.84201012617604   1         0.46435455096250866
-4758.226735343295   5606.274781139759    1         36.19169382701904
-1017.6421503724854  1730.922358725877    1         0.694401622057217
-7059.954552531563   -4902.544333572403   1         0.4808337864463016
-5908.347196364537   -4150.727210352642   1         0.15544709929741327
4433.322246731609    412.28672456822477   1         0.6861323671354356
-5391.311070216127   7256.624150217389    1         0.43436197351734984
3589.1026778333853   -6559.275581527277   1         0.11418860071692398
10847.39472012962    223.63914419975157   1         0.22047904247651195
8486.540360461826    -5449.75566445129    1         1.1383454756677962
4111.7199181429305   -8084.3715682780585  1         0.6030587916065823
719.7832185634478    -5398.674976727186   1         0.2384482420902087
3906.766911568897    -5926.499561644225   1         0.2633140587807795
-3481.0474697945574  6883.484141046203    1         0.1264098188693053
-2105.2522605789904  64.15087041151325    1         0.7107094316225991
-9955.93765268728    -695.1933691101164   1         38.904062748005934
3080.22818867358     4180.117562446514    1         0.5103430173404269
2643.8657940416433   5054.547707034922    1         31.354597891842825
-627.7897823267392   -6838.157500411022   1         0.24226573287981093
423.9258858110011    1392.3557198214446   1         39.13366262943693
5755.769086211371    -6451.5765044203645  1         0.9543851020833456
6970.310709948473    7511.363628650361    1         0.30077316582163083
5725.209529166433    -5232.5623998675865  1         0.3907265292116925
-9518.352290019853   -1503.773343484342   1         0.833670605788888
-6193.774944598563   3854.539750933807    1         0.5898306534217911
-8037.308332503865   -6432.0420949699665  1         28.005185445333087
-2588.522418482696   8824.607690267616    1         0.5470393406111073
-1548.3491697391064  9237.263370470626    1         1.2334895512897939
-2100.2461965530715  4107.489403096559    1         1.1634091118272682
7064.739781309274    5895.005835970475    1         0.39755104736455127
