trucks_count 5
drones_count 4
customers 100
depot 0.0 0.0
Coordinate X         Coordinate Y         Dronable Demand
990.4080307321827    6786.057721899601    1         0.6595097915777116
6228.808227177718    6829.813462705278    1         0.9477000614128958
-3916.1701797484857  -3627.062568244294   1         17.56079755784321
-246.35293821967755  -981.1617288365777   1         4.1409907782154045
219.4153811348296    8142.911916518533    1         1.026233009836668
-250.11359600212901  -3942.568549516452   1         0.6769290241279236
6079.460697628738    -7899.050059398039   1         32.07591555248256
354.71315857132083   -4996.747208768744   1         35.43490047196524
3808.178973951343    3944.6929312543616   1         1.248287740904744
-1896.8029577232594  4646.93316886126     1         0.2977786465332306
2859.3642623839532   3904.068220964564    1         0.7487539943635931
-1803.7402869302002  3120.6943470224683   1         0.45507991322324337
2207.9590395503174   5370.396356194546    1         0.7323292280617051
4631.187456783313    -2026.7719696128306  1         1.1734565760345623
-1838.2857487599858  3535.456268341554    1         1.1901204821401348
8099.809980563826    4926.113798020637    1         11.969901128653705
2809.980176200941    -6744.754033398016   1         1.1923752691431186
2688.3796728410857   5114.961581238567    1         24.251045528066868
5816.871680133917    -2112.5139962368976  1         1.0204593852399861
6944.99483858269     -7448.795117109004   1         38.05451315523943
-2957.352117006336   3102.927331565687    1         0.45518028272154976
-4490.813818122461   1819.0230231900266   1         0.12055580327387862
-5286.515391150404   -1738.558686132607   1         0.7200487669449569
-4409.5789021397895  271.249415780235     1         1.2333568801825774
-6979.739508032281   6570.1775164767705   1         37.388154658592725
-2842.75794606925    1199.950620896206    1         0.4752744333586455
-2313.6851239927046  6960.445173186542    1         0.5692880652543814
7783.836315174902    -5720.812321568655   1         0.6140520198705133
6466.392197869003    1166.150087205424    1         1.1801748942014911
6354.395274073017    5555.304244128379    1         0.14901265026400223
-8331.029739355228   -2377.336318214307   1         0.5103681833320783
-5048.102252110648   -6156.764407821014   1         0.36641429658750346
486.2500525296673    -143.10159390416266  1         24.982045356440505
-1767.3471592818123  -2793.5602836163316  1         0.44485220212031684
5661.465382953431    1066.437233590351    1         39.63093132663391
-5454.012946157668   3453.7825982456493   1         0.777713777284206
5445.054930500249    -997.1396539298983   1         0.9916959356166429
629.0382020546222    -6090.215343087472   1         25.755077357341634
-6072.138373854135   7834.055753118027    1         0.5307578799638872
-8374.609992026579   -5091.024034893846   1         40.17669296096972
6234.599507605788    1014.8168054629164   1         0.2651202139756066
-38.625338709227364  5592.245369550991    1         1.2043907773668823
-445.17287853159627  -8263.073307354944   1         0.2581849301767756
-6543.404941932792   -4882.478691128313   1         0.7695789353558581
120.54286853287888   7193.569517487332    1         0.7363306820447589
5653.127386221284    -4326.193398690833   1         1.1134410009034805
-2063.3023630264292  -6604.830429723667   1         27.502460408639973
1129.4398941094253   -681.2087409363181   1         0.39461126120828127
-537.1474226885756   2001.724939474419    1         38.712595806530395
2671.68714321483     3500.0269256645565   1         0.913221785762773
4589.439382651971    -5551.837063837272   1         0.8361783029641526
-7444.67559568531    1.5369738285415344   1         33.33260779855274
-3415.120467529413   7018.881050298539    1         0.7183954460168462
-2953.221454366373   -4879.22533518277    1         0.6532662401976418
-253.4310566412926   -62.11714115561729   1         0.2747103978234411
6059.9434163929545   8567.219729001721    1         1.1881317172351795
3472.008955883703    -6470.423529941393   1         0.6700584534484805
-8063.2135906781905  -2619.6094952805734  1         45.560278440491615
-4736.407110166512   -6338.28321047638    1         15.438516960542108
4147.418508242745    994.0858537253589    1         1.202344010249117
8047.987525199679    4735.475659683279    1         1.0017900966726436
5351.176401515386    4998.2114420738735   1         1.197664780039982
4695.9837241491505   2225.753774808646    1         0.7979952141171661
3933.9649782311453   -8567.30755835061    1         21.355173571114392
-3890.091953817434   6385.819897840316    1         8.522974818191772
-2328.795806475539   -4283.14061523506    1         0.6492186298152903
-1141.8618794622628  -6921.399680674391   1         1.128075844518592
-3565.647040414883   -1511.1450038160478  1         1.166863330445853
-5120.779324291136   -8272.564506834196   1         26.71271635859277
7403.248543999526    4328.251671524046    1         0.1770958433930953
4874.659074968178    -3691.657478450805   1         0.7832144090642279
-4807.914770025877   5783.275188712886    1         0.6636538666389675
-3784.7242938336494  -4481.655862521008   1         24.05525221994223
-5124.277762088786   358.49403664465297   1         29.30658311129643
-489.0319131459128   -6923.656605283559   1         0.96977301437689
-7279.032591181351   -4338.136664156214   1         0.17250334471535866
-1198.9921945024362  1950.8233938004987   1         0.10588944732862952
-1581.956857331161   -7244.517161195581   1         0.9064748654491339
916.6199306855374    7934.192557427242    1         48.98625727744977
7226.089679966826    6548.333873518455    1         1.2157781585007896
-3835.091447749731   67.06690810387438    1         37.07381173007015
-314.82311078969997  -7094.922477868526   1         36.51921894652283
6008.81556885134     -865.6722432199247   1         0.6853826642131372
5251.200865295039    7134.464783791113    1         0.7993548151892799
-5764.04599759696    -4942.676382515068   1         32.863993812676014
-3021.159216847882   2620.669275503795    1         1.1234868455219624
8114.255701017436    5660.362962736435    1         0.34118379709074853
4851.396040164927    -8554.67252320462    1         0.1930916776415385
-4939.779329235117   1410.4500362866356   1         11.791263637754215
7976.680056974597    159.43170009373603   1         0.9370862823761301
2838.777218549784    -5751.078590560351   1         0.7347889706990383
954.2165269460959    1363.0604933589505   1         0.9391353405954224
849.3985765634283    3283.17674019935     1         0.4562640373029748
-5248.50424289645    -4452.203539877273   1         0.40758666948073974
-7796.570553964235   7203.088245718374    1         0.30638598736252654
7638.69774035682     410.0768862325385    1         6.935305024469431
-333.7474463223694   -2355.3419988363266  1         0.8077787858868387
-5534.644306734135   3086.558370991259    1         0.7833655055446723
558.9571208943294    -3509.6300259794384  1         1.1739805881881746
6158.6050553634295   -5925.32921280743    1         0.7863688089052469
