trucks_count 3
drones_count 5
customers 53
depot 0.0 0.0
Coordinate X         Coordinate Y         Dronable Demand
356.2592705975177    1610.158903975562    1         0.44417778101697347
1932.3801884785537   -519.4264588347379   1         38.35637426362059
792.9614321878107    10.388674886391527   1         0.9675034282894945
-4930.049035600209   -5532.037638434685   1         0.13819619611715908
-5913.603858950343   -887.1327395288654   1         47.558591211043876
-3804.0351424714545  -1757.34877458525    1         0.47584931867504987
2893.9517602359933   10054.502244960184   1         0.47492346931418616
-8533.10448629934    -4107.03576532258    1         1.1913804870429354
-935.6860491614368   -8558.115775741673   1         0.8357741495502458
-3284.9387031802926  -6033.731834575781   1         0.718146264631194
6197.394638776034    5239.977290536877    1         0.8630088747823272
-4105.267955019563   -4742.809353819783   1         1.2205668582331108
-5868.0591408490745  2628.045601363921    1         0.765710823532846
6055.827448418641    -7913.066297001282   1         0.9012974240969673
-15447.867857312107  -13909.483823103566  1         15.311183369907347
-11976.029254330562  -4053.8562379031464  1         0.12129102069598377
7049.798116013135    1297.4517542878918   1         0.1306966691789771
2390.3221878661116   2939.3192114087456   1         12.989833123324221
-2676.263721699939   -9920.393418731803   1         0.993112953133842
-5099.942531712836   -3336.534401112661   1         0.7424300528907296
-4317.2167622128445  -4600.053053411873   1         36.03380730769486
2729.1731850402116   2709.4594969114146   1         0.3093937424742891
-3723.776296761988   -9034.281337972434   1         0.8384937508960466
-9077.953500226522   -329.0838667942424   1         0.19833423701234681
1904.4573405658614   1126.8155408434145   1         0.6372294971543483
-5020.406265782189   -8965.595500168965   1         0.9424586030713406
8462.642896592248    -808.2979641674779   1         0.27560975515885455
6111.752699760499    -374.62107959640565  1         0.17302408545460612
-5892.334050654681   -1166.2474960822985  1         0.8056707645929683
-9181.702184016005   5738.153059900631    1         0.10129237377090768
-4455.862738299568   2799.3886766139      1         0.10323068560455466
7702.674454149209    2472.5220688104764   1         0.26081825755851407
-2691.2700601076103  3290.9416457726584   1         0.25613645130838075
4573.209327577671    4088.806733895743    1         0.21380094629246293
7081.277126670726    -7733.589170066816   1         0.9427237720458348
8478.948318518542    -5042.778555206331   1         0.37339847901651
-5377.348978042544   6383.025089878323    1         1.0675037160402714
-7036.247151610342   3529.6806675808175   1         0.4493296154456561
2735.240093374165    330.16922821174285   1         0.5135026650567401
4543.698383552079    692.7637339590436    1         42.829053032087565
-6348.731315501928   -7787.643538874881   1         1.0214909745229765
5322.074029593341    -1447.3431852316453  1         0.5837380482030144
-7343.94556090737    -5570.421036679569   1         0.2914572626049465
-8230.392021531767   6831.294005414863    1         0.22783498302978458
-6416.896657877221   1211.7645092403848   1         0.26911972232521886
-2461.3142481841674  -8182.842203841469   1         0.1253645913520312
4584.545649646675    5357.041622124078    1         0.13677014418471548
-4961.140384706397   -7748.7715574031035  1         0.5614053069199317
-2031.8688277170183  -7611.096245023748   1         0.5840223809356008
-326.51741051938757  -8322.676555283266   1         0.4604442550876112
818.4999376506308    4199.927363345503    1         0.1876024438509644
-5447.425152692699   8985.44217643322     1         0.1958991061421423
-970.1909020704824   8928.18093658637     1         1.1341963756517686
