trucks_count 6
drones_count 5
customers 93
depot 0.0 0.0
Coordinate X         Coordinate Y         Dronable Demand
-5715.129048536705   -5337.8355404759795  1         0.860812856990483
-4732.166826597115   2355.6041722211603   1         0.12182049276366899
-5193.541018073229   -9434.176054787891   1         0.8831083740312659
-4279.049348330975   5607.264517057544    1         1.0025772754531324
-6315.623140413313   7520.228801441523    1         0.5589949548626265
-4116.255930890212   8422.966548521197    1         0.3452864741487419
567.3861590285807    2654.171789676544    1         0.9584691977064864
4878.982871275469    -1803.8454738839043  1         1.0972827853954454
-14394.293521051264  -4157.63699017633    1         38.897770188216725
11122.876841993104   -13770.645025828782  1         0.2715910061970719
-8830.756728493878   -6298.601240834587   1         30.35318075406632
-5000.3708285899575  13236.71714086094    1         10.706890484855856
144.23484351848333   -9194.127378492985   1         47.11648373631744
-1466.544855289811   -6469.960513064665   1         0.8703146913601099
5414.017463431852    -1519.3739940567839  1         0.26835017994631294
8793.380911292663    6065.605060440741    1         17.186768545429914
3945.8248931255657   5518.091063068339    1         4.649780492287192
-2635.2371933362483  5460.6148591108795   1         1.0765040521816154
1837.4683047877465   551.8184061754765    1         0.49739593410930494
-9766.576707644494   7381.70533779222     1         1.1786106810086323
-1453.4868574336324  -12332.280538350115  1         39.640740990905755
-84.4116560320383    2478.2035195115036   1         0.8447958056594078
7895.886036250621    -1633.7800234116162  1         0.4549316723970558
-2221.072239865095   1895.7906165530594   1         0.5715941418070084
7427.365233512224    -2185.6497812553007  1         0.7028034715116676
3579.5984683301704   -2907.951071521672   1         0.26631275708504526
-4121.5575794782135  -9893.81051147113    1         0.7656012162658705
1603.3189917526267   -2131.080992186048   1         18.415854137389957
3089.296356250531    9832.587310642468    1         0.19969702985711474
3451.9055692994057   6081.405879964632    1         0.9106785034924416
3657.1637749421166   -5218.142326991202   1         29.97201059453589
7060.737589854625    5582.16311922019     1         1.2118691573434683
14032.673668880143   16457.10779375837    1         1.0989332519198518
3657.5797973996387   -8378.403280110884   1         0.41105461476818117
-9203.144364696249   -3810.5544752257215  1         0.386899553761057
4927.285520090389    8989.963061091354    1         0.5990617900068818
-5773.867222296162   5607.450632428178    1         0.49215732679460344
-7349.041249602799   -6962.039598951507   1         1.0599537105117087
-6273.997508375351   4012.9372293564084   1         0.767544242219169
4581.213839955555    -3514.3947438580435  1         0.8200797128105031
-2844.8375740334486  2723.20666242309     1         0.8207506965484074
-4054.885700656434   6992.183256680342    1         0.9896348524342143
2378.7556881627615   -3945.4459484107097  1         1.1116179882407005
-1770.5370321235623  4346.065711472584    1         15.052195611670582
5524.171438495766    1160.4383095719027   1         0.3242069802101105
-1708.4062426811481  -8032.199522459798   1         0.9775083847922097
-4086.412932285891   6767.360029049659    1         0.5445423761999043
-4989.966083332254   11121.482046774476   1         0.8792396250008724
-6334.128439302701   -5202.465328839511   1         1.2455622652823792
1445.9510301917476   -1485.7637504097095  1         0.9741804632722609
-5850.741849446958   -4222.893410951897   1         18.7457601967876
-9644.594174247452   4771.212093172616    1         30.60653354179178
2513.746731409343    6134.477086834982    1         1.0470663875646287
-1727.9429343198174  1692.7346706030055   1         9.74640002626543
5797.904142902537    5361.238044471026    1         1.0007359061866374
6880.947480090487    3980.001986880953    1         45.164490829174106
10151.256012380165   1898.5462146945915   1         0.7604265289468303
-10057.977843415745  13616.346035420767   1         22.95367544289768
6690.162140388544    2733.1592589606103   1         0.10057290928521576
10757.82110132209    319.9291925527331    1         0.6218650994320835
-2288.472502407475   -10331.63551649564   1         0.9768400438112373
919.1710634710178    9162.242956191443    1         0.14025919539239493
-5434.250862681499   -2400.618787333864   1         1.1378872282056172
8105.801004631558    1457.4259231828291   1         0.7056224603823126
6605.016158500184    5685.49248148172     1         0.798585222613459
3655.3127263733722   1056.7437608811251   1         0.4966558010186488
-6518.54208387383    -8747.765758010199   1         1.1855262401491862
6820.759756994056    -7655.712999315412   1         0.3137429270137556
-7699.64322135037    6219.825801568189    1         1.1447298483549406
6651.971070144955    -9567.555689326906   1         29.999883746243977
-146.4138492745298   -5123.192823715178   1         0.42454565377167675
-6977.9249364467605  1787.604779096342    1         0.19640587723582248
-13273.558486677386  4762.911275037175    1         0.17423415608146117
-11076.6301559387    6480.550469465499    1         3.001131997323768
5695.175236327432    6960.9272398913845   1         0.5397533473723919
4890.257339153222    5607.050573184986    1         0.9815794693093767
986.2985905444572    -9974.586690510096   1         1.0480692982277915
-295.09246033497095  7574.203985850301    1         1.151012939615075
-9761.443296928484   4893.465434798144    1         29.032996512384578
-6573.007859551001   6252.88309751169     1         1.2102421406836
-10357.810768588808  747.939868738038     1         0.39534319634106063
1676.7680565121525   3273.9424172703384   1         35.310892307324025
-3258.3261548152004  -5871.397263877919   1         1.180633924888502
-6212.690232178544   4239.998897180984    1         0.8195428658875208
908.7564353656298    2517.127008584487    1         0.12420387953354003
2094.5519606939897   5523.54555517627     1         1.2005634626681403
5267.641414684156    -4955.744869518063   1         0.5544911133746979
-3152.2930356495763  -7717.395068488377   1         0.7199683926882259
-594.1802840749637   8374.929935660868    1         1.0678027768365965
4441.395894508722    7315.146431712755    1         0.697119282995433
-5879.877362305266   11975.538515809709   1         5.239170903995044
-4523.555604532085   187.32900500184238   1         0.22685854870452962
-487.3698783610649   -4774.129080704052   1         0.5156041375425332
