trucks_count 5
drones_count 4
customers 56
depot 0.0 0.0
Coordinate X         Coordinate Y         Dronable Demand
-71.56921100470497   7712.279029126132    1         1.1849000119625412
-1654.9597171319522  -1746.8902540920972  1         0.6004709877061951
9423.154865639639    -1274.8185068801051  1         0.3351316495665023
3074.3542640027063   6751.548784961914    1         0.8975088795237517
5038.325419708085    8007.957468477334    1         0.8515011982261611
4349.625893092365    -6763.14814694615    1         0.576551458479359
-8168.438403578047   -3702.5271837471464  1         0.15165502929594124
3999.073176601824    1989.792686325639    1         0.48316306579587287
12350.00127218652    -12405.958020662725  1         0.8357760650994598
-8342.816430981893   2177.115035274892    1         38.36959667220393
-4020.2153227379963  5571.755539125696    1         0.4653487873389519
-170.9293265215656   -10033.897524147651  1         0.769115629245472
-5884.251054497038   6414.191784432649    1         1.195878449839789
5586.0778048511565   -2350.3107806420576  1         0.601498589479951
9085.572531506346    -8093.012719150854   1         0.319903886112352
-12679.231342946574  -5737.914773001      1         1.0329527762123427
-3783.6856876428956  5611.260263712755    1         0.22197209635027115
-5147.865399961509   -8165.409696840532   1         1.0540902226352666
-5574.76807982628    1436.3053292060324   1         0.14168932632723039
9074.431328039043    2318.368501305201    1         2.3273980529406506
1391.3444379969512   -10512.730593464014  1         0.35182727302172634
-9559.544745164587   754.6928651997009    1         0.6252683935964272
-5012.620899163048   -9245.336769685147   1         0.6469232215844841
828.855138098128     -6871.727327647026   1         12.559710726543962
3648.1517950046245   8310.675352658302    1         9.860948767081185
1991.542830304398    5568.095649018908    1         0.40500870510525355
-3421.108270540749   10331.692740210145   1         4.696881045563886
-9372.118481234213   -3719.9099341165697  1         0.7613805117250066
-5091.211689537544   174.36121004859888   1         0.48171949165143924
-8720.768148013598   -5101.817101561642   1         1.775101165923512
-9092.778652734929   -5371.114260184495   1         0.3906654007103699
4050.7556949129666   -7813.516128938851   1         0.2763060946203223
9934.605276889431    -4416.351044581946   1         0.656311800853129
-8794.497291296268   -4028.587051843052   1         1.2146394434378385
-5290.924215685497   8972.275352905119    1         1.2173595197638842
9625.372595014618    2190.9406830812773   1         1.0202443547232634
11600.479405944207   -8705.580394674482   1         0.8476702562377177
1677.893692589436    3154.945334886226    1         1.144780680805835
-2134.0120474473765  2264.332190826709    1         0.16163748241852935
2597.6043123550735   -5251.235183569679   1         0.7165066448785771
-8398.305243623468   3810.9279369999563   1         1.038182623361872
5213.4777193643995   1062.590524665284    1         3.050698433162471
1329.3016607992301   602.6586503835118    1         35.523442806292785
446.09699955371514   -3406.9846171481727  1         0.2502956665757283
4292.361214095004    2091.875365782991    1         0.9982405683385274
-3634.1390021151287  -5227.618824376837   1         1.108432675820124
6815.2627364923455   -7938.8933232778445  1         0.49157742847558383
3404.8257568025083   -2724.7532559533342  1         0.5609287203098754
-2734.429294123644   9825.056186096903    1         13.584183354874485
6659.233741831046    4855.425462278359    1         1.140566370274247
2203.929383604462    -8944.539638749025   1         0.8146324220744884
154.91268469924182   -1861.2190247368967  1         0.5652456546812935
-718.6484431869659   -7795.585281138451   1         22.380020990330358
3762.955099236875    -108.51223728321565  1         1.1883861412168417
-9654.014573025153   -2209.196679614236   1         0.4194345919390663
6465.67616292731     -5231.262457528837   1         0.5991550934868535
