trucks_count 3
drones_count 3
customers 72
depot 0.0 0.0
Coordinate X         Coordinate Y         Dronable Demand
-4326.55751610018    -8786.86911608513    1         0.2191292933983537
2355.4010750121984   -494.4230714333511   1         0.6835284647039719
9854.751506839124    3230.565056481427    1         3.0824536938969045
3317.8362942643535   -3757.066829925316   1         0.3445171689270893
2538.701747280509    9914.799854277193    1         0.16750988044124931
-4767.900760058403   2401.2746631697437   1         0.571966906602565
-6350.901698046262   -4465.552441918619   1         27.114319597866032
-1314.519317838992   2136.7879858034876   1         1.0387952971926018
-6417.002173037919   6071.753540850196    1         1.1948999781649643
-154.65317914327676  -9989.22600331599    1         27.639172565173467
-7158.378551672343   -1741.433029776504   1         1.002544379874331
-308.67573183985365  -2109.137981042626   1         1.153144671611808
889.0074431813198    5836.984848527002    1         0.7171527502467994
5835.952031132495    5222.328088454621    1         1.4649323970484098
10389.090337790003   619.4139758221202    1         0.3960235040937189
-1167.93287485755    360.75358583532415   1         0.1722973505551361
-2342.877703426436   1018.9025922765164   1         0.3063590949921752
-9286.250398186803   1417.0610947706919   1         1.0586686756019377
5146.4557767303      456.85461167847785   1         1.1998240656430854
2723.2303273358007   4087.465191919809    1         0.5756503046831636
8734.530397731483    -4741.958729836469   1         0.600534492187414
-9137.898533228152   4266.378348099327    1         5.836223959263375
-13900.981234860432  -9116.015079242243   1         32.15283171258716
-1765.2831228696573  1042.5878913082063   1         33.57858241555647
4762.932862653217    -5563.152015647798   1         0.8503413029653213
6895.395688869167    -3783.884865622462   1         0.7178036657747858
6205.857482846358    -1651.6115187601727  1         0.35702630816613834
-4096.8739743160395  -6165.570130570555   1         1.096799198107928
2887.395449697271    -4040.3418856377284  1         0.5188049919489754
2704.6880991385797   -294.3825165753892   1         0.9433771134317388
13080.839872819406   9694.178192298334    1         0.7766122271687763
-148.06904344699635  -10243.909460593903  1         1.0200621388118667
6440.669264098899    -863.5326721079095   1         0.3014864526552684
-159.7294309935478   1535.757347065899    1         0.3774721931555183
12624.646726625067   13563.638432322316   1         0.27466535399246317
3508.233119958286    -7505.358307281434   1         37.100734111726005
4623.760588536314    -4685.80205549788    1         0.8091494152404436
-2513.0752547707016  -2056.07574621185    1         0.9375662882785926
-7196.992013373831   -518.8737175654667   1         1.1922247318957748
-5447.684199062205   7822.972411896995    1         0.8178613867450553
-5187.25651276894    6996.286076813047    1         0.6476646201625319
-8261.301481710765   -2400.436452520391   1         0.6565062928422645
-1861.727656539475   5636.960304907423    1         0.16055012503360544
-7390.701891109376   1575.1297875429582   1         0.4169714111614755
3405.4295280290876   -2357.8057437107723  1         0.3484040673882417
-2723.5222062381768  -612.0688172395726   1         0.8493262835533559
5831.45523482165     5538.197795355685    1         0.8167729546635915
-5734.280083046965   -9056.75771598019    1         0.945196823817642
1593.8031367780393   6601.694568469329    1         0.8179215590405622
4654.308291002244    -7416.886199539542   1         1.1539526946478034
8428.197559718586    -10435.962643746363  1         33.3024632215084
-2925.580243115099   4111.711278404941    1         1.110308043941373
-5595.747354587403   3794.4634728191154   1         0.16826039804843224
-3598.3666564749287  -3155.2655456513316  1         0.8290964047064351
-3957.58215071961    -7585.9200098187675  1         0.838177605900997
5637.0229744672315   2383.724669757581    1         0.1505435544737877
6689.614918861361    -5707.336663152651   1         1.1495716982791027
6170.701408188018    -1983.9863583633482  1         1.1176502939752508
5345.356683855608    -2968.9340663533444  1         45.24342940221829
-8995.235533889598   4356.840652858112    1         0.3262684499413466
-5305.034847794769   4858.531013121176    1         1.2340427535189398
8757.18910510376     -3772.2083007507017  1         0.2793437096485737
1215.6902272364669   -484.21071845207007  1         1.1272969763148941
-4736.68838962402    8755.628993048344    1         6.652107988749561
-6399.867476743217   5653.110784919434    1         46.5289551253325
4744.999178059904    8276.715729232708    1         0.15213678454413088
-5614.49241889368    -6657.027928257502   1         0.17587833514647966
5021.212013816327    -6247.82951207701    1         0.20867066386379296
4670.286056957831    5065.191478443433    1         0.33280527426548345
3257.4183856456075   -815.3730787530078   1         20.999198230268927
-7451.933451974742   4054.7822935428917   1         13.451224418726182
8516.198616058184    -3870.9569672971334  1         1.2384937577111659
