trucks_count 3
drones_count 3
customers 64
depot 0.0 0.0
Coordinate X         Coordinate Y         Dronable Demand
-8163.426658642601   -2518.2204778360247  1         0.21895508842748784
-2262.1499337858913  -5749.75213347088    1         1.1790644766718132
3690.9807261386527   1593.795667816504    1         0.6001437434384529
4920.284853268639    -3753.168306988372   1         0.3781528863485336
3332.406545053269    -761.8057871072672   1         35.733090071520856
3370.981786555638    -611.0188077721104   1         1.0538502778015746
-2396.5682358947315  -3394.776628964132   1         0.29897402679478013
892.4340903032572    3261.4976036340645   1         0.6732481954794031
-4985.4131136401365  7614.439375820221    1         0.5898317176839207
-1524.3363593685783  7919.873367198096    1         0.7240854260042899
-1735.390965046348   1804.8033170765964   1         0.7723948305753341
4029.3422880318412   5796.638210740811    1         35.60479228922723
7884.250414799459    -3718.856302711634   1         0.6956223799101319
4298.248359700144    3667.8018046541724   1         0.3421585795883201
2320.593604815591    689.9720378013427    1         5.18495848539731
2854.10414322977     -5881.814482569767   1         0.31670681136540946
4544.658971007928    3368.7032720006846   1         0.5832702477951371
-4977.345010717682   3213.8647521168223   1         0.19733606062721898
1689.7305943208664   4788.2294977579395   1         0.241010840096252
-1297.4429820491416  -2857.299127153715   1         0.3362501952604571
2154.7378448450236   -8032.154109200984   1         0.2720547976483201
-2037.6044062900955  -71.23499973906291   1         0.12557882261321912
2743.3201924085993   -6759.619733704532   1         0.7482089345083943
153.80873301664863   7141.101311718664    1         1.1471734563424663
-5567.11142633401    -6920.802068206493   1         0.8746383974347822
2797.103769915821    5875.0908390398135   1         0.741475582970899
-5681.206097857604   -5804.251338876713   1         0.9859617410341754
-617.1124833912882   941.5615601196711    1         0.7360567061546082
-5463.405830785096   -4672.243264847679   1         0.38302360801318447
-44.83602438784748   6492.203236893118    1         0.7032890569387258
-4206.417595999244   -3707.843933880671   1         0.27840249883159873
-7225.782701767791   -4372.069124278332   1         0.8054330108116607
-2306.088572378539   -3532.50585411867    1         0.6641701712419418
4531.731401600424    3046.677161604608    1         0.34502138978303143
3092.95456578931     -2317.1493559151186  1         0.22472032026196914
4491.773924376119    5787.10545816568     1         28.301750535699924
-2851.269981855897   -3019.8971063334793  1         0.6669571570922483
-3244.7828755121664  4643.973990151157    1         0.6330856470289836
986.586322990689     -5775.4875470945035  1         1.1055494770997984
-78.24363854818127   -7737.313845340883   1         1.2198964080807082
672.1073774454521    4607.127444511541    1         0.7504161418930486
-1675.943872386795   8066.467209149282    1         0.16433353104228327
2299.891031723727    5749.7015194016085   1         0.4609682430971357
4493.683540494399    -1004.6820554016755  1         1.0721082692762371
-4877.6208781018595  703.8894544873403    1         0.860971701359629
129.42233008270384   585.0366752533799    1         1.169922781552195
-2601.5047890459105  6535.730531498845    1         1.2390557176418808
1965.8334865061145   -470.1769285275449   1         0.960544831878537
3288.742869146845    3280.186495101834    1         0.22433422557088353
-901.7696179889217   -4096.229937261986   1         0.81136014184369
4708.302114264203    -3747.0632179328886  1         0.5709694896529947
4228.478407567346    -3374.9749850852972  1         0.3305010625437955
-6383.806634484244   -2642.604118198988   1         0.5278402998465657
1145.6263366898295   -7514.979554183898   1         1.0453668503121893
1855.0201094766608   -2845.218837270216   1         0.5633482065155496
1028.0497075090464   2808.4457772673168   1         1.196051600466228
8143.588232948457    -4982.253852142639   1         0.8105115918062201
-2090.9911141446746  -6474.21844922004    1         0.31150688979269053
5651.926955320114    7835.40739493365     1         0.11382579466791995
2925.278209714354    -3307.8841191167817  1         0.7084528794626918
1869.197825948813    -1137.6686994660558  1         0.7817285266904157
6850.876061404652    5269.524071451055    1         0.2073201703547827
2440.053458797509    7975.111252965446    1         1.1710837509572567
3203.1239022417017   4569.962194979547    1         9.290248977525737
