trucks_count 3
drones_count 3
customers 54
depot 0.0 0.0
Coordinate X         Coordinate Y         Dronable Demand
-2935.3289864150474  -10507.874935204953  1         0.12447662874313685
-167.35124186824214  -5342.401870418584   1         40.00269399118268
4590.320236122663    -1886.0393474224766  1         0.2383011501473011
7749.876061752614    1183.5350026437925   1         1.0021051614864156
-6571.069237996764   726.4348493642698    1         1.1909170560777775
-5987.795750796161   8520.553783643993    1         1.0029955176870342
-3948.385191036589   -6523.742171759308   1         1.0903923057923497
-4541.652163740539   -2119.8528015346064  1         0.7143968145344414
1525.897059108005    220.78822135902536   1         0.693438567890435
-798.6038956590103   9203.571905931924    1         0.4827553806852235
-2825.2560723473625  2756.0748998144486   1         0.8918006363150398
1648.9884416730686   10072.286089041507   1         0.4240061575031241
-10542.332801963557  1397.1998085688517   1         0.3358688959357462
-2087.580664917477   5367.448864574207    1         0.18309236447063726
-7066.897395229534   -3421.9100954739415  1         1.179497645763361
-8505.690634810568   5169.289692496541    1         0.10112892896983477
445.44214769197913   6792.815496653596    1         33.64065138119205
6910.410522448416    7479.980337647434    1         0.7393099392198724
5218.644457332961    7147.228035237725    1         0.7838329231258939
8662.783141850323    9770.749599574243    1         1.0238487057335632
-9531.251155144864   -2468.179634585894   1         0.9928154683439562
8011.697117008366    -1102.28970476758    1         0.5057703713812512
-10405.218106736405  8132.481546504179    1         21.478515738934345
2501.6859036790265   982.6190974212396    1         0.8914339767247949
-2771.7157208423027  7771.064439253217    1         1.1584279497008032
8517.743585980748    6101.347670296543    1         0.871788323734993
-4156.3110110015505  -5579.424277357841   1         0.37788445713209995
5654.292431034664    -2049.990355814818   1         5.114534051151525
3626.9704863869156   -7140.19918097051    1         0.7365726990848166
4029.9666971953206   4859.3414325666845   1         0.7148701015754012
-9242.420158377043   4916.684803666405    1         28.97336600009139
2494.859565806244    -3431.892061990193   1         31.361616098659667
-2273.1376264074834  10613.584714371626   1         0.38557071634041507
7717.5171902854245   4162.837598478111    1         0.6762576445975721
-1233.2855439474986  -402.47204936635956  1         9.08374033301299
-4069.9884815122036  3339.978907205882    1         28.63745323280336
1051.1952062036962   1082.6124529869815   1         44.7834248784128
-3819.528345126356   -6449.585563189689   1         0.3377162282584256
-5799.942326540642   6326.90929802026     1         0.3642559665987821
1818.5005779703342   -1033.0741876598615  1         0.3071255570366923
1618.9270651168918   8206.230056128752    1         1.0395770717460817
-6430.48425326385    6222.3536978290285   1         8.211639559157653
6949.590749324286    -6497.710701832107   1         0.45869929931607745
-2879.480998075058   6076.263777507663    1         0.9178243187340569
-803.1302046913958   8834.169822037476    1         0.23235384759420494
1716.0303996230978   -6934.45176983124    1         0.273207549840992
9465.350610404388    1878.7794144938434   1         0.6688172424808475
-475.12841969623815  5407.640435321135    1         0.19049664622207907
6388.647026190814    7363.831466481135    1         0.46027550800489714
-9083.46294544611    -3672.327078412512   1         0.6311394345341974
-8973.03953948462    5422.651318531623    1         41.862257478108795
9306.43800194828     -3761.1971478679575  1         1.0678774864697027
-4138.387608592933   -7117.774255412313   1         0.12538375468545532
-5978.32716543978    -1024.019396208918   1         0.5672757513170728
