trucks_count 4
drones_count 3
customers 79
depot 0.0 0.0
Coordinate X         Coordinate Y         Dronable Demand
5348.936214993226    362.0876966910545    1         0.7308163938747139
2378.6512249591633   -2134.5018880216626  1         0.556899642729391
-9491.106987307221   9230.540224193433    1         4.016296424522787
-11079.633482097479  6061.422287823187    1         0.7385001245581633
-7383.017113687262   2714.505506196634    1         0.997863377151588
7698.145148005928    7192.014448674043    1         0.5032696733755678
-8068.402581804945   -8871.16600961046    1         12.135811823136661
-643.4249018294909   512.0125458278051    1         0.3038002754933261
-6090.427339190335   -3013.5706710629147  1         0.7098175658479794
-9604.863461024794   3034.100477522393    1         0.7419908254041834
-6443.515665477508   843.4196585627219    1         0.2563517427802765
-8706.162765287305   -5507.06978535737    1         0.47769431421003483
915.7861329185907    8585.826015554883    1         0.5955242501664265
2359.9966441157308   -5054.258840810265   1         33.65922514153237
-3231.5933849021885  6404.580334797875    1         0.5346543815408725
-8481.286460188743   -2958.378950135836   1         0.754094336120501
-5357.894409965726   -12361.078068992496  1         30.30586146329284
9930.302570020669    3405.5195098297086   1         42.21536771356096
2671.211237397087    -9759.509384868501   1         0.22756492560075878
7387.205725760477    6343.689445148569    1         0.29946880485170213
-6224.5968514554     7382.289998480809    1         0.2495451915452832
-9636.002854129592   1210.690265645812    1         0.3896762894605248
8089.853604896514    2474.996938569678    1         0.16266349250605888
-5084.373031559766   -7728.78957058084    1         0.22221757468642428
2258.006117575294    6196.415702603163    1         0.13424987993759463
1764.055865156969    -2975.6361383669805  1         0.11173382141635778
7408.176229544655    -3690.5696463575878  1         0.9459115570082846
5297.8018943588995   11196.7923385159     1         46.3427177241469
9346.763305872451    -3902.563384202406   1         0.11999582939229553
-8311.550253458232   -3826.1071041503446  1         0.24342212682656464
6884.995776845184    6450.76659954759     1         0.9434235105408093
6824.5496376284145   -4832.501578670011   1         0.6087522798966788
-9459.784718312394   3165.4447961769133   1         0.8955621279834614
-4995.657584766686   -1461.1545368571308  1         1.2212430042801348
1535.8511109450606   -1884.5224916473385  1         0.3568097418677163
9709.11755950624     1515.8072492779384   1         18.42947894244291
-2905.333046172651   8746.518846618206    1         1.109053487611864
1224.3684321049284   -8448.869834405323   1         0.5182623774923273
2837.941574149665    -4235.606186068597   1         1.1887745518896822
4343.361808562305    -4800.9518793006555  1         0.23270899032502815
1513.1556110814993   -9777.968633032964   1         0.28022847193844674
8290.545184855757    -982.4946436402988   1         1.0208295603157012
11147.376658497507   -5882.760196388541   1         15.172535608142496
9605.484939591684    10542.138505145811   1         35.78089558585513
-6580.322914617223   -2712.0557434255193  1         1.229607568242481
-3935.8224026843886  -824.3133987991126   1         0.4562382032886648
7155.463459916311    4670.267059700125    1         26.968762162976407
4348.381554096029    -9666.981677375476   1         0.7874913051176273
940.2731091483056    -10736.971926499018  1         1.1778800556175464
-9010.97033032331    -1043.0196482517495  1         0.2523386949893852
-3132.670736638891   -9027.794816338934   1         20.634639528904085
2707.327088696491    11334.72279835008    1         1.0754153052596542
-4712.3284489376665  -6061.209161493016   1         0.39795634164056604
7178.764415369912    -7613.666843808851   1         0.9789862321314708
6399.374115826467    -366.69316294292497  1         0.5544630891922573
1147.645136835834    12007.568042741454   1         1.0761330994433407
-3716.6710354869     2097.1556818841755   1         0.6373919242962047
5822.009213484306    -2636.9382105285413  1         27.856124212404872
-317.93742008619097  6615.05668836296     1         42.07222073784697
-7875.009549660542   13180.52533064364    1         0.6143580766394084
-3084.9972544404004  -6445.743600187816   1         0.5717357477184836
-7237.848118239615   -11693.976622614897  1         0.6523192212034016
-1263.4255990764352  -5146.300260910712   1         0.6969465892888328
-4231.513847530226   -2865.8372775722883  1         1.0041227664642158
-13027.756557656172  2022.407401638835    1         0.7208546226053205
-13845.128678973932  -9548.028377214101   1         1.5132175494671831
6982.0683159921555   11382.511091897532   1         30.97651252597433
12568.757875106288   -5164.247337962477   1         0.5199810724065954
-3607.379498406646   -5886.538779532433   1         0.39172322226780787
3461.4593100576      7674.332018423779    1         44.813688986038215
3259.428959315445    8093.553017462079    1         1.1964315317804857
-1544.1908358416058  -14073.990496151158  1         0.9234019077936894
7175.635659585868    4126.591527223378    1         22.360654313375335
6688.307508068988    3398.563838699742    1         0.3380123392105251
5434.24476481681     -1905.5440873348691  1         0.8328760137531627
9695.879062137768    3730.0196947235413   1         0.12398678071984567
-5757.725310451477   1758.4934842469188   1         1.2000979166835142
-2610.3009331834364  -3883.5051659884057  1         0.8926886292965668
-7164.339761364106   7320.859263350236    1         1.0101027350281573
