trucks_count 2
drones_count 2
customers 29
depot 0.0 0.0
Coordinate X         Coordinate Y         Dronable Demand
-4797.00658042868    4752.981803024622    1         0.674406155954119
-3265.4426040613816  3948.0393879815065   1         0.8395484459090286
-1468.5834548625378  -346.7883484421288   1         1.032916512975916
328.4182391022779    4954.811977755105    1         0.5154626209876493
-1982.0385010803534  -3524.7182256167466  1         1.029539187813544
-1975.5409172825846  1428.6365868548592   1         48.68553543182832
-1916.3697736403337  -4320.5391572755425  1         0.37406216970812245
4382.674060764682    -3791.456596695781   1         5.326801325694442
295.2810672245045    6122.538470208137    1         0.48233267628306575
-4171.377731368983   4199.337259185152    1         0.38832007986004646
-2839.7090917973537  -4.776840471049029   1         30.30359829972576
-3179.4624082862847  931.1403480171002    1         1.0292734341183303
-3444.1782689392885  2496.3136342252337   1         1.0216596384367762
4514.404026307912    5269.817439749823    1         0.5453211274243234
1444.0043111476657   5439.05509469089     1         1.190620609403156
-2802.6003539697167  -82.47342374404889   1         1.1151676520410863
3381.022252995458    -334.9170904376291   1         0.3137674191267953
-5796.570383010759   184.958818367224     1         0.9939349022637585
-4362.438940606504   4325.152173601433    1         0.976452674364035
-2269.9134906841286  3400.60774063096     1         0.8761813537994312
334.9977130953941    -2418.192620526355   1         0.5652131368760472
-1244.1347368642403  -2955.376086867695   1         0.36824968456827634
5878.799418594978    834.1206348233205    1         0.4539204845605158
5617.458834963908    5796.087387922727    1         0.9959496709223761
-3498.4642522912673  -4158.599334024228   1         0.7096209312590951
-1263.1415279949551  -1033.9829910173094  1         0.6319826389329531
-3637.4699124255844  2350.7192123572704   1         0.9815329620915397
-6058.071009432667   -937.1062976259165   1         1.080515577802473
-2049.299345414133   -837.7428730976844   1         1.155041987289277
