trucks_count 5
drones_count 5
customers 52
depot 0.0 0.0
Coordinate X         Coordinate Y         Dronable Demand
1237.665927737777    -1498.9287847882304  1         0.9634608194740518
-5526.21298824733    6077.488717778604    1         0.677806678974223
3317.9329640968867   2277.3268660600183   1         1.1037699670937655
220.9185227406491    3804.1708946479134   1         0.720063277537098
1815.9791563350827   -4820.053948792209   1         1.0517786635116209
-8149.655932310029   4471.650400307631    1         0.2568227325402126
-3532.2358904045254  4394.167589705108    1         1.1002295436256324
-5372.288593268605   -7336.78813778728    1         37.420732461578005
4338.250577521931    -9068.735734805037   1         39.68006613261362
-8135.365372112367   4372.749100448074    1         1.0185413095550642
6359.004910327305    -2323.651491211924   1         0.9798060173268714
-7665.906901464812   -883.3790877589904   1         0.43565208155502244
-3065.5289220940595  -1497.6705632750597  1         0.49668474616807934
-1451.5613761968955  -6676.266175693361   1         1.2432865667903388
1958.043317019056    -3023.379489696591   1         0.49251264312890375
7562.345343192461    -7024.081033156407   1         1.0476751233810546
-2257.7062267423016  -7170.063979690214   1         28.956791061770055
-3921.5588966691453  -8652.585755930724   1         35.03698331823309
573.1213852791625    1713.456331394229    1         0.9975442215154944
-5547.705450975161   -595.1805139887971   1         1.2185927837211532
1456.430029450923    8243.959773889237    1         0.6080099596289731
9723.77412448837     6320.5502270481775   1         0.7590219271222576
-3457.5365643629093  -3810.3274151349474  1         16.617770120318596
-719.117782111643    -7559.992356771735   1         0.8820153656855633
5647.04698701746     -5110.620443860637   1         0.9355050490919916
-2971.95238066241    -3445.6352890148123  1         1.0655525937732602
1034.8740164575197   -6149.70922201617    1         1.065175069817305
-6807.169100215849   -5903.437776253834   1         0.9007369783822695
613.7125815032614    -2303.989471935687   1         1.2499886646253373
-3531.32848015286    8560.000228970352    1         0.7587281262786226
-2721.628662029085   9246.087142559005    1         0.13594572098357458
-5059.2020493452255  -2856.827927796599   1         0.31419796720502813
-665.7901004034603   9198.705177347787    1         0.9072401610131049
-6211.1013941867095  -2265.158237445486   1         1.1802884282321626
-2706.2293381410086  3391.317892598472    1         1.0174099862550061
7132.904642142309    -1309.8961743119946  1         0.5371754361163829
9401.428268020403    -4286.442328621389   1         20.30270259403301
-299.48609892875385  6903.924614972235    1         0.7843753782616413
-1896.6116559376087  -3713.361060536976   1         0.8270867390608561
3530.4613646814432   493.49538039565414   1         33.31293638680276
7032.430163604451    -4870.807832992816   1         0.8062769095258661
-7532.963910975542   -1498.7483612627875  1         0.7544817547823468
-8621.974186728905   -10011.362164389231  1         0.9199245942832776
-2615.736196741649   -1865.2664683421717  1         1.0997748709365345
-4878.941976867929   4755.539368528886    1         4.606867796232944
-3678.5717326690774  -342.7773921118878   1         0.4444835898638304
801.3708630912423    2494.3075105072166   1         15.839367701560128
-9112.19829423695    2286.194640337253    1         0.854817840661357
-10038.018519923535  -3857.4284282364733  1         37.917111473075735
-10080.388652420623  3194.825745775019    1         0.14603895517339335
6317.741072115847    7462.845972259542    1         1.002768608868444
7575.8865230732445   4527.9542441656995   1         0.9332557064916683
