trucks_count 4
drones_count 3
customers 59
depot 0.0 0.0
Coordinate X         Coordinate Y         Dronable Demand
-2440.4012729397787  6590.253423050918    1         0.25793282786369004
907.839411616965     1214.5597022661575   1         0.6709040249180891
4053.7949856399932   -4788.429399805174   1         0.41910255606801905
734.7074491440283    5783.006725477315    1         1.0497257089160899
2470.282144813097    -5508.54505001883    1         0.9253295314640374
7095.123561233078    4075.054657567818    1         1.0220605970331307
1105.9049607800405   52.928373285678504   1         0.9154351110639707
4856.8690034750125   5716.450266572573    1         35.67838578482409
-6807.247147555344   -5703.117458636771   1         45.80991074378231
-6634.361495232043   -4657.062595173613   1         0.6954717096433665
4548.334023558409    1842.4606790886114   1         1.0826419901603674
6869.027712257779    3441.192202861522    1         0.3949195904069621
-1554.8367439285348  -4451.650261342504   1         2.5378092544374007
382.174204197373     -3106.931539022155   1         37.235411572501555
-219.02722865677046  -3405.7582282086823  1         0.9040917142209401
-475.3802920702792   3432.4771037829105   1         6.989198891534655
-5874.85968233902    -4344.858461842288   1         1.142241537839044
-7239.558255192801   1932.5120239336738   1         1.1280435237357953
1295.6631491562423   -2533.3389843777327  1         0.8389820529142191
4225.648819269068    -7270.466595087933   1         1.1948492049681945
7186.32382334278     1767.475122267686    1         0.38405821354186587
-6678.933928617757   2329.019100006588    1         37.04180223620973
1670.721681616238    1002.3748565837327   1         0.44319185943078543
1948.7977034535961   5540.709608422863    1         0.33212027431390423
5795.991490072365    -3283.7818158945     1         13.236212275537543
3082.52370542563     4208.707590568989    1         1.236615941607875
1839.554674232459    -736.6022976615263   1         14.388407321549007
-1825.9690706812712  -159.6350454523072   1         0.3382326917750365
-1324.1486558886536  547.782600601352     1         0.10431585343537886
-6682.157689592529   -4294.636818291736   1         21.056597017119024
4226.952236288253    -1519.7232195099568  1         0.8536671329246555
-6126.077381304055   5517.502466201404    1         0.9122469953424611
-520.3359000497346   -951.7453776700966   1         0.43152334260426994
7258.614131180929    -6568.067574096822   1         0.26568068784923266
2878.7756557345124   -5793.458664373426   1         0.5370987415078062
-4298.818646256047   -5916.287926642866   1         0.11105863636752848
-2640.060018648637   -7258.701977524912   1         0.8725635336241458
-534.8307945664859   -1598.055762123432   1         30.786434379690455
1171.936337368965    -4733.62741918167    1         16.897196058354936
5896.717340021539    -332.10237431216615  1         1.1343717353305085
1948.3397484704885   -2031.3841583888457  1         0.2590169972075723
-3788.8875689634547  -2865.3111239656037  1         0.931536276906058
2145.6171222014      4793.820677987065    1         0.19081251879165512
1658.4236596571202   36.37341285891116    1         0.36813145550709825
5471.465163963674    218.00216281298592   1         3.230386327892968
4316.310890267613    -4740.162008351742   1         43.187328432221875
-2646.458044089044   860.796854791899     1         0.23818801888135344
-75.4427105838451    -3401.785809453597   1         43.520573277027964
3170.9223097888857   1456.083927861068    1         46.32724948337834
2221.5966934226594   6613.339091810199    1         28.029989611770056
-1822.9766035944256  -2760.2442199113957  1         0.1169582941798483
-1857.3687463280576  750.4326317455829    1         36.0799015498356
2161.089192163321    1260.205273542333    1         0.8918372357864396
-4092.3570245251217  5957.7399947571785   1         0.26870599837304726
5363.204819151676    5537.686599786342    1         0.14362828279294118
-2877.512162189871   7024.518576448846    1         0.562503254928469
5098.441693564052    -2328.169919632739   1         0.5329744777676197
-151.21222442775775  496.1536528042283    1         28.623951321665878
-4041.0403110807147  48.766343191524356   1         2.98433806607658
