trucks_count 4
drones_count 4
customers 56
depot 0.0 0.0
Coordinate X         Coordinate Y         Dronable Demand
-5662.157060319613   -6120.400895494754   1         0.7173711839651765
-1382.5034154385196  -524.6733075268492   1         0.8830954137328766
4841.268547056308    5717.048076950231    1         1.1943998070607273
7559.57246267979     3130.0425213409353   1         0.39705612418423253
7742.512765217039    1956.236409416393    1         0.7337061454126618
1926.1686102766355   273.56853452910855   1         0.5047442419182169
-691.5157854159141   -7094.930172053273   1         0.4984215757080729
119.63610295173194   4654.078387876265    1         0.462421237788062
-10763.878044064702  -3737.8518070963346  1         0.7199002292260984
-8975.925123944719   363.57366905816525   1         14.820763302701522
1206.9124277384237   -5076.806850684914   1         0.416845395832225
2790.0445734661675   -6258.997452393311   1         0.14563954549436575
-5673.47108278053    -6347.202554493636   1         0.14810585374586932
9020.148618628082    -3070.525639092281   1         11.274217037785677
-4810.021063426991   -1692.8096025822504  1         0.8189625415769465
3152.0448364357417   -9179.79230312708    1         0.7365063551862863
-27.485736996418012  1810.048984337402    1         10.2634376680311
4064.8182716382435   -3522.944441501892   1         0.10272011631928404
-5918.165634942174   8541.375045810653    1         0.8207091003621151
-7709.345873514614   -3153.9267251070614  1         44.61934927853221
-5436.319559955988   -4990.701767545632   1         0.18609974463935258
5075.812586511276    8119.645960122038    1         1.1217771533443268
-1086.5081185886486  -6806.982166868032   1         0.44783309971649965
4726.678843379648    -3855.964382324542   1         0.8320012289234414
2471.322606535035    2363.7897379380784   1         0.905376910035319
5850.622500563739    -6393.783151393973   1         0.9909000530182482
-1366.2921612796044  -7125.9702120998045  1         21.067872902496564
6823.084953717799    -6280.555801424471   1         0.7494070884229977
6558.05235556876     -6009.424599990763   1         0.9596732990959888
8814.261263238892    3987.9765268257647   1         0.8243724486544358
-6365.388875024077   -4726.153709664582   1         1.0097522842187043
-10672.395101619475  10379.131428005576   1         0.36242647869025935
-6386.224310989299   -8373.515103420401   1         0.4696194552865628
-3212.8845058601214  5141.2641553824205   1         0.36811628587610823
-9065.42743788347    -3282.720218047147   1         0.7550210416198754
7387.201937926743    8038.660206173346    1         0.7400366751908583
1558.7300517715103   -6910.087980817395   1         0.7093462934065495
7926.400701363551    7043.747948879769    1         32.6622575212667
-466.6059228220263   -5602.308257935102   1         0.8117152811720134
4856.181219947319    1465.6453173016362   1         0.3224495783133469
-11395.81871255465   11055.013297160081   1         1.1942842893591357
5040.167373882111    1979.8491745447736   1         1.2316164491715704
4007.5437488413504   290.64351615929246   1         0.39191147944458227
2611.5111525428138   -4223.466640578377   1         1.0649826731309315
-6021.986641178882   -4977.014670466153   1         0.3771425582776248
8135.678801736126    2494.162991898655    1         15.241939665837794
-3829.0605800135854  8639.799852830416    1         12.375111982512822
-1515.537319742693   -9311.046486811676   1         0.16605906219224686
-11011.40312898313   10519.216079631884   1         17.808374105525704
1910.499182070694    -2297.886808143713   1         0.9443941888798555
8892.841886628992    3874.131051583894    1         22.483024833524528
5742.708737893974    -8526.670768485303   1         0.25221702235723675
-5865.416887011565   4904.496505219144    1         3.21522435050435
-1122.2142279168675  -10547.589522353854  1         0.43613845370907967
9040.074183145649    4966.329549789976    1         0.344362680186882
10090.533102380832   472.62761771158773   1         14.447315215822089
