trucks_count 2
drones_count 3
customers 23
depot 0.0 0.0
Coordinate X         Coordinate Y         Dronable Demand
4523.982091551859    -440.92710091817224  1         0.4107389355308567
4252.436163595821    -581.2532688477381   1         47.24187935342611
-6400.678341047127   -1190.7638371261999  1         0.9807062695943761
-5948.252666875564   4258.516581998823    1         0.40298942193009923
6047.140350597624    -1927.4538298084503  1         0.34967357165059265
2497.0284850740422   712.8580799552873    1         0.9241477288233974
-2601.278021708333   -8441.24909107275    1         1.2430803195615978
5206.395744178566    8390.361671239978    1         26.017794094925595
-590.2710247278719   6912.4400397434      1         0.40732164505438295
4945.266125777952    6664.6597649970845   1         0.35251755109859684
3666.264154984162    6848.893703475763    1         42.36341099908141
9835.108393681969    -705.9311291309738   1         1.0331484833023876
5701.840906338095    -1932.0858399830745  1         0.9315197356632462
3330.15078524943     9291.378393141906    1         21.006882530473916
-6532.318119812676   -7794.090908207225   1         0.3469009769018583
-2999.904841741938   1946.3901028075993   1         0.28065094461085516
-3366.8232933596296  -9834.99705605737    1         0.11440456973788013
4095.619833126082    -975.6117569660437   1         0.17488458592502165
-2045.5444918187031  -311.8950494578075   1         0.9128462623767089
-12235.673434637767  13298.57001635669    1         41.463527255891904
-4219.0972850121525  -14917.24773982124   1         0.48409047488598733
15789.801975776394   2924.2593580082903   1         2.9815986629303066
863.1889499288809    -10002.789077241965  1         0.7875641695735882
