trucks_count 6
drones_count 6
customers 100
depot 0.0 0.0
Coordinate X         Coordinate Y         Dronable Demand
-8975.39616455669    3218.1316526284586   1         36.00341654142181
-6106.242766130499   -5225.717875730389   1         0.9518881888543992
7533.023347614925    3868.2207387763024   1         0.6393351798653902
9234.452258734815    -152.0876330570166   1         0.6554156662089907
-9621.202389172347   2484.5871761362864   1         42.03755669627491
-2960.8455588738598  -7204.62405156885    1         1.1519206650187084
-9135.529600760687   2818.6539752394206   1         0.24874718203499863
-8052.656148922956   -4829.536907124273   1         0.6498770369365067
-903.5610694331481   -7765.446297913743   1         0.2246032585460074
588.844728672157     2213.7487576090884   1         0.6082179019099025
-4228.5989439554205  -3270.4753515548246  1         1.0115419274713005
630.5445166708323    3879.3082925432445   1         1.2217225840808035
7423.680965211392    -6472.655862108601   1         1.1148082542449333
-5337.5076644329265  3385.0639123774176   1         0.3910279916195347
-4664.786702315974   6570.560147625263    1         0.9571890262568677
-7158.806210903302   4504.8535782135905   1         1.1437667882216234
-7123.146756966345   7910.324381810342    1         0.6447562757270561
-6373.291196288064   -7999.844170861754   1         0.5392149439096077
-3224.4912213858397  5876.013232871958    1         0.5182350184801325
8497.87797498227     -230.45558120953672  1         0.9494362902942486
7455.014511384302    -1433.184410810086   1         0.3491731315581812
-4989.456062262907   9498.985794387216    1         1.1092312636728239
9541.457055985362    3492.151863088461    1         3.2743406955652112
1829.4498814279145   9231.508877399488    1         0.2215509594338963
1188.7809993051033   7199.47408374355     1         1.0780065477400007
-6045.353598436213   1844.2095747345795   1         0.3058339662466253
-7273.2056082616355  -7959.801113927427   1         0.9208067790186016
8506.2084359328      4514.812777044982    1         0.6338375688706198
-5454.168833460227   2853.102959582085    1         0.6721805619042397
-1754.295705797811   -246.84969411442034  1         0.9394364213491886
2593.114140790467    6760.195278633775    1         0.3568153381273571
7496.971156447625    -1706.477240047281   1         0.15782893608207516
-785.3013046745472   -3953.666811890098   1         0.4212350774636989
728.6894087257454    -3877.7131659092993  1         0.8512632231505036
970.1307396853472    -8418.531445225808   1         0.25341412890954174
-340.58809659988316  -1004.3281104731753  1         0.10057013182747422
7464.677998614927    7151.242850413953    1         0.1993072217093157
7800.411606486636    -9589.252189012492   1         0.6362093034416832
-3919.0610837855647  -5821.3954481657365  1         0.5539502475506044
-1050.1743526331004  903.2806093657273    1         0.37282577962675356
-787.070982790078    1466.750527524099    1         0.35369877457431387
3611.5082942546674   5240.686528465748    1         0.17052237003354567
-5573.623113156663   -3362.5950156533927  1         0.6386300882730763
-8335.11056164277    -6122.572370918189   1         1.1242070695412778
5955.733520724974    2024.840000757433    1         0.7164211003836993
-3107.52594983586    -930.1781798049316   1         0.601749523449982
-2469.225500178106   -1601.204345205386   1         0.36806111699202104
3042.2661097492773   -9324.184230539753   1         0.37364295511775525
-4848.446047695897   8309.621557143728    1         0.8238561932937438
425.84869638795647   3479.865589664881    1         1.0129650049464298
8641.819933667091    -3584.0322776456883  1         0.4140300313247869
2692.3348333324543   4385.323856688404    1         44.23134302055614
1501.1267041512401   7647.681665011736    1         0.6929691967645821
1635.9258745791062   -684.4265743955139   1         0.8071733939847532
-6915.265866399015   4759.392623625334    1         1.213470238074077
-44.80453508299916   -4951.4733466533435  1         26.499438180196513
5474.885882056474    6175.198341062601    1         0.6033030181358915
-1238.1053430391187  2330.9356596526923   1         0.7778094483577003
-1219.9420606498288  4063.128612729325    1         1.0738540704201887
7227.5929447812505   1201.2771595543243   1         1.1104990539068134
1306.358723048509    -1193.9553743215467  1         1.1790170434938234
7816.72183897961     -987.6070732264926   1         1.1727328533800683
5355.83771162785     -9242.230246772002   1         1.229895766536477
-6129.765211848331   414.51332243422684   1         0.9914123253900881
8018.09428752439     -3814.9678223607016  1         1.1689435360798623
-2035.2284215547998  -4011.322356598649   1         24.617436708982403
924.6780686626753    -6542.453323065632   1         1.1335779387482872
-425.08271737021335  -57.62062853118752   1         0.3335469535170428
-7388.934893253578   -8747.392445896332   1         23.248253100171514
-6283.321967254228   7061.923735014125    1         0.6025842702057627
-8026.6323151365195  5433.948220579169    1         0.2758185045797358
-732.47936845868     3819.8839343357854   1         0.23152874978828658
1687.2732164312058   -4178.91245977285    1         0.7757644331578762
2050.57402496913     1160.927447479091    1         0.8596882852765065
4007.9762730755315   -6423.600160440981   1         44.770425407504405
-2583.0447651397453  -6432.695497064255   1         1.2443833197385836
5911.292388410009    5712.195267697969    1         0.911390586115225
295.46608369404413   -6797.943547453691   1         5.016406124394517
-8927.591116508856   1968.9591463409151   1         0.846265353861393
-6889.83362546013    -952.0324365332295   1         0.8620001667444999
2694.373701302598    -8407.347772425479   1         41.90984491837388
8535.109637448895    3325.419185870828    1         0.9202564564709448
274.8015427476784    -448.5001081565075   1         0.2294541123978674
-6577.765841013024   -8459.907161422372   1         0.9438500059560782
255.96657329016708   2550.7549128944966   1         0.3976840661464681
-7236.61376218438    7919.170110483035    1         0.7068066479608697
8046.067212746419    -4604.54108657446    1         0.6416066183051516
-3964.3113685581     9021.196125871755    1         21.87454332716084
-8103.092863149583   6774.516408177311    1         0.5394236847336747
5732.346649342557    -2972.6005094463662  1         0.3057492752202057
-2767.698939000481   -5663.718336657127   1         1.0367022330618407
-9573.059694431426   -4934.320973492779   1         1.0732490141115756
439.47842929138096   4346.924315287113    1         0.3600791119776594
-1941.2102285295164  -5568.124253486962   1         0.8230715190736438
2269.9508552500447   -666.0915554549507   1         1.184040817711147
2036.5437489436058   4709.457290013599    1         0.6673028088434897
-5195.730350184557   3332.437228217449    1         0.7638287557437807
-5097.026292936297   555.984845103218     1         0.15490841878385983
1820.5302444242225   -5000.089853597625   1         0.4179129207121265
-579.1724166349858   4095.405421815137    1         0.3408876938376968
