trucks_count 3
drones_count 2
customers 23
depot 0.0 0.0
Coordinate X         Coordinate Y         Dronable Demand
-1813.929700279816   1626.212291123179    1         0.2164719610018318
-5018.025338444466   5727.8716101291375   1         0.7958868061974254
4960.343716668331    2582.9572846200217   1         0.23569285032591378
646.9588472028724    -10099.08609584123   1         0.2514286589092904
-16249.481044887196  -11778.586907055796  1         2.7003773880551583
-951.2915876715633   -746.0447841707064   1         37.3582423910317
-9043.274808220838   -3469.7964020729423  1         0.7487446857026233
-3555.219582217301   -5833.5033778129855  1         0.4041216730631759
-3475.8487636779996  4781.647602526205    1         1.1113764572178642
1821.0034620026577   -7100.9469839124695  1         0.4444510248675727
3145.569134538104    6209.343391222097    1         6.938056041840031
-3370.3064209519453  9970.163058966851    1         1.2480690993596708
3079.785710937471    1868.3846622668389   1         0.5955733836699674
-8593.72230556032    -3497.7415155574636  1         0.6628062409398462
-813.8300670062226   906.5057629649441    1         0.6020539314881727
-6316.405428896283   3095.737728050819    1         1.398931840978757
7678.2813631285535   -4899.277528823663   1         1.1405236716451792
5720.9732293205725   -3523.6793892988003  1         29.648382893528105
-1916.7227130057747  2104.2935572832225   1         0.38185874442694556
8255.047291117582    5871.209100725585    1         1.1099047398288915
-354.4210363011968   -3026.9739290298785  1         48.91312985988927
3390.6637731331334   -7769.732254636735   1         1.1666750978010898
7969.184303480303    6232.314653751129    1         0.5725399705210964
