trucks_count 6
drones_count 6
customers 81
depot 0.0 0.0
Coordinate X         Coordinate Y         Dronable Demand
935.1136746218385    2699.418137082458    1         1.0637882463076294
-1541.2134797192161  9301.75206745549     1         1.2243923181718266
4610.34808293228     -3717.1471241958084  1         1.120931905783926
-6065.135380925255   3826.834009434074    1         1.15829609801555
-2598.1622359030757  2245.3215495534787   1         1.0943525207265086
-142.84013494268945  9190.242383876188    1         0.7331728416999731
-4603.125976936868   1155.3808058419127   1         0.2695939984742365
-5783.869418951708   2244.024592250937    1         0.3468488540279543
-9115.136197642301   5496.605440787888    1         0.9651384812611384
-3620.421889340194   -4709.176247119868   1         1.0570070924368573
4046.3840728949976   -4594.869321206396   1         1.205980117422624
3572.2631798191887   -3317.963481232396   1         38.65904778254442
-1652.2318260324     -6573.011268465153   1         0.8779445930373344
-10123.583011135466  -2380.082857759009   1         0.45277755743822556
1844.242890829277    10663.702701352715   1         1.1394925322043499
-2990.0219763925866  -8742.5786686608     1         21.258032557944173
-4154.724261396996   -7261.764039350122   1         1.2291112298447557
-13959.631354255102  -11995.16387430864   1         1.0793423244053653
4825.528376718072    -7288.637580718416   1         2.178907276146831
1312.9796848316928   2294.5048108671285   1         0.6858898116173564
5131.642631063434    -8513.566090538628   1         0.23200690889944453
451.32884781435206   9033.624277083303    1         0.875824024381749
4415.915534049214    -1012.2836590168084  1         17.53433569904384
742.4105347704017    -9633.265336490073   1         0.5413278781810705
9308.729747290485    -379.981635023447    1         1.211881871909065
-1440.829180406048   -10232.0393186443    1         0.7138613507278625
-9278.85502523655    8252.132822114147    1         0.5295732742279573
-3389.772308199235   -10359.747124799385  1         0.6544098091779833
2927.827808929639    -2467.531626307452   1         5.497129269458637
4231.693286606627    89.66304944460573    1         0.1908722617819193
2500.824475045143    3581.501666607141    1         41.03378167341771
5120.817800288109    -1051.6891864063507  1         0.2437529408545121
2464.546271307498    4951.473620793921    1         0.765096259156673
2344.7414168362448   -2704.3494971664613  1         0.1667897570983001
-9945.02952279399    -478.5819076590942   1         0.991485811668868
7046.046368238406    -5505.717292765117   1         0.15219162443992656
4043.0271550303387   -5062.76171422922    1         47.99376278027935
573.0224666229248    5496.545644411498    1         0.5442549517260176
-5370.753526113348   -6090.095483124583   1         0.9650184635244117
4890.91491429861     -8213.778432182773   1         0.23912624912160013
-3612.9463861341706  -2784.7483969550617  1         0.3602025919814813
2003.5154476387258   7622.0432495468      1         0.31508312944863825
583.8201228381743    -10881.57560163841   1         0.11365957041209584
-4830.301357379797   7909.280565144524    1         0.12892566980159303
858.2080676306072    4206.655086241594    1         1.1409084545325172
-7353.96372147831    6606.97510861001     1         0.1369906180313024
-1984.1631672126805  9527.617730398972    1         1.1121717167071716
123.83257779709245   -3463.668774478183   1         0.9773217500836069
1821.302899949607    4650.473429486274    1         0.4471205221367832
2778.8729339528745   1970.584841889251    1         2.7544523272630625
-6329.072481308643   3600.890562712147    1         0.36634212838453895
-7132.559315638416   -1328.37063323796    1         0.4945068094773908
-8724.911839745764   6293.541262287212    1         0.6721581546544504
-3170.6790542391336  -1145.7056153751994  1         0.26009050072144396
-210.78275166279087  -3111.4523974956874  1         26.65306064361088
-8913.283403251931   -6259.499504456954   1         0.12459855256536653
5823.783981428396    9496.347084197403    1         0.8323112886997251
-6404.307722400246   6648.600068567494    1         9.500582405109503
8119.154124289236    -1761.9937372245997  1         15.446600154092364
1552.7722832738941   8256.845079856232    1         1.0426289591705284
-534.7779542931078   -10490.610112675346  1         0.9121508831622064
2117.553758246315    -3295.00161131304    1         0.4587400416613161
4839.532666814407    -1475.8911782673674  1         1.1745956773983808
-680.2159876920862   -4367.436814944258   1         0.8826164594447538
6895.559729571208    -7562.361295844229   1         0.1163144353065966
-4966.291225341154   -4466.3703520092195  1         0.19815287717123567
-14428.434196871729  -1768.3549585382625  1         0.1971006946864557
10901.19000915259    -283.51273364997905  1         0.6954089244527532
5734.816783433637    -244.82672497178638  1         12.782685477612906
-682.5462361563082   10773.833454299878   1         0.7201068621162379
8794.539039166997    5097.233055777604    1         0.4790801901853542
2126.9651631316956   -8150.438982929609   1         0.3843889850496688
8868.330032404929    1399.2014094852366   1         0.7472344528797995
2061.3470107654325   -6719.804739702668   1         1.1726282341641507
3260.7115275372507   -7305.84118572148    1         0.3793725927787165
1406.2054035389438   -2362.938683563732   1         0.9344655396334194
1554.0962779731199   1331.2946857292063   1         29.054112175612595
-2997.955955165057   3068.4153475985086   1         0.4530725277451769
-9226.023159873708   -2624.075119049179   1         0.25608371532876495
-2303.756194065122   7206.353807284952    1         1.0974218134532518
2080.0412844099374   -9353.70253849717    1         0.7874621008735485
