trucks_count 2
drones_count 2
customers 30
depot 0.0 0.0
Coordinate X         Coordinate Y         Dronable Demand
-10230.020711236022  -168.02755390894418  1         0.6344354107563371
-19.882450912087805  -8003.22096182645    1         0.6566246633877828
-5014.487014284192   8656.790846864094    1         0.3840342342039118
-17643.79613037428   1751.6515877197926   1         0.26867766625192907
-8406.012239943479   801.7551158448628    1         0.5300012799893311
-1077.878910647665   3981.715217879602    1         43.81758644728211
5844.640304671912    6738.547890405951    1         0.8272152837740053
-8539.002879425512   -852.2744043398484   1         1.0017287889157143
-4972.169070315145   9486.12710006248     1         0.3709887051755262
3446.650310633087    3008.85895312871     1         0.4336179531943597
-1108.101542171328   5938.5768422517785   1         0.9186831276405302
-6557.393878955276   7946.380483512068    1         0.5209103060212579
6559.892055199922    737.2748956383376    1         30.904277759652356
2158.0385563025666   -5926.409802790775   1         1.048629379905578
-1452.6960937007455  -5176.602557897725   1         15.492816757106894
6340.490207681726    -4820.02775073675    1         12.03702865276976
1387.3859805015115   -4210.968128582359   1         0.7382208902783908
-8492.862689551926   -1914.5276985284243  1         0.1748773401597601
7411.188741277485    -11999.744909446223  1         1.0034785821423609
-3540.6780422242323  7728.102552157273    1         1.235832061749395
-1627.4910496127598  6594.31917479724     1         0.117916467979427
-17416.923000291717  -16412.23163026736   1         32.66410255466471
2851.2610866885448   1600.2826771763082   1         18.17081860656532
-9898.91081591655    1819.410723216231    1         1.0452932453325594
-8843.223077689625   -17718.02658848984   1         11.51972584461042
1444.6729573426226   -2822.58146496371    1         0.44835906267243364
2638.3809268433674   -5832.183949171072   1         0.2127039437360031
2363.621719071002    7647.452836632535    1         0.4204635608052728
-2080.453415947672   6165.139923220579    1         1.1071251417344525
3671.568638663066    -744.1681180646723   1         0.8504050999685656
