trucks_count 3
drones_count 4
customers 48
depot 0.0 0.0
Coordinate X         Coordinate Y         Dronable Demand
-7055.986681799488   5914.814106021956    1         16.88920919954135
-8107.8346675553885  333.4299555349831    1         0.30389135811333046
-161.4698305348816   -7625.030528045467   1         30.078168894827513
-8953.29631193336    4845.27012264214     1         0.837953698689477
7506.480602220722    -2742.424850260812   1         39.33284404513261
13281.482353734493   -5803.249362893568   1         0.8314930195066254
720.9456498316335    -10539.562778240732  1         1.1333136022140526
2995.033745008438    -5328.945919698011   1         1.1224466860719178
6045.264287386284    3067.8527621872568   1         15.058552653370633
-7837.347092381375   -6582.56282077026    1         0.23132923166398814
8067.268867680761    -1745.8014778082534  1         0.8340470688033585
-7310.079103630096   5656.73888611474     1         0.4065435556533419
4903.432336996372    2265.967468058278    1         9.699053387403556
13882.213079422938   -1025.8354217850938  1         30.922948521607168
2900.908688275868    -8862.345842990813   1         0.5139278134277263
2911.7281696175396   3616.6654815205834   1         1.050862299224305
-8527.344716355406   372.2020392259044    1         0.20487364590713036
4592.746844673748    13936.7826998444     1         0.48334135877223794
7619.97506021521     -6646.081306019811   1         26.215046741900036
-8231.153512623832   -4156.10206744323    1         0.9584378284399582
-14272.688905782778  -6696.2625999747415  1         0.44732743328809477
-14074.25873975232   6542.42798130383     1         1.1256997950972776
2552.6188268761475   -10202.465903429671  1         0.8864620567544408
9241.194197261257    -1422.642781145132   1         0.8154751030521594
-4108.381691859759   7532.675523032344    1         0.8780968041768505
8684.70376313605     -6230.758333278622   1         0.46303896966604874
2721.3098733744805   5913.616936911058    1         0.5276644450839792
16682.907969949618   4021.405073921327    1         31.022526089616736
-3505.6464834692356  1684.5328990515216   1         46.70780844563163
4649.651521207361    -2620.3474880246554  1         0.2513025421495525
1358.2766390139261   -2308.1260509713966  1         10.149425847933559
-2383.696572362396   -9132.306774551795   1         37.86304956424605
5089.644098035496    -4003.1700267505867  1         0.7092220815353888
6324.121202680839    1157.6751116064906   1         0.8170367974799865
-3522.848359597533   3866.7909855593743   1         0.7956600559397594
-5973.096206299224   4833.221733604709    1         1.0765434085040646
2658.9145182371412   -4700.076633501551   1         0.8229260969273341
3149.7355725548914   -8633.394160943782   1         0.9087407712397633
6306.000755901008    -2928.6173174506253  1         1.1105143068194754
-447.2418771651355   3113.452777808891    1         0.5253383652233974
12061.242500650187   -3482.112791470381   1         1.2373697574057982
10368.548106313447   3889.4235041975844   1         1.1651961734023966
2963.2011865890754   1044.982159993547    1         0.21924324317032573
7982.490006300799    -3684.040093228492   1         0.7933538227759103
1139.8947178526078   6724.521871162735    1         0.7492883201959393
-2563.1572060508415  -5066.433891910503   1         0.8791608797058956
-7275.266539966917   4731.082249519958    1         45.01597320683812
3308.461192953004    1231.413868678439    1         0.6079414490171223
