trucks_count 2
drones_count 2
customers 24
depot 0.0 0.0
Coordinate X         Coordinate Y         Dronable Demand
7214.787582346304    4101.93404317566     1         29.699328611379592
1983.2145835765014   7722.641030337785    1         0.16542739339850532
-2701.9671855615247  10564.184750040815   1         0.7532388970574628
-4211.197795159592   9835.233828203041    1         0.7343171414497922
5125.889585676796    -8980.843192323913   1         28.311001405459464
-8750.082630677147   5815.395157339457    1         0.27836237283004195
5526.060198105375    -6627.385482415136   1         1.2272791400431842
7006.114476769017    456.98613755455426   1         0.46225600892790786
-8490.918546361103   -2839.973315667734   1         0.15543434619320257
6952.657901595681    -5893.6417564323365  1         1.19287682945337
285.53921025687407   -792.7263795082423   1         0.9278862896092367
-3505.2230156688634  -6025.471162697259   1         1.251363344998539
1628.9652798005009   -836.585617801351    1         0.1773381551916101
6665.926097212137    12121.76135149628    1         6.7349075094011095
6855.717715662594    -6089.01602629128    1         0.7241171798215397
6666.099286583297    -1224.4875059928936  1         0.3591196436163777
-2032.7329681592166  7767.628737668765    1         0.5317056046472626
3523.188568468304    -4687.825677887684   1         0.7793476331712282
2567.767821900383    -8065.857381026586   1         0.37652568526499186
-8517.816576237878   5130.032693320303    1         28.14244837736334
-7391.311529654141   3401.3206749409937   1         0.12886171211375727
7155.33003617093     8857.837070956968    1         0.14242717267810656
14661.295214115216   5807.276384139404    1         0.604600605909116
1674.888628099582    -2584.4655415369357  1         19.701033722969356
