trucks_count 6
drones_count 4
customers 91
depot 0.0 0.0
Coordinate X         Coordinate Y         Dronable Demand
-1929.160557251478   1844.212106692694    1         1.1213853447157671
3899.2937451497683   -6112.954767500222   1         0.7667609654859603
4306.776630347204    3809.2887342212834   1         24.311084073558494
-2086.1369896843476  -529.9005560755594   1         0.878675203763076
-2849.7972547512136  -5163.751938185364   1         0.754069258260957
6238.39786416699     3129.5793112296915   1         47.20617682500935
-1214.3634104634184  -2556.6347029851736  1         20.01087789783771
3343.3208709394175   1479.6602295022221   1         0.8665367369886501
-404.7657175552471   -4039.547580512805   1         23.810450812843094
-2006.5571756629297  -2076.502119482598   1         1.1406853254027518
-1831.5204334154348  -4789.670201530571   1         24.07636992758203
690.6616630296531    -4970.422830606752   1         1.2132956659034069
6226.74241732054     -2548.3353879316646  1         0.2715989211479074
-1433.4963767515837  5355.329727821335    1         1.2496693248338875
2548.0748525405847   -3760.903502438146   1         0.4205039528070762
-2289.68062603121    -445.79624159984184  1         34.20650578542838
-3025.181875855103   5375.1819433501505   1         0.17433082689981053
1422.4090024271566   2129.9471133425336   1         0.9813700754660922
3931.4742284141525   52.4294846018247     1         1.1939587425882356
2751.650416314415    -1456.950767583036   1         15.750443589576117
-2938.5537132218356  732.5856240656716    1         26.15641173894155
5093.2603353478235   1816.1153292841482   1         0.2357789339712653
-1340.5626499214432  -3681.8981503283053  1         0.5338081157648913
6123.151223235498    -2751.7699322035246  1         0.8179677472523502
-4115.082568885435   6141.277150958164    1         0.7181553338778683
-3545.3946742534104  4202.22281488161     1         0.8627548223628155
-1675.6155607141152  -3422.3293395194164  1         1.1538552855008353
-793.598190870046    -4899.998146184392   1         0.9933630755969525
1896.2025366794874   -3651.6455372390296  1         9.874034081743575
46.146605913447274   2196.2666564343517   1         0.8079529620880584
3355.936300554471    -1543.1620885201376  1         37.95846692772873
-5513.6423214269535  -5856.965325575375   1         0.6307895671678593
4018.8141465587782   -3930.5038273851974  1         14.441834333721422
-6039.562150120955   -5866.130508389387   1         27.599351783315768
-4019.3697210405303  1526.57728300653     1         0.336614556043298
3660.8899515792305   -5051.147941100372   1         0.22866748936728487
4331.978761691893    767.9161253753803    1         0.2629171122445797
3285.9732909801455   2236.0763099940345   1         0.9675072275534049
-1845.3023273217027  -4128.940432763308   1         0.8472687413109656
4178.966812151451    3805.7215847743328   1         1.2234364656790133
5825.719352906932    5417.705187321112    1         26.690498903145308
28.1144747799803     2623.372095063913    1         0.10783424490213306
4460.734788231365    5981.382161018687    1         0.5378338604269113
-4575.064429437687   525.0918016295093    1         0.8109764337801092
3232.3078392160974   -2002.3153774013101  1         0.2004669487268746
-3232.2078604113926  -5595.353216836847   1         1.0054476871029785
-5590.481062448384   -3371.7932187639854  1         0.6772225682648207
3786.4810473929183   -2662.8084796409717  1         48.575667210669764
4202.949540734654    3136.0361813528716   1         0.5472693475816144
-2482.518523733033   2778.07616020203     1         1.2492899895304188
2023.9968560822717   -77.79374155926507   1         1.188927710870569
-3759.150963768024   5017.604587697394    1         0.656502174460194
-2767.133621088652   6123.691468264587    1         13.28932690373637
710.2800303418426    -1360.6883120945033  1         1.135529878466855
-549.6334427274169   -4795.568385741601   1         4.62773673162228
-5005.509084101781   5220.937796969949    1         0.9703059233974753
3572.901648944748    -3548.2839171241358  1         1.1763421407867103
-5334.29419173749    -5210.29727363614    1         1.0357294250461073
-4030.008657256426   -5534.301427777769   1         1.1126898363977795
2061.820698416707    -524.6464357663793   1         1.0676062413246836
-5474.951549840448   -5001.945904982941   1         0.4820210266650897
2493.879297662967    1212.3788835442754   1         0.6229488391646831
-4487.692846065052   3081.494729007925    1         0.9557299883566994
-5497.091026092632   5811.573690959979    1         0.7309349037529822
-3979.6612119358892  -1372.8017823420298  1         0.15728794716427877
-1741.9920328411918  -2558.7865728592624  1         0.9948686496481371
-2057.055020655397   -3358.8146166003576  1         0.554471548089748
2477.7953619526497   341.15009809098325   1         1.075385788796601
4229.591277954893    1375.2680905755017   1         25.920261123173546
-1107.1789761957307  -938.1830230206186   1         0.4940460146486976
10.163134091663325   -575.7266431354931   1         29.25608735180325
1224.4659385912785   -1681.1600085744153  1         0.780625308046078
-343.5158014574365   1385.1376435337852   1         0.14021641668034146
-2691.308777166765   -3878.9496630300164  1         10.10549292021246
-4122.095734266039   -5725.664613229975   1         0.7946149391122996
-5783.402843919353   2785.2180882456914   1         1.0236257349241287
6094.558379663797    -5580.569013258273   1         1.2135766034267634
-3424.049180248244   -3409.56626557769    1         0.9602402309803805
74.74581877615896    4885.850907969727    1         0.6352003103628676
898.084248464747     1819.7533873688092   1         29.461736417909915
4498.8318748300535   5309.300292115788    1         0.32918325536498755
436.4478981031298    2076.4201429080595   1         0.6261628280108699
365.7712782796779    3197.01788695837     1         0.5314972796702115
-15.322380004839006  3402.605189306303    1         0.10854540612913538
2851.9031588777357   -1777.9077346164345  1         0.9062691420940882
127.59598561541084   1988.4035013007367   1         0.5168683140223297
1243.2028387105636   3174.559933375117    1         0.831853135417456
-5347.997449495147   -2213.2712003645843  1         32.6968596021244
-1279.3377683413626  -1588.1380240480419  1         0.8777116355740733
2603.5707847386698   -1929.6230494030544  1         0.3262881312721403
-516.4744613541443   -5830.023435954728   1         1.20822701715401
