trucks_count 5
drones_count 3
customers 56
depot 0.0 0.0
Coordinate X         Coordinate Y         Dronable Demand
-4849.65401053447    -6367.414231359616   1         0.5547490620290689
-4997.757611761815   3034.4064071296416   1         7.629276436216734
2714.0628372246942   5175.129306457132    1         0.13432543954299284
2350.3403471274523   3426.58643836208     1         0.9319655887904773
-99.68249270459698   1527.9325695880161   1         0.8349016506790468
3844.1669737817638   674.7605435918146    1         4.342203329636709
9335.302920733635    1197.1072845245171   1         0.25471024251530544
4937.153050575952    8595.089304430636    1         1.0270868359698078
10426.306061400284   -3061.1457346923494  1         1.1434889696341834
9609.371229528695    -1284.590440801124   1         1.1555535716205234
10132.45840404009    -256.48866250236546  1         0.8835616881611543
6392.385520806196    5282.948095347052    1         1.162884268380769
-2541.5836792570353  -6322.869802562212   1         0.29781731164100345
3986.713954633667    6507.57519335749     1         1.1746851900662734
4933.781998306209    -4660.907104790107   1         0.6899978894799002
-5654.540698977223   3684.1722675813035   1         0.1570752667208986
-2902.988443784946   -5868.052649092992   1         8.230851308667074
7419.426937417004    -1199.2848177427777  1         1.017430853834501
690.2588439472718    2801.5699563780536   1         1.1703370277698377
1233.4806769870288   1071.479116757877    1         1.1022425859816205
7370.138013865133    -277.58192545760176  1         0.9913928693703805
-1650.391381080826   -8887.006067248247   1         0.9393068999977634
-8743.297000498827   2892.147687183714    1         0.6448329027097024
848.1211622303638    -3227.268683239623   1         0.6265053017613069
-5578.4131037297275  -6307.914551986621   1         0.5470883376300669
7.430716235259099    -8650.019775957426   1         0.678202170133511
-1745.3226094262839  -7457.828880515061   1         39.487779539668324
-3669.2662447231933  -880.6699520387612   1         0.3691335651163592
-6495.75155894239    -8255.559945226967   1         0.29027657724809813
-2428.405735491999   -7229.472367492983   1         0.8969752912082359
7060.807681530323    -4154.43121608556    1         0.10482878687348375
3347.4231060865145   8522.070374233397    1         0.12986666682578168
-1058.5275495560911  -8642.27910284396    1         0.9380821447718306
-3512.128245792733   -1694.9311477096787  1         0.9319793050435315
-377.2880987427045   -4221.047630448471   1         0.5851508475672439
2692.847505029453    5722.421189478272    1         0.2228989992189463
660.6037072135696    -2443.032962322458   1         0.922417768353926
-11790.857542607442  -1484.8970438497108  1         24.139165763400346
9285.725529408164    -3332.232815907325   1         1.102744736286616
-7238.406577035693   -6573.116034785775   1         1.1776199006494679
2998.6569423711658   3886.516725946972    1         0.22035437942641206
-9558.911693490654   5131.323957637147    1         0.7554852994314147
3698.694027982539    3038.211224367828    1         40.98011043692408
-12476.005655241166  2715.6498173521104   1         36.465983072452545
-2342.341872800787   -1553.4043576552206  1         1.1636264295655712
887.2556917510412    8487.063050976996    1         0.77190937468053
4096.502954776751    -6671.110705836567   1         0.2864679154482132
10234.825570996563   659.8304922658534    1         0.49388414578333684
1438.2311362103005   -863.0601015065936   1         1.075074782436709
10519.745753098827   554.1537273659253    1         0.38861082400012414
-6723.564385334376   4556.187875096737    1         1.0478740246593625
2440.9475712775384   5156.324245688309    1         1.161963042952519
-5617.173834675214   -7961.561468619399   1         0.2866902853819879
-1752.0476429862726  2365.5413803236297   1         42.03726654292122
-1829.9476957953927  -2335.8288078703995  1         1.2388216056861547
-3331.9303825493116  -11408.446172066106  1         0.34124414955791504
