trucks_count 5
drones_count 3
customers 73
depot 0.0 0.0
Coordinate X         Coordinate Y         Dronable Demand
1938.24030171065     6394.725138962911    1         21.467906251295105
-8633.92597791779    5658.300057383846    1         0.8229570396495397
6111.0821907706995   -5900.244404332595   1         0.959233325520287
-291.16456610691665  -9451.787165496913   1         0.7463088643529924
3319.8672321447507   -8474.267987953002   1         0.9935481286697756
421.19758623277306   8028.384400486496    1         5.605638343756517
-198.78260143757475  -7478.689970812633   1         22.90158352488744
-477.6233506935445   -7045.470618154598   1         0.9408567869844969
-7266.206114091949   -5083.959093721231   1         0.6289199774876707
1720.0792722126587   -833.870502697883    1         0.23631423712483995
8587.312174389972    -3194.411244785867   1         0.9117329036879559
7684.057420157649    -5181.05439419311    1         0.9012270204577698
6411.520284953131    6262.393733158904    1         1.0473304968920698
3758.9465163589475   5130.062807429443    1         15.462706671770231
8296.999143227256    -6024.946374876525   1         31.042991659408923
-2680.835552810821   6499.080584467039    1         28.77572961814231
-6814.013291588029   -5605.27332568406    1         0.9394255290758039
1654.6881786911888   7263.541101997912    1         1.0133616354107766
-4501.862202031928   -5541.445683324065   1         0.587550527914727
2961.7841158833917   -7671.152335175912   1         0.1580404596207196
-300.29009676555654  4686.853348706844    1         0.3061945569940489
-2245.110569253314   1244.1550237771164   1         12.858912058689784
6188.2247814924995   371.6968273160896    1         1.1267549954423806
4395.422468265284    2704.301320877691    1         0.7034531411024542
5422.519835027151    412.37393178334065   1         37.8460496111511
5035.460572247417    -2695.137457281878   1         0.36966823919304515
2282.846089190917    -2399.4672231530158  1         0.2366974795151152
5648.207229919823    -10056.707508873413  1         0.9648038898984127
-7289.300468917097   -6431.388882100661   1         1.0340028452080703
1932.3088715497124   -8220.708710848641   1         0.6618870292719378
-3575.272606754813   -4229.83538861113    1         0.7924037699837034
-1653.6624784537694  4555.292381011312    1         0.3907314634650103
-9791.042844727282   3361.3818701358164   1         0.9243049679044986
463.50363489054143   -1017.278231448834   1         39.22506727046806
-10262.942875417513  -1167.7180906892827  1         0.6450107090105287
5332.289550633683    5105.8953008948665   1         3.8222331791560817
-7067.734600626265   5579.3209645060915   1         0.7762048142295309
5367.191315207457    6762.010159340163    1         0.24362597804726313
-2653.679619934859   -9587.291279367964   1         35.514532357185
-2000.7853020533184  2410.2761678190636   1         0.6779528532440373
-4957.588194128537   -587.9457532407515   1         1.096320371295415
3250.73675543317     8443.972459810748    1         1.048183748228174
-428.5700281573003   5264.143720812466    1         0.4705919972836601
4351.676914772308    -5516.015689573764   1         1.0102520854349384
8225.190143084084    -3691.8150702791336  1         0.8360093792474474
2304.6323482614075   8784.440292170619    1         0.17706066831365175
122.45592318076228   -1866.2676547477115  1         0.953514966320429
8498.75175393018     -9874.295537501584   1         1.0613447608413873
-7098.360902525203   -2237.7323175930655  1         0.33418035250508715
-592.7210207424107   -4727.647160044755   1         0.4736224176633216
-5207.571083372579   -7964.704647947517   1         0.7845100372337578
5711.24143241473     -1354.4060514879034  1         0.362925038961771
-4136.149547796203   1488.6251487484035   1         0.5550637974126766
5038.369617234092    -8786.872742791867   1         37.289749367200926
3006.1202122572777   -3733.0610210774566  1         0.6464746613844689
8740.420176666017    -6141.358537286739   1         29.44685295585298
-5492.841108422891   2543.7859277929615   1         0.18072748943145933
9765.603985621605    -4896.713732252688   1         0.1886035328022124
-1499.542993727521   1092.5060370273366   1         22.545125679376028
-3617.83073413893    4813.6804196701705   1         1.0692149091984966
-3334.2920018469313  5771.023531434357    1         17.665356956794444
4034.450951845552    -92.9971758251161    1         1.1588718881699653
2682.7704644215605   -9070.02515346998    1         0.17065843431633929
2553.7309595016363   -2785.499464011096   1         0.24561511903613417
-4958.426088081763   9591.707468933164    1         0.18419479407155703
-5522.09828822273    -6102.429543453743   1         0.8608082210738696
3927.2117274036846   9845.219740218701    1         2.7253769718392915
-5277.794865226163   7312.748143118023    1         7.479293133360169
-7587.736168554312   4310.569670975411    1         0.43992151711080973
3600.8016723264277   -9427.415673887308   1         0.6857071513114077
-10113.8951300051    -8643.809726261017   1         36.46637301388606
3308.5650694121828   -7729.274089153429   1         1.2049823984207566
-2373.1515570899915  5862.125931449707    1         0.6773238692304875
