trucks_count 3
drones_count 2
customers 25
depot 0.0 0.0
Coordinate X         Coordinate Y         Dronable Demand
-8810.21852878125    10376.377386651642   1         0.11792829691360102
3876.574165787013    -5922.058059697543   1         31.490034344336642
6085.2600316566695   -4814.191781601029   1         30.416195445727627
-1539.9581549942623  -6601.232209395154   1         0.7098111731798317
-1115.4249226225693  -769.157151010963    1         0.8042864959653916
-5230.370677241651   -5882.022383187215   1         0.11401851369087299
-8062.874769917701   4417.494542128687    1         0.47379600303637315
-6794.9912219725775  1565.5795915867384   1         0.3509528010102696
-13499.745177868324  9607.827685993456    1         22.925101623537557
-5938.094576486905   6640.240580838911    1         0.6903836183046443
-10300.765108118165  -1815.2544586330705  1         9.823648075113336
-5861.911387419454   -1333.8050125787875  1         0.4116526897054267
5082.766083293849    -13520.908530908968  1         0.5653316948197118
-6266.848766910629   -13259.695881744923  1         24.882604238265504
-482.83301821710336  5739.560278570084    1         1.1822682017517496
-9549.073423890846   -3383.188185422417   1         3.1405697989782677
244.5939327095295    -4227.237810155904   1         1.177970215818293
5720.644176242743    -4144.914484062627   1         0.5633130746796751
-6972.591111528472   5286.758819375902    1         0.3954198249845964
-2320.581013479172   -2493.924082326092   1         0.3328454601307683
-5034.407979490376   -2191.9061475453536  1         10.781864204387587
3498.450322621684    3165.517182920356    1         0.40084533043502546
8726.986139209985    -5538.162114878527   1         0.3647442340627529
9050.685417880151    -7567.287029299214   1         0.795478031579992
5742.69911002727     8226.271882728915    1         7.247210595789739
