trucks_count 3
drones_count 5
customers 61
depot 0.0 0.0
Coordinate X         Coordinate Y         Dronable Demand
-8326.600323994815   -4826.888991327995   1         1.1439684193844901
1344.2553852918445   6236.337629179777    1         0.5335633962527838
6605.068821852996    20.18751112931932    1         0.3241738981353618
-1178.332844066533   5930.633591399669    1         1.024819676563715
12266.61563998159    -904.7017296343856   1         44.56081007776376
-3028.769550380548   1003.7703087030366   1         0.5579172905320867
-979.5808191788421   -6438.60768795582    1         1.0027232904302246
3741.141222554592    2366.526037494632    1         0.1335714514559424
-9696.18107630241    299.7725246107593    1         46.23265709105008
-9455.204842464284   1779.6392731615633   1         0.3091100614653677
3802.7130447792533   -306.69662020415205  1         1.1421733628309276
-4535.4932256425745  -3134.105000749291   1         0.3554075810871633
-9484.745135502726   -3434.3458562882192  1         0.35768218281675546
11995.23180347698    10918.479283056471   1         16.392270603077215
-5455.373029437525   -333.38811473658797  1         0.7420498062732949
9429.41926457019     13108.709006467792   1         0.2937465702164915
2837.115258203295    1356.6250459881303   1         1.1981722796277348
-1864.1470750481674  230.93709502629233   1         9.255772678042234
3406.965559908896    -8724.11313638434    1         0.6194390273378142
-6905.739018755181   6731.161003676968    1         1.217595779650999
8525.2239556223      5186.544237046232    1         47.394177682783024
-3332.839220933703   683.1764193526102    1         38.5280790206226
-2516.122960386674   -9982.086864278635   1         0.6093405986572523
2603.594969735325    -2935.727629042314   1         42.575213035958946
4108.742987729837    3468.4753867346376   1         26.10230420198916
13677.632212975377   -12774.947201829222  1         0.5635650450252598
7846.513621798363    -3817.8762617505554  1         0.4880392911655107
-5655.781794646487   -7298.94061375679    1         0.3916777376535504
-10091.40424074047   -3263.5120722987904  1         0.576186528780063
-8180.277199631076   3027.6496049701254   1         0.8818293861430566
-259.79295202585985  -1923.1007316332034  1         35.23568180391234
3092.0525742023074   -1217.874685930501   1         0.7659812629003964
-12055.144162834855  -9184.395510558927   1         0.4401457449297477
-11932.50689377557   385.5872760250295    1         42.659044544169
-2365.7079258028816  4949.66843311592     1         0.3631309887286368
7607.9518155167225   -8163.135730899656   1         29.136666727609484
-6993.307498089378   2428.2142812036145   1         31.490598073500028
-6501.229815412188   -2218.613630701191   1         0.4032119401379799
4347.372973174663    -8235.51608980784    1         0.6959875466123739
2698.1915893776545   1224.9208680152299   1         0.33882708174064446
3835.9966329537665   -8545.704592220143   1         0.2941599739246882
12248.969570844676   -3399.400529814813   1         0.6366137503047339
8467.569003048355    643.9457558556238    1         1.0490473912353422
3692.0778389100806   -5493.694498562851   1         6.553181477868381
-291.63235957860235  3049.444712046287    1         28.10141980913351
1294.7592027508936   5418.896105909878    1         0.2868447315391843
55.83021899880233    3244.5306366767154   1         0.32668712775174963
-13013.757476003859  13017.823660630298   1         4.2298419144699135
8104.72561298218     -798.2309762362048   1         0.5431098870868661
1271.3638540075865   502.3096921341221    1         0.420790342350291
-5256.330749217633   -8903.665395073382   1         8.677706915122574
-2264.7226435781017  -7393.294361546781   1         0.7839309654508709
-3466.9877776753856  4959.837552389672    1         41.271584049848
-2120.2937019473093  2736.234332998071    1         0.6062080676462027
7474.815671842736    4619.881684751154    1         0.711730467937413
3756.854848428962    -10092.09539169344   1         0.3451703075553431
-1919.0547599757128  -9749.109159827758   1         46.3643508878463
7119.628639077888    6452.3242991342995   1         0.9780716395171468
5782.268709548431    5337.867608201266    1         0.9417887225031175
-4157.821715337543   5885.363252385969    1         0.848878284323438
-9991.346153717426   -10205.3670298663    1         1.2230027687967182
