trucks_count 6
drones_count 4
customers 82
depot 0.0 0.0
Coordinate X         Coordinate Y         Dronable Demand
-6854.919532935311   6908.15770741379     1         0.669082001791193
-4703.405986858251   -2303.6370144803695  1         1.2291270203973528
1616.1659409611445   -4998.883435583186   1         0.6711394979119184
-4039.245758736593   4296.61310462599     1         0.8204863013948189
7017.980869187924    5374.902668087883    1         44.43300817996706
-3182.1224471456057  6469.0829317641355   1         19.91849813226841
7245.011025901625    5031.680693068542    1         0.23406575768749383
2592.096550969683    -6393.144762823261   1         36.50620050480775
778.5301083382517    7234.070584411646    1         0.5434958514178342
-4043.2841728105595  2313.5233751678393   1         11.362797585607401
3812.699219290463    8298.687873568628    1         1.1279652609740032
3113.646583425004    -1466.5707216806027  1         0.7961135284032586
-8707.210145962701   2801.1329663884785   1         0.33585588328184
302.5054748187892    7709.658100603025    1         1.2278130996619014
-1125.8292259035734  930.5453154884763    1         0.5855715957621443
7044.660392022181    -586.5525586084409   1         0.34697348042306875
5882.450400718201    -9229.511181958143   1         0.10101009755842619
-2550.9863297686284  3034.693283154937    1         34.53613250208445
-6463.878662026311   3947.0939995205326   1         1.0933644231122228
782.4439156642298    -6760.160196792475   1         44.99303325519216
-1035.9868026522158  1923.5573058562582   1         0.3543561166076338
3771.192436003727    -9064.137610417421   1         1.1782688287085366
-7041.44452110234    3621.000389280989    1         27.75007864212995
5691.141622502772    7954.4281366283185   1         0.45554531987359337
-4661.1101142589605  1403.4538806302735   1         18.174770712694478
3898.313588605111    -4537.090972410607   1         0.5888127567423245
-4613.588411819143   -6093.573039545155   1         0.6107691603787779
-5972.851850003864   -6641.138489511557   1         0.627992310371212
-1266.4164475722703  5469.82452969047     1         1.1371486293971067
-1454.2923886893857  7794.219515674207    1         32.6782220367363
-3448.7902120987983  2645.855807496475    1         0.1911519410244245
2534.2377109707886   4998.453887156211    1         0.7492232648588923
-8675.494579872866   663.2055588366602    1         0.18499715988947896
-829.838837679625    9267.004816905748    1         1.2363941424389262
-2506.7202243226156  -8480.30999654537    1         24.633715483139113
1639.8937367052076   -417.50847287406214  1         0.9764909670120727
-5564.197510144514   -2369.5314283909997  1         0.8665958341883118
2504.9677683895993   8091.461059787687    1         36.43684748115781
-5593.616037655698   2394.636938723024    1         0.8613550769947221
-9274.31468534115    -3469.1319251820373  1         0.1962259860755013
5463.912659899683    5791.948033020326    1         1.0604405177865988
-3029.576703832534   5386.51415785717     1         21.526280144527576
204.07442689719315   2794.482828339614    1         0.5525942589188343
-4000.0315104477504  1467.295989734519    1         1.2263677969100253
3428.2110514783117   -341.07407904461024  1         14.9033940858846
3961.4302523817037   -3946.373010265482   1         0.7663570400546923
5977.94888784469     5492.45409665852     1         32.00174525622446
713.3480831520752    8909.774569877916    1         0.4049554780429996
-7277.854214465677   -734.378991265903    1         0.9901466836524834
9311.21426343666     3039.2925221929863   1         16.216962521319484
3517.693090295983    4559.048573793978    1         1.101689966196626
-8706.792553586869   5210.507068683308    1         0.5211225084361248
3992.519815923803    -2850.282207644123   1         0.13501110979921108
-8449.11431256507    -7210.1135569401695  1         0.7925178530303686
-1904.3695672253314  -7768.968396934927   1         0.7925898832007041
-4685.236102653432   6013.734747870381    1         0.6827741397455782
-1649.4200576807996  8418.593177856223    1         9.9594193099278
1816.401895332054    3536.147085113753    1         1.1617949775589982
3894.370531819609    8005.651258922475    1         28.369462874817383
-4099.022957968626   -2396.428185520148   1         1.1194400018699455
-1696.4803326917463  -4152.907396318814   1         1.1033722615099546
1092.8551589954998   -4702.837590554029   1         0.2919317164198513
-280.94758763694153  6299.429106908492    1         29.69181461082486
-8293.537560445464   4891.262278124241    1         1.0404871255052637
-4627.700641551172   8960.362743571199    1         0.19244960958272367
4243.829209712809    8315.02802997952     1         0.740638420055604
2326.2095146430293   -8746.96041547208    1         1.2344831345224627
1896.4428913964766   4847.867038841832    1         0.43804659277129365
-6341.289827843819   -6369.632008328723   1         0.5575171917342654
-4103.743794195531   -3679.9125176828743  1         0.9048472885804593
-525.7096485135072   -6476.0832949198475  1         0.5941373361018912
-3543.9848573463423  -8046.680679670495   1         0.37601594595192067
5719.377355871137    -7964.212664081001   1         1.1174276073003202
-3211.4297477691243  -8833.512657545612   1         18.49310040357775
5652.366363856528    7984.070636340654    1         0.5047649691436094
5079.250285179951    -5156.842595704774   1         0.6003279454387762
-6326.0845209998215  -3159.7005099906282  1         0.20490718828524618
-4683.992846493543   -1198.0591264459017  1         45.741442357516895
-5860.953287479583   7389.130588421996    1         0.8801753766072821
-6061.7300668837     -7097.156657932364   1         0.9478206338895686
-8631.718784890021   6562.532046577731    1         0.6948344554257234
-4431.927463531166   4106.539021522276    1         0.1241077700325801
