trucks_count 6
drones_count 6
customers 100
depot 0.0 0.0
Coordinate X         Coordinate Y         Dronable Demand
-2036.8121793371135  -5697.832826280072   1         1.0920124167431944
559.743516326728     -9236.932147269008   1         1.170336759633627
10589.568603753252   -1093.82608689477    1         0.43367207552026255
4698.3125901714275   737.8825966447903    1         38.767569191358255
6478.863992491315    6873.140527321305    1         1.2321563786059548
3776.6426732079954   -5959.672146229775   1         0.9473789983436562
8099.592579239116    4824.115775711053    1         1.1757117555746324
-6272.3326088557415  -8530.86902424478    1         0.854315375862661
3780.1924648898466   5532.178509857831    1         0.18540739138128673
3966.6820256042424   -9890.58151211748    1         33.320832947225306
-8196.983916118978   -3111.349307244328   1         0.933720782065832
9821.599111895128    4253.061004796672    1         1.2042182546843696
-4137.632770299136   -1644.9113076454169  1         0.275871832874489
-403.3524921403677   114.86084255456521   1         13.494574841951096
6572.36117508085     4945.700829105364    1         0.3737777846429309
659.3486359938269    -5529.861693455908   1         0.2392254934738861
-713.4154710191867   6361.394148289679    1         20.508769012881544
-7978.636532984814   -1570.2750428575855  1         25.335948639215953
-1266.383041256381   -3779.918499857654   1         0.42548974260169115
1826.9226508793304   -4268.27991747495    1         0.4548319649138125
4152.184254601531    9194.256204020998    1         0.7015579920681905
228.2300746449583    377.8796647361893    1         0.4288111212375052
3109.2491623322053   -7465.526616980096   1         1.0796968587630609
1029.3741106347022   10574.579712352574   1         0.4890615094895946
4671.378061376288    -7183.111344967743   1         11.08672054461247
-4359.785794469287   3110.1254511466104   1         45.808704598950015
8472.016182571318    3268.2410772903345   1         0.2374796311423147
7298.749259217812    -1904.1479424580598  1         1.1627234729619933
-7760.235894976324   -10470.599047012289  1         26.369868402403487
4195.241680764894    -6497.739996355634   1         1.2350278827365242
-4651.12796269515    7627.923995457159    1         1.022952938904916
9358.942588593083    1160.8952608700627   1         0.8507862233595764
-562.8374780903898   -6269.092307344714   1         0.5037335386924757
-2449.5736863534707  -10003.139055808555  1         0.8460071261370594
-7683.647264403668   -15862.237446585135  1         0.5085707173656651
9620.260299890047    -4521.3245696579725  1         0.28610156237988743
6363.991658160976    -3263.4867033642695  1         0.886087195898202
-15915.097842453382  -4928.654615009045   1         1.0911052727851958
1594.0950882867048   -5310.538568383153   1         0.1450721649238946
-119.050176524013    -2688.3297537861317  1         0.8938522847497893
-10595.50929335068   756.4581182846426    1         0.8642713752985647
1939.6011457554039   10576.249499420837   1         1.0810895708225017
-917.5816455352839   7231.12792035391     1         1.0186236105545663
-15725.243974839086  -5042.773787837747   1         45.52787739108844
-1435.2844875313892  5025.358421282866    1         0.3617885894974684
-13931.998213775067  -12786.084827586928  1         0.14215334529595344
1308.43730501065     -7070.573630287645   1         0.763270145364647
2535.212218078105    2788.8208578318495   1         18.10130734140001
-9572.762004034934   -2762.9197793961307  1         0.2722309218284865
7462.764733190141    6467.403715866979    1         1.0203994396485117
2981.127126643396    4512.319406262385    1         0.5044419368742141
-1.4895259920671806  -3114.8720120987764  1         29.188973043534197
3793.385663419045    -15468.652174644933  1         13.678272319981113
-3638.957124486443   9392.855667934598    1         0.18650477840248753
194.74962404009307   4162.11462991813     1         0.31882100780477507
-3712.908069168426   -10172.314438293111  1         0.38339705299731675
3.21470645093138     -5826.6884215706705  1         0.8193107411536004
-1655.29466624064    7035.685389353285    1         0.7506137071778626
-6274.508266574861   -4266.914695689307   1         48.22519721950366
9047.269388624718    -6090.083344672897   1         1.1242254231209674
-7553.848111985048   7006.715309950609    1         26.958919657337727
-7743.050627625149   5651.158990600562    1         0.8370537629383794
5403.215478746193    4408.375717440766    1         0.10070574209993835
-7819.860405643261   -5927.535718573892   1         0.351172113435672
-462.28215214507145  4910.8400731171705   1         0.19349679230527392
9611.51539979865     1990.7178479770882   1         0.9173725462311303
-4024.2933706934105  8826.129349518087    1         0.1065147778686444
10210.402729155576   -1259.571175439624   1         1.979205536016615
-5567.956048227466   6176.6637105551845   1         0.6915584179096762
1992.1188860030275   7565.310322557288    1         0.8713761687059484
324.9555155011981    7313.223880045229    1         2.324704783839346
-5301.3331723570445  3126.76468531815     1         31.43252148160104
3389.433094623888    -9716.609039255383   1         0.5858803753087144
-2457.7432270134136  79.85842571195454    1         0.6533088263191977
2892.208228543229    8503.29524480632     1         0.2783615615658206
2486.8456835044203   -4653.612350479682   1         0.692356626540778
1642.209726875917    3132.722536401943    1         0.45550212286612124
-13894.314010383709  -5260.604106706904   1         0.6785387093595765
95.09233611635565    -2408.848983852497   1         1.166898623918322
2829.506255360095    8055.102599250374    1         0.2729404382039942
-10224.425943133741  -2764.2606784835116  1         0.7115598063326091
-3488.80904247129    7690.767499750727    1         0.8918543330667703
15170.697189084807   4504.316061443809    1         13.475390575097181
-3.2591759908030595  3789.7973071841234   1         0.8474553319088071
4550.465262890437    -8614.00068697452    1         1.066422659571366
6304.855827051437    -7988.640804243741   1         0.1848292680706167
-4992.852565067524   5061.081361740056    1         1.0784594958798261
-5405.135282120873   6709.571520154695    1         43.04877283556906
-4031.3617484879273  3273.857812451624    1         0.15130530141303183
6448.592503923186    -5300.685664181784   1         1.2277465748592218
-659.2524059285472   -4661.552762582054   1         0.8686108348325993
-7495.862261578088   -1594.1214428772198  1         0.815340325613814
-217.46426466528425  -4025.0443547206773  1         0.23322613099991749
-5987.256926632114   -1854.4893193924554  1         0.6410066460338754
5142.162417747983    -9583.18316010437    1         1.0952396049633204
-3200.754134998267   1952.3599950622665   1         1.7638212384178238
-8396.661689563663   3190.004530721001    1         0.7988597206572355
2082.284460277962    -3031.768541165254   1         0.4932014038051806
-6794.217553305571   -837.1842048067447   1         18.776697898156225
-3038.4916821453767  2432.7848958032537   1         48.62877207925616
