trucks_count 2
drones_count 2
customers 23
depot 0.0 0.0
Coordinate X         Coordinate Y         Dronable Demand
6515.837743437625    5827.308593752509    1         0.7354992425866302
-3986.5894678415225  -4126.610319457228   1         36.950461035729994
-3668.2868375576268  -5733.722348859323   1         0.7517215431039572
-5133.131745394177   -5277.592598159616   1         28.480352576648976
700.9585403293887    -5122.945280583389   1         0.4774445160590546
9356.224649675987    3102.185953250628    1         20.53346003212123
9435.466184957375    -4751.287494584321   1         1.0355517283621614
9227.443736060395    -301.15905985533016  1         0.4850035898293029
-1921.6737730606403  -1254.8388860776272  1         1.0768099172221555
-7770.794239335708   -2571.361312496033   1         0.30296855218328433
3034.7770601270845   -4366.158395184546   1         26.476627695239443
7133.662316485417    5124.487862160633    1         45.66453854042387
-2632.3233601907687  5036.273809317423    1         0.17294881788593064
-6924.511279771965   -2373.350861214127   1         15.763770773838658
-2131.80559542536    -8333.517527694594   1         0.6657232177397797
-4989.137186398761   4841.1373719675175   1         0.18944680145134735
-5575.6904448007845  8315.112799280158    1         0.7490949019469765
2849.4426391283446   4452.779917650674    1         11.722260286863639
-8088.227154475995   -4415.734957766638   1         0.8255898615867825
-7159.478060848112   -1645.9644720443546  1         0.8942646577938256
7208.445372701943    1876.1064138681868   1         0.81839650320582
-8975.482750719288   -5842.204566081824   1         35.61187697942145
1422.2127344488358   -8275.970074965331   1         0.517566790069723
