trucks_count 5
drones_count 3
customers 78
depot 0.0 0.0
Coordinate X         Coordinate Y         Dronable Demand
-18265.364646741044  8611.760939285388    1         2.491725639293998
-7950.896703326603   -4508.600707329872   1         13.637491239925525
2033.8027762100146   -5399.985369663385   1         0.35959275654320255
3990.6513500057677   8220.159410696453    1         6.8509912975752245
-1479.3137041353737  3184.6326099843495   1         0.4437495729415676
-5050.578992409001   -2242.5468537974707  1         1.1709529125163345
-3753.529853714668   -19399.791949935745  1         0.6018683127038462
-7926.755245020345   2909.3618616074086   1         0.47399231748627735
-3513.4602834720877  -10102.348723790843  1         1.0110884574930015
-4085.493653104101   -9464.870822392064   1         0.4548914829595957
6813.535607684171    -7211.139815598893   1         0.7100647326965706
4432.693035195937    3017.176705128942    1         0.7486125569898158
-169.11091408561447  6505.381989835064    1         0.18630068800274022
-15567.303709644086  -16062.389873288439  1         9.779907606729449
15450.737146705189   7326.8391964758885   1         4.325609359878728
8674.228528215926    6394.338361402456    1         0.6926893982031105
-8205.572516273438   437.4737454245953    1         1.039786233203439
-5960.884474176039   -17276.794522467037  1         0.6080999329611069
-10132.249890178904  -268.81551019821865  1         46.25888332242976
-1390.3960544172253  -8007.339251064232   1         0.8591648046949224
10757.007694107357   -1303.3655900706544  1         0.1080321219802828
12035.976198411205   -5214.926741826799   1         9.004348100068922
7283.962188185261    8172.826569368863    1         30.33158290226981
-2974.0310066357797  6223.190340161472    1         5.889998384662754
-8144.011166760342   54.149381643672555   1         9.975922009440852
-14680.674831792734  3392.2419402412925   1         29.75850105143813
-1882.436923527101   -3878.4964921698843  1         1.0102928212551252
3312.706063496885    -3866.702344473125   1         0.12614224250515152
-8947.176196145205   -3746.4278172204545  1         0.33269104897996815
6413.45030635886     11974.248157652819   1         14.124189690543911
13431.159299993767   -11266.472822885702  1         0.19000989300337634
-4562.192586406953   -9716.290672301127   1         5.9675505590442715
3096.359709018778    458.179464034158     1         0.8844810413307522
-11699.125842185244  -17422.31673498905   1         15.169923107301136
12703.872203288185   -1124.2183259123922  1         32.10503765973766
-7494.342225063093   -3217.9736281576984  1         0.21359359844605103
-1031.2136987179053  -6424.177629300978   1         0.9708952781095425
4164.883977144757    -8689.457200066505   1         28.134804291697552
-7124.431117817442   6944.6792153122315   1         0.328498125217492
2787.9183845750704   -2377.7136470279224  1         0.49056863322455646
-826.3692504449639   -4355.49085180439    1         0.5113440438910247
-5555.1257904952545  5316.2075267316495   1         0.1700844644159899
-6794.813747687123   -5127.858853406997   1         30.58130960590091
2509.5271119060417   9357.503356737161    1         0.22335825379672575
-2180.4908965376635  6724.164593403564    1         0.8942308159505172
2529.3697322695307   -7961.220407604701   1         0.8478534649127185
-2672.878101392676   3709.381189965424    1         0.3952033898766273
-949.10753112285     1443.4238015016078   1         0.6530692290578062
-10078.514158995755  -296.918710261815    1         0.2845379498478262
-1468.1780968125547  6420.690186779132    1         14.12923190523239
8396.213810537089    -5892.412985438452   1         0.18272359979454314
6653.861728537098    1821.6658397029253   1         0.33162982076594016
-278.0774831962442   3410.5341632186137   1         1.1964129382004622
2198.8531834626547   -8994.811659454359   1         0.14800713478481314
-4891.158518844753   8906.360279266897    1         0.578585051202455
314.9511407985927    -5428.605158098456   1         21.687133990971915
1672.474053867768    -2269.0608702822674  1         10.105589114368577
-3750.8473564284336  -5420.66121598666    1         0.8460327171378021
-1931.2340076425228  -9613.195042914522   1         0.9015313527487029
-7341.6834738446405  -4308.627862937552   1         0.8878962175742766
18050.926531009707   -8226.187048267515   1         35.57041123577002
5469.32769937145     -3.13618467842025    1         1.1529780513929118
-1923.9335878384484  9630.981573045847    1         1.0367752991616768
6433.382756626324    -7442.2766390119705  1         0.3493702309579424
1744.827651625801    -18072.839935826196  1         0.9296412759147632
-8630.534992816512   1253.7796545615274   1         1.1184356717478228
-2267.384565167467   4616.37172155876     1         0.1636646251516536
-2467.859371648963   7481.122322022574    1         0.2533392272932493
8273.783790494403    -13505.415504754415  1         0.5782441091802694
4777.796576856242    -3187.896763229724   1         0.590449800648028
-6721.316416880566   -5544.737813539843   1         0.9593185804591203
7420.228909543469    131.63655760104453   1         0.8767082720959026
-10412.740153121518  -427.96456974966486  1         0.9499958625443169
14708.685599492343   15420.441023912292   1         39.85751909244579
5600.287207334166    -7760.434950071716   1         33.275472753330156
-2122.013793501557   6113.07144051615     1         26.0827109624169
10361.735927929238   2133.443477583859    1         0.5270564750283083
4804.762223810141    -479.4072874394058   1         0.22505017544580525
