trucks_count 5
drones_count 6
customers 100
depot 0.0 0.0
Coordinate X         Coordinate Y         Dronable Demand
4462.132021158497    7439.746345165228    1         0.21379689069453167
-4753.006499891619   4003.4276569215504   1         0.41796781756547663
-3497.378811621979   -1782.491087117742   1         0.37761015724046476
-195.92586712325283  8671.02651230439     1         0.8310290133987851
2499.105713866593    6377.613973441529    1         0.8723725605335378
1302.621086586627    -10908.261218854113  1         19.395579482066715
6712.984707176602    -5235.776202027829   1         40.43435620093807
-3000.353445288419   9480.864536625977    1         1.1641097505567817
-1794.572769079722   3028.114864447316    1         1.2288351219402138
1172.3526036324656   -9225.106115638186   1         0.28086102413095015
11820.321245591207   14297.176798347515   1         0.9426293689270971
-340.21037518178133  7999.035716431512    1         0.5638428311641196
-4298.490308774809   8178.8815935706125   1         0.6428546022925713
1184.2020832355497   -1507.477103285186   1         47.19270854185447
4787.093578469783    -6829.000711638539   1         0.33336097056453495
-1465.6297393741697  -1254.692284281613   1         0.13755833920183552
-15968.311619039305  -14721.377349322509  1         0.4517553373767119
2932.1390560909417   2105.864398953685    1         0.1422015513732237
2669.4675258523      -5590.413793498713   1         0.5627803462117887
6652.600042808095    456.25834614227693   1         0.15184787604353062
9869.971892963316    -321.2309663325694   1         0.40564462984050975
9360.111967548002    939.277389671025     1         18.98471731988919
1157.0501154013955   -5417.268660540454   1         47.85156095697275
-448.5233322840739   3488.6054992546046   1         0.9587546559628035
3133.776839192186    7060.900868549793    1         0.6837033099905343
-4114.17699220337    -2019.9211691139724  1         1.0466348163075063
-6337.360861591885   3210.155465471119    1         35.548780537789796
-1508.7780598887107  -6327.616857288767   1         1.1406870919176946
-5726.88366104869    -2100.6950761993858  1         20.325921597718033
9263.155350454072    -4560.543252808876   1         0.781340989316492
-5691.44000343913    -4021.426341114659   1         0.6080123973155921
-1867.0583856988642  -1215.3727701511996  1         0.45979161579457073
-8761.097434361387   748.5320662309013    1         0.6835569381996992
1148.878121622615    5728.7379439576225   1         0.7977607019856917
888.849917348792     3040.0704559119276   1         31.034161660436073
10515.95762131285    -14820.2146053089    1         44.76348659203743
3670.309160384573    3409.4737685145014   1         0.7357586566945394
760.1747404204451    8835.359230868771    1         0.6526690275493786
-19165.99193361207   -14645.04203525161   1         7.132452194339603
700.4740182541749    -10201.999237064556  1         0.11145353937303962
-9723.986347124517   4455.159576460204    1         30.964466057786098
-7433.467044866724   1835.8266131820296   1         0.5330182132563438
282.34202685613127   5076.991477566586    1         0.5231139711280742
-588.0452048496409   -16230.885744157884  1         0.1814231494259128
8954.84948826848     4903.514477827408    1         0.33608431583324183
-1201.7417953551194  2902.6867952407665   1         0.13247970511046137
-5187.618356832527   -6834.530474181086   1         0.29439325511057624
-9671.90736676151    4222.071831902507    1         0.512556424314725
-2037.5568470200617  -8933.19693569163    1         44.109866894760025
-5217.11458949875    -3076.541127654687   1         0.667685718260274
-6899.956484559083   -1989.8176365297318  1         21.912755134161664
-385.0248984408885   -10248.323488186403  1         0.42359047247374326
6807.9320831005      -748.3046843252869   1         5.321708731544956
105.91087509796216   3846.4202941993995   1         0.31565755085394337
-6260.469595007834   -6403.006154381597   1         0.7112106733329387
7758.39341245638     -3756.117533976135   1         1.0162717726152841
-548.4997154010462   -2569.4424546342584  1         0.2775446458424945
6455.618874862317    -1741.8431544174682  1         0.88757718901641
-9717.913169387106   4091.377945082819    1         1.1919689165545013
-4889.094993808844   -4868.41121779226    1         1.1471375568648032
-1768.992968709455   -3663.769022135656   1         22.461744005544595
151.210917086808     2239.9851801011905   1         0.9305616966298852
6658.943861162728    -6267.257202065824   1         0.7558873891557751
9124.59228952296     12942.377997503914   1         1.0723824830164606
340.1187941838302    -6923.933359126412   1         1.0534671391394594
9833.868599803061    960.0998926517221    1         0.8435597178787022
-2964.7362582112873  10953.9592930726     1         1.0721727239989425
-5158.986169006953   5064.320459794496    1         0.13869637897734552
-4869.842752038723   -4668.757850554165   1         0.4454756823865843
-2097.293676000712   -3108.8096200567848  1         0.44648841808633455
1228.6391761630912   -8555.866562347486   1         0.44903988550630736
2005.0921267627537   -2523.461839690671   1         0.1170736522832006
-9202.98318360912    1652.76372291524     1         0.5812648542228089
-1188.0980661847232  -3676.0348221495365  1         0.4639068337778325
-287.9112024211386   10028.537102832215   1         0.12616125294902442
3042.661387969366    -3024.1562061583786  1         0.8838377864675525
-4254.234066928701   169.28007329316512   1         0.1744199709402047
-3452.4513714447794  5392.12946047025     1         1.2319286360521324
6897.2741916744035   7283.602222493209    1         13.325520348414182
6351.38665070987     -6286.648816859797   1         20.408395158993578
5349.849209024267    -2231.3610502195065  1         34.59364051735347
-520.3056151832607   1638.7173546630838   1         1.457081619919995
-1363.8631850394834  4559.668349830872    1         0.4860561232445877
495.1871108064417    -2378.664877517551   1         4.019474628895733
-9712.012334000023   -835.057474500666    1         0.6118577932528386
-6513.286728543677   15316.967156604856   1         39.20687838307329
-9254.267865713542   2421.59395831446     1         0.7224459581557988
941.6044931170783    -3457.825961375684   1         0.6669690861444785
6228.309562369236    6522.331203314402    1         1.211697408407364
3092.6311564733824   10086.161200874403   1         0.2685587122815784
2337.3275960196843   6040.648843820898    1         0.5374961133286063
-5640.713800638161   -9267.88101309705    1         0.19178814749141299
-5127.9598367634435  -121.4508515790249   1         1.1933003395632715
152.48996207940363   -1579.290909928779   1         0.8167318264232813
337.29113723208945   -9014.19228515386    1         36.24206879039743
87.92103690394875    -393.0929144669143   1         36.41687866064992
-17013.091549711975  15806.254882295543   1         27.062789414800065
6368.394447870756    1170.3219161870463   1         0.9779810079260831
-5925.452918738292   -11340.857080631966  1         0.7071272649434266
-17346.101954580263  3254.3422375204827   1         0.6210485481417283
