trucks_count 2
drones_count 3
customers 29
depot 0.0 0.0
Coordinate X         Coordinate Y         Dronable Demand
-3698.220580225632   15410.976550175887   1         0.6349837086526843
3878.6518892883696   1641.0161087240588   1         0.40910762304859205
-8044.27629474617    8191.94820918354     1         23.362583636896225
-3613.3355682496017  6567.82305267622     1         0.6379729860041851
-48.71592687574135   -2447.1677213355765  1         0.2539686680154145
2259.178294024625    -1941.554883045721   1         0.24839583075231925
1476.01384888813     -2047.0333611989918  1         0.7448666878045701
-9011.096061669554   4580.628200761458    1         0.8384852602498024
10433.995235438777   1919.337904333724    1         0.9991920702638857
-5333.326358286421   -6690.975921403503   1         0.6819317195888251
4854.436880586121    7003.68260571168     1         1.0202556467023185
-4270.827601469058   6891.702844282015    1         0.9307326517759764
-4986.7734015360365  -5937.312595638965   1         0.1158464255921121
4067.344558641967    1728.2644628785679   1         27.65687506097683
1303.0563701923074   3043.3434481564236   1         0.33416050752878657
-2709.6199009730603  -9872.930597142324   1         1.2125534183423423
-1910.300467767918   8304.817075893325    1         35.06256480771772
7174.511767670565    -4323.983393469676   1         1.0634047742548538
8908.500871760829    -1739.6425695024723  1         13.26519885468675
3870.094832384937    -2223.548250407998   1         27.9714598278613
-5904.766302614232   9122.184537546824    1         0.1824505990962177
-9215.353781472988   -3649.790744933022   1         1.0858862998113106
-6908.687304824711   -1894.7630453414308  1         47.97654382587904
5974.779989897858    150.10636274946904   1         1.001108237245456
10592.76666924381    -240.74294767279812  1         0.5373355781644298
-9167.378201038015   -4114.37025453391    1         1.1870328399562864
8678.733919243308    2450.1276031897687   1         0.7595762779206712
7406.859452637309    7790.906927456326    1         8.723537427093756
-6292.017803209669   3147.5869094553973   1         0.30796388860350143
