trucks_count 5
drones_count 5
customers 76
depot 0.0 0.0
Coordinate X         Coordinate Y         Dronable Demand
-4715.1281284738625  -4920.239611029645   1         0.9111457127655799
8398.666780733516    2336.5868116461033   1         4.693711494477352
-1988.972773668916   -8533.9677768458     1         0.3912941618606419
3062.0531267356446   236.89827835552023   1         34.43184441105364
-8797.915023642454   2549.6145689320156   1         1.1352605685504025
6557.913572765745    4900.590178353061    1         1.2498241010727613
-2415.1841782310266  -9442.880360924404   1         23.45475477875763
-9074.088248492755   3313.5639135133474   1         0.6219380959253148
9872.713000249498    -1266.1157942153122  1         1.0376817741970887
5184.751513806164    -11758.141130748234  1         1.2208352071322255
-3923.696756441541   7254.694204652638    1         0.21678564016085755
2015.0657635395658   5548.959518236068    1         0.24615874172607535
-1350.4492758301717  -10302.786443248078  1         0.28157321610193053
3850.7815462020676   -9119.61677314557    1         0.4978336295051967
8371.542020391353    -2993.01986224125    1         18.375865756075793
-5586.584069135182   1001.7829370167499   1         1.0668646156990915
-5392.783428324678   4151.763659564562    1         0.6485680323171246
11405.46607695839    -9080.502426202847   1         42.68910281488858
1727.2654722602738   -4237.828808276185   1         40.8278735712177
1905.3378608428068   7593.171033120307    1         1.0513660845467456
9348.871086063773    1268.5173343916724   1         0.26315811578933296
-8447.236538964718   -4922.173026961751   1         0.7422671477090096
13097.537519143516   -756.0104376380586   1         12.120036450976167
8195.702832668441    -1095.4087151800782  1         0.11990927430309492
-6135.152228108638   -4389.549363304193   1         0.4612257239350759
2639.3061456780124   -1369.98919213212    1         0.6919011413495956
4010.4950195899414   785.6454636064433    1         5.629900214141296
-339.7819790769771   -6441.318475411648   1         0.4361964868992789
5351.4447402793685   2538.830703528631    1         0.18623347384020944
3615.4748135392692   -5020.26905990786    1         41.28690537755322
-12322.23885004291   -3321.4191368102674  1         1.0647620539289213
8881.80965696307     1409.5805078882915   1         0.41186928961447067
-280.9422903553523   3663.3989674590525   1         0.1505934394161905
3378.418930822444    -1290.4801065068639  1         0.851981269535566
-6178.081084506905   7874.14362518682     1         0.6948275254080338
-17816.733195949455  3247.4080304892304   1         0.9079028373794523
-9345.358168280969   -3675.8375233869347  1         0.4151104163744094
7088.059287926532    -2653.235882247731   1         48.69091877630362
-3612.47461952371    3840.4516838258032   1         0.4899523966051903
10369.115022677308   -2536.368482212236   1         2.95335937928889
5218.2077076538335   -8921.510651499906   1         26.345086330372382
3265.164291025033    -8043.762413812314   1         0.22157978153883212
4605.503133804805    9726.330169446805    1         1.0263493870309541
10318.187078962255   -327.53741458311936  1         0.33941522647067546
-2756.469916991362   -3775.5442809253577  1         0.15256381227746024
-9715.035458411227   -2862.509531942401   1         0.23549002075625655
6318.966259195294    -3711.738101812361   1         0.15841585335808295
-8792.32250605731    674.5496660225602    1         0.2005856807991821
16166.955935523318   4634.822416700863    1         9.599047739162327
-1150.0082458871152  -4138.488354664162   1         4.087598361607318
10329.624091302745   2749.636783169433    1         1.2162764512201494
1160.9789661470254   71.49133990181545    1         0.6026698545249309
-8618.350037868435   5438.453323522575    1         0.2946735111914254
-9892.439574510247   3229.231764943778    1         0.974874201343415
1879.1635753342184   -4706.979306076726   1         0.6161808547816726
-3637.36117707107    378.3513049368244    1         46.76590748543445
-104.58263453859391  9223.012446468727    1         0.23046129460990802
3228.65866064344     9231.15019145655     1         1.244147515745615
2842.803557052838    -910.2072350727389   1         0.4596330356377517
1458.6390192601561   -3741.1903192390755  1         0.5764963058741875
9785.385313273642    -4244.914880486699   1         1.1991180715970187
7116.2216419459655   -5343.418201907202   1         0.7539147305583539
3940.4397493116703   -10193.240926196146  1         0.5179628127459353
-2673.979680822004   -1742.8367056083869  1         0.4371676920794839
-7852.435833379337   -1386.391163802753   1         0.5191260444888801
7178.304641937393    5205.152090065607    1         0.9437129442435347
2135.7652163882203   -5253.67242202666    1         46.89961714276879
3797.8812784044117   -4424.223060648181   1         18.09962167678523
-5742.960730988211   -6779.14261528155    1         0.898679169943518
-6686.145084469635   729.3688183203898    1         19.375854449196424
-10253.985429872902  1140.9012343317186   1         0.267407950273464
4773.069953801482    884.2555172836389    1         1.0490104972010936
-6389.11107488143    -7529.785210210265   1         2.6937534782101262
1206.709709916503    -6611.289466214511   1         0.8497581209092495
-9057.928482193782   -4258.8449894359355  1         0.2923111083366521
-1637.0832788666978  -7594.565625186612   1         0.3474889856257069
