trucks_count 4
drones_count 5
customers 90
depot 0.0 0.0
Coordinate X         Coordinate Y         Dronable Demand
8182.8507557270095   -93.8692184802669    1         0.4181528801125802
363.89916323601875   9679.981722624776    1         0.7939510384148107
-2931.704575218095   -9246.908890607085   1         0.30451110025482325
6053.767991985026    -1530.9551223009462  1         0.7944165839233756
-4723.329776329341   300.0216885976958    1         0.9435667053400245
1002.4457846247745   -8977.000798844234   1         1.0287140800732535
-4839.746537802145   -2324.1726386619557  1         0.43391402597970385
-3868.6742960031243  -3424.4859436855068  1         1.1320590127897554
6323.370963082739    23.807459221630907   1         0.627027657769163
-4995.351493018114   -9177.740812686654   1         0.3239798865536232
15442.241324628252   -5712.856015710246   1         27.101100680429308
-5761.7863507181355  -869.9324070970473   1         0.9433255671448396
-10018.919540275527  3822.1340560864624   1         0.7405185992484178
-5262.3056109001     8599.550634072963    1         0.29121762229439097
-5756.045346137468   9062.16780895162     1         0.2934319113992175
9591.960612654468    711.5583750113605    1         0.6700857402634304
2091.3178800063306   1375.503355950393    1         0.1469786858849229
1061.720520549476    10611.391847176625   1         0.19662246644368805
6667.416407750625    -4154.370668704838   1         0.5258418791588733
6558.41761720887     6576.896720446999    1         0.877073156586693
7724.628768398106    -434.8944902639122   1         1.0017526776717933
1767.7755048269873   -4225.326814915826   1         0.8315848069331763
-9021.005518896238   6111.686338699327    1         0.1838249262072517
-3151.7576338651193  -5665.397019208879   1         0.20330966596985273
6198.116947647063    -5678.776048809434   1         0.21039082984165441
2692.9358915626403   3580.3346823373026   1         0.16812506247061176
4330.654612342328    -5698.003359975923   1         3.2567328673091294
-9515.1854381775     3644.165986241002    1         0.7636167525327169
-1089.0012463362814  -623.5463585192956   1         40.15902125794911
10715.692513751412   -15933.435140222868  1         0.21524649242446936
8280.553905379766    -6470.272667475638   1         0.2617512634506684
-4359.35041389123    1423.5745712590376   1         5.013521977604758
1155.2416357273942   5977.457835309397    1         0.5720726858131606
4209.12643202245     7071.401123363131    1         0.9816192625084899
2873.206092269325    9645.50164796926     1         1.2451986018805847
-8862.760717009842   -5237.354829803102   1         14.188048345250932
-8915.987577742895   -872.0843385511523   1         0.6089746270480486
7591.92074843718     16309.844565612439   1         5.0994256155477
-7877.749204009467   5371.896269191035    1         0.1643895909828479
-3384.3955077106293  1339.0115679406842   1         0.2707180736912135
4407.38324797208     2853.2441897472095   1         1.236008569031251
-2415.674875905709   3454.647276489505    1         0.18958148464410432
-16387.184696545657  9021.372340576923    1         12.192331286041076
1941.8255892542206   1053.7195507147185   1         23.18191402156361
-131.0953538411108   4183.102976570702    1         0.5535564968177471
-7532.344216690204   -3545.2132021310877  1         0.16235291495779153
-2862.3411304632573  -4090.6886871987267  1         0.34330408812125773
4947.364593142334    13538.565354473783   1         42.79392656234538
2924.3987602793486   2176.702505685326    1         0.18046872835034353
-6945.49775004086    -6265.566652808696   1         0.6256053171876224
-9053.480604005821   -565.4853264423523   1         0.8852384519936485
-6815.9885490626175  -4284.336360156876   1         48.12036848808568
4888.413566376371    -2562.697303905484   1         0.4680458349838196
5361.9113842267325   -4058.186608763391   1         0.6930171500095484
3072.8397013519016   4117.165461283611    1         1.2210739345194608
9605.083683512281    -3213.913509681966   1         0.7735086020181309
-10108.605705087797  740.2819590729014    1         0.9907994201020264
8449.146034820995    10282.136613608363   1         0.6202029631046434
2775.6102861926797   496.68002758486335   1         1.1352067712917326
-111.22735276088359  -6842.146120520421   1         0.4320806044243618
-3752.859417543893   7353.856028476237    1         0.305193525004906
-724.3159828388225   3042.767571735223    1         0.18894185057077567
-11703.838628086305  -6510.3483402004695  1         0.8246318559007946
-9147.996387743353   1035.6993124552714   1         0.42953713792295267
16285.935054210757   -15276.208491516283  1         0.3508774097350399
3689.2770817059813   7744.322135561432    1         27.774178217638074
-3638.996246728112   -4742.121638170089   1         0.8664747000869777
3795.6101238503147   -1151.4552001659206  1         0.8650988153148391
-2922.8911079444856  3177.1418312343044   1         0.8132490842791238
10164.696338068945   10864.081315024388   1         0.46433025455374655
-7750.2959390857895  7047.689093833278    1         23.449506318906465
-6628.553983797658   -771.5505834867758   1         29.723894240504666
1835.339156554506    -5369.536610278953   1         1.1111991174657994
-6385.697902484808   -6044.886239743619   1         21.4837217726109
-1525.5700793637286  -2070.661516728555   1         1.2203347681732641
2864.3014775388365   -7628.738401850031   1         0.9706553400060574
-1827.117768369965   4369.287494804279    1         0.1240136946297228
-6504.7821175572435  5785.314416925515    1         0.20279173794138852
-1563.8958058211858  7466.115119732258    1         5.423285889356947
9736.816395288703    3211.050303886639    1         26.44573198567799
-4220.796570269329   -1063.7254464891273  1         0.37240467683359835
2789.964268669189    1600.782036684661    1         1.0676148772037748
-16492.793543639524  -10562.353660359695  1         37.6335187785114
15598.981524395596   12520.156277190024   1         1.1904918543264293
2872.212051530958    6176.750882794891    1         0.5024787919030522
3657.359518812857    4121.642638803768    1         0.4146664902989924
-1980.8926728423655  176.89881293669845   1         1.1310338880513562
-42.70181832652399   -5529.431651973722   1         0.24690420220152523
-9898.36300822814    -1042.4029521383488  1         0.9254078887689807
5098.454763239845    5807.027156634831    1         1.0607440206532006
