trucks_count 5
drones_count 5
customers 95
depot 0.0 0.0
Coordinate X         Coordinate Y         Dronable Demand
9085.346959964603    4805.108335635487    1         0.7417175036826991
7464.574125441567    -7232.896125989468   1         0.5609618489856918
-2900.8797634647626  -8182.180694302981   1         45.48560063206412
9334.850894513715    5495.268163043238    1         0.591645935849102
204.06544658830802   9231.72879352081     1         0.22287814448630355
6507.755798208637    -673.8215911783047   1         1.208299335364911
-5631.285325234798   -1420.156235634064   1         48.052163594106155
365.9505203322117    8496.925982590692    1         17.160137761379733
2774.7002176691617   6176.423435726745    1         0.22445985345606478
2150.553102342807    -6141.353698289938   1         0.3375182261504496
2366.1244263654457   -5874.411640858379   1         0.8185769373584499
-9133.820154104546   79.07487859483602    1         0.3718651433678145
7039.233975898952    8190.807023258376    1         0.8280878230152497
7709.668019804187    2104.0603364908493   1         0.9946115336800949
-166.92791237397344  1669.1953430568738   1         1.1276750830119735
-9064.77906124418    -751.2084907222944   1         0.617647341664114
1294.8527191321996   -5550.886134456798   1         1.139062186342849
-13197.178789075544  -16458.628257121203  1         0.5889071268263094
-267.5329282879081   -3577.8228615952835  1         0.7005776421283684
6083.510005326755    6512.591481810616    1         0.23203067522585394
4743.347433000083    1123.6971986826902   1         0.9357191559193032
7132.455814672799    822.0290807442088    1         0.13469065880848796
4651.933255165937    4647.653975060351    1         1.2468491707576415
9634.224544157529    -2919.446797353834   1         27.455543930698116
-7118.2196391190855  629.7141063048235    1         0.5874272435733287
1714.4971422282001   5295.452220489453    1         0.18514690334200068
425.99544815828597   4565.4507989602125   1         0.8743460647012468
301.25697009248637   47.78109958723431    1         0.7868596586547462
-6837.851495696194   -6889.017707442516   1         0.578791314741026
-5005.041712686186   1807.6571389808407   1         14.37389782920174
-6820.338952376949   5659.8008884197      1         0.6200437879576856
7499.132696139064    7568.514052532466    1         0.7926434742591207
-2984.7722446197113  12238.136459883408   1         9.378739494378225
8975.41556061371     -5318.554091359219   1         0.32528886001043367
10101.757636587752   4160.589683219713    1         0.9968362094434603
-5945.3825960052445  4439.299724927594    1         0.2708186054763225
4908.728802136263    -9158.750810354595   1         1.2105020903569135
-542.0887011541199   -10219.89627680432   1         28.126962432322145
8718.122963043264    2451.4387151371598   1         0.2425058383203262
3841.2800498456063   2922.62259894367     1         0.6387786406865896
-1601.4116642390945  -2361.6971058204304  1         1.2096238305152363
10962.75923689147    544.3221258659432    1         1.00469152794378
-3084.4346447664843  -2582.0620387097833  1         0.7040220077320178
3843.7042164313775   -5440.243520739073   1         28.337960594061972
2083.4398359206184   7590.282491592574    1         1.2128799745649341
-5555.8833365257115  -3695.63436611626    1         0.43826593020884197
-3858.188009236307   2523.731141607994    1         0.8163717056582469
-2328.325329913221   -10118.09435970254   1         1.0050296791122764
-4647.627615989885   4753.25394720123     1         0.4014361349744835
2838.972206520516    4219.189062650228    1         1.1390325595173305
-3071.1799143930048  3860.3166008776498   1         0.10310739929206038
3048.7582661852653   -7260.994629517837   1         9.49527954784787
-4926.244612491923   -8559.020403196324   1         0.6751006210663761
6557.825181052131    4968.84152826815     1         40.40052392875442
7322.924199930401    -2047.475832330008   1         1.1816016832381329
-1244.938390419063   -10096.53826839204   1         0.6552551632559578
9528.30895839527     -2836.3992734664944  1         0.4486196726339511
10339.540911512218   1372.639683890991    1         41.90214228377638
2205.867723360272    -6201.740517638644   1         3.9434715013063073
-4213.844600329334   8386.723833318996    1         0.40810725969661255
4627.036660977585    -1818.3445711751992  1         15.605851156860394
354.39023482423596   -7536.5656307244735  1         0.4326767970148272
2798.567728956443    3529.770680331548    1         0.11171762997728601
5735.9151292784045   -3138.370076499386   1         0.7092623588459872
-10684.839913787599  5261.500044609187    1         0.9421585638044175
-48.13895849199068   8997.696425435717    1         1.2412704687605962
2995.954052333543    -5043.560672809725   1         0.845218587453035
1736.9567215674258   5238.184894377973    1         0.36795032933499505
-9451.907433563985   -7804.010805795988   1         1.058494079188056
-4170.762699529132   7222.615670461444    1         0.9444048846062656
5635.771954368136    5913.342422955007    1         0.7789966014895808
-5321.496577358473   -5889.928156654155   1         0.579762730280396
7346.453048492593    -1394.7671239163406  1         0.8698985288642719
6488.779773966909    -2912.650463990309   1         0.9361872076338755
349.88856796771876   7267.643701096149    1         37.49377994187514
3670.5432750427303   -3585.681723902684   1         11.54216776489863
-6510.896588314388   -5698.085957581714   1         0.9115842351561
-9969.989597716132   15045.841900795065   1         20.836941425130618
-9989.527455126059   4159.594848144171    1         0.7974963407163133
-5197.651080901416   11630.663354800112   1         0.7695985942156358
-7549.565716809961   -3027.953800509573   1         0.3674325042832782
-10393.304114261362  -1939.0522513001695  1         0.936395660940079
9306.034110820096    5030.793756278625    1         0.48070580391020434
6349.097104683939    3965.5026610582063   1         6.861369031252042
5892.44717355821     -1374.474600274811   1         1.1606632722987629
6382.120782659653    -2301.5527105874658  1         1.1781940956733181
-2217.7122699084684  2216.232860336546    1         1.2387227488934867
9131.13769025678     641.8873012870891    1         0.841663588549354
-8431.00789964033    3227.9052812551427   1         1.1945060870321322
16644.62635592431    11177.712027984726   1         0.662253251513597
-10462.176209238933  -2970.214423358915   1         0.6756386015370395
4922.528128049141    847.9319292543184    1         0.9119615401216116
-639.9123549573623   -5264.943665321595   1         7.5669716174223005
-291.73498200503053  -5365.208435894128   1         15.338586485655037
-6025.805970747061   1675.9930357650087   1         0.5536277875821962
