trucks_count 5
drones_count 4
customers 68
depot 0.0 0.0
Coordinate X         Coordinate Y         Dronable Demand
-7279.9968432598935  4608.278890976939    1         0.8559462273275691
6519.21992763899     6414.957462477986    1         1.0834433820223015
-6722.925002797952   -7011.833357258077   1         1.1034532345379198
-12898.260420620636  5436.228252264069    1         0.12415611513827714
-266.97761621207536  6044.08711962464     1         1.1422502602568523
-417.3681574467553   630.9376549654036    1         1.1048197468047987
-8788.367120610805   -3037.588148125098   1         0.813079765461127
-1618.3955801698019  5905.423072238214    1         0.9202867089136013
9438.698104857587    -589.8123988819292   1         0.749805216379285
1756.3408006474026   4894.8600022403325   1         1.0633393099855084
3811.2892680976584   5084.131480977131    1         17.89825034511597
10056.673117402077   637.3620871748444    1         0.5933104146089783
-1298.1199590285892  -4331.283893269192   1         0.5153652815232013
-4671.094089538341   5300.765902172965    1         0.5680248617369448
947.2294188403746    4105.460229525176    1         0.7196817859394985
-4062.4591771977825  1344.9968882032613   1         0.8081934503879302
-3969.3938587217795  -9605.243466056694   1         0.9835158794604929
-2909.165205233001   728.6794084429067    1         0.5562521766710388
7956.684118611445    -11746.828189824588  1         0.1114120570621174
-7488.533194132487   910.0819381778973    1         0.5540464310637325
1746.2481555672725   8200.086763169124    1         0.8005601136234162
5744.930658994269    -155.94376920274252  1         0.807520621142156
-5815.915555713351   -354.0629749251366   1         0.6891443959031311
-1506.325510726274   4555.775567779403    1         0.7399673485952593
-5933.273020416294   -6766.524891372617   1         0.2802087937466245
-3782.679499047048   6812.379474031133    1         20.745854085389304
-11634.04867219938   3232.3458284883145   1         21.29333578435663
1249.580590023759    -943.2191663459536   1         0.5460909040685284
-6782.22655253428    5612.748463356571    1         0.8965177006157699
-3930.507234241589   8082.352102365973    1         0.54922517540058
-154.2050231537551   -9272.648332527178   1         1.224821862947816
-8759.708297747598   1784.042214753781    1         0.6855352777301427
-481.955817091035    3187.7825424610696   1         42.80482083458753
4179.719205785298    1317.5565218521158   1         0.9809231657546192
-6613.83966768127    -4484.087653409097   1         44.7303931161408
702.7635042301621    -7947.155501531252   1         0.5744356476191991
973.6208919775655    3007.7438885573865   1         0.9169473612494392
-3885.4241903306133  -10123.125602238306  1         0.1874820581104682
-5558.817682800588   4763.298976732575    1         3.151378605055228
7706.566819284055    4331.170983890703    1         0.36431929941773267
-5974.75297812502    8485.302380048895    1         29.49718500410728
-1208.7876871334358  -5928.889992961675   1         0.6040046502003871
8613.386037078932    3709.4176944388646   1         0.6422672389958435
-9797.040770593503   1521.185314897815    1         0.2791524113761912
-977.0886691534203   -2744.4486539286204  1         3.732109654109738
-6167.792669446819   8623.359935057504    1         0.8941272541395269
4512.040994064545    5558.3637649110615   1         11.037945497420413
-420.3809815382063   -4881.930056568547   1         30.2375338837526
853.5588860984814    -7770.874812254711   1         0.7477570085076912
1720.5437094279728   -973.144700785798    1         0.6465717082041782
-8403.801083922526   5514.5560421188      1         4.554558418053479
2456.403070034727    1556.4392300100735   1         0.4141967025517681
6784.959545377368    1256.695270885424    1         32.840238036993824
-6835.646370377655   3419.204300803638    1         0.5700683921770938
-5767.034937215867   -700.3271813864977   1         1.154643707246825
13071.404385427513   -11291.808815597815  1         0.2770377893106909
-10660.84650070051   667.6345182042526    1         0.5185186169165392
-2023.8989819081316  6415.265676772648    1         1.1539133533282704
10697.462467338884   3310.934831279026    1         0.1883411833661096
-9038.493115425592   -3294.8391612041146  1         0.23549576024295282
6546.240393886228    -7465.264795184197   1         1.0910090194874258
6050.5336473146945   -5670.3797114581375  1         0.11049891121418046
510.2695524078905    9335.776874790168    1         0.39099782408192174
-6569.022822237966   -6633.95973536969    1         0.9878701851673959
5799.765439144924    5331.857928345473    1         0.7067530822006532
-9022.140683078378   6428.064613066495    1         47.1386038633544
-6049.535054966958   -4758.264913104672   1         0.4465892756008274
9183.93139597172     -8125.785200498794   1         15.381537214261662
