trucks_count 4
drones_count 5
customers 56
depot 0.0 0.0
Coordinate X         Coordinate Y         Dronable Demand
-2106.606987009559   4997.464827679812    1         0.4366288802350201
1440.3536418652575   -1371.0436990902574  1         1.105606695683368
3219.284746758315    -2713.32238538952    1         0.7895759460637732
-7656.302362262547   -1549.5652042532042  1         0.9778269205426313
-4452.656873299655   -2238.242350071553   1         0.9672521163581016
-3259.256611837441   -3466.281349527271   1         0.40848506991824995
-3944.6242232708037  -5998.254429144872   1         0.4021932718665382
5965.157777015996    -4109.020633895556   1         0.931085779020563
-727.5270054762326   7041.669574322541    1         0.5641239042780538
6365.8017374245      -2379.585578840248   1         2.7846641110985395
3138.4591418332866   2312.74357337521     1         0.7347094325818895
4186.736298963923    1546.571279031348    1         1.0579564522292266
-1217.4583530667255  -6807.381325578762   1         0.13426649327034945
3919.01734552747     5544.685727216583    1         1.1163173818139018
3672.096861145459    -4564.268984087512   1         0.36095263904940966
1590.5309196848686   -3055.2659087640163  1         0.1425617313100046
-6622.788296503122   -163.48730913376585  1         0.841152190387476
-4419.084724893992   -7314.984174049583   1         1.1668690158065174
-673.6375695202319   -1368.6293326632974  1         0.13074810269984216
-6843.000336751007   -722.9706754197563   1         0.916301038649492
-6361.521743673553   -2916.613976307044   1         0.8872538065311456
3952.0091100402506   -613.1152463937581   1         11.806570997099843
2113.669047075926    -3751.2694091911862  1         0.6342695806851786
-3674.1560734949076  -5889.606184779285   1         0.4908992307933717
-2593.030931888996   -2526.579861025657   1         0.8726266230165873
6773.221626364591    -7303.083013611941   1         1.1688570928249933
-4742.497580379043   4003.133973658905    1         0.6313320843545092
2554.474898682231    -1996.3360450169637  1         0.2555651582526448
5824.556945614439    286.7715260903079    1         0.7319657096438319
1546.5755035955733   -2169.1715145410594  1         0.5705620053859315
3785.2958006730883   -4389.15281901014    1         0.7019087735758796
7620.381723815603    -7350.560951860395   1         0.8717580850698131
-1358.288224368307   6338.935574731187    1         0.13121262067427975
4766.219553887664    3307.8264837304755   1         1.0611156907786605
3492.0221783645156   -3348.4768388363436  1         25.545927142629452
-4544.392254910611   3915.1337178487197   1         0.3719396919534338
-2225.790150209214   -2032.3615970643207  1         48.832981443112025
-2475.1927105183663  -1938.1530808146517  1         1.0897011885319723
6681.801124099317    1439.4776451442244   1         0.16729127002752692
-5477.494005568491   -539.4615178360364   1         26.723853516160858
605.6690834001934    5442.844698853941    1         0.5143192966896996
-2709.8009322880434  -1650.752384193379   1         0.8212077129684571
-3907.4195447699203  -1514.0917951067215  1         0.700098625439369
7534.772748196804    -265.6063705774823   1         0.5111925957337167
-6195.537088989897   6972.520698189643    1         41.14747751663979
-1056.0415156196627  4665.529267335127    1         0.9086168587311119
1572.5370806404364   2096.6626365760358   1         0.9927218832132674
-3033.1166109836067  -6022.649393860383   1         1.1988015840090893
-2393.5593752992286  5101.245603614342    1         0.43381911900127046
4765.386201094008    2584.261026909734    1         18.395330740557693
-956.7249874420881   3369.01493314059     1         0.15653442333236647
7124.382240346859    -7946.003591726554   1         0.4034462060014671
6609.316822277919    2182.711460516688    1         0.5494640015301513
2716.4838194703984   -1933.9823436721815  1         0.3752452119316
7496.505090344213    1273.9854690749603   1         34.74463353785197
-7524.531049665271   -3726.7234381985627  1         0.9813725711959409
