trucks_count 3
drones_count 5
customers 60
depot 0.0 0.0
Coordinate X         Coordinate Y         Dronable Demand
4658.129684062255    -619.9306179351207   1         0.6839449821470054
-986.6475797647523   1498.8598365776504   1         1.208381896000471
2147.032619997135    2687.0298473006405   1         1.0948642623205693
-3365.8564051575686  4042.875537328173    1         0.9855403675930435
-3035.4256514408034  4504.490761657863    1         0.19476197215796173
-294.7842189488288   -4947.959121119177   1         0.25322261017075964
5998.138544811263    -2380.525180034544   1         1.235645428858908
-4115.875184597718   4364.674342126545    1         0.6952701394106275
-1914.0866911893777  10573.76109542672    1         25.12933802617865
4589.251918866628    -6378.352738633931   1         0.6090277857272672
-2460.7527646274093  8326.456707017835    1         33.39927690007499
-5016.395971277155   6900.538101120388    1         0.43292144208497696
-4765.351577726366   2353.547577220076    1         0.41633462793551435
3025.6954683128665   -5435.4143324986135  1         15.590559664925438
9159.825509799435    4803.904988533875    1         0.405958548547802
-1265.921547229124   -7949.819102702411   1         0.6222034876887671
2779.721052376595    -2624.6546738249212  1         1.0547476042608999
8946.034339412901    4809.612134395297    1         1.0687338191477487
6218.039222368054    6573.487825577168    1         1.0651835216255223
3904.740177297881    -4471.499091172291   1         0.7419785731341778
-5010.176140406673   5061.86069402914     1         14.61301881545176
-4731.431025852737   -112.82103591486607  1         1.2188255370381629
-468.2070512434745   3939.248120882859    1         0.2622056669389393
3375.2631131376656   -7754.798945268685   1         26.11613912448253
-4315.313057745059   -9559.3824061912     1         0.9653185223298463
-4169.985533624911   -5819.817847483012   1         0.4046411793391579
14886.699898140894   -14268.762003312877  1         0.7965209092713511
3686.392857864831    7683.782472032377    1         1.004908458351689
1937.4212438569557   -9427.723588129778   1         44.547243871178715
-9153.387683520807   -5665.949205377553   1         22.022232311498573
3027.4163236742397   8157.610803247992    1         33.68164122547691
341.7640654126192    -7570.887581269526   1         21.005630461117402
8790.627732257142    4017.9689940174653   1         0.9171236659524921
1316.5622203130074   10679.5445817788     1         0.9917077619946153
-7777.932967524698   -1798.050309844503   1         0.8877231915418117
8552.493381705468    170.08281017804163   1         0.9742676431708069
-2051.4288028058704  8048.18057939444     1         0.5199086628895854
2549.8167890047653   3481.5079229431435   1         1.1229424992240205
-3869.0994353242995  328.02072383935604   1         0.4648579592031308
5539.87661920349     -5498.438737880997   1         0.5281609195069524
-4459.060288093828   -7665.704015969617   1         31.434315893365394
3947.284640187172    -4054.8742740642438  1         0.23641564259614825
-10503.35161410592   295.1238144753894    1         0.778790402392842
-2094.0209690303336  5922.379490830165    1         0.5318617292730803
-5606.205848399064   -754.7466508236539   1         1.1066053167722578
-5724.943980038573   -721.7706580387522   1         0.43993907404368926
-5736.539909335911   -4913.890722668409   1         1.1723414235963732
8829.626132806694    -1968.1149278806104  1         0.31133630124279765
14092.397601758308   -1433.5064153575258  1         0.6933213755260165
-2652.4810168219956  14249.779758796161   1         17.085206179220663
-2271.699986272432   3965.747742847079    1         1.0829254872846596
-9727.105219216277   -4375.24502052577    1         0.49821183380760503
-12929.44654658866   13280.825844782892   1         23.853729587855515
332.39079304107526   -2559.7648689652897  1         0.35693188132841125
1262.7221326790386   14929.45280673559    1         17.21431365734975
17936.192808901233   12001.918468193664   1         1.101270011887841
3558.8492623683787   -10339.029287426849  1         0.9522607095911326
-1978.52074395974    5559.76507092789     1         1.0209361653643212
-6107.0553460212695  -527.4284405634709   1         0.8718845366007388
-6501.331521463309   4525.311265381649    1         35.30458174492891
