trucks_count 4
drones_count 5
customers 74
depot 0.0 0.0
Coordinate X         Coordinate Y         Dronable Demand
4192.368857608681    124.74625019503904   1         6.283348706997372
-7473.642901533341   241.86512253732872   1         1.1342831932299975
-3651.5041651082474  -8264.676649582449   1         0.427290879599743
14385.849064784135   -5713.383829068951   1         1.0102574431717595
8570.684839977232    1969.7581644654676   1         0.42120388446708723
2934.385338028143    8625.734025681957    1         44.749713024726994
3345.9323127138377   -4683.565209083861   1         0.47938965944936063
-1503.3118877221352  -6207.274810090635   1         37.75179887184443
-313.2269493051288   -5970.61026971224    1         1.1112127695858318
-6476.600602517989   196.2655026159373    1         0.9811351276759765
5317.279325808479    -5861.712821385174   1         0.8427143792864847
-8463.074711755537   -2916.048270418063   1         45.33062240118247
2084.596330743174    -9730.231428169005   1         48.87625936782985
6876.333650650249    -12534.888198929573  1         0.6335248922871752
5131.569273158951    -7201.037907615048   1         0.16907441048500682
-3964.367370134723   3124.6949354362114   1         0.49390739379241255
5454.73688872945     6156.174905441091    1         0.979605596271055
-2781.2745939804336  -13597.9971402827    1         1.156019058285288
-2198.5817426708345  13668.446449509513   1         3.3464163949957997
-470.22980089088793  2926.1944355707096   1         0.8342417567252713
-3669.4225933054768  -4379.080759720822   1         9.060925929552225
4072.8862109327224   4237.2664810945935   1         1.0372960368128006
-4691.1077100009     -7076.486083202084   1         0.7383184621665064
7496.959682204466    4331.379893029359    1         0.7780446312750617
7712.874501644977    -568.5632041095444   1         0.7371194057108326
7094.037293924682    6432.94120646099     1         0.2718075934632379
5217.133420121492    -6127.198488668184   1         0.2485250981862497
-3319.178607052946   6829.789144222882    1         42.4641175995229
12831.471777323495   8102.5949684457555   1         0.6021259621035444
-807.0230086447132   4590.832205067154    1         1.1952453809709653
-5843.256517626928   3873.867518222092    1         0.36892872436699187
4266.391110687856    -727.5117451213881   1         0.5594024874409775
-8229.142457482345   3867.154722205555    1         8.163107340059401
9569.166186095867    -4184.720445157502   1         1.0669097693230152
-14826.128674304395  -12357.914582553627  1         29.420321294800033
-9720.33379774396    -2580.7674155624336  1         0.7733417062897838
6219.661143136954    -7225.051906864291   1         0.8020364727290532
-3827.415882191739   -1196.049423287082   1         0.158419048000292
-6333.411278067982   5163.74090914295     1         48.544677606250545
-5914.6657280935415  -8407.966389891037   1         1.9624254175127878
10055.591131007386   -2438.311282440971   1         47.74646738231402
4891.794783869223    6437.795778943806    1         0.19602276997316043
6764.204347290059    -315.8356428155312   1         0.24153305422735055
-12682.931485605197  -12175.713236632548  1         46.53409024556199
-2453.3435993303115  -6757.17653935604    1         21.98374242573806
-14235.005535691898  14501.178614113349   1         33.353507074165975
-1850.3156811037059  -9268.811368058052   1         0.14182200243213483
-9363.317802859074   -1520.4993767684502  1         0.5070128442014948
-5853.078439083653   -3871.4101107624106  1         0.4501040892615601
5517.678223577317    -2238.453833138457   1         0.8665005149355389
-6379.980803735049   8888.795043320051    1         1.245953310004457
-3648.9807255501146  -9686.56661869602    1         0.7004483791578804
-12809.301312499512  14923.579032106427   1         28.769686188510992
-5789.564556651781   1760.1804781820665   1         1.0638425512415968
2775.1151763495623   -7250.103121779502   1         0.3801960543500692
-6250.707570607124   2200.35893678221     1         1.0352413738530213
-5150.774802148155   3766.91986973022     1         25.96063489278952
6027.9870098327665   -7771.104054444455   1         0.5082797908266052
-1141.3919419643455  8425.62909797497     1         0.21879727320456369
-3427.3735058789407  -9089.160338004433   1         47.91264800134554
-8036.462040373021   3560.7578044056086   1         0.3550094133789232
-3688.3856941737213  -552.1239446871967   1         0.9132340338552044
631.9214353328877    8201.478434597986    1         0.5797668449730883
260.5604402596867    -3274.098208360597   1         0.9587817933209407
-9291.01371962485    1296.0996166341024   1         0.863983408019662
7988.93311942638     3841.028511522658    1         31.613794903432293
8803.866778594711    3684.346231980209    1         0.3567817874674136
-9120.994725444249   -1368.3575805380995  1         1.0301648758443185
4262.543843553832    7058.153445068726    1         48.80336599787145
-5391.829823222688   -8963.28131339065    1         0.19540720247706903
-503.02873074319945  -10778.333136141031  1         0.31521658604374975
-4220.831569310816   2740.0299745160537   1         1.162281386615363
8018.708059293264    -425.00677360003357  1         0.1340384517022341
1376.2359475982921   -8223.552611522711   1         0.16049818415654973
