trucks_count 5
drones_count 6
customers 100
depot 0.0 0.0
Coordinate X         Coordinate Y         Dronable Demand
-5930.180115415365   7849.593854448668    1         0.58553710875141
997.2011865606582    -563.1329195722792   1         1.071653483405801
3717.2225865861333   9729.454204105383    1         1.001347118941795
9270.135171060967    -504.275004511979    1         1.0164157389592678
4025.64139652935     -2652.9746778786052  1         0.4262462795067601
70.64652751901667    10853.29836983345    1         1.0140096617213117
-1026.52772530376    3613.291428859251    1         41.52622493666631
415.6362208186163    -5641.695627389057   1         0.7113355084118699
2442.7717968170587   7567.4006513831755   1         0.12388569637392287
8807.263047731258    1251.8072264333      1         0.703755461067841
-500.14121894327326  3019.670940446446    1         13.465975601296748
-3223.5871723672635  -5405.957618023357   1         6.170366006734135
830.9093287477738    7783.805793553043    1         0.96365710157403
4257.006953891629    -6922.994709946229   1         0.40950018109123454
1117.154242513987    7802.342754393691    1         0.38068500635396885
-8336.087670363218   -7558.206017099506   1         31.262885709130067
-788.8990867573026   2192.5024855577      1         0.7325439124565247
7435.6600691371705   -3269.0539604945875  1         0.7655680779448497
4816.387674366566    -5528.631690597236   1         1.095706747246007
1250.3568625810635   7523.1344486889175   1         0.4872970980028485
-3599.714540537802   -5926.478740167892   1         1.2262185055861545
7300.365279637723    5516.923925468298    1         0.5860814192507212
-2806.4580178609867  -8117.0208272526     1         0.9673891933347183
13352.126549055261   14057.163416744243   1         1.09344356997427
-8572.36452700388    2846.1974542020503   1         0.41996148609381057
-7507.633851634363   3579.5050224612146   1         0.44523790043419764
-679.7936021735622   12291.2822349626     1         0.2638051618299062
-6928.057411701539   2686.8374832232903   1         0.8198469075455432
1985.4293364928478   -1374.27171881291    1         1.0608777096789614
6747.33082867486     4117.863696523144    1         48.915978656313094
-7738.433919095612   824.324739370467     1         0.7130876775633093
-5935.772674582947   -2073.0373394953513  1         0.548521429678789
-4593.117649482914   5393.241749786463    1         1.241287911366776
4549.057124274936    10867.720326133127   1         38.6664217139861
-2736.5975582559463  -2063.578169267234   1         15.617231039754591
-6870.713711797887   2241.2327149923403   1         0.9578825170530784
-7901.224432064124   -4717.703201212162   1         0.6088308131954614
-4660.528365219008   3276.594274084686    1         0.844783861470288
2340.0104077940823   5845.063368164078    1         1.020312817115329
-677.4759481115339   -9166.228197240433   1         0.7771760369541848
-869.1017373412338   -143.99156812853712  1         29.15255071566781
-3115.58030378954    5328.470336906725    1         0.17436059061941858
7728.662470460426    3974.3075558233386   1         0.503949615825056
-1970.8177382053411  -506.21098973009214  1         0.49654875546288424
-4517.347532819447   -6279.825125135249   1         1.2325103031517397
-343.67138541770555  -1585.0535089036437  1         21.39871856162081
-6313.675167807748   -7609.369767260779   1         0.7624602885925741
-1256.3898999805629  -2120.1130595198174  1         1.1275703333428697
7435.483762399836    -1587.4083518770003  1         7.357558974601921
-7739.575459305986   15612.6703841352     1         0.24309316516737792
-1324.40832290898    -2537.9980531311776  1         0.8772931984405918
2033.9821441030817   -7033.013952199377   1         0.8337233660308089
-2298.0604296589295  -4002.2728381130987  1         17.182472378010253
-153.27985804497584  6026.790513371176    1         0.24410457082192027
-1067.1696723021603  959.952250560192     1         0.4721873868402877
4401.013746055301    -1020.4527964322056  1         1.2110172511434896
-7409.285861183689   -3414.890261923806   1         0.5220928483376845
-3398.6540279550427  9408.736110065094    1         0.5688015150160074
-4831.096088960652   -15530.526130387634  1         0.5603777438470902
-2823.2169327222696  -7821.088445872849   1         0.8542631014557185
-6385.05889297861    10647.47756262152    1         0.68009898044924
-7904.135529502615   -4181.743091857024   1         0.8877479214430714
13925.996781276983   -13430.173278347074  1         0.9229406636051692
-15268.908606831137  -811.3928168177008   1         0.23306101408101548
-6922.895986276741   -944.8677247890071   1         0.7361552980066471
1671.0911662723738   -8884.402530661311   1         0.8051128553587636
482.6226590588753    4679.771267367293    1         14.08904578212353
9527.56406981617     -1242.6612126660407  1         0.9786154564532681
-7810.89701161028    6694.036304585727    1         0.7955144696857758
108.87920277572132   4250.909844791745    1         0.48701674303053544
1812.9660144620627   2427.3986774223235   1         0.5025207048481871
-2884.403105292164   -224.33961172279538  1         0.4222561532253698
4067.260755264844    6684.428123854683    1         0.7173554305221268
5142.25369473491     3223.395778459711    1         48.26012745082849
-12449.606271419623  11549.624470178998   1         23.785724087343343
-4098.002645520952   -1091.291224084348   1         0.6925136999460053
2437.340122750733    3396.808268337726    1         0.11453748973452985
6234.945098517721    2723.503691201127    1         40.4668085683187
8572.576494978726    -5931.944652771311   1         1.2415380636943054
-5630.645173033633   -4094.865709047637   1         0.6871675651349326
-9553.328348163048   -4106.511299723166   1         0.9071589571428876
6153.959828114681    -6756.851159038024   1         1.1843617757983653
-4826.207859288399   3002.3062562536543   1         1.2350671632304482
-789.938072834022    5924.495482509685    1         4.397887058992576
15544.173212248767   3040.004401850496    1         0.40928471126760313
8729.065874083886    -2353.630986413805   1         1.1754258218666096
-5528.7135268991     6387.561497582556    1         1.1533404795380062
-6781.175329073501   -16390.51417179628   1         40.376530331624764
5549.6008484426475   1572.801530606213    1         0.11087369571186192
-9233.177206933327   -1282.6385386104716  1         0.2395508026255998
-2989.006951174391   8909.253807641862    1         0.10532800951480858
5481.929716383178    9180.65721064355     1         21.44085789493539
-5408.2213813605695  4356.375234908626    1         0.2467305022517611
-7971.505483929669   -7200.510295362842   1         0.5214194537348992
-10377.680752353946  -3839.680930655124   1         24.113413171866917
-9116.196122755204   3801.278250065315    1         36.84533587296167
-8790.285266968518   5263.994865006106    1         0.5410857413924968
3348.949301593755    13438.224796751067   1         48.81048607370896
4235.514036809331    -3506.5095752931006  1         0.5200368230037289
-8302.323364883876   -7474.872845741638   1         8.501611862794096
