trucks_count 3
drones_count 2
customers 28
depot 0.0 0.0
Coordinate X         Coordinate Y         Dronable Demand
957.6248082503123    9762.046376326853    1         22.08525972762248
1380.9334379375384   -4362.35689457904    1         0.7167116097477688
-6335.12215510012    1954.2335699274831   1         0.15234226662312278
-835.5457147870932   -10025.050375190307  1         0.595575010605547
-2927.5319349794017  -7026.312608895165   1         0.3882125398699078
14520.405037391203   -14864.247556396207  1         0.5488113611394033
-4624.1270231300805  2920.5415401357886   1         0.5727230747429979
-3773.361001974983   9.735660142562516    1         1.063750975531083
10176.453413607453   -3449.240460378867   1         1.2422686241399408
98.31756198287448    -4646.2885184308625  1         0.21704127491617636
8050.773531361094    -1761.5217578998959  1         0.24853492864506746
5019.015467941946    1536.947118301761    1         0.5090829495742889
-1608.908793274201   -4897.028178912768   1         0.5012120776068435
3102.294209984852    -4785.164593879497   1         0.6727981936466686
-6229.144993920892   4973.656103281735    1         43.411471405956355
-50.392245275889096  4071.4951861777463   1         0.35327106983209744
-2230.220221188183   -3008.3340874779155  1         0.9805768002236367
-9021.297662239667   499.12062321125325   1         0.599135335355826
5538.075744179748    3797.646899779954    1         0.5957075392106295
-1587.5944447566865  -2982.2584089245975  1         0.34954447552327855
5024.565679923064    -3484.3245122396056  1         1.0632014903623825
-2105.7385647262913  -531.5369349525669   1         0.6368386891304063
14758.871762685823   -3100.7808940864743  1         4.737105195193523
8298.23546052683     2270.1934353752254   1         0.41319333746922193
6067.530748020421    -2057.217039602955   1         1.2177492915137746
-3464.5305907474926  -1641.7322685923461  1         0.5204019636561769
6691.593257788745    -4246.886962018218   1         0.39501781144878034
7641.285094861973    -1219.5677331172415  1         0.9049721739073557
