trucks_count 3
drones_count 4
customers 71
depot 0.0 0.0
Coordinate X         Coordinate Y         Dronable Demand
-4752.055292691892   -3332.574830320503   1         0.7404450201037281
9362.650644334564    3937.9489545016095   1         0.24797264667256702
7343.092944880313    4792.37303053875     1         0.486471209507363
-9096.520854651617   3809.0915824214712   1         0.8355482685079367
5918.032123072393    -16846.71997301126   1         26.318327853607183
-7276.934623692737   4245.099254618383    1         7.689700936176715
-6782.408923667929   2697.25906876864     1         33.222445018080506
-6458.822164651708   5116.898964684591    1         21.098374101578703
5729.483033597984    -8546.133618720836   1         1.0950761676912613
2215.525135705091    13842.006739483077   1         0.32531755538264817
-4588.703714270699   -3647.805082510493   1         0.2530704013536302
-5518.237072581119   5028.988526662044    1         0.16160068816619372
-10197.776816694024  -1282.9210823558349  1         0.1530276944081681
-2652.524131999819   -6100.8242826159185  1         1.2144928458390445
1230.3484354997854   -2456.58671466301    1         0.8719981538821381
9281.06972324928     -2344.4703685672916  1         5.03582084837839
3551.5592080865567   9691.586599206872    1         1.0083844510477253
2673.122430183717    -7129.871057292972   1         0.449255190899402
2040.1367949273479   -1404.3281173798555  1         1.1068050263908131
-18504.76409266471   -8082.875793789663   1         27.61865788616982
-5394.941279153532   -1523.9765652301414  1         0.3504412026449548
4429.326511430835    3816.973083538734    1         0.5460846105964939
-5768.31240285431    8913.1845091516      1         12.109706083751204
7373.575844430479    6659.2577145054665   1         0.13890055365567944
-7930.225782434256   -7413.953136303613   1         0.9090367820148902
-2708.6038614887057  -398.2282039420888   1         0.9207407553342255
-340.23913987641805  -5930.894515854319   1         0.34622152538026685
-5217.310270698525   12281.276028805696   1         0.7781037792020077
-4059.337584103116   9558.678757085456    1         0.11831413739568367
438.58340446725583   2208.728418949158    1         0.10501043090228163
-2250.2647888713072  16439.592660911396   1         0.5869849220235348
285.384387105972     -5216.37857822876    1         0.18203862431079593
405.14816449528115   -5841.82893066634    1         0.9536204443861411
-597.5724353431617   1056.9939449304093   1         0.7294985825160784
977.3111750725608    -7101.856030132875   1         0.4881679996434094
-16268.445047576688  -7958.428511848362   1         46.45553756218134
6267.9080657121995   15545.216177286755   1         0.5823205194094262
2019.9447884614322   -5582.564690443084   1         0.6505944342710693
1928.45967153187     -9584.277361873013   1         0.22447977979306816
9511.54510455805     -1398.0342895442584  1         0.15582473748493597
3162.581570217841    9837.447874216781    1         0.5514439983381714
-4608.029487293789   2566.859352501916    1         0.13152915790315292
-7829.7943694111045  -1912.3388898073554  1         1.0227154817246957
-10302.981463218797  -2999.3387659915657  1         46.57071339191843
-5776.7435212910095  -5050.051760901787   1         46.21129562749122
11541.697529935976   7906.485307982228    1         29.406418663145413
-3415.0167876226737  7762.784298139414    1         0.9522346559565991
8675.979282249853    -19064.336762222334  1         1.0106144844364242
-7150.340713278314   -3349.5465953607613  1         0.11211522455450329
-6923.173745517458   -7543.749854050594   1         0.702373349525551
8051.308184544105    15279.646632209326   1         41.53158595557208
1685.484571761143    4422.4382028470945   1         1.1329985995206624
-8826.318207810662   3186.4341525638547   1         32.29106149074549
-8959.72399890523    -154.3206983250353   1         0.21326267087353717
-1084.4887198585466  -9596.159994422533   1         44.5461007298665
5624.516413684243    7637.166831277424    1         1.2159049344115103
-11582.02645801509   -13551.889485569944  1         1.0679965784810062
1012.2986641704989   9226.963314032153    1         0.14428805853099103
5128.351335182374    -5436.512239473651   1         1.028188052523427
-49.716961654976146  -811.6506964601263   1         0.6184284704840887
-909.1668714372023   -5577.636553633877   1         0.4474592265016558
-2193.1853367545473  8252.06695707287     1         0.32213477829508796
-1418.933143184643   3992.5760439677483   1         0.44121958590074506
3085.7373081821383   4235.093726731299    1         0.4776574631231977
-18413.56694173634   -15059.876924173725  1         27.719926551381594
8755.964024546973    4653.472274898647    1         0.4816973859424689
-2737.201745270075   4632.219062972469    1         0.9919378984054168
7183.336988481391    18922.620263248464   1         6.488228583919195
-5103.713576520025   -8750.162306065518   1         1.2460498206492303
-9719.079962494363   3064.829949054916    1         0.6793703687251723
-6894.656832307577   5453.525795495001    1         42.03678585983072
