trucks_count 3
drones_count 3
customers 36
depot 0.0 0.0
Coordinate X         Coordinate Y         Dronable Demand
-1919.69887855039    9189.010219357478    1         0.6408795779095253
-626.136911165921    -4442.227502404072   1         0.41225373679341626
15671.256092424548   -1055.5313102797045  1         45.55036330761914
4216.468880962971    -2630.9506026981057  1         1.703235385765797
-13055.762928009255  -14720.360020196329  1         9.461014698255104
-14731.699592749559  15004.098027444175   1         0.4121255131580025
3754.316319628896    5669.105423881063    1         43.65742816143871
-1678.5748544217647  9682.057531301556    1         1.1778031672964233
2061.557940311442    2742.8950437095696   1         0.9487359228258883
-6866.36588070424    6773.862374402069    1         5.264399324019366
-9111.424659000633   4158.410875955556    1         0.38261483181348455
2833.649131895058    5443.279080464793    1         0.3732135253221637
-9544.330032245269   2395.306851908145    1         0.5352723614191628
-3436.8788410503203  -5497.1303782477025  1         0.8032298285297276
-1186.9229145399165  -9538.657157734198   1         0.6750650983996639
-16711.207298809775  6138.764623306572    1         29.946263998604657
2709.321702366626    7709.915755662848    1         1.170404624785983
-2440.647354965228   7576.634432846855    1         0.433052125991908
1425.1089144084945   -978.4581805792446   1         0.9583180724259528
1460.6011566749062   -7745.069273682791   1         0.5657665910451294
3105.582667514105    4768.188082777265    1         0.136267858085203
10321.483945561013   1870.6185475610328   1         0.19924326889039576
8792.73786260189     4680.936903483334    1         0.4698420579192081
-3750.7557099250007  -543.6273397218098   1         1.2094725587934447
-1936.9273681809889  -6229.752172856553   1         38.76980971164986
5845.802895322879    -8546.899324984655   1         0.3147810810678528
-7093.279763022288   1682.8411820214865   1         1.0697330876662794
-402.01891320788815  -225.8098944384791   1         1.1073002397052532
-9219.532877324773   388.58071162628937   1         1.0225333070541636
-10867.539522947549  -462.91068256029337  1         0.9981988498225917
6284.636872852423    7712.802498840527    1         1.1003400021584824
-168.86786411024008  -9588.009690283518   1         0.5140987362468105
-13877.568996829692  -11609.432192350527  1         0.8753413683232518
-6888.348881758151   3403.731526301707    1         0.7813405346563654
4019.6736290260783   4085.947637653021    1         0.7582933227144641
7025.4618170651      -1471.4880461703278  1         0.3281994985207587
