trucks_count 3
drones_count 3
customers 20
depot 0.0 0.0
Coordinate X         Coordinate Y         Dronable Demand
-4506.173880313997   -1661.319911732232   1         0.9149516938454921
8128.6890478511905   4572.789368045233    1         0.4503141139358281
-1309.8951382418986  696.5497723966896    1         39.28254451590688
111.84959597346396   -3021.3528977425453  1         1.0915827928373825
4658.976158829789    -4165.887033561468   1         0.7308287219935622
5027.295239652183    -8638.905536811639   1         0.7110117273067321
2278.7648477519047   5653.893972664797    1         31.36848865000494
-2666.912252844339   5222.290780593463    1         10.618551367186722
3219.6028949531938   -3388.4018491130455  1         34.04502829388145
3894.970465696078    4128.129312817403    1         1.0414834820409375
8653.923023823038    5860.874286659102    1         0.5505996685341191
4617.085264681593    -1870.3602064488919  1         0.5226248834796576
1296.8164027943337   343.9457428041446    1         0.5749076998436297
3856.8413122827874   9180.224911187188    1         0.4867195549058052
5905.925289470493    -14493.495592021953  1         16.04743660515498
848.8887905881759    10199.829187034275   1         0.9092502431938508
2923.9216356165994   1319.3825651229586   1         1.1622564346916147
-7455.253163678731   -5253.108880191048   1         1.0313183634600336
5578.637406199264    -6565.536849982594   1         42.68348092272055
-6598.242420763589   -1477.8459130422912  1         0.5277728738277142
