trucks_count 5
drones_count 6
customers 96
depot 0.0 0.0
Coordinate X         Coordinate Y         Dronable Demand
1629.667319443629    692.2893182854368    1         0.5465190066709933
-3757.2765845800404  4531.437941260174    1         1.130394692890695
5707.585605829394    2949.668245523452    1         0.9846314372659574
-5719.455108802781   -4053.1662662419544  1         0.5335700414353505
3432.7864285134883   5820.396913173863    1         0.29932775943466683
-2418.250773004657   1302.443090290109    1         0.533877029439446
2019.7211082191182   5345.96985343448     1         0.25847112632191166
4607.7935673888705   4351.817604460416    1         0.39918232673308396
6236.077263801692    -132.9771745383153   1         0.8880266210422482
5025.2939208795715   3831.6781620808383   1         1.142814969076253
6428.678258841744    -5594.15304571034    1         0.2543563528279983
968.6096848654295    -553.681527051751    1         0.10760329784131781
-3385.176926264873   3662.2954429886495   1         0.4006328204695473
4524.069696447692    -3214.5601898805494  1         0.3131290208629397
-1267.2279142432517  5726.871635165523    1         3.762857735953586
-4571.965800413752   -2744.0247069023867  1         0.2541494909431488
1378.1886645339941   170.3153615921234    1         0.45927206753632055
249.78924318932877   5324.4564144416745   1         0.7440435277578559
-5212.59050494555    634.2014031440309    1         0.5493237405731295
416.35794446691534   878.8586478449657    1         0.8704077741225166
6130.718604781411    -5806.6621906989985  1         0.8464255846963035
-2895.920675179533   5959.604206262727    1         0.7856894824736189
-5338.190133461323   4370.517742364863    1         37.95582966780649
2475.232109061079    1783.949758632918    1         0.21337713408711523
2232.6442232521176   1773.9289311086027   1         0.9524186351644525
-2579.6076779710434  1026.3966262047577   1         0.7490682464037067
3277.8481386693556   4425.840423620251    1         31.493503319634687
-6219.917773997768   -5368.164376649751   1         0.8742849371692627
-3608.7406398620515  135.86091308982486   1         0.197107669126371
4403.493331315453    -4730.529517015944   1         0.5588485641693481
1174.5745532809788   5513.647887337955    1         24.978593512623632
-4754.48577546736    -528.5349208333863   1         1.1164688855872869
-2304.4564887656725  5659.369996390475    1         0.9445277485339442
-1066.79165368424    1366.4588625151512   1         0.43710932399034785
-1892.6833861886353  -3425.8954664307407  1         0.3507941559490446
3934.9268392683      -3878.085094985657   1         0.7522692217863429
-2913.8678732130597  492.04506029951335   1         0.9432238817743853
-1038.331782584738   -639.3933688523349   1         0.5836732947447061
-5538.4541808816875  -3844.483980442818   1         0.21307835960780214
2048.2504432527103   4138.487012355547    1         0.6031264672928974
-908.9677087028008   -969.9338179842841   1         0.2825267033719022
1832.8306524127852   4930.0539932133015   1         0.16681462968004573
-2949.533148746877   -3292.512483985211   1         0.6781768933878893
4283.390724744972    3712.4641141118855   1         0.6833192552693657
-5312.2742221921     -94.46814841158898   1         27.384882876324156
5054.944490570361    983.2659100948404    1         0.6391364424249479
1751.8530144824833   5484.338193442311    1         0.6982100291553434
1338.233301890993    383.05112282615573   1         0.4840457611701965
4158.0423098415295   -1346.662241672885   1         1.12400163725079
719.3407312155691    2383.6944162903637   1         0.18074809904633582
1665.196627403994    -4012.293878474761   1         0.34442891469909215
-2605.6095301081123  -4482.83309132461    1         1.1192016344412101
3463.065270120867    -2828.6124737049313  1         1.0911159362273808
-4169.175972768721   4408.661360019901    1         2.1296237275658614
-5172.668939690346   362.01138921728943   1         0.6067572467159568
3222.9702223477407   -2377.6602493552036  1         0.8252294984414535
4262.774967731973    -3376.41979254526    1         0.4562889841718546
6.870678807536061    2169.5744360685508   1         0.771297610183697
5953.1120835990505   -3969.7434907798547  1         0.9896895379977391
1700.8714523612944   -723.4415569209114   1         10.139648529439107
-4171.757362627952   -1580.9036882944017  1         1.1094868726376605
-1644.857115896598   1422.634942998273    1         0.5073359197850708
5725.821497312804    -5877.408417927303   1         26.188434979077414
-1081.4378799660192  4586.69179276144     1         0.2623763447668324
2549.850272373221    847.5634221202399    1         0.5912600924956484
-2317.823558889972   -3826.224866788709   1         0.18756863453232264
-325.81697388084507  -1750.1452176278776  1         30.76502473441494
-4531.809040556466   1058.8857577836434   1         1.1251026169330876
-2491.0505238261107  -5703.749900845678   1         0.7928784737630369
1601.0751696960601   -4186.4808077206935  1         0.2889383445286371
-3451.423897817696   353.8874393599417    1         29.782183672396553
-1442.624828435243   2732.402583717191    1         0.4688809722737911
-2827.737915775165   5158.29780885492     1         26.957586483969827
1517.8242789289466   5251.299759026232    1         5.679416326734586
935.9214196326351    -2138.7687924267234  1         0.9345308951050983
-5527.281760729662   -3649.048150554142   1         1.1357523776529994
-617.1824756140795   -3697.3534001349044  1         1.146163151019552
-4188.319451643109   1147.3515017424716   1         1.1640539411994841
-4798.2209482412645  -2555.7386978534646  1         1.1583805503287983
-457.75315118048894  -4353.431609562086   1         0.7428144370230915
-3744.6812866203272  -2556.860664519299   1         1.0230332443034242
-5861.615683890886   -33.83285869381325   1         0.1502490196900821
180.33304977699026   151.82705558808084   1         1.1234509660688239
591.5726339118496    2076.5347538919514   1         0.7808351049501433
2426.66222493614     2854.762266185714    1         19.553514993234796
5601.800882207849    -193.26467776705067  1         0.7475132904736425
2823.5340744159857   -6175.00880690302    1         0.5975282582182784
1953.158785250639    -1775.9601044721849  1         0.4547093371500043
-306.4215879770685   -484.2082078078461   1         0.6864609348580845
2414.607317881693    1050.968751930941    1         1.2444812509061984
5240.972152319919    891.3813790743718    1         0.26796897508160367
3332.004099100878    3528.922124786654    1         0.760392908781733
213.8305756746212    4350.512763267256    1         0.8021214355847244
-5853.826264825051   -1960.6623799862778  1         0.7093018799913201
-4086.6361983183706  3826.8199925578538   1         0.7901400111716663
-3972.6757358495693  5583.288784634161    1         0.11669367351747811
