trucks_count 4
drones_count 6
customers 94
depot 0.0 0.0
Coordinate X         Coordinate Y         Dronable Demand
-9144.652684900262   3012.692820391044    1         20.564618727635725
438.0722564584602    1244.7593627227288   1         0.192702851594014
412.742017428424     5530.016394475154    1         1.2317865956705736
-1038.7174855886196  4609.240789441554    1         0.41484004210387204
3483.4800413178255   -8742.719613683861   1         0.5762311584149576
-1032.072299220341   -542.4898541815261   1         0.8320709698052743
-2865.8173620000694  -8177.323320960009   1         0.9194559471558357
-3082.728355732005   -2650.816172411368   1         1.0522454183494243
-3154.649181577029   -8199.691347927313   1         0.8382297825509559
-3606.638731821129   3175.4203251051913   1         1.177598378332715
441.26984271705373   -3702.635863877865   1         0.4009096240823147
-3199.974591552815   -5404.28031736975    1         0.8918171084306025
8441.85474539795     625.7100493129103    1         21.06821470639806
755.1636685888293    -9219.357981207204   1         0.4024253477681605
-1055.023496056081   -8698.931324825706   1         21.41796456496325
-6977.395286494971   3605.2582117063503   1         0.2553606804396225
928.7678646723651    -750.6038023783299   1         0.928879284901215
-8486.003165093396   1360.2991485300845   1         0.49241406333455706
-5086.1858909334605  2649.5077743960373   1         1.0392860542300488
-3365.3782418233654  -1791.0331600087982  1         0.375767507385085
-1492.4403391722647  7359.709704677688    1         0.7489575107730444
-2778.3847351878276  9980.535678457478    1         19.692809632247247
2153.2667080391902   -3109.0720671564845  1         1.1230727192191094
2187.960300358752    -8601.534718804978   1         0.4433535694820744
-5724.121478955879   -1176.0957900091703  1         1.0288175671882436
-3585.3626844573246  -2883.9842324482233  1         31.90224038164684
5138.024238575443    -1275.199919710275   1         2.629761263195656
-7914.792287628887   -2966.6581514572827  1         0.32141979021645667
1469.7512652412797   -9703.264754164646   1         0.7263305413766721
-2401.87039807954    659.6979548991409    1         0.9967511890016452
8871.7846244317      -4521.637503181212   1         0.10856629010976455
-9268.804292541417   4401.111406559846    1         0.8775965068250519
-4315.0062222510705  -5597.401056530745   1         0.9202122445379798
-3545.4904553459182  9524.415904410773    1         17.275028339034776
3269.760430973797    -7608.423817474493   1         1.1483399594260963
8314.730176505704    4212.2448060987845   1         0.7854965989535786
-5779.816709715445   5497.574112481009    1         0.14301367136202997
-6877.396584343279   -7280.814091444118   1         0.47448722953501077
-8665.524343611944   -1551.1633235939041  1         0.734862351925756
2632.3016578495344   3442.8414508862343   1         0.8957334718406845
6967.721931607008    -5333.372914801248   1         0.22174732929035407
9640.015164208253    -3679.319911389561   1         0.39005545173808387
1377.4016341220722   -5160.624155895522   1         26.7565093581655
-6464.378018647191   -6614.861793251506   1         1.1246595724244728
-318.41833731654185  6521.174135369125    1         0.11993588215565237
-1934.2216009002707  -7597.762841709313   1         48.94907530941489
4095.216921393423    -3057.258849752173   1         0.9645179088400258
-1212.5903158925564  -7638.290202222636   1         0.7498419487545193
1679.2631624850771   -3728.4130613144202  1         46.631486805120474
-3017.8038848101596  -10186.19445624911   1         6.246114586615772
960.1913121824543    198.19334725157938   1         26.10821002091472
2499.755702959015    1625.3856885353093   1         1.087830031461185
-600.0644589838646   3247.800056225995    1         1.16670669117705
-8765.805622508335   3309.6248404454636   1         0.42245985352135074
8554.10029327442     3481.826007685314    1         0.8803011280580189
-1911.555086716131   -4509.818265430381   1         0.970214011715674
1656.2169935875163   524.7472354010821    1         1.198110489596983
-7432.19781449425    -5291.4120946213725  1         0.3760241010785108
5557.0811385389525   -1251.3271108058107  1         1.1540279216961642
-5282.352368373299   9584.66643233159     1         0.1389070817154662
2560.838268893629    -1570.096290708394   1         0.26841928223979306
-2357.071242959218   9407.980586701096    1         0.4020537061770991
-6121.813361618427   8036.134909743455    1         0.4653687220460384
-6047.4070236765165  8525.071286937624    1         0.41926113994495195
1846.0737353692896   1913.886168833455    1         0.8459508642762259
3056.688764665562    -3169.2811970206117  1         0.18727570761768256
-2160.1354039199077  6702.308012839721    1         1.021689846577083
2557.957594935049    9183.838765485096    1         0.8854089751006663
1796.6909575514455   -2351.813075050337   1         0.893950080678825
-6695.669652111102   -2638.681702156428   1         0.1955988863747442
8526.97905187779     2207.812266967482    1         1.2164046207377865
-2470.6958826188957  -6311.259111593236   1         0.5996634988261426
-8813.749225880045   -6382.281960681716   1         0.537961449696212
-2580.6326668189067  7536.68714763233     1         1.237826763602414
750.0967565274452    -3859.804299582501   1         1.0043453019313902
5262.363796024934    3254.4676464698036   1         3.3640889159338423
-5584.375172103121   -6967.258718212864   1         17.6688615982791
4500.284471017853    -2755.822536600266   1         0.7665769518382335
8441.03323018394     6642.938697300793    1         0.6263540066380924
8374.228549437705    3796.7725828039556   1         0.6568828272294581
10301.895108102242   11074.64174078335    1         43.041260962843324
-5703.072000481084   -9242.25174335054    1         0.49533748616287043
-11822.058593103306  -6263.815768667877   1         46.56092668303215
5966.743072737963    6783.411634788736    1         0.17789861951232153
833.5489263162162    -247.80131020820045  1         0.10700964455619644
683.4353686129305    5375.598424417357    1         0.7695985176762807
3545.8223463540994   -1525.9304860964103  1         1.0557498659629312
2934.911295213177    -10002.369933051079  1         0.49044205595384727
-7794.930320573733   -1376.6992611456162  1         0.2712472919681402
3754.244445854025    -4918.479697758341   1         1.2401534039176645
8589.43414904745     1089.6420030310728   1         0.650769455871768
2012.1726726804366   547.0556438480552    1         47.31929370486804
1851.4678971800502   7116.805750300863    1         1.1300351344507316
11910.87994858768    5376.944947064203    1         1.0802615147515808
