trucks_count 6
drones_count 5
customers 95
depot 0.0 0.0
Coordinate X         Coordinate Y         Dronable Demand
3054.4965886720847   -5360.667914305263   1         36.280945362608
-427.4723003273445   6182.765343823503    1         1.151264165093068
6560.559866368121    3038.0391561457823   1         0.2208717328172895
7511.797716849119    -4160.171888038639   1         26.884931615160774
-1812.5235379247135  -7892.8097014009645  1         23.63289504435058
-1680.0817268536125  232.73832330171643   1         0.35703078149035095
-6899.618551866433   5326.40473524161     1         1.176459371477113
4850.384102961904    1147.1975015536054   1         0.11541215769350294
3102.3442046413784   -1546.9004485084595  1         0.5394463451946163
4199.438677973566    2385.0264862137346   1         0.9402002688032521
2115.7555409540273   7573.102293371223    1         1.0881885170469905
6658.888272324004    2785.949057032716    1         0.16952975237271034
296.98515185803524   3135.552987079123    1         1.0583485130924157
502.23295770235524   -7356.71482977727    1         0.9264695409702512
2979.4746187674964   -1708.2476292261917  1         0.21493594517103404
-5865.679440157856   -1788.6761339187042  1         1.015494860041103
902.1989859632472    7522.818030138784    1         28.994621156553837
-377.5524100975008   -2734.738832660202   1         0.781423311794947
6086.774319278603    8068.409484804847    1         36.2469810553205
310.91650095656473   -2043.2474336008856  1         20.02225627674785
-3326.4109680226015  -5165.896381269203   1         1.1702283293326863
3822.6787419321768   3042.31508156469     1         0.6066605733943422
-2580.5744903165755  -4685.641414250294   1         0.26601615112912774
-361.85022915877016  1232.9825902239527   1         32.3075129286153
-6276.215676442895   -195.0434714741432   1         0.6527899613776735
-293.6766089016111   -1615.1534984772866  1         0.6821716677632579
-2365.1524485523537  3410.6767742668876   1         0.6966825845485556
4320.501776982113    994.9121394756567    1         0.13428328595569733
1301.2306034740197   3989.523011280086    1         0.4628746283413313
-1720.528659424946   6689.096022675632    1         1.068803605300828
-1622.9397031994313  -7359.274865256463   1         0.44414287730198054
1989.523473063531    -6437.357059530038   1         0.7445115843852483
-1025.2298219026604  -2113.182234370202   1         0.41508266072728484
-3999.3264085284004  -6831.959379788205   1         0.16750990850905112
-6141.518942667597   -5223.08826273751    1         1.0600485535236885
5650.302686194295    -6972.640671399115   1         3.2448956667698434
-1714.4470480613045  7776.689900008864    1         46.37411855171219
3194.7817817952064   -2394.372615506577   1         0.19581515034688604
-7348.968081633187   -6667.808204626204   1         1.1819081755758456
2770.888585478361    6882.197807187123    1         1.2231326653520238
4058.655320562132    -4879.995137307116   1         0.23378662303815448
1199.6186655913702   -3313.997304075194   1         0.2883395214757335
7435.833493149892    -1290.9787656440667  1         0.5167270472780487
537.7403609959238    2580.4648098042744   1         0.8226056502669571
-967.7666167485546   -5055.423017245179   1         0.7979141632983852
5448.968910022383    -6851.302021226752   1         0.9687779512107126
6052.232926523293    -7450.766181884082   1         0.9973335174693636
7849.214099209749    1378.7140807805033   1         1.196010583815051
-6521.436756159565   -2865.8143417336682  1         0.47742273704910276
3929.2471955486353   6232.771996984655    1         1.1653203339326939
1182.3482089996355   6819.538928395661    1         1.2483979407879653
1049.536256332372    8041.235582165248    1         1.1258840154861158
7959.262700910324    -766.1557768892606   1         25.06809833792989
-15.565366892461205  -3935.126877733655   1         10.474009208707088
1655.419389348378    -4994.780401280073   1         0.7491137066490294
-2333.008634008341   1275.149469733734    1         0.10767602323260464
7574.13296967433     5029.121707119836    1         0.330463173697625
-4098.777341502887   7172.622722718603    1         0.8638216916511114
-7801.467683150413   -2667.625573608089   1         0.20373228337025762
252.57042711805667   3313.7394537113255   1         0.18787036282491038
6141.5973883790075   5188.653222981557    1         45.56578566844866
4278.998633279177    -5837.008449171606   1         0.21170445502044932
955.2134341271354    1545.6419716855314   1         6.54295330970167
-1100.1473036317373  4184.805214272583    1         0.5271608191874154
6692.193782578216    7398.75167235459     1         1.2225416710765626
-1602.3010495071849  5605.787080257133    1         0.8434829947385447
2420.97106868788     2358.254564792114    1         0.7697617556941304
521.9886172407047    -7374.7977040292035  1         0.14971736435970354
2570.362315452731    -4661.223101192373   1         1.0623659151694291
4738.277948990018    2576.709156591772    1         0.8162951189175771
2159.9829192763536   -648.2927330541534   1         0.4151934317196351
5298.915395628166    -2982.8337462597165  1         0.4664946847379887
3855.9680614153285   1167.3241627619861   1         0.22277315379999768
5039.39295014011     1245.1929534626372   1         0.5956203030409741
-1535.4323326827625  -5561.234712682668   1         0.5064890057284083
-3089.023321431696   -4321.721670158157   1         0.10574701090923821
-2353.341747433904   6955.1035845932365   1         0.41597645253514115
-2887.04141970659    -2379.7011977467637  1         0.40243321181336367
3987.617839355521    -4262.356816621645   1         0.9838349932864149
6160.39465158953     -3136.0018582458533  1         0.12107539014912137
7872.995079012284    -1631.8606556554419  1         0.23121886814245246
-1548.0489802636378  1653.4179687598476   1         0.4580088661091912
-6243.007676571704   -1158.7981318983386  1         0.28349980112619927
6778.255448618835    5845.134320220845    1         0.519614818944318
2458.8223688209905   1124.2254830730546   1         1.1687738357135982
836.6033438040994    -1348.2574285994997  1         0.9061488206366969
-7399.915555313      -7056.606166562185   1         0.3641837734572766
-3390.5176925320247  -4109.878961810553   1         1.1270482034348157
-1964.9862006622725  -4223.108882254579   1         0.365315780346127
-4598.150144889843   7743.135705744352    1         1.179446369331381
2414.590245384271    -3065.3692166191368  1         21.869947185607305
1722.4858255971872   -6503.308837939555   1         1.0761396195632495
7149.943143044586    -43.555379246940845  1         48.223721004758794
2970.7137105520515   -7846.536301851371   1         0.7849214842196034
-4998.667831385705   3987.247474901736    1         35.32772062004406
