trucks_count 5
drones_count 3
customers 47
depot 0.0 0.0
Coordinate X         Coordinate Y         Dronable Demand
-7467.606737068078   10088.622606537654   1         28.323727216344167
-6343.705687116451   -4183.711567111051   1         26.051795035229375
-1713.4308959235805  -10460.979829939748  1         0.8949734571004107
-4976.723534277127   -11682.575373241165  1         0.3935117904589137
15334.478855733105   -956.8363804159253   1         0.18715569652770137
7855.543298577957    -3782.49734202185    1         0.35299856848598965
8794.875282871655    4786.5066891018305   1         0.1920686588256101
3053.5315433134165   4781.2032679925105   1         1.0582828869526548
-7619.794938951082   -357.79722542124324  1         0.49485467562756547
-3536.130498116381   -2770.377088125514   1         0.6093711270054217
-10012.389063558927  -3325.3474049810256  1         1.0793386512967664
3176.507404006249    5883.670980006402    1         40.22739404284933
-7367.950486506719   -6909.333353943754   1         0.9323705721828793
10031.071047236748   -3052.595302120292   1         19.749857723345535
-11311.283602799656  -3253.2620296443038  1         0.31374583014099466
-1346.5442220306695  8425.635274229666    1         0.9249866104241133
-9053.763332485087   6055.699642805994    1         0.5157091092153911
4261.24137951711     -5338.687774878593   1         0.6826466016802392
3138.126826234359    -10322.390616373927  1         0.415449426269783
-7603.162546757916   -2096.4273039190443  1         0.34198985884025823
3416.12987869228     -8480.614451080311   1         0.5717883337389189
799.6069870743453    -7423.027486328012   1         0.22830998100613234
6961.075326158133    -2095.5011433076506  1         0.9062416189224859
-2057.11656014827    8661.487951901276    1         0.37446391120137623
937.4896398232522    9848.389130859381    1         0.4699131718265597
-68.75089882157954   -6124.361920490779   1         0.4592755540902934
-5405.979684569396   6313.169591442621    1         1.1747428206464625
1617.5736186073352   2023.8191633612184   1         0.854133155003153
-716.0829944492397   8453.918660137435    1         0.894367125574597
323.0810902800541    9120.007578934095    1         0.6381229310141237
5964.730002550782    -3864.52934347898    1         34.166242418959044
6082.278906470765    2313.32192070479     1         0.42371784553408787
-6678.796591564873   3354.1392481452585   1         1.0547434654888646
8626.766014362434    -756.2601323560517   1         31.860850104976613
846.3675549506054    1626.168412137475    1         0.49285931654743975
-7100.049488708359   -6645.839428294581   1         1.2142380014565237
-7995.820998588237   3706.1337267902427   1         0.9295439672985385
-9218.50598989812    -4289.168413568172   1         0.9445898760598831
766.254341879076     4942.170947647842    1         1.236327633450618
-7788.045624241286   -1070.764821185797   1         0.9493657414092028
11895.998744398657   -10116.30689213076   1         0.3985230494124645
-10431.218479927666  -2635.8499662470963  1         0.6530596086059508
-3902.9511865369714  -2570.778388558443   1         0.8492485697241042
2254.9169786907596   3390.587109872441    1         1.0157791188580005
-9929.380619399022   2373.3648135054386   1         0.8210706664474853
9901.913112257673    -1658.9175240779532  1         0.4526952535376262
-1257.9568506995347  14649.462387779731   1         47.963346510538756
