trucks_count 4
drones_count 4
customers 68
depot 0.0 0.0
Coordinate X         Coordinate Y         Dronable Demand
13736.379922907712   -2988.090444960062   1         1.012318647741633
-106.28101480940127  -1386.4425676136311  1         40.769264286181304
-5247.153111873186   -8189.31996115597    1         22.64668345739071
-5847.785411165647   -524.3822287278875   1         0.784025438265918
182.1000792182214    854.0602016338806    1         14.255874159127442
-11500.214949333606  13750.570474250693   1         8.01397890445547
-6909.233992928614   -5038.406760279875   1         1.227630614161726
-988.1024668041777   -8284.98492285448    1         38.759275777762205
902.799686303547     -8595.000739239387   1         1.0671790032171602
1946.0765327247573   -3784.5640800052497  1         0.20094332009568738
-8239.582907680231   -1785.5988692713997  1         0.5114788294645481
3416.302338556799    9163.117267561593    1         0.6861345715726628
-8913.131999904424   1393.100999898808    1         0.5480578821281156
-10493.869641181158  10941.697382137118   1         0.3884033083689622
-2081.1055179931186  -3510.0253409408474  1         20.928911062674022
-2456.2279559611848  -7570.231105940367   1         0.36600191238599555
8892.324274599649    -5883.633396071566   1         0.8521052456416345
7076.4047933615      -1705.8356042952182  1         0.14083111621770894
452.68002692173576   3102.6466467456635   1         1.1341965294872822
-7045.615749924567   -8115.624904307886   1         0.7407549976015658
-7542.165003585263   1300.4489164485847   1         0.840535225204997
1812.4769350367749   -6578.131702197401   1         1.1634992550200012
-3081.982027618236   7678.889749172726    1         3.078923654719784
2189.032075635201    -9219.176604334772   1         0.8737221860348396
-5182.558293368766   -3899.129051403319   1         40.213356420840626
2543.7417522476417   -6509.163393343829   1         30.71657940871033
-7700.819999106948   -4107.70429561582    1         0.6843165766212527
-11237.493014906837  -3589.6858268341293  1         41.64607465153094
4126.412026187751    -3788.4029788658404  1         0.47080081395120055
-9887.131444163477   660.390362907168     1         0.3093794567312068
12646.097029997341   -11083.0830556558    1         21.021962636044158
25.117515037900755   -9553.330550619725   1         0.5668123122142413
999.4304382807472    -6396.405507082931   1         0.8158047973000471
3581.151613346298    5062.444967203582    1         1.038763458588887
-1472.8206956173801  -1046.4673026763505  1         0.13900771794539807
-6989.847922614927   -818.7344619625226   1         0.9641557188815032
9842.640719127865    745.1288407093956    1         0.8349192930294569
-7506.236497072597   5119.728832201723    1         0.2742321497646535
5196.072020014593    -7906.323617777137   1         1.0543814941191898
387.30936476441906   882.3884357762134    1         0.47383066980553656
1975.090827491641    -4770.265218672822   1         0.7683361914946265
-10503.746062008875  2653.0226076560975   1         1.083829793367239
2828.583444282022    4568.024771950259    1         0.7644979526601792
-2059.9513334933245  -4712.320342796496   1         0.4387182584802357
-6527.943688364194   -3551.4920604321314  1         0.31128023069282856
5492.49984451409     4966.424242952064    1         0.6387535201745596
5992.525403810772    -8397.9670159346     1         2.9957550156526755
-5786.5991236135305  -4269.60240359906    1         33.04417826927201
-8909.68292028786    14.248890906984656   1         48.04163992282745
-13499.616389570796  -8925.804868684834   1         35.118277517424154
14558.655131014417   1563.7396779121482   1         39.40827659182834
1238.492579189234    -10424.967897413577  1         0.512803755549666
9308.48918780539     -3485.353410573319   1         0.6116303382398366
690.4518721412785    -2404.1734725057686  1         0.5937571133440677
-10732.545604721085  6703.635003434214    1         25.9163594862323
1452.710141044845    831.305901302329     1         0.5558512873520137
-1489.5046979037218  -5379.516875281488   1         1.1093555355030207
2026.9272158915492   -3078.0533578008826  1         1.7468196475098339
-8832.691658316795   13502.226679066964   1         35.615997642554575
-2564.360918297251   -4955.001144902254   1         0.35542996789987125
1619.343229881426    5860.008935161389    1         0.7660151461179141
-1674.601482806376   -8636.132964725422   1         7.306702417592297
6420.298820954509    2807.2159567115996   1         38.183193863559524
-468.27066499097765  10455.799817217154   1         5.2462794612962185
2268.6806249511833   344.1263168113033    1         0.8550197726216593
1463.5874960141464   1488.1916887703846   1         0.9272581414649808
-9047.462413903408   -4197.882437112729   1         0.7220112519032265
4702.175784336852    -9747.76206977679    1         0.1071576992073337
