trucks_count 4
drones_count 3
customers 42
depot 0.0 0.0
Coordinate X         Coordinate Y         Dronable Demand
-5723.656821719207   5303.917879794928    1         16.702594176537957
-510.2791764884569   0.941852256013136    1         30.51020850212209
645.266305314118     128.797807230614     1         0.27397987822985526
3427.673043023724    -5577.595031482598   1         0.35408361294596735
-4367.4838990474755  1555.3644240436997   1         1.1644569844456238
4322.109074052682    -5083.406007109502   1         0.9491785801067212
-123.09085409224339  -1141.418593590723   1         1.1314239656495229
550.6997250792663    3884.2541048219      1         36.967261247925734
-1486.3756653860466  5135.184145328435    1         0.24420849460588476
-2537.616556364321   -3392.181820373339   1         0.9573079814639706
-4398.611754691892   1865.4538683792698   1         0.27192412567970614
5109.616669496281    1322.876383413037    1         1.1129391407736708
3396.592966916311    -4762.4041358263585  1         1.091542399848212
-2434.6833363145033  4618.231297689294    1         1.0857576243475109
274.33961633933995   -3805.5576422409436  1         0.7299510487960152
1564.400052702473    -276.33889623735223  1         0.8828433763414063
2685.325276392291    3260.946430708781    1         0.9956161280024154
-2839.496199523114   -3283.0665172767326  1         1.0403849608645863
-866.8156774094398   -1696.5940691761677  1         1.1956320829254843
5474.986564583349    1191.312247155017    1         0.5618647012573141
-4512.5364508704715  1251.315799023632    1         0.9872186038145756
-3451.680680722813   -5795.402409683731   1         0.32849525056152423
-2286.237810703475   -3653.4093363376874  1         0.2341602975558201
2517.955348734279    -1338.9832159373254  1         1.0524908915099462
4961.393195268505    -5037.045969781157   1         0.9931401214638149
2933.9809974823156   2218.9826505850906   1         0.7834097146589142
431.86836738649106   1382.1021478141463   1         0.13943718763538923
-4764.918848833152   -2450.061188111291   1         18.174041705570463
-3791.5242812623655  -3686.2064548865465  1         26.77057719262399
2617.0269415548673   4772.163283110092    1         10.066061054533941
5511.599322497798    -5143.062117654763   1         0.9226254997067163
-1191.5358698242349  -1764.5947775094633  1         11.434232124458685
3656.571565351832    460.1817988624653    1         0.2778489282292362
-5040.810480216159   1024.39598988559     1         34.42544933687875
5936.424702638394    261.83278770525783   1         0.22277660124727078
2295.242349748193    -836.9996567984713   1         1.1091992241898299
-1809.5295136435263  1010.3149087424289   1         0.4913083782765074
3787.417538760071    3822.8200541440083   1         0.7290943502586934
-5512.191791195166   -3009.9974366346582  1         1.2496305352380463
55.175293649696066   -3082.803658231741   1         0.9439784078057151
-3546.909806809712   -88.16691454213762   1         8.329709777348322
2970.9458744914327   653.6050432949162    1         0.8868901017828442
