trucks_count 3
drones_count 3
customers 53
depot 0.0 0.0
Coordinate X         Coordinate Y         Dronable Demand
797.3960419442082    -8463.578664760984   1         1.0238131932318184
7369.776414644941    -7713.03670156148    1         0.2606250100670103
-7029.33884291496    -4681.477846778657   1         0.41505460311787057
-1350.2538780466493  -2886.9112885620248  1         0.19472668280593045
8554.003488630595    4832.621970665341    1         39.02173323998884
1471.4385808623858   -7237.071704091323   1         32.92383058534017
5469.786217113213    -917.2771213263113   1         0.9724479983881448
-6872.113963257808   -5243.847534765969   1         0.3826677071058848
1513.640944284145    -2033.471358704411   1         0.2560286446088391
-4806.059627941586   8517.936757618274    1         1.0508634528488883
-8878.854719878134   -1334.1602767880581  1         1.2149032363502295
-5293.250600064699   1544.733170101259    1         37.542922876898274
-3796.767320278043   -2387.557924960199   1         0.8293788394038097
4676.796740173338    -3245.0588943022585  1         48.864512124927856
-5231.093603256425   -2965.8693592391073  1         48.58901228116613
5050.332697425179    -653.2729484554415   1         0.36507885656061534
-2605.857992796125   -5982.534998095052   1         18.643082087254445
-6391.783434882496   3476.952227740534    1         0.6299648570071386
-787.281143620222    2759.818336408309    1         0.7234040675944479
-6764.587920006774   -1974.0929566057935  1         0.5108062086282215
3706.983943390034    -1632.7985088527175  1         0.5810784651422806
-2129.7831428073496  -2135.682998538291   1         0.12651813035093384
4320.318062390518    402.8771956092438    1         27.40608034394981
3994.9407708393933   -894.7118121972316   1         0.608377362904693
4599.948836762969    6311.527294235144    1         0.90767214549456
3005.5273106361733   -2230.4772746549384  1         0.24299176969580663
-3187.62141269698    -2679.267624385871   1         0.8937592774946043
9218.355692265131    1428.2419427829166   1         0.2527697294298593
-7475.798500955525   3056.8042101221395   1         0.6894066711762099
-4407.81803649014    1016.9916680971011   1         0.9287792474881368
-1898.590074475922   -7910.8990275763035  1         0.9039039331981672
-2330.824928660334   -1107.4374677115084  1         0.6742353812887728
-2073.0554516338125  2431.7052062088583   1         1.1788024569016642
-3581.616105755376   -3154.3171329258807  1         0.918828503830996
-7048.8401071156295  -5951.187966197946   1         0.14521248833032352
5761.636312306746    -8285.83027767717    1         0.7281513124052721
-5619.089683867885   -3021.9801581207444  1         0.11885545191982308
661.4625398816501    -5468.411603019205   1         20.166466606669495
4580.0152744527595   -269.70488987306237  1         0.4205247742363333
-5726.550029752624   -1745.2585110700948  1         6.382752733116649
-2037.71967746152    -1868.53812759281    1         0.5916065981834996
2084.894341973229    -3387.146573428008   1         1.2457453202334465
-3375.1243798746837  878.3236922562821    1         0.7392688442697066
-1967.043470077071   4974.143360634558    1         1.0750835429433818
6117.507680797857    4264.43947331414     1         0.157917595782327
-3479.100297197954   1030.2719475615281   1         0.7172079881879952
8246.60612013096     -3660.128720899024   1         6.69583501376048
4220.275535265006    -3086.6732924056837  1         0.35214695383962524
5735.07710833342     -4001.407202908933   1         35.51418327363274
-505.73003777198363  8524.300343028563    1         1.2034891510447772
-6145.323883194175   -8330.741096544582   1         0.8176433553787058
4604.881639093381    1689.9285934379757   1         0.9047493258946046
2201.848820325134    -7004.440585169827   1         0.301087180073233
