trucks_count 2
drones_count 2
customers 26
depot 0.0 0.0
Coordinate X         Coordinate Y         Dronable Demand
10181.91861235675    -5873.047885627278   1         1.071113298158604
-802.1377406217728   -4836.836388623853   1         0.8550454814015305
2250.6133901298276   2911.8003538147705   1         16.935205866194067
-9508.49999253541    9954.528715955426    1         30.328563903179344
2409.9559907822254   -6709.1951945959045  1         0.7091475556555772
-6123.696176168336   7244.098013078161    1         1.062247194725252
7036.839942407584    -7330.965646682476   1         0.4393061334549665
509.6155219130342    -9189.088310250861   1         0.5624836249277244
7388.126639189705    2291.8005724175487   1         4.687089521290745
14662.87220039141    8528.949594220156    1         0.5116564897733309
3457.3776533643236   -8943.683703525496   1         0.6792472312519384
7979.002536746796    -4602.203546836076   1         43.20667997249475
2162.632756621388    -5573.970460368788   1         33.237926126450674
-12259.289447157631  -3253.0702667266414  1         4.637053236553869
-4325.4788349320515  -13789.61460292099   1         0.8240802422500842
-1877.2825249935051  3001.6332563086753   1         0.17663339927986582
10308.73615538223    -1246.972181530807   1         1.095667401837614
8265.779178638937    -768.9325365163168   1         32.85087310389879
-12915.562445722064  -3850.7383718848087  1         43.391210874185155
7470.271629621971    -4139.757663503735   1         1.2249096035506013
-1460.3683609093716  -6116.502983419409   1         0.9027183769742376
806.3678496873658    2877.185700897253    1         0.4590681156074816
3318.306495598953    7910.053410831145    1         1.212298248655073
-6868.954906241164   -12268.8346127465    1         8.700440834045693
8684.079887129967    -312.59573925847883  1         19.6727032414429
1012.5635127987371   7477.629370365228    1         0.43820321705539167
