trucks_count 5
drones_count 5
customers 79
depot 0.0 0.0
Coordinate X         Coordinate Y         Dronable Demand
4156.1067157256775   -5961.58880637216    1         18.339327725264912
-1729.8723477585809  -3274.7225991919922  1         6.827615525203191
1047.8139913189273   1362.919960351404    1         1.1040176061317362
-505.11915206182226  -5212.2229031055085  1         0.5241309610889371
1104.6299920245829   -5158.958740476353   1         0.5033158542054725
772.6191997630401    -1716.9731694648192  1         1.0378569799922224
-2551.0381018520216  -817.0017451253698   1         42.87206406092256
4930.916434745194    1639.6736410902424   1         0.5987073098136912
-4393.690044614602   1246.6913493400639   1         0.5775088583691679
2602.702724111155    -2787.8198078688247  1         0.37612854246637895
1954.4657604602498   -6019.39546283678    1         0.6002580832061891
3629.523607863663    -1199.0924346194704  1         0.9525182596838206
5799.2262627316795   6176.432453227634    1         1.2270343468060025
1804.369750791524    2065.804567002756    1         0.9683264821562771
6262.5555355172655   1810.901411699807    1         0.4724338131220762
4140.599297975063    -2851.521748187432   1         1.093938249672267
3597.60672139284     -1459.8327156748499  1         1.010058962018743
-3937.7427815838987  -4933.2533528201875  1         0.8549151520113643
1104.8503936601264   -3045.9997158043125  1         0.39837133897982735
3584.907657904001    3693.1868683549515   1         44.816792565399574
2934.171397412648    -1588.1659943731208  1         13.818529179600002
2093.939422650384    6325.003429820869    1         0.5590964059249266
-1674.7605427949447  -5336.660144216865   1         1.0437109554099786
-2936.6095649735844  -4422.894395150762   1         1.1484315161520304
3199.888973083739    1086.7673264952948   1         0.7037719933291887
263.7324254316661    -2442.6307533861764  1         0.43188310791304085
186.22076630650886   -3974.472663547019   1         0.6524940038780722
4350.390750937935    3876.659198185528    1         1.0065876211826514
1354.9724981951383   -5874.578884814742   1         0.9542247410143386
4653.794169529095    -1309.5013085751061  1         0.6358225903091267
-527.0396324647973   3183.2956838612818   1         1.080860673725617
1045.6105317521044   -5254.285814555367   1         1.1173566227536174
3200.1301527435426   -316.4069606076616   1         0.33837983251846
3538.892356636692    -3065.962322582794   1         0.7459014929443685
3979.479304513985    -4642.7232331562755  1         0.541958875891124
4926.920654626243    1688.410215811731    1         1.1499111975602243
665.7029422555867    3114.6528145813354   1         0.6483242389668717
-896.5401297750658   -4450.3627249096535  1         0.3115072960442202
-5711.446980356426   -3075.590089010696   1         0.14545957332697793
-801.3725547169525   -3737.429141951928   1         1.218136925924999
-738.8202026498002   -1714.429492461446   1         0.10856018840244443
-1647.6787101967284  520.9322336467401    1         1.2162178751003823
-2055.154105863035   -6084.1762195287265  1         31.53274759389011
-2398.1481777599565  -1184.8480431835233  1         0.27386831215515894
5394.673798597706    4266.648652261134    1         0.7403741759750301
3278.6527186748676   -3687.252554474837   1         0.21318916141829192
-1870.0163785526995  -3587.1704498825493  1         0.42259543456761983
-3988.856447114204   -3503.9184679117743  1         0.8983638216539048
3451.3548539711214   -2821.78147556271    1         0.9018277830952705
-57.669238829556804  5424.530238414284    1         0.1553493547010905
-5222.450647623401   1124.5071518151726   1         1.116298459850525
4138.952515665243    -4937.624774092704   1         6.797101544749693
-5989.795497276534   3733.596663048119    1         0.5377059869366928
-3754.8359390496335  5502.132001816138    1         35.2453799562321
-1275.9673744314607  5945.193426067805    1         0.24826127410128948
5019.294002167325    2280.3490442501216   1         0.6077781732425244
-424.67464275779207  1819.9250313249038   1         0.35193722160391017
1345.661076126451    -1217.6981016787759  1         0.42568180514685183
1235.1394265286144   -166.40481578368409  1         29.13180554179491
-5061.26039770241    3949.616353054318    1         0.278756236496187
5910.776494411035    -3255.470761501709   1         0.9414261904756126
3905.696266946495    6297.857948801282    1         27.24502148115733
-2387.2995974731357  3221.2134082106845   1         0.6043710208210233
3962.7011471100013   -1787.153067944107   1         0.26333605941130533
-690.4282675915464   4409.851462734221    1         1.04173643076884
4124.810917331233    6323.202843966787    1         0.25665708227738343
5594.37658326766     4426.289571412959    1         0.6736893614707347
2563.392501730682    5335.937436415273    1         7.913368442349163
2285.2978259823035   726.5793405880438    1         0.3268230793258845
4904.314465689046    3062.6620803018623   1         18.751772368749773
2004.518729333933    4668.00000053132     1         0.7697497199972625
6139.142519772072    2769.488725444431    1         0.38885720032664783
-5377.16491593264    584.0024978874463    1         0.3878908625427182
5604.6977157991905   -1714.6715463670582  1         0.7911740434094741
2840.2187717966667   3017.3229861841014   1         46.69679428990331
2086.8421898266415   -1646.9182999769193  1         30.112638451638947
471.4924334819817    -1822.4786345859686  1         0.6556850601652426
-281.73095007072465  -4509.416444630302   1         0.10510215452798091
-4852.942557330931   1349.807316866895    1         17.75621663243975
