trucks_count 4
drones_count 4
customers 60
depot 0.0 0.0
Coordinate X         Coordinate Y         Dronable Demand
10788.725121431666   4493.995535885138    1         1.118038803153659
4751.542937701242    142.24666931053818   1         0.49066549377654534
-9590.606542979629   1848.0728890180028   1         0.8149755968936615
573.1819306684076    -7875.958826227842   1         0.27164730461033393
-2645.2898888243667  914.7467357640455    1         0.7638099727124752
2233.3073966345482   -5058.304264237315   1         0.415055735890721
3635.656819128996    3354.3091409225444   1         0.8630909879673675
4908.215187984327    -3184.9321385261924  1         0.19219907043657797
-4848.003677758533   5899.430214363159    1         0.6802650668167617
9811.206485760114    3165.691137833688    1         0.9448569392054181
-4796.410181685714   7278.416323970893    1         1.1754894190351273
-4652.680037937121   -11947.749070113196  1         1.2356027275450336
81.90641339530718    -9702.561036778008   1         32.75556900527141
5753.511158146815    6354.906614880784    1         0.9592890030135028
5477.530892887472    -307.78500448005195  1         1.0827744739099685
629.9799613677775    -3897.109047374611   1         0.8041018508102156
5719.81649866135     -8987.49339795126    1         7.272246878923862
8053.3405260392665   -16.110352705410975  1         0.9589487129085825
8993.128353946868    2718.0659694808105   1         0.3423402635822884
-1732.4731693698977  6202.471966967825    1         0.9805765278439876
1296.3155289600036   -4933.644078288035   1         0.4932240017670114
5330.989806176346    -665.2088132712008   1         1.0462296662814279
9122.501435231865    -1181.0850549076931  1         31.789676692042065
-5971.35265889478    8518.198291720835    1         0.8808493969014572
819.8490662409594    7537.609401324809    1         1.0765465798649503
-3314.8986472350757  8621.144731006392    1         0.1473841269739689
3791.6305980017014   1985.8824670899476   1         0.5310925018110716
-3011.1580651634417  -344.0502944831913   1         0.6430660428594915
3339.8186485928118   -8025.23347662487    1         16.00015635012854
-6734.8336223149645  -6821.062149244471   1         0.9551344217691227
6766.6778267763575   1466.985602642986    1         22.4438722574957
-6105.364889507282   10710.688514883992   1         6.995526175409818
-4237.680666178789   7510.7344234912425   1         1.0765814503408548
4111.501898445803    -5385.262383903644   1         0.3455078562300238
-2516.380238093674   5859.950778111324    1         0.8235819403028416
-9338.070493429615   -2760.260534530773   1         7.80869366454007
-9609.54800560192    1759.4097552685923   1         1.0618987815274734
10261.743408904525   -9549.29297871991    1         30.138223794866512
-7252.67039173828    1976.9417878421802   1         1.1775525323604994
-272.5663861442988   -9349.574742719278   1         0.27972459234770153
2662.0380501031527   6272.406729893974    1         22.23371617861438
-9433.928338396227   7935.373476273309    1         1.0669340618129763
-10570.155962700175  -3859.1923651572406  1         0.27849168332247676
-9614.281607599649   -209.99257705383118  1         0.16993928431496988
9741.844292971296    3098.5632971532327   1         39.5911670250928
-6549.674529104123   1995.2283004678927   1         0.5521201928495953
5763.660366664122    8694.099638207974    1         0.45310813091703095
-6671.364235347481   -7947.257063618676   1         0.39043866920080406
-444.09572328443977  10734.658082877952   1         1.2287961381761707
6175.82106442893     -1485.119467990644   1         1.0755886923968845
-8608.537494193852   -5512.848080672681   1         0.38102899635146326
-8438.52908165904    6755.975068166988    1         0.3473711962376722
3232.6785490629336   1124.4917507974033   1         0.9536579336937583
6513.2371487840155   -11243.217265642224  1         0.3073876127828066
-1464.0521132462127  520.0995023559753    1         7.444445344786953
8822.9184014144      1881.6499966639258   1         0.2225355868865262
9398.848537713206    3411.1328599817734   1         0.16358409221254128
6232.536741159494    7762.47786226167     1         22.263178670234172
-913.7760345710333   7596.59707557481     1         35.51206129226332
-3751.3346024092407  -3601.2282442388455  1         21.505838303027378
