trucks_count 2
drones_count 3
customers 38
depot 0.0 0.0
Coordinate X         Coordinate Y         Dronable Demand
-2500.5135162634674  -3421.942725930817   1         13.65760590696129
-3818.810584553901   1398.0862884820854   1         0.7065963326702772
-5062.902699481712   6598.955296474459    1         0.6006103424031447
-5321.873195068089   -2000.1358143262437  1         16.86224047845709
364.99679216113185   5980.852270952803    1         0.39113079377629034
527.3412556399999    5798.824474808773    1         0.30296188891201525
3125.789205122537    1074.8216650759598   1         0.7479293863913837
4243.439199786634    4642.503679358024    1         15.317865191382278
4382.911107459286    -3397.1703801008944  1         0.8950400632398352
411.3105929427232    -560.3862321706537   1         0.3298342834390084
-5796.2331045066985  387.60650486521445   1         0.578364317942969
-3980.859596283702   -2745.1542806878474  1         0.8294590619457568
3029.914196266302    4139.320068431111    1         0.26783548098638055
-4946.133872866338   -4455.36599980133    1         1.1002211749448116
-4979.914616132645   -2234.485244654841   1         37.931318273820665
-3466.3184542044883  -7701.110737170246   1         1.1887252423459465
3446.251808574617    -4196.7126516386     1         0.8856891002005165
-2783.428215113022   263.4498291958626    1         0.8099838414972689
7782.735073982296    6562.701347838951    1         0.5811492249491081
-5243.087518742391   967.4238226587177    1         0.8337461543873406
-3566.323565905864   3957.8591703293982   1         1.2300091507953925
-5188.961572027118   -7162.625620375929   1         0.5444395143383753
2091.4289969045567   -340.006725912841    1         5.766244802405889
422.45476495356456   150.3373813880427    1         0.8258829188942928
-624.4917648879016   7235.150583461453    1         0.7433213267662213
764.7812148516641    6068.1135455133735   1         20.18395907116862
-5391.267375770335   290.08719716906484   1         0.44096953499638103
-2292.9852726927193  2045.435345609685    1         1.0050126105379107
-3830.7081812589718  1756.553387298041    1         0.6282596855735156
-1657.0975597934612  141.39733799876626   1         1.1500072823754812
1386.0363373574128   3554.6388042365124   1         22.731961237744628
-6492.66134996703    -1028.7550254027196  1         0.4325243251841603
-3126.222635840353   6282.17522701052     1         0.17890497787358928
6008.3551927284525   -5408.379810734125   1         0.885309787062629
-804.2446985851465   -4898.7820082530425  1         28.281176583248925
768.8799426887763    -7489.1143133785745  1         0.39982001456008365
1113.292259755359    -5186.221707016277   1         1.0420263723823229
7433.134576506301    -4476.460360342405   1         1.132246047492733
