trucks_count 5
drones_count 4
customers 69
depot 0.0 0.0
Coordinate X         Coordinate Y         Dronable Demand
2115.11415965935     -6970.059469903315   1         22.74950842739057
-9303.7155863479     -155.0963965204487   1         0.6057119106442247
6600.221579653662    -3001.3105168614916  1         43.51581395995746
13551.648132503242   -9373.233401764199   1         0.8953248933839683
-2233.9298467904687  -1734.631475798521   1         30.79147866472784
-1535.2746765691106  -8874.100583018217   1         0.5270997438167594
4821.566878262406    975.7656672796       1         0.5019661103599545
1186.1578215631907   -1411.1317963987788  1         1.214077404143005
4457.85454079999     -3661.4386303423894  1         0.6765057131055652
12622.207709035147   7447.884958691449    1         1.1046576287516683
-1943.9538167336761  -3613.2050143344745  1         0.40400968230463175
1847.35225188175     -2704.5765888357855  1         0.4023223288345469
1328.506432928859    3413.219149208386    1         12.04624987855849
1086.7696815887994   9306.702669209151    1         0.2883891158950727
3922.8883466754287   -3033.615116850535   1         1.9894385108753203
3815.7692546398703   4481.85426807711     1         0.6109494951137584
9222.155467456749    -2069.9936250092182  1         0.35619838491636213
7363.902541771435    -4448.091298015663   1         12.379138950009011
-5356.9318180110085  8739.813256308638    1         0.7780305698321826
-13385.276328689377  7845.89128887568     1         36.96503146068686
8671.487310808867    -364.73480997163097  1         0.2720269928040206
-6786.552679304407   7995.120651631189    1         0.24988417539420102
-3554.381102171334   9208.759258007336    1         0.9934194111669522
-7465.619512112292   -4303.815775925223   1         0.14982276579384643
11893.676812539472   -14476.830411943987  1         1.05011416936576
-4784.519345447601   729.0099563369027    1         36.58323181394491
8763.445865465232    -4393.872291338222   1         0.4543862765899471
3225.0001618376755   -400.24884096280374  1         1.0465196802598073
5133.408213838352    7383.17756271329     1         1.0626884123195548
644.3302263765062    -286.4706955716459   1         25.191347651180116
-3774.696356252722   -3066.2340721765213  1         0.8984214195572101
1686.7143484780397   7416.305542579409    1         0.7307325831730302
-2069.0306902379966  -1387.5176209821034  1         0.8834556269141578
7598.825706413321    -2460.4232090508676  1         16.368071192390328
-3955.3228486097214  -607.3087592789817   1         0.5843233752657608
1969.6318193876746   3823.743979028833    1         35.22016198171145
5251.31881313935     1632.1808786756465   1         1.2241233355086754
-4220.016022278506   9860.667824857523    1         28.581254436968802
1646.0470670714647   7247.28150208931     1         0.33089211891665415
-12130.362424567385  -137.88800684261878  1         0.6833582428976893
-8414.421330967562   1866.3722396543226   1         0.2832448679711694
5000.635968896454    6140.391646251959    1         0.2913578039471776
-542.3312343616872   2639.545676266056    1         0.4418422360583305
-169.4324961943196   -9806.59360932498    1         0.8715080774075925
-5232.004281829487   -5146.562852171388   1         0.11586530978807774
-379.7194848254756   1198.0665034179349   1         0.4533428284190676
-7289.386254457307   -4084.304098648598   1         1.1601335628693792
-1932.7737380774088  9571.436855815924    1         0.5602163901995239
-9509.573092014476   -670.1247013033873   1         21.22216991066564
-13740.903513929205  -9124.326001645924   1         36.44547910461113
-5961.905906891296   6846.254492258386    1         0.31516921529768116
-2202.860927142459   8086.394703091618    1         0.32085826430016406
10556.24522540485    3730.37064329886     1         22.33726164768079
-4499.773228655615   -5273.030793693874   1         0.4573664213931333
-7868.292024299552   -4673.229025309965   1         0.9360988725215624
-7735.734862313725   -2119.2871011552156  1         1.0290920634576397
-5213.899435880127   5100.563682873069    1         1.011259232396373
6978.70543283165     5420.911032438436    1         12.995832467974052
2925.2620379227833   10294.633408096593   1         0.3817668208025762
114.81130577323013   -9570.143158985766   1         0.8578271779817745
-7471.546555377657   5426.276499255212    1         0.505882538452619
1636.8657054242528   -2910.1638104228405  1         1.189943900141764
310.27695513325415   7883.14072232785     1         0.3147180240360271
1847.0308151618585   2976.2313627140466   1         0.20666427508665625
-5595.378426768531   -2773.9462051487412  1         0.5739972481529154
3242.0632330975895   3795.7642213210843   1         0.39945825356490317
-12596.24242510239   -392.1349887788874   1         15.636621000579593
-170.78985818759628  3080.935407116868    1         0.7052609755822163
-3618.7836177183744  -4714.589504233287   1         0.33193021579242077
