trucks_count 4
drones_count 4
customers 67
depot 0.0 0.0
Coordinate X         Coordinate Y         Dronable Demand
-6427.653850037916   7595.026503792799    1         0.6022857264894856
-4459.660579335636   -6311.617582094042   1         1.2025740980550739
589.8387174767003    -2378.280476541893   1         39.92235152358997
7553.1796999261605   -2291.459641088695   1         12.306449011591075
-5978.335333383359   -2452.8270893140784  1         0.39797392698442347
-5995.245430349199   -6727.017749806952   1         25.311932450162725
8158.435345518368    174.7102532708327    1         1.143653606398948
-1531.3089183430993  -3599.779333791247   1         30.407459247746093
-7755.044983615213   -4833.888610146197   1         13.22550975630503
-4488.7253580094975  -8472.065602203767   1         34.16075131128037
2011.4787653071683   3428.321455143762    1         33.98158948100981
-89.02204944410407   8395.652495870838    1         0.3831583758216036
-5906.593514073907   5850.84920287539     1         0.4105981276532773
457.49148465902226   -2443.4621496010427  1         0.48173355903881854
2502.1558726408366   -2405.7300333467156  1         1.0897677629011329
7631.7199299611      7579.424736666499    1         0.19338599421206737
6267.240408350264    2806.869456389124    1         13.986556334612054
-3597.042973301068   7166.366333432063    1         0.6700853994632616
6407.685019971033    -7738.243696261693   1         1.1739228881782269
-2974.2498009216706  -4528.213642550893   1         1.1820712158622084
-7452.7387469222085  1168.234279550019    1         0.5830189080453743
-5835.368786494749   -3567.668593240247   1         9.638646089308564
5238.6027473902195   -8147.2416973751415  1         0.9115889894182542
1516.4322573251504   -7844.325473863191   1         47.89906805079227
3338.1304269862285   8484.522510751232    1         0.6312717693129357
544.3943051955227    5903.892946751802    1         0.19403842883279324
-6092.889516672722   2230.4629537289975   1         0.8877587934795843
-5960.897835652047   -1784.458613119216   1         0.15222870882745787
-8417.338316604408   -4555.880178909179   1         24.91287987383045
1448.4148303297952   6267.278473150732    1         40.59807533982166
2476.5674435333895   3383.008690285751    1         0.8564949796202286
1003.424096836258    1526.3386800958315   1         23.941597218047114
-2981.7262726365625  7444.212971257111    1         0.9200266600201344
-1451.1016065431718  6358.218757476998    1         0.2951570236822308
-4963.104166309557   -3748.32651209488    1         0.9401344278142681
8115.665259388714    3824.4262345605002   1         1.0352339976726035
-2374.035036615947   4298.960777452415    1         0.3393295325683755
-5558.316434360424   -1081.9582758575368  1         0.7713308799212099
-5630.704927804706   5202.345562291837    1         0.9083620108225853
-7414.39405352304    1031.344248892027    1         0.35435351208205645
-704.0970161415744   2366.5931109761623   1         1.232997267947007
4007.2726019978413   -3749.2481842994316  1         26.78136025410672
3511.4829615003473   -4564.773682281966   1         1.1145688653545684
-2773.8336567252304  -7233.694772735148   1         1.0844241756969701
-744.7101105229249   -2044.9685598859783  1         32.890283267560136
6632.808000417918    -253.32028152611446  1         0.6545638061269208
-2149.4754216583415  -2787.8862619963147  1         0.7371338343653615
926.7190767968306    -5703.042231090416   1         0.4215266110193975
-7007.527814191372   745.1600026475626    1         0.9392528783589273
-1112.1740206435109  1753.4972320521524   1         0.40374435492737615
2180.203539140367    6000.892546370025    1         0.1370031557617786
5017.654704983874    -7035.103219711596   1         1.2227318700536052
2827.819839833642    7979.8400815247705   1         0.5002930139475048
1353.7077289060512   1788.486019390822    1         0.9179440810043918
-5313.998993005709   -766.9144755395037   1         0.6722029495329526
-7849.349438550836   2838.5069884176523   1         0.8396369609331291
4131.446058535791    4793.776801096715    1         1.0302259966019354
-5467.802193226701   7756.084578558562    1         4.856139109549685
-649.0471086315839   -4957.423830882259   1         47.1991501365206
8199.055487865362    -5139.010855437379   1         0.3839805119113595
5952.324657268527    -5791.052199832354   1         6.721316492665013
-6643.110067622863   -1885.3682695500245  1         0.7472538219587027
5738.350703812368    7534.59574143835     1         0.3077038936052355
3657.488706321258    784.1157930502883    1         0.6298093623880276
-1370.0891360312562  -7808.011406811372   1         15.424985297817022
4708.567046208398    -4787.648580506659   1         0.2915688721565052
3350.624878146651    7549.256846219805    1         1.0590825397272605
