trucks_count 3
drones_count 5
customers 68
depot 0.0 0.0
Coordinate X         Coordinate Y         Dronable Demand
-6745.059118647634   982.095411230502     1         0.22600742879915944
5578.997824021847    -8186.086620540926   1         1.245723764024338
8305.595447675303    5686.086865112922    1         0.9779540088615145
-5142.319609258789   7724.516434197554    1         32.73977082942611
-6802.060978890379   1109.2814719194519   1         0.673300656977688
-5919.592345790328   -6630.356980082956   1         0.17409279075597495
-2924.550497610864   -2177.4003007663337  1         0.786575068938425
3879.3662531747186   7353.250375766269    1         0.4064296056433786
-2519.55474519624    7881.572695296923    1         0.4353156415493187
2420.2191769161327   5410.061982759379    1         0.8283504330345326
7409.424674480539    -9280.080219430198   1         0.20846843500472836
-10449.007497293245  -519.8285271966773   1         1.0566545585119043
1355.022196197888    5279.973233371151    1         0.6415147199188448
-8495.60081339124    -2896.936747469564   1         4.334481437206506
-2895.760229121013   -4341.864328942336   1         0.4669584279324003
-9950.368885237554   -1658.4779785288695  1         0.3310323510062222
-4736.116437189458   -1046.3004699758012  1         0.8479188333843105
-4643.376555624547   3576.873574076178    1         0.8047522952541233
-18536.423223987655  -15417.189059835264  1         0.7148365197365031
2181.466253309855    850.7434514580373    1         0.7566025100784549
5770.687244697498    -64.59774435635349   1         0.6754178883199651
-18173.621572468914  14550.484017837422   1         23.651793598280822
-7720.698943926517   -2137.7851623768565  1         48.27095761922925
9328.413959453284    -860.6123276706365   1         1.097478789680342
-10410.108359474112  -7153.069612911704   1         10.653693483606647
-10350.27057437022   -1877.66735984261    1         0.5406208218575494
1780.2438552724113   -947.6725257852842   1         1.0665231847995007
-9797.724540589477   -4787.76775653391    1         1.159717973681271
1377.84991198365     2477.4839505443733   1         1.0043641404388197
2867.101878931781    4579.963819656166    1         0.71870585674247
-1266.3633291793885  -2748.8955464558167  1         0.9799577483520966
-413.14296149205177  2225.507482384797    1         46.077477218343894
-4072.30727722968    246.27883201381948   1         44.15405710605934
-6454.784901341021   7743.7960896639      1         0.6681295002454886
104.96221775253822   -5428.33133606721    1         0.48187212269493285
-5055.2911422696425  -3548.8297301380194  1         1.1488026615591773
-1316.8072168419421  18460.001024513207   1         25.306442080558742
10913.634430689617   -5965.388775540814   1         43.58046887758098
3718.882669136879    -8657.800204030327   1         1.0690882351233317
-2157.003875407249   2645.9395695584844   1         0.8510189687201116
2284.490823159693    -9488.60576626777    1         0.36463662614521686
-6653.6780150707     -5822.337461935782   1         1.0699709046109132
7930.895624479254    291.17755272131666   1         1.050828470538758
-3850.718180689346   -10179.25158175467   1         1.0237737071998385
6928.245312133104    -5005.697809962533   1         0.4334235732282411
6938.713867770387    7692.657273730775    1         0.7991563561174522
1696.4773966163084   -4495.2301810265435  1         1.2454060664478133
1503.291570995337    -3087.7018248929962  1         0.11204911467802564
6674.273444834935    169.46096116442763   1         32.29050395935549
10581.630974321397   -17506.57350519349   1         0.1643796304328073
-3290.274268858424   3260.561655378442    1         0.966649766198999
3331.791783899071    4224.1379557327      1         0.4310085554382429
7216.38397446514     3714.822717052672    1         0.8706983375612052
-1369.9501570765929  1864.5535066291477   1         0.8706067929977389
-4698.994111874177   4888.324807014491    1         0.14717279802374275
2292.811328926263    -8524.040655107146   1         23.41000475798003
5127.399009626965    -4062.916625484996   1         17.998220304756032
2215.223118250225    4509.504815397148    1         0.5029399961307403
4265.404314394342    829.244985375547     1         41.1837472510075
15858.758854171385   -10472.381004921244  1         1.157563864937215
-9179.109677408827   -5299.3999669353525  1         1.105649732007602
171.1252910340838    -2000.1452318168122  1         0.38007202458964007
2363.7997846906455   1265.9014529432354   1         1.2104093157809412
-7100.581021396046   7811.252705803984    1         1.1795131504581606
-2046.9538959775375  2208.3954894153144   1         1.1882704553879109
-7418.083171299948   5064.299220596769    1         0.3519178524126848
-1073.7009410011494  -10427.165555428335  1         0.36147488353000623
-5515.071290477589   -3215.3350563846934  1         0.7933488949716331
