trucks_count 2
drones_count 2
customers 34
depot 0.0 0.0
Coordinate X         Coordinate Y         Dronable Demand
-1651.4898043899157  11738.687831633115   1         0.6978711977860931
-6837.501798883803   3550.8456086072824   1         0.5026414386812438
5212.145425630712    -1491.6657211377947  1         0.5608226579539164
685.0468692214672    -4775.620583296259   1         14.409083210023832
7521.557882163118    1495.5300847130231   1         1.2273647631191014
3485.370403414331    9715.699141122654    1         0.9157714563393987
60.43362043505476    4962.792537543946    1         0.8372781318894282
-719.084046019454    3120.309417176073    1         35.49110112055468
-547.3030886716891   9357.736179912987    1         0.270721250551077
4586.8672449010455   6276.800835867746    1         0.7349751187822744
-4401.6372885291175  7115.975820541709    1         0.35688473146149335
5042.027219987277    -3727.530830392904   1         0.8785691780314737
1185.0249876588687   7012.0989277695935   1         0.593974004813642
-1326.417947383512   10016.25450750797    1         1.1424375838473373
5044.791864187743    3674.3734612800486   1         6.0616193137859735
4855.606409128197    1762.0382931650108   1         0.6390732713546838
5559.403393775041    58.65362744845879    1         1.2042149769495922
3774.6631051553177   -7932.137574570859   1         0.22095787098926123
-4820.184367753247   6221.886669213024    1         0.24871604585537233
4953.1294888034945   1706.7465212999246   1         1.2386201398920849
9865.64015422244     4697.997655760797    1         0.720681590346347
747.6755551253639    7199.76593361398     1         1.0801958011143162
-5071.278391156508   5828.518266162445    1         0.797640344208551
1982.2456950957232   3317.682734325192    1         44.103204935535594
7473.719773827886    7741.2153938544925   1         0.847106033911681
-3824.9485875732294  -5192.924196059267   1         1.1152262439408795
5890.787722556065    7237.383467038881    1         12.461250812737255
-1672.5415137862972  -1734.0360163689056  1         0.1476600789870795
-7004.8228109019055  -5877.579698906713   1         24.745148731228184
5600.598526190034    -5954.847248748144   1         35.34314227132874
-10777.183947788168  12204.743417448566   1         17.86147231903691
15796.300052212964   -1566.6340874992784  1         46.351064338565216
5023.379729202406    -8921.18983038124    1         0.6745514812186185
9760.940337875649    -4598.955722406363   1         9.379131142365429
