trucks_count 3
drones_count 2
customers 21
depot 0.0 0.0
Coordinate X         Coordinate Y         Dronable Demand
-3085.905149870811   5129.151874470574    1         0.11583532407971978
-3350.733749203531   -1732.2811421955018  1         0.29430558772292154
-1434.8478000644     -3742.8026521877773  1         0.1669400585277185
-4785.164921121054   -5909.253498940402   1         0.7281835441122936
3045.8488056170363   2499.093114554362    1         0.6305261611088607
1172.335383848561    4942.149967077083    1         0.8627654452622212
-6620.066086758877   2892.26646145616     1         0.5981007451176876
-3900.334912420763   154.2032328823576    1         1.146633660996986
4425.359534138435    -3664.618924537656   1         0.8982654747470871
-1408.2041464893252  7215.550893062864    1         0.687015350673643
-2341.561909245399   7163.664996679921    1         1.1069872322778345
3444.963163245738    -4096.766930738594   1         1.1483481684213397
484.3576817739781    -803.5216251443783   1         0.7647175472477097
-7073.252123729483   -5926.6630440994495  1         0.13398389529466076
4248.870782073888    -1181.7681802515046  1         0.9894871268741559
1847.732094483695    6994.213775274714    1         34.129788819186416
5229.677640108344    -5527.943478001715   1         0.4752056426222233
1115.2176922854087   2921.2705411381885   1         0.40056799404076937
7173.40479952151     -3569.452691850662   1         16.554235930943904
-4646.552765747108   -2940.378450984776   1         1.172088705018612
7080.795046372911    4105.387138504311    1         0.6163492595933896
