trucks_count 4
drones_count 5
customers 47
depot 0.0 0.0
Coordinate X         Coordinate Y         Dronable Demand
-6168.5153701758245  -1273.5999711478848  1         1.2186114572770608
4186.315942831449    -1198.9316079604425  1         0.4661542115622693
-9125.472945064792   -3117.6702024891824  1         1.9538429244599664
2324.4623221046504   -5760.627772023124   1         5.915417624136567
-9023.861904756655   -2399.542242491508   1         0.48694085278456256
2080.954743545347    -1079.2344540424453  1         1.152208904925935
-4722.72652219655    866.9474045523662    1         1.105347408689014
8213.25927972479     -6571.377827269825   1         0.5340462379676844
4240.957333743134    -8403.769503921352   1         10.415857520752644
1906.6352318701952   -9463.250330482848   1         0.7607134825873976
-8126.993554641532   755.1141063948699    1         0.9678599612690331
2549.2445266619065   -2231.3185589109376  1         13.579634117786643
-10261.625625547118  1995.5994248838483   1         0.7326168320546229
3271.3503123937553   -3486.7048204653383  1         10.507334758113421
1376.4314549720038   1632.0343734547864   1         0.6760605164653443
-562.2163495887235   -2841.3666279477684  1         18.62532982731058
639.8158931961988    4818.82983870645     1         0.45136196888269364
-9050.022120105388   6369.9971427860455   1         0.9842012370783582
2867.317350690566    1049.334007445786    1         0.3740288755506833
3442.366211192013    -1752.5702670751862  1         0.9844742017472962
-1756.3381938973673  -7612.687063431761   1         0.29153005702264195
-8402.799407896207   -4290.18549572456    1         1.0540308023743743
9830.11392102275     3305.752029872401    1         0.4042604469857537
7520.062047872739    -7453.973543843793   1         1.1574349564399966
2999.4523719677486   -7989.132703481798   1         0.6646212433887276
5399.678267712       -5160.05820595276    1         0.4611071788439689
-4817.594494860059   4887.632976266761    1         0.6938951269871326
-6073.14141646709    6533.454983876862    1         0.5644006328788881
2696.1662871504077   -5118.965384691984   1         1.0251934641388802
4255.043488874148    -7320.11619887931    1         0.9809578770728337
-5339.43011046222    6669.233165759556    1         0.7294351678388576
-3904.9370691938857  -5444.445360061373   1         47.2029723247854
7537.6726645562585   -2384.2017523604873  1         0.21565066499328084
-10188.279551873822  -1519.7832453672945  1         0.8793952276437746
9769.197532171847    122.43956373675738   1         13.901439776878517
8106.641664675157    3661.173287679551    1         0.16511574350014965
6489.34941379357     -4989.700436592076   1         0.2924086745097784
2502.4505116075707   -10097.399355707114  1         1.1947508780233662
4414.176344887139    -998.8040158406111   1         0.9138141011904186
4959.155727086342    -7920.14303592062    1         0.16595447065343838
540.0513342024005    -3053.5423502373405  1         0.47896441272584744
-5068.463118257205   3082.3227918334655   1         37.222365170976374
7253.071251059288    5510.435067762033    1         0.2690379924621793
6870.545985865798    -2486.626592329848   1         0.2267556819534574
419.8168900566031    1786.6463453321774   1         1.2215121874008563
8490.084259563831    -2031.57889012523    1         0.24556258867005287
7288.241167372405    -4358.862706353331   1         0.48127918307845663
