trucks_count 3
drones_count 3
customers 72
depot 0.0 0.0
Coordinate X         Coordinate Y         Dronable Demand
105.95483142200767   2949.016043106329    1         1.1136516724161674
-5295.360635611852   6677.031658474777    1         0.8666665861806594
-3350.0746437242324  919.9892379027158    1         0.9917147812888623
6508.939291627556    -676.4104893127441   1         0.775740985572076
-7160.669073969318   -837.8782988411976   1         1.0334337535322982
-5252.864861820245   -5991.579704535276   1         0.16801016161648097
-6127.074529929674   -1770.8768071951563  1         9.450291335082854
7282.876309988404    -6975.493122512568   1         16.518143899743798
4361.227423286484    4078.3767976591516   1         0.3239784148030439
-2433.3736875353293  -2749.9093010220245  1         0.10141109756755139
-3168.9570295277767  -3150.6420542698256  1         0.7079964430653801
316.3446506756883    1581.4865084278333   1         48.40369035925767
-4127.246944686198   -6508.476125997811   1         1.1434804108606331
8142.0842241000955   -2818.968582291117   1         21.452244058285483
-35.799263395797816  -5799.038321034137   1         0.760398245510502
-3833.898218100132   -1099.260488661436   1         0.2207915564028069
3449.3368136286535   -5897.085997038983   1         0.25599927723182525
554.1736023844977    -6737.4820299082685  1         0.5168446856415168
6577.14747329109     -1784.9362309416292  1         0.7945640868413825
1965.6423154072243   2104.541566630496    1         1.0260188686473817
456.3918295962252    1373.5399529329932   1         33.13464476710374
-1977.4113779203556  4115.0539356072295   1         0.29922631982082043
-4952.340162937676   -6238.328915980538   1         1.1083782662627315
-5201.739101567904   -3681.640872195835   1         0.333726901164047
4320.2310000016205   6037.283835148907    1         0.7870961987711179
6307.759304858972    -8110.834152755566   1         4.625955531678773
-4212.767754204575   896.0124775323056    1         24.487302010007006
-4695.254319755385   -2536.580348866546   1         0.15368393923490753
-3049.611265913545   -6020.640202987937   1         0.10016002741470398
3346.3400849502086   8147.547176088099    1         45.19224802912075
432.1237833784836    -595.4960837885428   1         0.9912519309794563
-2174.4924273624733  4408.813507109962    1         0.20458577214435425
6099.7835732778785   4596.445740142887    1         1.209331063391034
4289.955704227742    -7903.764004831879   1         0.506847533748094
-4172.303675872008   -2001.618956097268   1         0.7253865621360809
6068.552693550631    -6175.009865915656   1         0.22953443434851883
860.8975869262849    1436.0547995487686   1         1.0632044729392498
7734.245734882518    32.12447130508013    1         1.05037654310938
-6219.366784912608   -5698.023412460073   1         0.6614357514715594
-6147.774667671618   -1048.59951616294    1         0.7269117231990745
1858.751644014239    7255.807470870312    1         0.9983585101439612
6325.724677958219    -4800.837619872439   1         0.31004832400257754
6334.716185990705    -8128.522613865197   1         0.9358718386646321
-431.56568187725355  -8252.021547037884   1         0.793046007161286
-2113.299322226077   -3877.913673606139   1         0.8014759460991558
5665.879513642395    -5567.6478854846055  1         1.1508860294258063
436.2979967411707    6677.991137920219    1         0.5710775721900421
753.0208687860064    2353.3827629137313   1         0.2803320380545279
-1647.4553312304047  6631.243899210926    1         0.5437053467195623
-7496.4774824774095  -3552.7051281615577  1         0.8440128113322055
7754.63639970667     1162.977741718833    1         0.611940628477968
-1349.3683581357593  6394.812445859739    1         3.3878007382636963
3400.7714012176675   -2285.846830706989   1         34.2234621473679
-2060.2848597735065  452.6212976407078    1         0.8616863078459304
4374.620095750121    -3904.144319253213   1         0.6926867409732581
-2611.3218369596625  1231.3234504324973   1         0.9712892736367962
7156.540475299297    3083.3186539360795   1         0.6991276316679335
3284.6576434050594   -5693.0149965713135  1         0.4206178471211478
-4047.86382916431    575.8734768076107    1         11.676548873095891
450.06983278767035   -7706.08631589246    1         0.131919954625141
-3333.215545498816   8107.950030362123    1         0.5148259387462577
-6713.7786758023985  1786.4974467896006   1         22.160140244232167
3985.029483123384    -1531.6065091409826  1         0.9842230741063334
107.08495338456123   -5014.612248396331   1         0.6284542947994063
7489.350356169478    -2834.781196673294   1         0.1524762658634799
2266.2058078384434   -256.2877247715577   1         2.1821687765516566
-6359.849331365077   2725.960999917057    1         32.68288562512821
-847.5335582704016   -2431.1607597064176  1         1.0419309939229044
6747.276753718799    -1937.7671780161932  1         0.6576797418747125
2966.6262413526033   -7559.634022155345   1         0.6588406608590265
-3550.327833776894   -4350.699993427657   1         8.538655447877183
3970.927852715691    3466.510443470337    1         0.9046652531961272
