trucks_count 2
drones_count 3
customers 33
depot 0.0 0.0
Coordinate X         Coordinate Y         Dronable Demand
-3285.072147791932   4007.7895321561477   1         0.40112349509354084
-1563.4394361457703  -723.1991951920472   1         0.8575489508063442
571.262037415162     -3552.7764130355736  1         25.28701874166146
849.3006089257715    -4706.654741245774   1         0.8952156168236685
1059.183809317008    3806.940607141303    1         0.8673447575123714
-3289.290882614481   -3105.589041987443   1         21.09292217865348
-4005.2892711193253  -1469.048324211216   1         0.4137928072604594
4969.752837829375    -4435.966257336286   1         30.17499202431848
-4991.7336783746705  -742.9008085943352   1         0.6229144006176223
-1303.2864221925938  2853.0754506196586   1         0.7351750552099173
5378.3179459721305   2591.7312502624027   1         1.0565638725280668
-5354.164244255621   -3112.1269157151664  1         0.42118029499200194
-3723.955493479608   3808.1867872339435   1         0.40021289381591163
-439.8951251023376   3935.550806664582    1         6.445538799818231
-1096.1604698223534  3402.892190102281    1         0.6449516933409583
2466.806854088041    -4871.618603962426   1         0.1596359602807338
-2937.3484051550595  602.2075147143026    1         0.22442111750449478
-2688.6818156848185  4285.932418205502    1         0.4890193478910526
3321.493602049877    -3681.463182459416   1         0.19033623282233558
-735.610504386266    -1922.1679564519773  1         0.8977094502956194
4047.5996864473186   2245.663330373046    1         0.9858632843724677
-2669.98610438132    -2644.116665286992   1         1.023327702597278
-2833.9089951455835  -2461.798965935243   1         0.3578291424073433
4734.098167489062    -484.402679707727    1         0.35548001437526533
4050.2366911475165   -4665.743257131376   1         0.4285581857610996
-3033.8339742995654  1546.8084243165831   1         43.866989928725935
5175.591719911591    2210.7109643836134   1         0.44258936987168385
1229.3966804764332   3576.4418185043855   1         22.293752038741378
2661.2810088291644   -1109.034197282368   1         0.41791780987327265
-2269.867770790519   3486.15776563497     1         0.7863185070472349
1729.1711586314568   -2690.512545455279   1         0.66049526137515
589.7500421270224    5230.717125481469    1         0.2997395439512052
4127.368514188551    5559.829938707802    1         0.5972747883656465
