trucks_count 2
drones_count 2
customers 40
depot 0.0 0.0
Coordinate X         Coordinate Y         Dronable Demand
-3090.9766889842454  -5211.9196435791455  1         1.238930271220965
-2938.7646695257695  6889.827318860621    1         0.40493176170231526
910.3437605419352    -543.2064137568185   1         1.2212358484515307
-1269.3362002121967  -3367.4938869875177  1         1.1853197727806073
6788.178825632898    -5039.797207981178   1         0.4633803067317275
-4416.402898614771   4296.7100948492425   1         1.1431891918340054
-6175.749032046456   -5891.9476347590435  1         0.9553527981502411
8271.859674993702    -9710.776021291875   1         28.371558213025533
-4322.911721044369   2280.0797325525923   1         1.057097615494949
-5702.022470030206   443.77827327569923   1         0.6212315127194817
-8826.074714879722   2181.7393347942498   1         0.8806780020106652
300.5133699923552    -405.8071061520118   1         0.7354496832985303
5162.1868462117445   1858.7706608877752   1         0.4050842929897276
4257.19386594947     6135.000543489724    1         37.74817544936915
937.2537302705258    10203.712208277786   1         0.9928515527746623
-191.24903089171494  -10177.09349959612   1         1.0213032802058795
424.8489083878844    -9689.07695717339    1         0.7962601475971468
6596.039385500259    -1231.6185163221887  1         0.7557246831684029
-9834.0370321877     1366.92801898677     1         0.38107053043699
6933.70877732775     -4457.758499867611   1         0.10849074627384545
-8944.008382243657   -2921.3252447664345  1         0.2723386840254425
-5390.519573405367   -3744.1357542018513  1         14.144492506689536
-8653.011291940129   5248.830716388371    1         1.2336394265483492
3589.1356337797283   -6438.939055398497   1         0.6509172286606562
8727.693590000286    -4139.4668795233465  1         0.2691252550845366
-7962.011454660305   10303.402470200406   1         38.376492917068646
9141.802390580426    1123.0359516813896   1         1.1722853310382617
-1483.369425386184   -1954.105360772367   1         0.7784774944522921
8398.303692643196    -4504.957046045174   1         0.8386021203027303
672.1321604856696    1656.3145921815258   1         0.9129890287017822
-1104.9219220817376  -49.79823634957125   1         0.6869887769269369
3297.7432181618206   -10315.980516405194  1         0.5272377774058579
-6652.760565564874   6811.172110905713    1         0.187841852825819
5269.085028820125    -5075.348679300574   1         33.38698563432527
-7060.907107682731   2535.4812257411995   1         48.367181739337646
-5670.890064089502   -7071.438994685704   1         0.5835101488928868
6882.294946438278    5712.158010534183    1         8.264624971858005
-140.527636705249    -814.2421735816121   1         14.779897180723744
8300.260910931529    -5092.231929793421   1         0.3421814525678226
-6173.6993442771445  9147.81389555374     1         1.1009931435296616
