trucks_count 4
drones_count 5
customers 85
depot 0.0 0.0
Coordinate X         Coordinate Y         Dronable Demand
3853.1689741664627   -7031.685115355765   1         1.174910621063912
2622.41041602353     -2199.7595881332613  1         0.5373288377062121
7582.1249268210095   3548.015671899587    1         1.170392863375228
-3976.8249810489233  -7577.1974149819525  1         47.216878383834256
3137.8396276503345   -5002.487391605061   1         0.6670304426108803
-6676.261830170407   -7079.271658114317   1         0.1871700472067995
-1354.4910214138763  368.2064448712781    1         0.9020997969805741
-2016.2875166803876  2565.0346738698713   1         1.0845357678974579
-2726.9493883411587  5716.2505085717075   1         1.1071621814395525
-527.6411359241547   2659.9731322462294   1         1.0572704775486321
1083.2968493453018   -974.7725837891594   1         0.1921136141224037
2353.5402886233655   -6085.9589772252675  1         1.876736042232173
-2284.237893059006   -522.0263782888611   1         0.6442258406703242
-2875.867936126348   -2905.180812205521   1         0.9511747736081033
7443.427565752017    1279.9464985679942   1         20.44625127798161
100.54882668175014   512.4611797008101    1         43.54563422504163
-4630.536495644952   1005.698014725004    1         0.5811895172603215
-2692.2089575023833  4079.612298958131    1         0.636508278007896
-4328.901619519757   -684.0651005657768   1         5.890768297642106
810.9222438172205    7225.758270806415    1         1.0161802797732598
130.62617931134162   3327.4999610532323   1         0.38786412933430103
5295.252153800813    -5966.130747997313   1         0.3128398853397663
-3802.0031547827098  2256.575065041228    1         0.27639410272759024
-6511.708409518995   -7925.187097389539   1         0.6379480528489694
-4646.232342777086   -5960.3654721061575  1         0.5798912667291586
5311.160209822135    7415.86692630009     1         0.527260377243208
4656.620508729336    -1285.3450079707918  1         0.7258373248490441
-4151.786091695906   -3371.366922821966   1         30.309589632732298
-29.51461597018003   -1030.819892078265   1         1.043906071512052
-7681.374757229595   6646.124512524525    1         1.1576614946472734
-2638.872261483693   4491.72088643359     1         0.684147532695236
433.57117102653234   -5883.786361809763   1         27.042531049926406
5122.491277550519    2652.0845019244525   1         1.082421256396671
-3068.1303631383553  6332.35338474392     1         0.9826100500460381
-6560.94895019788    -7949.820895795413   1         1.1141187248396083
4695.775509258823    -1377.5188898205865  1         38.45201588091019
-4688.042597550173   -4702.303707281091   1         45.16762543675009
-7352.604567277722   5882.0857484341      1         21.28328897498622
-5091.552863002706   -558.8156200538316   1         0.9568902552820717
7569.379390424727    3204.6769401826186   1         0.767513468648262
5361.346883324282    -6661.727491276657   1         3.216741465844326
-4925.976033639858   -825.9975424434022   1         23.94194319395065
164.31266236862814   6263.808023080683    1         12.921833801306356
3820.999455601005    5937.170639392174    1         1.1460650884384112
-772.1021345282595   -978.5198933272646   1         0.6829697556214863
-5607.772534296179   7481.863260547317    1         48.95765368960514
-5425.978995642702   899.8465731208664    1         0.18976556448221762
7479.5905506271965   1794.2381383107795   1         0.10836222187192172
7743.615905016118    -5988.8194086680505  1         13.868675408220287
-328.6023667288858   -3798.5288408541933  1         0.8623631521412223
-3575.393587845952   6944.000526635414    1         0.60072622276139
810.2500051587167    -3973.841169138691   1         0.5906145994067401
-6304.159942190551   -1613.9425610197693  1         0.5630334706998396
7969.8637199736095   5684.940094415865    1         0.22667585491636266
4019.5485359026543   3036.8399218166437   1         0.512671910547631
-7766.211395132287   3781.374972292632    1         0.42192596526021664
4369.973663114566    -4959.5412724666585  1         0.25537863789465287
-4253.768231938923   -1218.9242916195192  1         1.0535975453047228
7288.55331623284     7976.776556776101    1         1.144380613605411
-1830.870753247579   4279.893858759887    1         44.91370737362081
5079.491637670942    -3396.7034513849844  1         21.779563915080058
2247.1414277048175   -529.3561160144794   1         0.9475629716810468
7552.15343284013     5115.198732706432    1         0.3508623311847191
-7163.3825168447165  -3972.768227934817   1         0.24923359465763642
5609.910267432027    -6208.665133253534   1         0.4451908807601881
-7771.907528037251   2404.933869222141    1         0.19224969580774548
-2879.699577908386   4569.10432364122     1         0.9574300582636806
-2014.3274477044404  -4499.62210044469    1         0.813186445866375
1431.7716408970618   -3594.546734867289   1         0.6729537257984648
477.91878934465825   -725.2082906162626   1         23.260540835175675
4097.243819996848    5149.6879291459945   1         0.2184004939754764
-2396.437978399157   -3105.6033915047383  1         0.94576362641912
-1778.4653754565225  5346.190973126102    1         0.15929216648803876
7825.981973265315    5792.1838826508965   1         1.0231411433746365
-3318.6666186404213  5449.80145744985     1         0.3204741356739216
5276.550953917616    -5876.7388214401535  1         0.945196851856758
2863.4201129737144   -7668.495132457248   1         1.089632575186393
6319.368101429076    3479.5787357246327   1         1.084623757346491
-5591.091439755056   -3044.6887613322983  1         47.96379651076297
-6390.898645940534   -3820.465581351642   1         0.380388258541708
6273.79025169684     -1474.597054256447   1         1.0219056993694726
-4590.2147251659535  3435.6291021240095   1         0.7632334461286593
-5058.759287450383   -274.4526597405648   1         11.753951136562108
6039.332291851828    18.50461233828958    1         0.2753823764995849
-7371.041436542438   -691.9061056540678   1         0.6292638440888118
