trucks_count 5
drones_count 4
customers 60
depot 0.0 0.0
Coordinate X         Coordinate Y         Dronable Demand
2171.870031640932    -10989.547533378072  1         21.353930486888913
-5532.02377125757    51.16667070481608    1         0.3897316111946797
5809.861084682769    4276.069134489313    1         0.5678430921177094
777.142652909974     890.7302597601312    1         1.1586439683068162
-4336.335279023542   -6895.217377590703   1         0.2118821931659959
-6814.197586322713   -5376.4288743370635  1         12.427144712491929
-8083.40459225195    -3059.553310335438   1         0.9648513483424473
8538.767258971815    -837.5261184383038   1         1.0701553553041174
-7342.616100078903   -1518.5315371559632  1         1.2155331932037927
6535.479206515321    -2587.5924005000347  1         0.38496846250623185
-3443.5397939128156  9669.40691147922     1         0.6032449716062999
4092.907182703705    2058.9178598268063   1         1.2393684403197558
3588.612150463698    8168.520712644593    1         0.9676072468319997
-134.57805911075863  5469.675086291053    1         7.967221177537769
-10172.622596537734  -5802.8193426592225  1         0.27193931492263457
-4649.218468502698   3945.232095321233    1         0.9773410294530961
-5938.690969997135   6021.953796053882    1         0.3119101833681843
7977.17169556951     -4681.707259095051   1         0.7327060354611629
4250.375548877081    6188.933263963747    1         0.12211836478912932
-5360.11861827141    464.87242058067335   1         9.609338571542022
-4890.26282978336    9734.1556019071      1         1.077780018817727
-1498.5845509077144  5804.7563671211155   1         0.16954938891210625
1959.84577376005     6166.181265307819    1         0.2357254557047877
-1855.2232645597048  -10487.223938208293  1         4.6372301880243745
11142.808271083848   -10503.793193055884  1         0.16491164492237315
-4355.428517406418   -6530.457040844127   1         0.8367390621403112
-7866.093433347925   2448.3948864773542   1         0.6412998099506313
10658.63782060896    -4648.883096863741   1         0.7203995898756161
1087.1304872477263   5575.910028301205    1         0.7492133449379541
4931.307197946743    -5053.3744662246245  1         0.8556210644896064
5694.681039147912    -7348.588342867091   1         1.1624480825265893
-3929.4268449421656  -6847.720926301651   1         48.39597081846538
10013.016328012729   9220.469216102292    1         6.965263823463307
-4265.009311679616   -3760.8837869773984  1         47.47370524232153
-1634.5398947688475  -10675.304248020911  1         0.9345144169597762
-1365.0301231016113  9529.607936978136    1         0.6935891290018723
-8125.634489182115   182.20541591808325   1         0.7421534866102384
4539.474631733886    7639.682384820683    1         0.8799929541434477
7108.970572978789    -7523.077428298927   1         0.8025342460860548
5177.388574064341    2162.5960560278645   1         24.744473305994056
2161.230420173301    -1639.4906295790686  1         19.74281588696206
1321.5334816253453   -7115.776784260476   1         29.074556635223647
-4309.788847503845   1116.3795067117019   1         1.0130635281414726
-6398.421456683674   10622.788580834966   1         22.38294534914852
5383.185379775436    -203.0533610197987   1         4.2632724244780125
4737.731207432507    848.3600859959624    1         6.787231435423582
-4249.841956495597   -2327.3290172641964  1         6.455269669648854
3609.207113962044    8893.492053505383    1         0.3865214674720018
2838.269672069534    -8087.283279243116   1         0.795068395257533
1690.5964967228156   760.7129329352625    1         1.1852850722302404
5241.92449975197     -4036.8112465746667  1         0.9891011287593954
6630.645787616843    8105.165947773559    1         1.1154201164424942
5464.4065546422      3087.7003260602214   1         16.402929830926666
5725.967666361503    5285.241305242088    1         0.29220907571947097
8089.754564869094    -2271.89828986606    1         41.5886452309155
2248.7553445951953   -8023.304070469047   1         0.46166495987882816
498.2789281719828    2806.111625356496    1         0.22351095637861873
-9051.43309834179    6211.175316539147    1         47.2878846026143
-7691.161081667856   4729.7233449479245   1         0.6904860637640624
7193.173728729944    1405.773215139152    1         1.215652386612574
