trucks_count 3
drones_count 3
customers 34
depot 0.0 0.0
Coordinate X         Coordinate Y         Dronable Demand
-10914.69770577968   -6462.600363346531   1         0.5446967726039155
1195.1026700802056   10080.034634983731   1         0.2879638451404821
1989.9983780966977   -6346.393726480374   1         38.97101675539122
7984.868828813731    3526.821380700452    1         25.98157171295374
518.1786738346871    -3958.960321240724   1         4.760652223039177
-4948.966063973166   3718.524023655194    1         0.30181731906062736
-5353.521079718466   -10768.75519585633   1         0.5277489592778848
-1512.9984542073478  7780.893967865772    1         0.9299868941182216
-6138.517058117802   9071.915619662548    1         21.93799226111704
-275.89538341401163  1477.2463245019087   1         1.188954729355878
-4605.370560724101   9816.452720300778    1         34.82263949460586
103.34073755039239   -282.26065349770494  1         0.6623285580232227
-1872.2840338745286  3139.9649053865073   1         0.4882134387602035
8376.492608082473    814.1316219321718    1         0.47285305543238554
4383.056941372937    8331.655483494204    1         1.0733526195107055
-5175.910489639107   -1830.2511420966089  1         0.8564871858759625
-8018.804206485705   3923.7103092448715   1         0.8440164996049304
840.4435800975092    -5058.341253193673   1         1.0002718145621294
11313.876633143962   -8196.703178859056   1         45.096008617547625
4640.887549826888    7730.209622417875    1         0.6198784572321406
2742.4435794976634   -2248.6408693423164  1         15.840029123019008
10824.503481728909   1526.0958353053393   1         0.7159529970233595
-10927.423531876726  -859.2871821249664   1         0.6463481199413162
-637.2093577898415   1686.9567172371026   1         0.8893976773155802
3762.2847264412394   -9048.239617467945   1         0.3636125835531181
-7942.423800893917   1317.7948744428575   1         0.9339034058809815
7670.162088573443    -4524.2892810679505  1         1.007397159602319
1999.667464782631    8661.375444448462    1         1.053641123861165
142.4982001862488    10399.31561284615    1         1.217345734655288
5711.510080413419    -7737.866956207894   1         0.13374458970608213
-5946.180640720179   844.8632476453937    1         0.926708208743553
163.59385728289678   10305.387391250279   1         1.092192944993286
831.8105550571088    -8098.155870207112   1         1.197590834700717
5619.697084962098    1200.5828980898186   1         0.6708157942476006
