trucks_count 2
drones_count 3
customers 26
depot 0.0 0.0
Coordinate X         Coordinate Y         Dronable Demand
-1691.3407659003406  -5879.666931524367   1         48.81097859479088
-6727.291048791885   -5430.331005510891   1         0.4401082340190293
784.0401964690375    -195.66366746192176  1         1.048798467402804
5000.320439669291    6010.249637153156    1         0.5914536043271449
3226.6943053457894   -5553.908018253146   1         0.9103998585405568
-4761.528897999016   5027.339670603114    1         0.5240124545564091
-2284.5265426701176  6251.914347150171    1         0.2881687065336003
-3513.9468179728506  -4666.964758610686   1         0.8829696611223006
2521.3971776358685   2229.81102664006     1         0.9261722751127773
-1502.1762942931646  4510.103995800733    1         31.48858241545478
4613.72289473626     1131.641952461403    1         0.6430637851917957
5606.815978800962    -2488.0516319248854  1         4.305049491307599
2354.154476813192    4644.491276931388    1         0.5793194702229003
-1617.912700928835   3643.320871094751    1         25.76299535811176
-768.1892851467768   3436.5822300143386   1         1.2043827256379507
-3640.077301580742   6322.907203183979    1         0.41531793955806795
3879.5508639916147   7121.432511399191    1         6.525883247165026
746.6049324812657    7019.769211673407    1         0.5544903652264368
-2019.9500348601803  2052.600358887867    1         1.2074802349277474
-1477.5551802717682  5725.939569395463    1         0.9688363691182806
3548.1952863249116   -5668.453146203514   1         41.839784059845144
5937.204293545293    -6896.3948784155655  1         0.9903613647340699
-5537.05260666747    6728.388084608996    1         0.7450966253979852
2355.129977015515    -1202.03195579522    1         0.5970764876953786
-2770.2494856642825  -2243.368002973552   1         0.44907875859063584
-236.4635221765683   -6918.031824831536   1         0.40735576538872276
