trucks_count 3
drones_count 2
customers 28
depot 0.0 0.0
Coordinate X         Coordinate Y         Dronable Demand
2190.4162803297477   -1660.6254831633257  1         0.24055508524500788
1429.757622327434    7606.077213733149    1         0.3320625174760037
7950.901403597107    1862.3200094136835   1         0.8116057004400747
7451.026599700512    5183.632068148498    1         0.7428910941397059
-933.6046223079084   -2060.236047531831   1         1.0309969918655328
3369.121458585167    3247.2858867817513   1         0.2813267555136362
10522.22156936915    739.4558985012563    1         0.6508987188487222
-2114.9432965039396  12302.966813832198   1         0.6823640358834935
-6984.165244164674   1667.9699102486434   1         0.15593701844334998
11793.650112250809   7630.560375440007    1         6.694509518972546
-3446.495261888782   -6576.457990750356   1         0.8015667338521651
1508.0027707815802   5272.667033116748    1         0.4220875194642135
-6179.240997721071   -5475.431160560609   1         1.1271603298784192
-2201.2504607334777  -2416.003315966578   1         47.33524276811483
-487.8852165683708   -8940.393141043472   1         20.841433231097525
-9858.57981904475    10555.592924073833   1         7.8946436672933835
5232.398227103188    -8119.135034662532   1         1.0065967815561558
8051.940683562446    -4419.223288389055   1         0.7763838871741421
-1364.9536120165117  -746.6392738832109   1         0.6233985594722045
-1829.9623877509766  685.9664824615847    1         0.6846220655418027
-4005.192980776128   3649.1597437142395   1         0.6734629374989443
-1364.9993274199628  7940.659919533688    1         1.2483144478385295
4235.480806758371    2695.3423334980366   1         0.26802579089218787
-5160.874079864902   4079.0752192661876   1         1.102916070275057
-7362.981311854886   4644.853416493694    1         1.0281986939164478
11654.573894997076   -12023.925135431524  1         0.5743387630388762
7030.856310680171    -810.6826152863498   1         0.683952943314792
4153.399844339848    6258.7393011072645   1         12.650790863915816
