trucks_count 6
drones_count 4
customers 91
depot 0.0 0.0
Coordinate X         Coordinate Y         Dronable Demand
-883.2369027864758   4236.215304919288    1         0.5683519338098565
-9158.150953204491   9288.380565926185    1         41.002744591120575
7162.18170769348     -7109.0007104181905  1         1.0934946953706206
-13741.864464297825  -458.3303283256646   1         38.11010185015697
-11200.344728563603  -11758.36119816703   1         1.0417911897858207
8326.600922650743    -443.2902902495497   1         0.987329770716359
-8388.254861990312   -2724.666567504952   1         0.6613719459601842
-525.3140902007787   3551.9479092378415   1         1.028986110346112
4229.663640037234    4365.306884412406    1         0.7237287216315895
7172.539572563089    4631.412101952477    1         15.382831402758518
-5707.728334732495   -9003.034195885497   1         19.103460805053082
-6000.120409729298   -4901.437687824483   1         0.9118029355523811
-4355.132620258688   -883.5006648809369   1         0.3744751608848872
-1260.542382220261   -13712.308740779963  1         21.27500833129823
-1054.5869495786462  10886.538456863085   1         1.0940983529894974
-5215.439714280796   -11883.98363391383   1         23.598238484466272
2737.568079807882    -6380.513546491733   1         38.50473951486751
-1622.2021289624984  -482.2143847429678   1         0.7581199740422121
-9655.764661582907   -13663.314419385442  1         5.968118002251561
5466.229819331978    7389.2818996241385   1         0.5949882915360748
-10822.362755133872  452.7720803890653    1         0.8635375023016058
-8512.966593585636   -919.0845024957514   1         0.539303948257802
-9924.638555390953   -550.7486365652695   1         0.28622373057594297
13534.64807527492    10368.63382314222    1         40.9235936367395
-1215.4913992805325  4521.565645686892    1         1.0478262472600246
3098.548690520347    -4587.514303478065   1         0.788673918970185
2539.818046313774    -5573.0275692523155  1         0.3866307292564398
6154.086549441014    4804.156421190402    1         1.034758795730143
4220.469081244577    2781.4930529947414   1         48.27931870136416
-1665.6688154671701  2828.603467819743    1         21.165418261214825
5862.874540785129    -1849.467421073811   1         0.7049476845549266
3569.883335815077    9079.330769662924    1         0.65255024685184
-4638.709341479858   -3111.870522228661   1         0.823801859382564
-11668.647033291098  4418.026889299723    1         0.6442182424215319
-215.74563428113984  -995.5175445063119   1         0.7269833241927928
-1650.4530272309573  1652.4659248880664   1         35.40990481803874
3461.748381945754    1372.8307468952908   1         0.16734170755402394
-4822.599133823168   -226.09713923299182  1         0.982690342943198
2759.1983302431327   1963.7344180996697   1         0.7473498523740677
7252.325060774412    5422.7875389672845   1         0.6848062178052932
-45.20064893849181   -2002.5219213748983  1         0.21153079877953762
-6183.762767539267   6958.461029101056    1         0.8022625739172181
-4728.0659937105465  -11433.074222351208  1         0.9959400076298927
1876.1275124598042   2868.112741066279    1         16.787477631308267
6713.87317141168     -2593.576235617751   1         29.39435880381403
-3014.815793611813   8447.641626031485    1         0.7545500663144554
114.37933350772263   -812.3666081259971   1         0.13150825781511916
-7855.217284260376   595.0720172487818    1         0.3032425611714017
2356.8388998348714   3026.6012492477544   1         0.6874283457584139
1117.4338133141111   -7547.446566203271   1         0.700941305663149
-4618.643611728188   -2349.470146941148   1         30.551984894020105
-5538.632341445293   3601.4680078721985   1         0.5150202414858533
8178.688661099184    -1644.6431095963958  1         0.36326878550916497
-13063.68682181522   -6771.601351509948   1         0.9614798590208262
7713.078474179572    -13110.186800703686  1         0.8768369441350535
328.59361428890185   -1034.528004646421   1         0.3850753253294582
-6384.388951248511   -1455.7791069438817  1         0.1667234163865925
8759.154911878642    4151.847762085708    1         4.5966326193747005
4114.151701358226    9739.250397348815    1         0.10874467494000306
-3364.3393348516815  5909.136860567342    1         0.12668765792784495
9917.0905377307      1512.3423668344649   1         25.89644008804425
4299.984092109729    6298.707715491233    1         0.11606471861974521
-9062.887653287553   -335.4219315859236   1         17.91433290753791
6722.049303626182    -6843.8402120837445  1         0.5471435540592576
-7936.019952473957   4468.4288636711635   1         0.3741473796450876
-899.272415394149    8019.9023673371485   1         23.36295811920978
-2023.758687114594   7637.0411305653215   1         1.2348474963836984
10347.91570230828    8284.316259944735    1         43.13691654374932
-7765.177359956962   2718.7238950932056   1         0.9297489485098084
3894.0924366814734   -1731.1261944433911  1         1.0605845117739585
8504.68082851637     5116.801792568859    1         0.6614460105731704
-4108.063309119041   -4805.736891058028   1         0.4379434651530396
-315.3080640616772   -2607.050008258013   1         0.814638014953729
3805.033397496862    4336.115534749375    1         0.3278026682276167
-8328.094735589071   -4394.798049945501   1         0.8695207048003181
5938.933307710453    -9004.219476150303   1         10.948124578958376
3435.5599549596714   2613.5050971557325   1         0.7407203879233243
186.83188703407905   -1773.28154676731    1         0.19603542175053695
8283.54386693897     2531.1075570175835   1         24.648381502421614
226.60546247288875   10308.654569491848   1         43.12779312992481
1224.1990891675953   6149.126968201277    1         1.0510450805118743
1649.9239089725916   -7233.593288234517   1         0.2155405745821281
-5742.518787783605   -8399.24722484222    1         0.2199645483786597
7851.70123355875     9874.546217342657    1         0.39442833462927773
274.2049908880491    10912.377559644587   1         0.7598339812073959
-2137.323693783377   -9446.298605333459   1         1.1285099373263199
-886.9854440495228   5766.776960573648    1         0.6863193604012322
3133.5267780830804   -590.5232712580352   1         1.0646353599616603
353.29116159254687   -6067.644020372075   1         0.7706975879359201
2004.9425427301885   -4318.985085686389   1         40.032620224351795
10247.075130536203   12027.009507275216   1         3.051991729974102
