trucks_count 4
drones_count 3
customers 65
depot 0.0 0.0
Coordinate X         Coordinate Y         Dronable Demand
-3984.5588361780924  3883.3277426363957   1         0.9716230760175826
-1435.8886287749986  3109.819664551646    1         32.07773656898547
-5561.5538919217315  -7052.181040245834   1         10.188741479854686
7169.043311982871    -504.4716159297332   1         0.8413956530012994
-958.7973300546407   10448.512944680777   1         1.1223207375142774
5384.093285898827    6910.568062870976    1         45.621587245228845
-2491.5956571603638  -3528.6651367272716  1         0.9537481520519797
2156.241803332479    -1849.2148035027071  1         0.11817135088289676
6666.209978770477    -9609.613753906655   1         4.820730176179456
61.32147357367068    10581.468704683131   1         0.6489199184767417
-3164.258124123542   9647.845852501729    1         36.52276640726961
-6123.692774278029   -2789.801342515605   1         1.1112531500927938
-4116.345579460032   5226.206225407534    1         0.11816230832562943
-801.7176118547649   -1263.100518947466   1         11.66927740027166
6109.30954297686     2961.880389045353    1         0.46405833505821226
613.0004471707985    -3092.4584453464945  1         44.447046689509236
3661.812548916745    -7342.045370680325   1         0.1501272855638885
4293.473949853945    -6768.017145052627   1         24.287418136331812
4595.357017345105    -7189.867699035917   1         0.3652741878281106
-5101.513782292892   11843.428825290213   1         0.1400149858526147
6209.8149150175495   3492.836317411299    1         1.0793818280600511
4110.547335668188    7057.672846938736    1         0.8612188448629892
-6017.708568644299   -6513.070059934697   1         0.42287092679887717
2396.544586113405    10545.548458774863   1         0.5617111622866957
5369.506297415558    8344.704369698371    1         0.9514323059733328
5511.498686085677    -6873.713727301217   1         8.555817435054154
-3337.302696173866   513.5310711971955    1         0.7801812196659028
8210.262125011688    4815.013930481279    1         27.61380927795728
233.2370073312874    -10619.507995843673  1         0.44235988276431115
1166.156090360641    7990.689648870774    1         0.31353372808573343
-6709.8973388876875  1005.9239355164846   1         0.10970295393536438
7668.614060365277    -1427.2637238473317  1         0.862235281010995
-8284.903744766021   -2393.7512855803525  1         0.6205033934323112
-3539.329516193571   -1007.4208863268715  1         0.2306818945271966
-6165.237063130098   6603.307028917598    1         22.850828403772855
-431.7111885311913   6629.616828775831    1         12.99494681600602
-1975.6604917093393  -4558.488565795794   1         1.0335728767478467
334.8880844917721    10352.094718208957   1         0.21674038731851614
657.258804433183     -9063.22542220648    1         0.8529530550986681
6174.626624085488    -3584.402015308175   1         28.161311945644226
-5325.564930307836   -5202.820532269181   1         0.3508935035873285
10578.01372652163    -5032.765042017906   1         30.24905745805697
3055.061237831991    9957.623191115192    1         0.8613238839608914
-6134.100299068773   -7079.027798085763   1         0.7372784685465327
9289.285208198029    -3741.6112565274993  1         0.1307181930322701
3719.0838570973347   1613.5099711611517   1         0.5059256091163314
8145.487573726779    -167.54047593580412  1         34.14923353810706
8299.035887825074    1778.1926768973512   1         0.12108072293498168
-5131.388953166529   5149.789318441846    1         0.6524741531898477
-5435.110809456357   6756.836263423628    1         1.1934946793171197
-2712.4064709493105  -5632.009300849189   1         0.14555776128351816
-5553.8247237821515  7273.328289409817    1         0.44492718227811834
-4625.415534376925   -7960.130597735492   1         0.5421418717538657
4743.188023274344    3042.4563932798283   1         0.39045052823245696
10054.801301566686   3541.149029328515    1         0.9805604596749882
-2836.8298823368127  8827.363405036429    1         0.41468914037942584
-2724.2514803543413  860.0127182585078    1         1.0222034038803762
10617.669121492258   -665.4747863687421   1         0.6355069221888162
2471.8780873491223   -567.9008985910714   1         0.9302390540929245
-9791.014700336627   4798.50561374505     1         0.6046439233291473
-6751.500055609024   -4399.616784750743   1         0.9935407554344644
3027.5205161652048   6644.629057343497    1         0.8640953642767565
-2493.9146528278125  3063.789920919795    1         0.26724867721009765
-6310.2637345903695  -2005.0461878813344  1         1.2162022515367525
-335.6521261897625   2955.9087609671733   1         7.85264083106486
