trucks_count 6
drones_count 4
customers 83
depot 0.0 0.0
Coordinate X         Coordinate Y         Dronable Demand
2279.07146217212     7678.92019532191     1         1.0111747752208613
-1205.6760231433952  6336.547430428551    1         0.21506500380528898
7686.931382190152    5808.506308133385    1         0.37577532750917786
-479.44898748250733  7846.329639688285    1         0.492878854676421
-6816.652691372984   3948.6559427647153   1         0.9183972767673042
-1041.9879099745915  2146.0213880530146   1         0.6992529408464504
3904.9439876747506   5105.889663517056    1         34.832279129898424
4661.246796721577    -5089.049192695437   1         0.2822774140256129
-7678.342186695861   1304.0829862128594   1         0.9708748670613742
4597.58095090595     -3939.4426208058185  1         0.15965628883729782
2396.3209409649257   -305.8481034713346   1         0.1501642667720722
-6892.477760323737   5520.793643473024    1         0.33112200520800006
-4523.6087707012175  1474.09301049537     1         0.9934660309102884
2867.1524208226583   4963.97428286339     1         1.1315903296207195
-5171.176758852909   -3585.8988034501426  1         5.6816294403750165
1956.5582942376677   7382.778177410059    1         0.8344802889150351
751.351004093618     4745.841685856585    1         0.643105111446356
4955.7132902006815   -6710.74024438357    1         48.62853670079897
4176.924603472934    -2790.924994752444   1         1.027224342492634
1753.2623201928373   -4576.162013073845   1         0.9520572431101056
-3750.5631263521946  -1165.1606388890277  1         32.35196598380929
-8549.82117592546    -4022.496243130422   1         1.0927191440618957
-532.647675812175    3576.4750114558433   1         0.4085525257578404
-5277.617708805579   1257.2056671519742   1         0.5165606809959116
6434.194452732341    -1308.1203763717172  1         0.3792740805572109
919.6943246754523    -8328.493078870897   1         1.1136480311550658
1138.6040660515373   -6373.671122199845   1         48.92802774216706
3502.2295458146673   255.9309000291305    1         0.5881956297572014
1518.6257534164693   7533.1741622233585   1         0.198690642113049
-3835.9626904859997  -3058.297981497187   1         0.933127111685586
-4938.02071080486    601.355881527437     1         33.81087141150543
2026.143287072408    -5028.761203609389   1         1.1862437471329388
5728.868219725689    233.1574939817001    1         0.7678444098226536
7175.319391873038    -5038.934985854216   1         0.9407233147381276
4658.281671219367    6674.830467095652    1         0.9366094207059361
-7980.30289035188    950.6626831526828    1         1.1311293536817402
6387.868474630323    -5066.232981734055   1         31.948125385920402
-4365.291254491206   4239.031835807431    1         0.21099527161114442
7930.358043907298    7454.955156918898    1         0.15783302591306653
-2217.44253766174    1287.6002903152523   1         0.47927632839623524
456.828707924662     3488.0882855372147   1         32.656921582577304
4197.877796262095    2251.2778393397443   1         32.248605399179795
2321.616346076609    -156.72371546807216  1         0.4488525019194337
6466.370615376408    5575.379681812996    1         0.1667940983038745
-4005.928350698934   -2341.5812438200146  1         0.6197542758263022
-6936.03212538398    -7442.205105215001   1         0.716109715996017
-6473.653976660708   5062.702322340143    1         1.2022620056301052
5732.540348634798    -7030.888085873019   1         0.7908433423157818
2392.2234856584982   7844.611346253254    1         0.9383191486440682
2592.903360220278    -843.1394483974927   1         16.690848606918472
-564.1573899073079   -7428.41861770655    1         1.0986126614362903
3080.4917761664383   1001.4376526361133   1         0.38405024812933364
3593.9444888696617   -3974.9445886032718  1         0.5251033107083134
-2439.6300219612167  1283.0324740271571   1         0.9144148229020266
4631.485876570377    -197.41090625853607  1         22.427053975104958
7591.1010067656125   7458.288551122422    1         0.6847979232849044
1570.7090557912884   -8411.58302111853    1         0.8216090036618072
-718.392975067805    5393.544284427847    1         0.8041599538990086
5713.641676744448    -7576.958332531055   1         0.4161444263482934
-3520.803436212964   -578.0836388989883   1         34.142279617966345
1651.9673010364354   -7425.70614866685    1         0.4099321283748567
-5462.961877300531   -5886.737973615457   1         0.17560074113450108
255.5077605700044    -7510.694387097001   1         1.1667238417658745
2696.518283418413    5910.615999370201    1         0.945390488948183
6135.099503771613    -1710.6328461645107  1         0.619899547995169
-2361.7448758625546  4246.704556505663    1         0.3000595946291228
5842.088961950216    -1411.8622419484543  1         0.29747218822120014
7229.398982491169    -4341.9674134784345  1         1.0328136607768585
-1623.9192894386656  -4169.449387456498   1         0.2589376334077822
-1907.9973369212817  -5889.269889412125   1         30.226027043036588
-5608.01196751958    -2140.850231709443   1         1.0785633248443012
-884.2321676541242   2956.405186867185    1         37.292326731901305
6800.081187963359    1028.8944465439342   1         24.44069869091692
6075.512388631596    5652.076615147183    1         0.3546648389331494
6805.906496101838    361.77456764800894   1         1.2403143121944231
-2594.7185822605566  -3305.742238192605   1         0.11223312503881107
8579.524909639966    5257.86766691647     1         30.104633111192285
4143.348685399762    -1555.5228020825452  1         0.5663064112239109
-5045.036396169837   -517.9319109840281   1         30.907532308175902
7510.4557275534025   3155.8255940971585   1         0.16818008840401427
-1023.730235203348   -1148.5814695211527  1         20.606486875935538
-6831.206900443547   -2825.6260113442463  1         0.47494389999269937
-5705.823269262032   -4438.512955738435   1         43.31877703486438
