trucks_count 5
drones_count 4
customers 83
depot 0.0 0.0
Coordinate X         Coordinate Y         Dronable Demand
4088.5690548837274   -1397.8598749499733  1         30.46872766748341
-1917.5621824776188  756.7934216975984    1         0.2594171040269818
-5604.337531585027   -3463.6391260756573  1         6.30056309112566
2345.4963361100763   -894.910529769812    1         0.3016377884108308
-4091.8537666808134  -2948.2292519118555  1         1.2414323793600275
-3425.811902868942   4238.602667438582    1         0.8066547833116597
-6023.498927219941   -1951.1002449915838  1         0.5698971218562292
-5877.318362578609   -3873.4704465863324  1         1.009458276928579
5841.471011451033    4884.563546484074    1         0.1642032124185326
6507.749703592218    -2206.4991709794785  1         0.17549166069557587
2606.8433257946062   -3860.9587222775976  1         19.379570349320012
-792.8231515772122   2100.73495848704     1         0.3978310634012342
6240.71000439414     289.26092033793145   1         0.784390665165963
4583.5267983991935   -2893.909678481994   1         0.9295724521814253
-1818.9516461784915  1184.8450333232777   1         12.814792270431951
618.7731003571231    -1607.3228429234816  1         0.45034497377651084
-3726.570154202402   -2272.2824153327624  1         0.1552838368615838
-1936.4593518721742  -2997.99396412124    1         8.471706323840497
-5190.535513274099   -1666.9786733892806  1         0.9203016488354026
4317.663284546789    4922.390772054819    1         17.66856000011087
1239.3775710809132   6506.297781160524    1         21.881267005867986
5931.886072694248    -2055.453102635101   1         21.077931284347688
1461.4757680932412   -1471.4676282395626  1         0.5132097710727797
-959.791108117776    6025.74216902454     1         0.42971489542121033
4438.3211524115995   3760.7579080430887   1         13.166697108309904
-21.115185204690256  -2409.8282260900687  1         0.10788846398126836
-2184.0628167929303  -5370.383554530284   1         0.5261161285162715
6360.098727777003    -4653.951348745095   1         0.8469513929770686
-4797.136687472873   -663.8175511906121   1         0.6341567664309614
-4836.528094834866   -2091.9829294371766  1         0.713616752599824
1534.8565619617323   -5796.5338866820475  1         0.2229811773772907
-5559.3812333247115  -5162.400669762384   1         0.9860126024237638
-1151.7700375695526  -4108.130294564254   1         1.1588806906477935
1862.6647105341392   2891.8846888574217   1         43.74614992774972
403.8847362185737    -3132.2362825171717  1         1.0320078367639667
-2405.3067933571915  -5199.241540636118   1         0.12883555500304408
-761.1892329413573   3899.3133230683907   1         0.2917874981810441
6315.609531215792    5131.98358741387     1         0.4888875947705609
-2020.3043162074407  -5221.726855502847   1         13.126366722351518
4274.361337154771    2233.6091734243814   1         1.152876611290873
1358.267957697748    -4009.4498888459825  1         26.01884603011511
-3926.2291045661777  2208.468467553943    1         0.13851487737703078
-270.7128304694397   -459.83171650639997  1         0.4991688279972757
-3583.241620895135   -5442.12227375143    1         0.38290757864097913
3664.310464698686    2117.141330638892    1         25.08627214851826
-2583.4903250714033  -5561.651796200361   1         0.6284555148030994
-3276.2555092773264  -4673.220460040502   1         0.5409383447860489
-4407.086055083026   899.3061853834673    1         32.67330593182365
-1014.0039439061932  3751.2727816044885   1         1.1150168647537055
-4553.478500138247   -1466.3374907910393  1         0.9523697949060962
5896.5298452491825   -440.62397287088515  1         0.8803632125535155
-4152.995256053009   -3879.415166621929   1         25.974977714917138
-4465.53577021443    2503.2056231759943   1         0.5654180001091065
2279.9777284438146   6569.413064322124    1         0.8342593440370488
52.65572267295374    1800.4912008493293   1         0.12683901174128306
-4927.814101301794   -6334.651497305337   1         0.4860488225151104
-1083.934627409064   3615.8308874906297   1         0.42062275367574686
-2510.3664428926445  -2393.108292284078   1         1.1848666462504502
-2234.2857931407443  -980.2784638939066   1         0.19517840323124774
4455.198323254085    5798.565854376948    1         0.11994730184774338
107.32794658712652   293.84029619939105   1         0.9299599342398809
-6431.72097646624    4321.375457491633    1         1.0685364817692262
-6589.6846055583055  3107.717719786107    1         11.684069992284387
-4016.899030753526   5741.750366483294    1         28.648844332275534
6105.873459027351    5345.730124774304    1         0.44898039465528206
4687.180576039582    -2543.9806633406324  1         1.2295457280625932
-1836.474289701004   -4450.487447618256   1         0.24030215715097222
2077.4247211094084   622.7467949756453    1         0.755670506272304
1031.3249985149448   -3365.3886378446177  1         25.398735158194135
-2626.584696988552   4207.482155304984    1         0.7143518086408809
340.90271781110954   1157.2620744682702   1         0.7012046606239727
-3982.9731537855973  -5475.239005025658   1         0.17642404284180707
-3120.226562694416   -2976.187892619012   1         1.2489292944415071
-5673.431933547782   1499.5053970762947   1         0.8672779693918382
3193.8949581310676   -625.8819981124797   1         46.24658684173881
-3853.3206717241997  5155.597144534161    1         33.544646788412756
5894.681224409006    6271.555555554579    1         0.6492943526335755
6268.647720012631    -6509.584150652932   1         9.424131465908964
-1996.208281598923   -2557.49674606013    1         0.8546011341379816
-3283.287034275642   -6458.224979567603   1         47.74636820942392
1789.6248194444909   -4558.683876092773   1         47.151154576097206
1585.2827125427673   5512.67315880705     1         32.11919865241566
5639.125264337799    5192.750594592554    1         1.16660963877276
