trucks_count 5
drones_count 4
customers 100
depot 0.0 0.0
Coordinate X         Coordinate Y         Dronable Demand
8048.643394791977    -1755.65956878165    1         1.0563507013523363
4940.655525842098    -2138.591939700291   1         1.209147735496185
-8585.432115995112   -4745.619119420516   1         10.371247438320632
4271.8088171698      9387.60532926151     1         47.0119170515012
3505.600377566267    7552.412341594702    1         0.9211323180987562
-9559.14012613933    8936.50756242633     1         27.331777098435165
7083.462062750232    -6608.613374997162   1         0.37438436157972954
-8135.048599930173   3185.2146448928597   1         18.199468719345106
6393.894468520855    6179.886583783118    1         1.0896705900576362
10151.927690668006   1444.2089312460175   1         37.9104547834931
-4901.343312601193   -4528.994392487625   1         0.19899802804590006
1965.9973781420645   -9241.371933975926   1         0.3547148999693013
-2746.544655066771   8763.58160568295     1         0.22771521791286606
-7683.955888567936   -2883.8706885477686  1         1.0018812796714438
-8274.614613412245   -8738.316357329903   1         46.78058355651594
536.9189474303117    7345.867576761619    1         40.00030924675593
1772.7311714261668   7760.7355335828215   1         0.23409465346502087
-3993.7952922217223  -5563.56860856182    1         0.8733861639943383
4050.9778255415395   6332.477235997786    1         0.1598808346416364
-1791.7089847985694  -8063.213135834153   1         0.40613047610896413
-4750.516657359357   1653.9419734960177   1         0.5119306897531791
-5194.093677864575   -2258.580775840993   1         0.49483838196386665
7732.603562271615    -2303.48077917146    1         0.3910763664019099
-1588.9125460668056  6103.494194679024    1         0.6587452099376784
-4855.1918604668     -2086.334078699584   1         0.6481065728645471
5605.553644705107    -1434.0835548018952  1         10.628223395962596
-702.4298597879994   9392.1378870502      1         0.7584561731914475
-2814.166459543065   -3619.5968121086858  1         7.8241906554184775
-10605.890943578008  -1497.4573408831277  1         1.1114192180275544
-6174.780125186312   1542.0062092881963   1         0.4032157898915004
8898.05903550489     2369.3928294936777   1         33.27288698980253
6327.497844195178    -5207.950152051395   1         1.150213615253313
89.15955929154792    193.63251207098085   1         0.7312083316514203
8475.13860928416     -6489.021137698049   1         0.48115328291930826
-3958.2119881023864  -8281.702359694793   1         31.53117641672781
-286.3427529638098   9883.637128825909    1         22.53649175862971
-1073.3327609178577  8754.772937180256    1         0.7574027142958274
-4623.420721407754   2890.3439140815303   1         13.197678570953755
-10101.933321092614  -1220.7960001560562  1         1.1324490670626945
-6300.171301270464   8211.734739134637    1         0.9392314362928658
887.4734639522034    661.4747884454558    1         0.23022916316584682
6136.9970265222855   -4287.415696525378   1         0.5159380369052712
-3640.5407241566722  -6314.566589739073   1         0.8912836197361699
-10531.355795595353  2503.266225352027    1         9.554665937054176
7214.795604006425    6574.856723894184    1         1.0252379425273177
3249.9902784265846   -1391.9955635985061  1         0.42094551635704247
-758.1384629170516   -657.2766911735162   1         1.0057052195902956
-3252.860545578511   -8152.435760884566   1         1.0041351333157256
-3993.920992726785   -7432.097462628662   1         17.96421346346158
10554.734722727775   813.2563198308225    1         0.2508721286941369
8065.992293840002    -565.382972282443    1         1.0454968674082785
-5250.548598536315   328.9144934591786    1         0.5043576074288783
-6305.569802958552   -8709.695029549895   1         43.70992067848642
8568.221949744307    -861.8417113886844   1         0.5333310613548286
1605.8722924340782   -9288.208046595943   1         0.75082056471937
-497.8596333038743   8337.20950887946     1         0.6791650245712842
6269.930563938949    5958.989328443168    1         0.5251304696624981
292.38293144646656   6811.101855379622    1         0.16687685871319302
2848.9598316264805   -7377.907300521359   1         20.03878443042181
6152.714241424232    1224.156956966259    1         0.3790704917019997
5973.086889044936    -1070.8523865366553  1         0.7637712352164296
6712.389214695714    697.855493151896     1         0.2648767651056896
1695.89647624401     -7000.935938434947   1         0.266751079094273
-2584.3397449799954  9060.934610285307    1         0.4755830263084415
434.80972888815444   -4261.067039669556   1         0.6730760830560678
-8281.786818773298   4727.598153892168    1         0.6305920348037809
4569.910376785055    3595.9776936134      1         0.15418804220419627
5507.768432973519    -303.143570097275    1         6.118187460076547
10086.318634282874   3950.494390492662    1         0.4511608241327817
8513.835373895203    -44.39925594270237   1         0.4319835810221605
-4893.451692447875   7416.532162768529    1         3.095155474198095
-5352.08760334905    -7141.118856332648   1         0.32406854235500476
8672.58577355188     -6019.981402236518   1         23.652165016177722
-3656.7419328146707  6561.515248692311    1         15.712756826634992
-6889.49161435815    88.74312063174412    1         42.12088947762193
-4777.904843739821   -9180.134982593403   1         0.7061977503171077
2253.033796659202    2525.6713075542953   1         1.0891751886576237
1271.5957293348977   -7063.04242489829    1         0.3471546364851186
2345.5677017273047   -4817.4356405571025  1         0.5977939859013629
-4119.723913366216   -6752.533069950365   1         1.063681359759532
-6060.902000785149   6372.586565100754    1         0.9923593337453203
2023.8615835784203   2567.974089007819    1         23.42356557434198
-1926.0351899048526  -3874.240966999829   1         1.2459019246543612
-7165.393295699945   -4119.981581032766   1         1.1328129201223958
1526.6375699988166   -58.020860780974544  1         0.10151631646375725
4183.269051589641    -6320.398514595807   1         1.1429739160606234
-3585.6053745830914  8631.943334153377    1         48.16638181270363
3790.2265163419984   -7512.041370840269   1         0.9500078093641027
1435.7250304643674   -3158.743976159448   1         0.12813967342484686
-1472.3830264865546  10520.387727758052   1         1.0059709124369307
-1858.536940544769   8849.000316118163    1         1.0725641588745563
6832.139175153708    8288.88968308983     1         0.5288871273780203
-5298.605460430367   10609.168829150462   1         36.050670655328055
-4305.333994049117   -5891.3175531124225  1         43.11812886353161
-1180.2443444429014  990.2670640193866    1         40.795429156599674
8438.960573729473    -7693.792496933125   1         0.3027894313438684
4038.871468178271    9040.85190962099     1         0.46200161298334497
-227.09111753798754  2812.9316465814672   1         0.6898647556954578
-1026.4104123258285  -10216.94927043223   1         0.6247266624127833
-1533.9012793443203  -8478.695585862431   1         0.2263188863938825
