trucks_count 4
drones_count 3
customers 53
depot 0.0 0.0
Coordinate X         Coordinate Y         Dronable Demand
-4317.886267225865   -73.97805931598887   1         0.37876456373601064
1261.1540380042388   1920.0827325288228   1         1.244080964956868
697.0273379369612    -577.649574320549    1         8.974795535503409
3540.287893791079    6151.503058961491    1         0.14824944486837305
-3504.3490666087628  3810.049095649348    1         0.6574814261650339
-6856.951840146895   3781.138133564305    1         0.5374242148668097
6282.280836789465    -3878.5979182609976  1         33.20652370786023
-1201.8613175405349  -3781.468197299394   1         0.6818226282229074
-3474.4822437178996  -3075.5923166837633  1         0.9068537281333926
2920.265640679955    1549.2620024542941   1         0.8793180776300756
-3632.7077707683275  -2294.8622774744417  1         11.991820824095843
1721.7304690085518   2805.472239445571    1         0.10086053022376945
1847.2868940885862   134.98685090440983   1         0.14349662081197118
-1633.085188336714   6376.974227509447    1         23.516593935564103
1367.993230784227    2762.6857163141153   1         0.8967946904426757
2559.2647496073514   947.1090191564223    1         0.8858492056352252
111.48956378010301   -5393.510291836582   1         0.3181982294659823
-2360.179272490757   4359.079980882836    1         1.0376168003091426
803.091914632629     4467.752459231596    1         0.3197826852539642
1803.3538654103754   326.52408050577964   1         0.4318074933700201
-4380.850454590974   -3815.5520517258046  1         1.114024087753886
-5064.406808588596   -620.7720523358978   1         20.322521342307585
-654.0042869358326   -1648.111226236127   1         0.2110737882553847
596.0763470554384    -3537.2982482270004  1         0.3050088812844903
-4057.2480595921775  1380.3059377246543   1         0.7415591751908572
3769.603504124357    2668.682947072525    1         1.2409957504740465
6566.6173280242365   -2519.217906356632   1         10.387663699871212
-1674.0642001852048  -1495.3528571869224  1         41.01190580227692
3099.784026087256    5232.734261226279    1         0.5966305433656858
6306.963153760901    -6641.561074981522   1         0.7353946305531056
-4929.194673928385   5071.611722972474    1         0.9550956318446632
836.8374245364448    -531.827023788587    1         0.36304789092945355
-5929.982198411238   5730.34283193592     1         0.9766856309772719
5599.3259394261095   -919.4401312980272   1         0.6227403775644138
307.7093213151726    1132.715284792436    1         21.614039659499916
-5296.4454399208125  2206.222896689657    1         0.5416024772771217
-1234.002786092681   -5801.3137152137315  1         0.1075768925390152
-2418.804204177228   -6626.182131207986   1         29.285756092585014
-6301.513362666311   5953.781202551158    1         0.7084806923415349
2427.9998596784626   6746.393618835071    1         1.223603806330684
-253.63367534091415  -3854.2828990459625  1         0.43848700514146755
4989.654503475698    -5023.684561938311   1         0.9266898971573772
-3795.512580315685   1441.4996406211405   1         0.6883201594414325
-2939.272626339968   -921.998952389211    1         0.11453902691441492
-51.346875095135644  3610.9581225975967   1         31.50072072560095
1479.781353246663    -5244.455568499279   1         17.607223859260955
4567.740127871968    3876.3752748075585   1         0.5462303083196337
1110.7050363880671   -2729.3194667697676  1         0.3368448454500531
-5882.893838359029   -605.5369982556185   1         25.044504402380458
-3602.3833801912815  1595.3645309911676   1         0.10068522826990799
3956.4087019550116   4171.110296753534    1         0.3319781307353853
-2482.302265577111   6626.096120062381    1         0.5159998682076055
2865.0223420582015   -4307.91202932547    1         1.0156403747462546
