trucks_count 3
drones_count 3
customers 53
depot 0.0 0.0
Coordinate X         Coordinate Y         Dronable Demand
-4373.393374643893   -4539.191780429174   1         41.850595012862385
5511.515235627618    -2944.8851673121117  1         48.909547560891674
-4303.353408854249   3029.164818427184    1         0.45776018052495315
5891.693719799605    4305.53465567436     1         0.8290217660895187
2818.635105779018    -993.6744595192539   1         0.4563701580088805
4940.857380737237    -40.06828481390596   1         1.0868228185316033
272.6665127727674    2051.0945428201685   1         17.002914418502833
-2213.8734201206494  3767.5222007829134   1         1.1268114029858252
-1301.0508379838602  -5807.728495991526   1         0.921238195662473
-3460.4680303352106  5114.93002948407     1         0.9555612310224397
3622.1115137969514   3606.739739483767    1         1.0205175154847157
2419.5599025295287   838.1067231739416    1         0.7707671986215499
4892.664724024404    -3122.902981355252   1         42.821730682159455
1095.0905139695142   -5376.119019370478   1         0.14217124958354085
-519.2370743488591   -998.7316457484656   1         1.2428174993132075
4626.666717003972    -358.2493402124285   1         1.1652733278859295
-4251.5059435091935  3453.630455511376    1         0.2816840522470182
256.9502165265014    3379.9357644686106   1         0.7062421621410746
1031.8378731825567   3702.3361389840547   1         0.13349977328115062
4322.96603213569     241.7688932748215    1         0.83512523482466
-5845.247475800503   223.05553952499525   1         0.9694758738392383
697.8806125665989    -1792.1693749711155  1         23.132981510117123
5670.3410081520315   5956.185130012664    1         0.4912961279373501
3090.318135835271    483.30179171355144   1         17.256104498424524
987.6860267991575    4635.68741020964     1         1.1343478722251892
-2777.4930448940195  -4995.283917417389   1         2.2395396829430725
581.5794083163005    -1718.695460082042   1         1.1325201427175675
4959.436397196446    -2442.972562040707   1         0.27608524058776907
-389.41606755422004  5626.65039785688     1         0.8018838720943111
-1956.2813573865642  -2447.0098108344578  1         0.9788138620789071
4295.565923263668    -2744.6265398861233  1         0.24406716554578572
4834.73651027652     -61.33568676132927   1         0.9314860252957066
-5759.659343332567   -3728.108080750063   1         0.2663592539612144
1539.4328644290663   1502.0745960304603   1         0.7039631206049987
1668.6026051962776   -3500.1833958362818  1         29.663333409119055
-5950.996449267676   2426.8731187739013   1         0.14119146135930233
-1241.327922249405   -4355.15654812227    1         0.669843953673644
-3244.834606315598   -4149.5919949793     1         0.3395404737337563
-5519.684474176819   -1288.9267916943134  1         34.41053242982632
2967.8612813551945   -2729.089745778339   1         11.401796319404802
-1519.7795931262795  144.2111836740603    1         0.267967720113403
-5081.9232464111365  3745.6271863185116   1         1.0924009730595747
1856.6768743353841   -5855.292444032463   1         0.33374125949656785
-2951.8222447098133  464.5145609472711    1         0.4590500917912411
5206.919129184078    -6002.081094767024   1         0.4091472587427126
2581.326230933389    -3003.501759086121   1         1.0001529087957794
2828.671619720238    -284.7999869852677   1         14.129785848367847
2301.3811927470915   -4771.363324685503   1         1.0006651861543994
-1651.9743042966493  -1294.8440422813655  1         0.5985532081376249
-2621.400606982629   -3153.478857031944   1         0.7334239657288802
-354.30159232696786  5157.434964079247    1         1.047057890811649
-2252.850411143404   5239.691138339998    1         22.582553792548563
-836.407012564056    82.08430732285488    1         1.1440290909078719
