trucks_count 5
drones_count 3
customers 47
depot 0.0 0.0
Coordinate X         Coordinate Y         Dronable Demand
-2142.5048593060346  -4817.7277140905235  1         0.2632339158595756
-8132.815987608646   4161.21533460353     1         0.4040360782110707
7457.167296789634    771.9620375703598    1         0.2904150671208932
-9514.140274620804   16119.123769367889   1         0.8282793892467587
-3725.466589313602   -9514.452910650887   1         0.3493161891715316
-7527.72764945409    -7855.37561263314    1         19.559219448028085
5349.32411467286     243.64309106376737   1         0.2134086648472514
-14620.635187828793  -10777.286940204274  1         0.5889157568308326
-4071.1119585381903  1519.4329891438447   1         0.4161430565072213
2513.7714685003557   18311.070074529398   1         44.571615283999236
3608.1232803299054   -4793.376702828679   1         0.9215452991633905
-6082.445932786739   1750.1656193163406   1         0.4946173576745474
2515.3444603949474   6722.847939885306    1         1.1593188033240784
4001.566357719263    -1281.174090268787   1         1.227296972371802
3644.2123313562015   -614.566972895762    1         0.39451105897001937
-6984.677889607678   638.3321994636899    1         0.9747119501792634
-9077.911364644104   -4040.3439568580816  1         1.0341589056349763
3938.800144994985    5264.80669942413     1         0.254957914105614
-8619.2373714985     -8190.3876627867485  1         44.619339135745534
1987.688373620861    -2688.665751277022   1         0.3233525180050201
-2927.525080478225   8771.579219577943    1         0.4602507640748006
-1625.4693888330057  -4187.452897326807   1         0.5393780592553282
6023.755012871876    -4611.117533007411   1         25.99563368700782
-3810.4857802725605  -5149.837003310552   1         7.375139431389677
-3468.955943136982   1935.5186316196941   1         1.0829736898634894
7030.087523817174    913.1318866877061    1         1.218208516061821
-730.3182462247448   -3084.9071418260405  1         0.6979721223100667
1634.1728347825679   -9330.82509829602    1         17.68089892816289
-1450.7066944443932  236.2560110189373    1         0.757026500110459
-10392.91100594586   2981.7479321854094   1         1.0986291494672682
-873.4014779993405   -7017.620610831024   1         0.7737160384285701
15263.226254445191   -6548.4121724977485  1         14.559521957799328
-9740.732371592916   1839.6758283164024   1         0.7539503857380008
-3618.894669095416   -2184.535547213003   1         1.1423310738586716
5857.616891030437    3906.0647313708496   1         0.29360776351437723
7262.272343047176    1667.6425940747297   1         0.9183644674251421
-4234.507540196265   -671.8359241557388   1         1.1624168136309272
-1990.5937816422377  -9052.281630307423   1         0.37495836072484
2623.182158358197    192.6973911550769    1         1.2208309822804082
-1639.3608953327052  -4855.127711982587   1         0.8868520982876995
7702.273723896611    -7124.2894572978985  1         37.83745794405075
-4944.106377085069   -8911.348403410924   1         0.20684028369598295
-6153.30844312002    827.2152152026596    1         1.010899396623745
1487.0265528740854   7155.958312264682    1         1.0928954632175316
-18128.765992135508  -1586.7274059507945  1         5.4730490929986875
-118.96544327987364  9910.428788816253    1         1.1836537132247222
1218.3131563437112   -7058.765558073301   1         16.983397232880385
