trucks_count 5
drones_count 3
customers 44
depot 0.0 0.0
Coordinate X         Coordinate Y         Dronable Demand
-7459.278771994361   7480.284888990274    1         1.0201130692010012
9316.876136427563    2058.832807438992    1         0.6168708984750356
4022.895175766297    5290.105427480509    1         0.6765190424843768
-3699.285612575439   -1396.0104081197296  1         0.15819689348523291
7536.976102172743    6170.025643123987    1         0.12117790995685906
8970.381169341466    -1519.5424031618995  1         24.972221229678073
-5791.231010485178   6465.074758250042    1         0.2696223560914872
-7061.0540855389545  1657.135982096398    1         0.9518718365026015
7451.154032587543    84.41397343871698    1         29.545556479566834
-3653.328424160596   6680.541877583126    1         0.5407034161766733
781.8848112226386    -3186.546446359641   1         0.41471177681337557
3043.0396040357095   -1467.1035379294174  1         0.887829727635861
-8900.04099076324    -774.8802891320956   1         0.7653346609462102
1336.114715256404    1480.2804478086468   1         0.2030555855462654
-7984.174982131253   2342.157596336786    1         0.2978120290089584
-8685.936380609657   3408.618972968092    1         0.6875667088453304
1080.130877843636    8113.881050930529    1         0.36309511911241654
1639.6437783551573   -5225.7816272176005  1         1.1809316038468463
4195.333044025676    -4068.698914675273   1         0.631516441191189
6894.459743136998    -2871.76626734495    1         0.20269163535014517
-578.0805510930692   3582.73606117189     1         1.0652491482217261
-1572.3917526141101  6092.621165606183    1         0.20230463640324786
-3763.514403571226   5441.012523946959    1         0.7980153676181402
4992.072592336764    633.3463504772275    1         0.2986221376605441
-4256.382428143821   1857.5539090901457   1         0.3091874876201507
-5249.026768938445   1187.3929531073275   1         1.1980587050428972
3919.941649077279    3355.774018459351    1         0.7003993783452969
3703.24496509935     1159.3226041923306   1         0.2861112019399711
-1284.7837798065443  2995.657932396407    1         0.6692245514489128
-2701.307293879274   -6602.3122963958995  1         29.161125402583927
-5156.087981713469   -7977.911599435926   1         0.6753532663743753
441.316691283399     -1443.0004013956134  1         46.31945091813426
-4770.602156501042   -8913.037608149456   1         0.42264677107588167
-4799.885211295755   -2129.0809917124175  1         16.559494473739854
7672.612548765505    1514.0027555675317   1         1.1984501320172485
-2033.7231365967764  -2759.6285461092066  1         1.1822758234961026
4267.319119661467    6834.154342153978    1         0.6167945043168362
-6900.923735360271   -4250.598198789548   1         32.30288544113496
-8612.371171041425   -4503.372527884523   1         47.914086388117205
3212.9221546871713   -2854.7436814182533  1         0.6719830193068593
6469.364341224539    164.26639725179643   1         0.6098724205750454
-1532.4514388400303  -597.4611014244465   1         19.67425805236062
7825.344510750227    1635.59948422637     1         0.9423598285358801
5411.904020429458    -1508.8707225769958  1         5.351996654426871
