trucks_count 2
drones_count 2
customers 21
depot 0.0 0.0
Coordinate X         Coordinate Y         Dronable Demand
-4686.536714109505   7432.591938988673    1         0.3124153705836814
2608.868696037662    -7715.762486395049   1         0.22332487605090878
7691.863690982733    2113.4208924498002   1         8.77798680984028
-9399.468736814215   -1125.0036740240798  1         0.4865790411002636
14154.618853500684   1271.0299514769467   1         0.2700733675605618
-2906.5170311314446  6291.803404144969    1         1.2003172438827243
-4415.310195617397   7937.731953416517    1         0.3434059974906043
-2082.7075280997883  6290.038021878095    1         0.2754247013163316
7594.815804125235    3784.160682547472    1         0.8008853385404594
7181.4609647047255   6216.34560640085     1         0.7400121887025594
13227.86567518008    -1711.6288741139724  1         34.43196301930138
-5172.843200562355   -1519.1145540335935  1         0.9094163592574505
2003.7690233597632   2231.978403867239    1         1.1563443949088146
8315.872292886348    -3174.4755419605253  1         0.486277744026994
5816.354490123453    -8343.172193620598   1         0.94257950162845
6095.945445778366    3993.541136844103    1         0.9740250732607949
6864.689899009669    -726.1503951781976   1         13.228219690976598
-5825.066442596178   -4494.522516279992   1         1.053388201952004
709.1365326780367    -9310.061804578914   1         0.8352427516135754
5089.717922205194    5603.537945936187    1         1.245901997971116
3854.223448373672    11838.237778039911   1         29.875620275994844
