trucks_count 5
drones_count 6
customers 83
depot 0.0 0.0
Coordinate X         Coordinate Y         Dronable Demand
4662.987592676546    -32.59892953114013   1         0.3235714492229367
-4491.893813532074   -5428.30703960907    1         34.15028004859554
-1473.8910085206244  -1540.173607651624   1         0.19401633325455786
4384.818509150679    2869.5033741508396   1         1.2277810102115216
-1247.2986767613304  3948.2825680555957   1         9.476042026158813
-552.5123586484095   -2927.821683176753   1         0.82993344176031
-2291.9682704318693  3192.7835185903987   1         0.9887956640932433
3307.406976068786    394.72585879688216   1         1.0140684603141643
-144.70145017327545  -2053.292457609787   1         0.7506947643653437
-1351.792252783439   -3875.9596256139425  1         0.33068305781139307
1064.4406383776413   1360.529626042343    1         1.0772835257783668
-1450.9437142723407  1691.0576187869576   1         0.48879993869141036
2981.4940842628957   -4985.428300048791   1         14.630695457556575
541.0403855835933    -3277.052469262295   1         0.6131232240314953
-1669.142841282545   -4428.5665052120785  1         0.9139338964893837
600.1451877909883    104.81810147284787   1         0.7933700925540953
1312.2609184225073   -2623.0074454168707  1         44.17490269791676
-3653.897031957176   -4728.920539228536   1         17.906165690582647
1092.4928475665874   2566.068556591384    1         1.0934192993537648
3683.881896155169    -5353.288652585179   1         0.33164269149511183
-4651.687720550851   -2406.589268929786   1         1.249013324218844
-2381.1203365422384  -5083.237515136941   1         1.0192123945397449
3762.863677761384    -3154.552511716632   1         0.48476908382953265
-4384.531015263296   -4012.682446846938   1         1.1178466186545897
-748.9892172754269   -1973.2144490728947  1         1.0564022964085154
-1943.2067264287007  -5327.868217350835   1         1.1064139792058345
-3817.1920719803056  1281.7448138353684   1         0.33942875240065723
-2973.396710946958   -788.3549701918072   1         1.0120486673416176
-1046.332766800022   -342.7375238455388   1         45.72835823244197
4367.029751308945    -3657.7976029134998  1         44.92110071562008
67.44653352959813    4929.597672933415    1         0.5835653563173714
-5532.786476348249   -684.9449994564129   1         1.1303918160874178
-2680.442182031636   1840.9468210304067   1         18.548570078484495
-3215.9921929247585  -567.5983822605822   1         33.03544276074912
-3114.4731448065077  -2618.4160569149476  1         0.9718870091440863
5426.978795111852    677.9230953434347    1         45.03928144310269
-1667.1829841150297  -4969.594483375325   1         1.235743248278932
-2353.79618769934    3131.3232020347396   1         0.3562460194489605
4328.427650542011    -2239.238121343789   1         0.24527004916679038
-2408.661345858061   -5317.634434553956   1         24.852260018250057
-540.0234522172104   5220.377911724517    1         1.1573099187691158
-1952.4906778728832  4063.013374823169    1         6.78937034750775
4396.991079253933    708.3194581229641    1         1.0931859092796314
279.61505179895914   2761.3752813637643   1         0.114033664309624
5303.447514231428    2941.967095980722    1         0.3426813436269107
-535.1450118795437   -5032.508399095517   1         0.46193822413861896
1037.549381865606    4199.728917341926    1         21.629483773264756
521.4930505714274    2018.6360847490728   1         0.9096409905607276
433.60037984511206   284.8941814902894    1         0.349326168280318
-3719.8193302827544  4123.847542438542    1         1.1001971948309504
2063.1893646917697   3187.6462492119813   1         27.189239305773576
-2818.8465945284715  4308.659828621514    1         38.298433290663894
-2261.8375430329684  781.5862422351662    1         47.78181205411477
-2652.2488774955577  -4176.723733878782   1         18.355842404833595
2972.6994756704726   5513.703348208061    1         0.6367745021946152
-3707.2480346333787  2359.3142278761584   1         0.9052415280661888
2302.299993762484    -3843.037668834083   1         0.3764849081248871
-4778.989428345699   -3272.9283420729776  1         0.22958626330774198
2328.520689119003    2046.66082153248     1         0.2982813859743373
307.7824527940886    4140.532646347121    1         0.7451819824123228
-5047.153043969828   2011.7714025143223   1         0.8484531155228142
83.72064502488944    4529.2360031838925   1         1.127409762222099
400.8211729224922    4496.082216301488    1         0.13603562106462863
4710.863677600078    22.45986101079143    1         1.2038342575368646
-686.8886429321892   -3167.2533247392175  1         0.35907752108805246
2512.298424688308    4449.860406815464    1         48.281154227508466
-4437.046579647095   -5616.4537613347     1         0.4086807707466622
2276.421816797077    -2063.8903188577115  1         0.34961201706073064
-4995.258175763674   908.6865210415335    1         0.3361336090975859
4540.736429942145    -2516.556994082243   1         0.20515731017018837
4017.544238080581    3093.8407146324325   1         8.04351615786868
636.1988621198361    1836.5062224328913   1         26.896310928408912
-5049.208231446631   2802.298889124027    1         0.15388924001454332
-1978.2287653885883  -4908.151229879754   1         0.46186110102027944
435.9271759438114    -801.7645893716468   1         0.6517240616009268
2341.6857664109057   -49.66646283615319   1         0.5212953057502893
-4594.59041230221    2885.7679071847406   1         47.531968418912385
-74.63204302634882   2807.8157521011344   1         12.089538583250837
-5293.441303706702   -5394.560002272404   1         41.3311617464457
-3961.702612558932   -4021.299028237286   1         0.8825094292881785
-5447.0067600701905  4497.239928281314    1         0.1785286925774787
-5279.649500557867   4989.77937132006     1         0.795366034953699
2013.6455744776085   2671.437419336812    1         0.3061543506696347
