trucks_count 3
drones_count 2
customers 32
depot 0.0 0.0
Coordinate X         Coordinate Y         Dronable Demand
-1258.5323405437769  4806.983362761121    1         0.44476357449487525
6676.8159208996385   5671.898266103938    1         1.0950249427707521
-1529.265830557595   -450.29019119167697  1         0.8028617625729282
1993.7859312805474   -7127.569820992125   1         1.154448924104666
2005.1413297721735   398.6765226681612    1         0.9102390091364361
386.91454037708485   -6596.760984816069   1         1.166427540163138
-2550.5613140038868  -3265.3039661088087  1         1.1962473917999985
6808.778048415853    1025.2356970202538   1         0.9604963024479859
7470.635319549623    6757.501840538904    1         1.1736530087545758
-7327.555008732272   -2488.6767403636286  1         0.9196211630914205
-6608.0662761350795  -2372.0640864991024  1         0.7000926764656318
-4701.66405740622    -8795.666526653049   1         0.3588021899292849
-2900.0596632866086  -4625.162092066409   1         0.19288975407415754
-5478.45095682739    -6846.39430526118    1         1.081137882193923
-650.5204047683201   820.8306103125906    1         37.027421715902804
-646.4293464151547   -5620.04571109124    1         0.9591529377486249
-2599.24408445254    6545.330444768511    1         0.3288693937437147
-398.6939202486492   -4109.351610360551   1         0.7696837573799428
4454.123657079691    1141.9960307933727   1         0.20221122655406487
5412.497094714329    6196.900943020792    1         1.1745622722785456
-4342.026860963262   -5012.3791520687155  1         0.6994507758212906
494.2536534991478    -3520.9159928581007  1         0.7483242407115166
5082.91832708236     8168.804424239231    1         0.5652181390794256
-3716.3651440511803  4865.944054595233    1         0.40614073815563545
7182.2273357446065   -4215.66342386219    1         1.0457299970252938
-8353.357982622314   -4680.495920060886   1         0.638365428972318
-7066.926686369587   -3331.2043575128278  1         0.7977790494351903
-7335.63007409983    -4060.109195127476   1         0.708784447775644
-5508.1831098032735  -2895.9312940790005  1         1.0697434155164083
5817.7911501717845   5828.949210928484    1         24.552973208341662
394.0841549589803    1397.6729208814645   1         0.18260303631849512
2666.158313439511    6357.381737109252    1         0.6247027573317295
