trucks_count 6
drones_count 5
customers 90
depot 0.0 0.0
Coordinate X         Coordinate Y         Dronable Demand
3032.790918915492    -2840.9537412887425  1         0.1059200507603962
-5135.611041513312   -4819.517982431475   1         0.48318515136248685
-5232.1895080537815  2126.3994902464356   1         0.8781788232069296
10829.28184856445    -1001.4017219726522  1         1.022444011282157
-8729.26302418068    2542.859180957217    1         0.5720378455868936
-4279.22880019371    -9073.029112479155   1         0.32424695583011576
944.8063381776014    -4652.861244906124   1         0.739228008420294
-2541.8064463580386  -2645.383901336337   1         0.9241485429100134
-4271.915323704307   1817.1568335790892   1         1.2332086643382727
9980.67649557337     7991.267910147308    1         18.269038658472496
-4526.306535973741   -3517.257586367928   1         0.5955048895002115
9808.082079709195    1611.0644798536925   1         0.8398142981351234
12252.59406862583    10918.375464683064   1         17.59541649510831
2385.5762182323415   1322.2484204386415   1         1.123025536716854
-8007.888513478271   -7239.421449850676   1         1.2489169963700828
1148.1091250872705   6076.034369248016    1         0.48612978009083097
-1328.9756526647125  -10613.463510280277  1         0.4804878799701703
3257.208568158057    5142.02241188462     1         0.24212866769095737
-6212.284255239794   -8477.527673848776   1         1.171703573559214
-12630.903970164698  13989.715073393563   1         0.7175354622536512
12366.67877060406    13618.234786238772   1         0.5559526260002665
-165.44633745866508  3202.8847643643794   1         28.373508989942014
10375.928979731367   -1901.684065231845   1         0.7320044294007124
-2693.9732693028272  1526.4051217942995   1         37.764611886173654
-1941.9803386089072  -6619.622710640567   1         0.6964396207638175
-5247.032390233127   -9604.878172408717   1         0.4618061978097222
5705.551217459521    338.8623980694688    1         0.7645032624044159
332.7731281440872    6209.981640390351    1         0.861472009612032
15674.199885246191   6201.517726816401    1         16.35074937295661
-555.490126478466    -1519.8638196665147  1         0.8618790440768994
-732.72983974612     775.2144973805698    1         0.4891266823447945
-7443.510579057842   -240.7823118154029   1         0.8113155647180078
10148.667837964318   2796.6876909004113   1         0.7511196929307048
4541.87267373548     -594.962417374802    1         0.12674730716201785
-4555.611908100791   -9187.343135576708   1         0.21695735987671394
3921.210286980211    5794.740111577208    1         19.49971025150971
-5439.80728083762    -9001.377762681637   1         1.1821041548902531
-5512.341913594093   281.00339243597995   1         1.0163363212414587
13885.40252590349    17402.101652497127   1         0.8466487939099299
5817.229138900265    8549.480654781699    1         1.1671060974265943
-1427.8834758396354  -3990.581100509555   1         0.6727402960222185
-12102.76977504748   -1219.19834277697    1         0.1839111298283393
-13809.29576008327   13918.17570067822    1         2.973351148218947
972.65852457515      5170.5954101689995   1         0.7215889910025386
-5847.852066542487   -973.4944510157229   1         0.3142907967404551
3716.081292775565    3371.022598677712    1         0.6742367643396813
-6108.950018823262   -1494.0861339020553  1         0.2064916972354648
-7252.3001938658645  144.5462708636533    1         0.2385912275250789
-4001.146343785065   -4166.528732596433   1         0.7129396404004887
-4109.829910552408   -6285.336348836263   1         0.4908846577696483
-12445.138709649746  -13013.366454655466  1         0.11290409290128049
-1145.787198081931   3818.6967941267153   1         0.1994183157826359
-6039.401705700245   8112.938583663566    1         12.296176362781958
2392.223851736355    7433.961464055957    1         0.8983424345818406
-15176.079088863466  10035.317391324628   1         0.5078640317277267
-527.7027392455813   -2225.518053528596   1         0.6601354344331156
1378.8989617905795   -1962.0005345513694  1         26.02017739502702
11288.695605757945   -5862.212601398083   1         0.7216029127445207
4647.247812684564    -1575.8474994916294  1         0.9476304195410094
2480.8446399949935   -2987.5953671636507  1         0.2745460876983977
-4177.1238349635305  -8441.24065288747    1         31.160155151650113
-5742.599442506854   -3356.4990621663073  1         0.8855307819366808
1007.9858797395596   3524.124437889037    1         0.9024134210057791
2339.7631777133834   4397.068661343956    1         0.2724020991311096
6968.46184465031     6019.586012264479    1         0.9688301905887707
-7302.838250121973   7375.940980881067    1         0.6327237453194573
12173.322218213721   7822.994243192563    1         0.7988772283504919
1802.6448932247508   -8416.943729438637   1         42.91933638288211
8411.758689578484    -778.3041714976832   1         0.9064769942963938
3244.1513070733704   -8094.065657210543   1         0.23235065980509748
2858.714796571848    -5934.6548353135695  1         31.10615106082159
2657.780430753408    -6349.975825483884   1         0.23022888911814832
14292.61822821775    2395.9194400363776   1         1.033698946957956
2572.9106597822465   5944.907406179443    1         0.44588393255932135
-5860.567299459308   -1148.4281632197271  1         0.11436893275932103
-7675.831934915138   -645.4080142568462   1         0.8436157113593857
137.37281556117597   3487.5186337689433   1         0.9393496122834543
-1858.1588279198288  -7025.788213480803   1         26.405903939259808
832.3084572491805    -5853.73046761999    1         1.1110145866828678
9336.70462465229     3635.5851626003837   1         0.9666104902265192
-14670.379444553226  16897.21388686893    1         9.15153303390386
-1549.606874241974   -6722.630864660601   1         1.1328519143347748
-3965.106087928537   -3213.6238592240293  1         0.9900685772023605
3513.4867800893862   6584.813988820912    1         0.683812522909411
-1976.6253624259189  9480.416649420564    1         0.28480180174541425
4128.564597316531    6298.224809404447    1         0.5044797461941641
-1644.5655705147537  -762.9530528795119   1         1.1240729373162721
3128.801778583668    690.8665656101692    1         0.2066321861358488
5558.520278748933    -1414.0901436600816  1         1.214060772146648
6710.865583562181    -6321.128272955245   1         0.36512023577059083
