trucks_count 3
drones_count 2
customers 39
depot 0.0 0.0
Coordinate X         Coordinate Y         Dronable Demand
5414.426158841165    -3421.2607581988777  1         0.5665073654575342
5225.681686708093    5107.460860744938    1         0.42887494188640707
9230.228778192966    -4631.552814536033   1         0.515075255321795
3584.142034513164    -2740.7642713447535  1         0.14328984342161255
722.4702189829931    -3419.2937274238907  1         0.4226615499022266
-3828.6418582961287  -11075.431593326746  1         30.95007226877618
6506.554166947068    5714.782193990985    1         0.28250908780527484
-3584.8444389366414  -9916.984584224034   1         0.4422487063762439
-2081.9581767992313  11560.873457561818   1         30.68167721275659
-6907.3941810265615  2811.526408748876    1         0.8483902722011534
-2034.5860707512065  -8100.383023760271   1         0.722032147862322
-278.03285540251403  -4752.6838740452395  1         0.25270953823348796
10335.571675139343   -3016.8806865224633  1         0.9256272957999873
-10505.138490180687  -2054.1043434563608  1         26.66235965276712
2599.4964402183477   8836.190499122089    1         0.8198589290227218
6730.713005874958    -8559.129198540455   1         0.5359043199490903
-7174.428736659243   10056.502014034639   1         39.61907927779323
-1584.37107403363    -6067.941391445892   1         7.794043422293081
-2537.118496998726   8689.99619569922     1         1.1886325842025764
7760.666472446391    4059.3350564414372   1         0.4795887091938744
8457.086288762826    -1153.3078080220293  1         38.199078127062435
4176.537411870577    5381.3999806381535   1         48.262570250027395
-2670.402916677743   5727.779664330944    1         31.83703890363814
-9129.635036752543   -690.6767892137623   1         0.7306340491195137
-9759.078553970332   -2687.050628949434   1         0.4383073923108991
143.8664109724437    7705.510093247161    1         0.8026034095731193
4852.984568384069    10795.53753932715    1         36.55638503545182
7530.467190187265    -43.64834834589689   1         0.8438089553836985
2293.6689953451623   4175.461754863181    1         0.9127871479921571
-7645.725447789919   7321.580258728852    1         0.48674991312967997
-3783.5781814595466  4817.049032608032    1         0.9373596170331391
-2109.1628863494743  6456.029116024497    1         0.6265811132091189
720.1508625012029    -581.0568510831472   1         0.2199100044600515
-10122.573490084833  -619.5818190185015   1         0.5237273883052903
-6640.4057370672035  -5497.472141544861   1         1.2401430535226452
-9568.984653801983   -3677.2023849755933  1         31.430533198824403
-10733.577108236605  -687.8406180837119   1         14.811183910203571
-5287.52416387914    4237.772110683256    1         1.0288315353192863
5126.515114073851    -3957.7462676982054  1         0.20869437499015003
