trucks_count 3
drones_count 4
customers 80
depot 0.0 0.0
Coordinate X         Coordinate Y         Dronable Demand
4569.285271332603    2805.2232747247776   1         1.077637192043835
6739.949806063068    5538.908508881574    1         0.7596374056801007
5389.491459826046    -2251.1663504558264  1         0.567006817441664
1693.40863316358     7607.279052054992    1         1.0049163564468502
-5018.446879875009   2004.8441082200632   1         0.13228792175339385
593.0843831183357    4833.748696025259    1         1.0659024874931178
4632.328984830374    -3267.401833000487   1         1.0548101385939146
16.71884398965362    683.7557506864889    1         36.951070873378654
7521.403573122274    30.242605358730543   1         0.7035311145713103
1371.2988285065003   -4893.796778742262   1         43.64717094086292
-6200.101419270047   6016.786506883289    1         0.3441970349573985
-5910.382503758542   -3527.090141602504   1         0.6576068577294715
457.67554946060375   7448.959751473399    1         1.0270453265975032
6410.023297978055    2277.207927181141    1         0.7441719996988435
-5733.495917279415   -1268.0192025088602  1         0.7732939601903355
2960.9183901429997   4705.761131728004    1         1.0933518116933143
1549.0850879745853   -2673.8247868555377  1         0.5804657812920991
-5096.528177140997   -5041.374668980611   1         0.7405763481156961
7667.648328192707    -404.3123119203715   1         24.41492742147244
3495.2130537526036   -2999.0970522399107  1         0.7060957241468175
6423.9679075924905   2707.3931752318977   1         0.49961720650659125
6911.0885546892305   3711.831880174549    1         0.906342645963149
576.4728784260828    -7370.96382289602    1         0.2921555689545058
-1350.2977224477552  -2935.125684494034   1         1.0850354071724841
-3092.0687383004033  3356.1271583400594   1         40.69427168821952
4356.015093353002    -2817.9571399724964  1         1.3962945873133015
587.2085235533037    4389.9510744565205   1         0.9287351164130353
-3617.8245983315364  -6807.714951033652   1         0.21733390607294562
7150.805506272662    3004.556879751048    1         10.871099477289361
4607.202675499689    -3619.208061149331   1         1.1072309883358105
4691.165723920355    -6764.3803653177165  1         0.1464767559860919
-3592.990278423948   7097.4336244432825   1         42.288321639358884
-1972.352778924382   3611.4101907870954   1         25.485602360594783
-4636.151397835534   -6027.997517803936   1         0.10503004684378289
-6290.636172880704   -1420.8388015054088  1         1.095953152228815
2072.4973147539886   -3509.4100300844616  1         38.928864563296415
4011.676073864561    927.8437046625568    1         0.5867141832746436
-6953.689384242986   -5229.77272816528    1         0.9661655508853526
6259.220073886639    2361.4107946818185   1         0.10627754456801905
-1206.7358639360184  3637.092606222546    1         0.8534108849717253
4847.40643604202     -6859.019880040927   1         0.44310192548624716
4956.260776260064    -2523.143470861341   1         0.5584239880676466
-5652.883925766837   1942.6737206192647   1         1.0934972871969264
7744.928865584151    -4150.5063453161065  1         0.2636888474371625
7199.34172522106     291.70810767653074   1         0.12634907863290656
5094.263851279681    4075.1062273857597   1         47.05570608891886
2686.2326107404974   569.7654330062932    1         0.5688737590471163
1220.3384903951644   5760.883780733337    1         1.2793142628473966
-5348.627871197855   -4474.0587648629835  1         1.0313944093181355
352.79206684140945   7796.458811647101    1         0.46851293363886537
4005.366005916892    -4755.970148112294   1         40.14596360389196
267.70289530500935   -7516.708345758085   1         0.8179159633447091
2530.322490646704    1793.933066366126    1         0.14515533173027784
-3607.43989477273    2790.708573850914    1         0.668699813580472
3772.1748698318747   -3965.8017914411203  1         25.359717998990284
-1949.5519544703113  -248.04106498120353  1         1.1427704566138615
-4382.022311765079   -1715.9610012965154  1         0.9971758099276169
-428.01975404330597  6670.427509214372    1         0.3705071383014855
3982.725364212158    -2070.484437233938   1         29.022372166133106
-528.1293729475274   6189.977998731631    1         16.042804072482557
-1079.7142339583274  -4501.78693681807    1         44.289428216320516
-5779.404975551639   27.6716187125339     1         0.3847783967789009
4093.589273940833    -2484.385768283883   1         0.8434425027834184
-637.111112693044    3740.0552631427904   1         0.782528575960393
-4114.881981821006   5657.777098677268    1         0.3764040499336365
-7233.765192269331   -3571.7668261727454  1         1.0702703150016442
215.87236488953113   -6142.861628647752   1         0.17962337343712445
-33.50845214889523   3626.798282247555    1         1.2308021926671446
-2396.373874769476   -346.2283342970097   1         0.9546763703328397
6002.175551112162    4389.730764942171    1         0.17633880328918267
6878.509496237273    -6128.4548327354     1         1.016568895949464
-5781.969865992119   -6511.894516737271   1         0.6294795500200702
-771.1431002877335   -1552.782505529374   1         1.2082242631064013
7322.14009784925     7740.350280714223    1         0.15623071318178838
-5606.044839733092   -5989.96094884031    1         0.5363852884364604
-7716.708852630103   -4990.379754862431   1         36.09030203693494
3335.9843197168225   7422.654860334103    1         0.583038721626542
2070.899315961183    -2199.4411415998584  1         0.3589513565962279
3392.797956009759    -5474.236823877807   1         0.7905079163729507
-6393.541287258286   -4356.2137851255775  1         0.8070938006786363
