trucks_count 6
drones_count 4
customers 99
depot 0.0 0.0
Coordinate X         Coordinate Y         Dronable Demand
-11464.12465715263   -15259.543496355293  1         35.18884831644347
6738.763105072188    -3349.455814241514   1         0.42191454669315376
-29.44144089253722   9566.536199760725    1         0.8099236131486253
-11868.292712767146  15547.972582474897   1         0.12486715099755881
-1488.0590810788997  -6505.4517381130545  1         0.614334374290851
-1616.8929370832172  8822.239811417614    1         0.9973988084488286
-7064.467662815297   5309.907629858965    1         0.2508755839267988
1519.9135873474988   1623.8508228423368   1         0.24361098772065296
5413.889048396493    -637.5221474711458   1         0.1814703961118231
-5117.816024344031   -7166.188632409752   1         4.265422023384225
-6227.931072184523   5817.669759269092    1         48.738061455961095
-5872.914363690683   11630.843292712045   1         45.012747567143435
1938.030913897698    -10395.905656854973  1         0.41627143147089163
8523.090569067706    -6823.1443950838075  1         1.1648434433341486
-675.1811997357216   3727.6961592456328   1         25.987732103096164
-4736.3677032439355  -5131.657858492341   1         0.4034286940985681
-3323.1621870270424  -2646.96240801601    1         13.59625574949881
-4253.298860474815   -9286.363382148007   1         19.729488068821084
-840.0175329907762   9914.296391084952    1         0.13907011927772417
-2690.2058389733184  9395.071741580548    1         0.8705062584320888
796.9606496935425    8978.785246524498    1         0.1815201447003674
3277.895238731339    -8753.343262455921   1         0.5816171130376466
-2947.555709648999   -1863.3289118301723  1         0.9928501614821194
-8576.70461357103    1556.2506588354875   1         0.6171982704350479
5600.513745819261    -9136.48519299693    1         11.718989161031788
-1464.6788698418586  10196.166815202345   1         15.193201152274408
989.112968968917     -5675.613366413066   1         0.31709811886317907
-5837.430480245042   -5238.82443422699    1         0.19963391683260628
6646.774190967963    -6847.861762952276   1         1.2100928836942992
-3640.7322084659795  -5890.329017158712   1         0.9809950786176056
-3924.8806927708665  3046.045962020186    1         0.2149052360970256
6955.4621048702      -589.9220596020693   1         0.5504979534923947
3716.837735692037    52.62870165359731    1         0.8321049643646374
8249.665837888335    5676.375575125878    1         1.1496108920550179
-2945.2070851737     5967.180854131829    1         0.23337488658331007
-8279.077911308268   -5618.437455811167   1         0.5145660903171317
8705.00693013916     -4702.381763734291   1         1.001013229502494
8052.415878154735    3312.6338792994      1         0.14039730432135167
-2569.601165073026   8368.673433441203    1         0.9424741636305923
-9054.510479149953   -6114.521875148592   1         15.542904530269999
-2448.138364654409   7352.655600721817    1         0.2151858244680382
-7138.418610615962   1008.5905644454375   1         0.8315588946386522
5860.397399971852    -7871.296338367723   1         0.15460902057142079
9578.64194563383     -228.08660256740305  1         0.8358134797731327
-2589.393954251169   8438.55734544632     1         0.961088543583625
-6921.684486463175   5928.124210939487    1         0.8732480222448687
-4432.22360389807    -932.1218103139196   1         0.5748755609510282
271.62365953427957   499.81989596747917   1         24.81671510098982
-9147.181203862325   -15207.671242935248  1         0.19860618304198352
-2139.2273280513573  135.93488816368344   1         0.8136345554175219
-2389.110103285605   -4869.755984227164   1         0.9970758234138218
9246.96132182068     -773.0574608261923   1         0.7541823341511478
8072.497613972826    -2500.979914624403   1         47.22267387156851
5933.437453501572    974.2852268528646    1         1.173055915084212
7577.43169577555     -1738.1920893672027  1         0.822002572376967
1626.639594107018    9485.783313502332    1         1.2352652407792093
-1701.8434260449424  -1163.7345956414365  1         0.6787996936157098
-8419.759141014483   -4004.494994098525   1         0.513379854628829
14402.728045626405   -14393.046181558258  1         0.7754107102695653
2888.063399883402    -9795.913767611179   1         0.49265974332925677
586.7397747868274    -783.5763449103968   1         28.403128066712913
-579.2485424141578   8702.5556698513      1         1.098159763627123
-4325.581341309481   9687.604120072003    1         1.2432449200894926
-4719.366060577193   -1205.7842199083373  1         0.896871852691351
-4672.524600440195   -630.7309346774038   1         41.02663963844313
10852.445574913947   1045.716149537811    1         0.760247231484933
6421.492635663955    -8737.890092863734   1         35.49219468812524
2137.250313525174    -272.3966978507859   1         0.294806247217167
-2422.301381426365   4175.2314693787175   1         0.48453982689297315
2872.960576346285    9394.932412274453    1         0.5856915449967489
967.3269304021346    6258.194796926719    1         1.165926317728481
2893.461646639578    2388.8000424145275   1         44.86779992066799
5431.380995225289    -13515.969593010954  1         19.406125642089123
-12648.766785325266  4869.5386682608805   1         1.2138148006616256
8237.52728961468     5468.745819709145    1         0.768162450460968
-7598.8071913912045  -4241.297805608728   1         10.721272475431144
-7646.499879895669   3752.645414008064    1         32.346717963227945
-8950.049140034827   -1863.966645171022   1         0.6318238467661375
-3093.927426588146   7224.655219260524    1         31.63491005514863
-3545.4110507527557  -7297.584159738764   1         0.8675893535412299
4034.6392968185487   3710.735124550081    1         27.290568866372816
9467.627200793551    -9789.571485396147   1         0.5141587210810058
-4721.546205856793   544.6005068572425    1         0.3668722597630635
-9351.558291404775   3003.8511278879123   1         0.18859414649671102
-6004.065143068254   69.28637375284347    1         25.25608131124302
2542.586046748237    2584.2677564431515   1         0.5579240500806274
5844.866425384054    5250.02294736895     1         1.1493345421275387
1409.166341558554    -6192.735636361462   1         0.6925867792568435
-170.83045499407308  -10016.816304760527  1         1.2313032952376033
1521.0807287389764   -6291.894629295747   1         0.32618233302351574
-929.0769923608203   -469.6209340809168   1         0.12754437995097287
6673.396958085657    700.2259239401246    1         0.7151555023206962
-15034.072050562248  -7516.031984118643   1         29.552791015930932
6207.535918281711    2638.499786469259    1         7.51096423242041
-4212.467875275265   1271.7523540287848   1         0.8832787644050628
-1371.1866918016515  -10638.263201803033  1         0.9985093182615574
1568.1204152483442   -12549.9690886003    1         35.05572612097068
-2961.8613292489085  9313.371149477432    1         0.8425797148104295
3542.627587555191    -2661.993549212393   1         0.37045732137319975
