trucks_count 5
drones_count 3
customers 62
depot 0.0 0.0
Coordinate X         Coordinate Y         Dronable Demand
-5030.746063768586   -2094.192266157016   1         0.2263652709855847
4484.4794813710905   4578.320836365227    1         1.0293639980938158
10387.494897873308   -3082.726859601626   1         0.4377539780265087
-907.5433467300793   41.017133945155614   1         0.6105054307021041
2201.9441091886515   -4764.229740529444   1         0.17953463350625812
-6165.862996958851   -3050.1241089066243  1         0.1207067323736061
1595.2802434385535   -9860.98411049581    1         0.6665291450122591
-259.1941492212452   7869.525533891259    1         0.645479645913834
-692.6034277285398   -9855.151604479026   1         0.6817056906593203
-11149.680504873104  -6699.356738015125   1         0.2684102619280646
6192.372797157246    8025.841112116732    1         0.3871655881268482
7459.325233944163    1210.0453361721723   1         0.11832535817505788
1095.9451640927662   -6559.467652084576   1         2.9590836701305094
-3780.418596736343   -4534.90693637494    1         0.9406173637758166
-9027.839124914268   -511.4605666467946   1         0.3471196194284883
5802.951205338666    -2585.0115212196906  1         0.8979125324635684
9711.894565003688    455.57769654885925   1         2.5877822148662872
8322.41928830148     3394.123448142092    1         0.43701936040359735
-6801.557986934461   7009.141198325047    1         0.2373341136387713
992.891397970342     3762.835792635389    1         0.1480683096662609
-866.1952155973341   -4328.870832875146   1         0.47924326344613866
4348.683270599979    6511.415035904614    1         8.335100282482106
-5241.319149751315   6526.965082784697    1         1.0680476093032476
-3332.774992919192   7203.7548274843775   1         0.2710480947654292
-9680.314787398052   -980.2861476275923   1         0.7559377102985405
-9643.860759435123   6736.480611760258    1         0.5257732357388051
-3776.611916593351   1003.7775961693253   1         0.40340243278624066
4829.119320204776    -3151.8195102005093  1         0.6872557019805849
7725.423414437415    -2703.5788849761884  1         0.8015034328087739
246.1338849793042    -1073.220820273759   1         0.3568914782132704
-5212.787553730686   -5491.736197836533   1         0.6919716534966848
1284.2157737205657   8976.485872909616    1         1.0174932283843248
618.8795942501929    -12041.137185698692  1         44.97505652222369
-1032.452236800814   -3182.5686129268743  1         0.11875629995175457
-4792.788244519615   1817.9439011187756   1         0.6283812549298888
-11068.54867171236   -398.7926931015227   1         0.2905349994993486
-1987.3145016433912  5775.653772462504    1         1.1508722818684187
497.4280985465869    -9582.078009828969   1         0.8305139616078253
-8352.463345276316   -5522.605826399898   1         1.1072465130809408
-10218.872740575496  -1192.314284116127   1         0.16951817985324488
-6488.743586038876   3476.960622420081    1         1.1021818784226884
714.6564512094678    6610.263468495118    1         0.5099588341106381
-1067.3065610036174  -2612.41870943709    1         0.36783677991899066
-7327.03669236571    2392.0404248145073   1         0.6348709162013938
1340.4373353254468   -914.6527683184455   1         0.3146260686174058
735.5251382537434    4963.120232622785    1         0.5968263272813422
3105.145490830499    4547.695541466618    1         0.14645981617980952
4546.709216357936    6872.954867266424    1         0.9458083694355285
7851.52768921605     -2315.8287284598423  1         17.090272193961095
-5088.626730344809   2053.5951359096584   1         1.101978398916723
4117.33556021948     -7746.4335881188945  1         12.265074642405837
-2528.5104213714203  -6996.04946693043    1         0.3878092943777298
2857.35938871303     -4317.45262633406    1         0.6082967107326473
-3666.7239612750245  924.0786464306206    1         0.38335462905775086
-1620.3956518828156  -8254.224696559359   1         0.23327613689117654
6843.68164371684     -1018.2265510063278  1         1.0854642775831045
-8191.234679512604   311.477965091363     1         0.5400468995414044
4616.525327375724    -5514.925102647312   1         1.2103391295124566
-6559.328268457866   98.0849593002734     1         0.11927628764189288
-4817.261888788061   -4997.494947512026   1         1.0240177345775536
13144.059280711912   -3991.889417074877   1         1.2350803692509764
10222.417184253953   -110.75486264199459  1         1.084954837870205
