trucks_count 6
drones_count 4
customers 100
depot 0.0 0.0
Coordinate X         Coordinate Y         Dronable Demand
-4114.354943727551   4916.3588286387085   1         0.6138697783238244
6231.111226140015    5589.6342457656065   1         1.1044284498903474
7382.773534356578    -2285.9099671761765  1         0.6570409516967551
-8356.835193244837   21.20699911107222    1         36.442924238248295
2025.1190263706521   -2464.5462383265854  1         1.1732886809303034
-976.9391860518687   -1452.075279467735   1         0.42380708083064567
3373.911325168206    -4216.263211176914   1         0.12522574654270194
3417.1296627611555   -7801.520927362163   1         0.7781091041619823
-2100.9475789051003  -5793.39944104693    1         3.967611629731702
2689.7591577828466   -6475.953449688369   1         21.29529440958877
2651.9399387017183   -5955.340895685717   1         41.037248868153135
-2323.301074358312   7555.370322456897    1         0.8261374247363297
-5444.617434552046   8329.761531476744    1         0.4306391394415854
41.80960737280465    2577.5555370563106   1         1.0513469013218726
-2883.145974578367   4773.71266575307     1         1.1857469484862802
392.5256116934284    5823.501400953622    1         0.1812826558047234
7610.482395176506    82.966314133439      1         0.4897737337591037
-5764.8383837163765  -8736.779109608837   1         1.235961963041932
7621.297663676797    -4808.542065413482   1         0.7359423791673447
-7344.24606066972    -8133.181527323713   1         40.166044205194375
1500.634114987172    7925.679380859188    1         0.1968374768353587
-2474.540096324586   4196.92324808875     1         0.5895431693184261
-5707.343096126452   -6698.306932082634   1         39.67901492136125
7638.545324138207    -3918.9610359590483  1         0.2851475502603984
6622.5225960282705   3592.8221130035276   1         0.3568296778240957
-8029.442872615587   -1737.5794729819834  1         1.220140333075789
-7298.794864072515   7426.108588436382    1         0.9426301011666959
920.9950954605634    -5424.152218064659   1         0.8190624560647882
-2938.805358743687   -6099.690393410075   1         23.310543453303154
-7634.422409231308   -5326.668066924003   1         1.0108757225678349
7473.060835758931    -2575.7250308909306  1         1.1719347108655556
-8176.285950718763   2169.0923601803843   1         0.9838491846533823
6143.867285009391    -3381.462682225492   1         1.1812970238117078
-2083.09359719653    -6417.395656975981   1         0.8743014262010195
8215.864102889405    -6725.205145381551   1         0.2567021329594319
-4039.316537171148   -3923.008958091795   1         0.7238476313622123
618.8703074348086    471.8403580781269    1         14.356457250677511
7242.950918093319    8060.296868372499    1         0.8473066334012394
6556.548719872786    8460.183722823342    1         13.991382093045994
8104.79851346712     -4921.074973951589   1         0.7613092750524382
5465.390820105128    3541.5915606759036   1         0.13079035188599622
-5047.603334363225   892.4673596818013    1         0.6656397534576526
-2719.4627044323593  -7083.126243104057   1         37.450109531063035
-4456.592914634641   3789.555997942121    1         24.574611940231712
-3741.922778183684   6469.805442758741    1         0.6708462540755981
616.0700439611239    1689.3012794481087   1         17.100349975645155
8258.170797972854    5181.09338349984     1         1.0366700439168723
-1377.3264123409872  4481.426873910169    1         0.9302122765028652
-1141.6217952341933  -7685.0383917483005  1         1.003126883886805
571.4672077892662    7124.755566574127    1         0.7632427777225993
-4508.568805158746   -6861.562575959709   1         1.2465725950211506
-3716.920484346258   6093.742597917277    1         1.1693462654941502
-679.8270098855384   -4011.432261495889   1         0.4924781726468581
-5734.6500220743155  -842.030092768121    1         0.9080324499874839
5137.651536732712    4681.256834087882    1         1.037055894072801
7108.159169636408    -354.79292339856534  1         0.5281902842307197
5802.777424695864    -6190.379104966981   1         22.43909314928439
-2180.396366037919   5872.075887376373    1         0.23329093329232675
-5950.945383450279   8469.153232766728    1         0.46295028167757224
6478.642008519378    -667.970257481616    1         1.112918524152
5964.027227467483    -1773.320039348638   1         0.58049081324152
-1755.7646922205329  -6227.3425879487695  1         0.47774132265244296
-722.2767408524369   -772.7635235377857   1         0.2204535559735763
-5928.875979173476   -3024.1383166565447  1         0.7904244927697854
1969.032164887789    -7516.454423268002   1         0.31249153647287153
-3822.5948352390606  -7737.510901390576   1         0.50071778860928
4768.3460882860545   2884.8990470617264   1         1.0258703590742626
6554.667192715937    -5632.506263401163   1         0.539373069399626
-597.5805361975561   -4115.567465592884   1         3.3813811836450167
-8598.60967101627    -864.3152137631424   1         18.362650266676283
-2233.2464274171925  -1397.1838525057783  1         0.8595998941602762
-556.8128416164183   -7468.1318890484445  1         0.7637801547512149
-7233.685531273308   5984.077440739325    1         38.975449973728054
741.4558868729523    2820.9448413232717   1         0.21520706497803938
-5583.663285379925   -240.8974212581122   1         10.893423276771799
-8254.982121853182   1461.1355661457394   1         0.8554200477835331
1232.6405385628818   -8326.564899271953   1         1.0363019130758357
5291.959488422872    -693.6583667240617   1         0.9263520230521964
-568.6040563540735   -1461.245798935594   1         1.1065458695553518
5020.85604910881     -5622.639575990686   1         0.4226897162364691
-7023.0348256211855  7279.5806245659405   1         0.7858317051782577
-439.14146418224067  2138.8952691566474   1         0.5516299450903729
-397.13918181369837  -5234.901649684718   1         0.3822599909975547
8221.27762447401     -1252.0176723855004  1         0.37513841797149083
-679.5953376612313   -6824.6057091667135  1         13.502261137492463
-8544.635804431406   6749.960076439235    1         0.18765693019762517
-4157.157195319831   -2621.415016515682   1         42.008656762582255
-8679.364640923657   -7427.713716833059   1         16.219726933357165
-3095.8704311440742  -4930.401338058944   1         0.5912974250926377
-4777.111883941786   6096.323404043555    1         0.7201497400538702
8142.985859255079    -7387.834685018948   1         26.27480729406513
-4055.4445707630966  7831.367941368515    1         0.9270731047210853
7781.254369243476    4284.893772571817    1         1.2173877137164497
5722.42596418718     278.5627951445762    1         1.0432539052172534
5763.870935130322    8566.422328247956    1         9.382241008672029
-8004.645535987836   -2077.444075784401   1         0.4827787654985719
-1413.211668482432   -2384.06136933421    1         22.102804736277946
2736.1986318293275   -6696.170275439556   1         0.9401522915853983
6999.257887494012    8115.281250998456    1         0.9524687330619572
-846.3642958875541   837.7019063437191    1         0.7354983723371415
