trucks_count 4
drones_count 6
customers 95
depot 0.0 0.0
Coordinate X         Coordinate Y         Dronable Demand
-372.7336123686634   6799.886165515247    1         0.9408529183826643
-6388.018031517224   10874.6893492421     1         5.238266893227387
-1193.1408829635643  -2842.541104501131   1         0.7134451652492172
8418.508757330044    -3171.485952401999   1         0.6190219940202137
5662.215205913817    514.2029997172158    1         1.0131554682685324
2813.6735030546297   1156.9165456610283   1         1.0411537358292462
3466.8142197691304   7097.831530425647    1         1.2314293915033128
5654.432292887595    -386.0993509482521   1         0.7707656671317328
4193.0063080286      -3172.9962074545506  1         0.8401354707833064
-8719.856444004261   -4173.175839344556   1         0.9143763070441895
-8916.715955574358   4666.946816102536    1         6.889298591518722
-5600.883069033186   -4976.499918949639   1         0.7165624292790013
-946.7540886830739   -2754.3680041162406  1         33.34282145491831
-5406.381462481544   -3525.3532578925087  1         0.44903864450722897
-6016.523672084465   6301.819840184726    1         1.201377581871207
3158.7547888470126   -2397.3239917486862  1         6.609897909484093
-2045.516271114575   10595.549534897014   1         6.156858676658827
8395.063543689263    2330.777729436797    1         0.819305980658162
10173.475150830709   5550.3919001273825   1         6.851697560555521
2182.2331384665613   -4653.935637780536   1         1.2219524533086084
-3313.1985204423627  10892.521000559958   1         30.47110811179161
-5734.697073557874   -5594.443751862512   1         0.8614823813621749
-2975.180004662961   10137.063033694589   1         0.9065103849911481
2449.029429961508    10384.485813462352   1         0.7632348069546482
10047.754722139674   -2881.6952018166194  1         0.47403379401237244
-3924.2804887791813  8267.29959731766     1         1.2026342793486358
-7375.23808043335    -8774.295729302255   1         1.1485737221251793
6917.7375413679765   -3426.722192120619   1         0.8431901301354371
7926.59299120855     -193.2993337024203   1         0.5678903904023432
-9574.088084547308   3560.8544816428894   1         0.43925087147670505
-4009.3251644765205  -8434.331730323673   1         48.004859868363965
-1839.076836724905   -18.440012444967756  1         1.1817323282280385
3044.8573175876063   3817.2082389951756   1         0.7774039139401162
-6690.202841434555   -2033.6662007405566  1         0.4816547238980907
-1030.4721872937098  -4511.192908630472   1         0.4631001527312687
1043.5138631448444   -10308.857880443631  1         1.1224765455591261
-10528.88103092029   2790.9145531889008   1         0.6035559387518126
-6794.543185082038   -4792.075823967707   1         0.6459185632554006
5524.010363097868    8580.098517524466    1         20.16491435691042
-9811.852152486772   -4384.507105806559   1         0.7886078783479588
1548.6124677783318   -4037.6785468141734  1         0.4617917553085896
6309.240244608238    40.9214667919714     1         48.68926051257207
1877.1031167799088   3209.0423825860817   1         0.35709166330135333
-8881.972555372688   5184.798240722403    1         0.6664499752201293
-6557.608024116604   67.88873951241365    1         40.284846570569286
-5547.182886951531   2087.1727203574796   1         0.14133561705456
-6549.646152715623   -1196.176973156847   1         0.5577768780121274
-5360.462144914988   8457.198580163884    1         0.7178616726054935
1411.894267526561    10142.839973147913   1         0.22262840769022865
-8519.892259756163   580.5812056018267    1         0.20428319003796486
-5933.934394935195   -7615.167986355833   1         0.565316587579886
-1020.4829657383258  10044.817362981852   1         1.2249601118301052
-10179.910794175805  -3949.7740297747896  1         0.8160625601296522
-6762.421250853078   -305.95653786953045  1         0.918775194335441
3402.0007155391404   8883.423534075171    1         36.31303852566718
1742.1580577968653   -1415.5146165589122  1         1.025355064956209
4559.737281417627    2647.0625736090205   1         0.8728039882849251
529.1459192928326    7738.992119069904    1         0.3040857952537199
2019.8814861526425   -3877.017588353693   1         0.42698627998143157
-2724.4693306000754  -4863.2620147073485  1         0.4151508251010868
10512.207157841407   -10143.07258427079   1         0.678623672575247
-751.5768787833792   -6072.95081931784    1         1.0892696848339904
3534.8343783827722   7618.262847068137    1         1.9336316088580288
-4248.970131710288   -1044.139545216306   1         0.9937520042156638
6725.36230794778     -5659.860546889282   1         2.86174823240726
-5236.4938185625515  -4288.093770643575   1         0.6234444586362352
182.41882465951866   3664.577188111674    1         0.12568962072469833
8182.13402727307     -5815.121510891916   1         18.814705672039306
15.233568760530206   -4852.117767190969   1         0.2351144868029864
-7181.212638128115   -9211.471305866828   1         1.2023790229802866
-2052.573770178628   10327.004153665006   1         0.8191626340147289
-5392.339593190264   987.7511858210084    1         0.7229238078457767
4262.123999250632    8456.69271758287     1         15.103683821721484
9319.647886095441    -5390.818248211535   1         1.1184095537867373
-9279.047512334106   4977.278206997673    1         0.2311123139608773
-4959.798310568339   -7511.089838902849   1         0.732494338103548
-7772.997740020191   1402.0373900723316   1         0.6954684296383801
-2305.7645160820316  -7530.412906177304   1         0.10230244729045487
-6878.2105104234715  6462.562328883221    1         1.0070785677757401
-697.4504088171346   2481.493998318296    1         0.3440675668475788
822.6282545558684    7789.781019095525    1         1.2078339709337327
7096.873494563027    -2294.6117517039193  1         0.3369675935050366
1764.2695860530312   -635.8054176548515   1         0.6837421842146616
1943.320972160759    -7895.722707534247   1         0.7694888262928964
8184.825725021204    2226.324424737459    1         1.1340512414102093
4905.531748497493    2187.138132587568    1         0.6165646155136175
-6147.274768397705   -6313.49340867468    1         0.42464607240335317
2288.4151240517695   -5158.276972050578   1         0.3995866340851192
1341.078669273918    4381.02146683042     1         0.6161572987884686
4495.011263977443    -7326.592931066868   1         0.4275073028333177
-1783.693995152183   -9805.536316224434   1         24.242060356899344
-7765.747276876148   -1582.1583225536247  1         0.4843604921665089
-1800.956019828927   -10320.525567079327  1         0.17110108950258915
1451.4016438019573   1480.4175801179406   1         17.119646070215854
1727.1968010410412   -4998.77446841685    1         0.819486594848143
