trucks_count 5
drones_count 3
customers 70
depot 0.0 0.0
Coordinate X         Coordinate Y         Dronable Demand
-9740.534638510928   -921.3175945963566   1         0.7127521114378845
-2903.121953377948   5022.043769783719    1         0.8749642607249694
-11448.32437155924   9933.421713558091    1         0.7805967029599219
-7021.327756422352   1387.3776564438056   1         0.43668018597225344
7966.443517740172    -11180.041639458192  1         0.5419405802520638
-3691.985033542962   -6700.1629914981     1         0.15477826481899043
-3437.6600346463683  -4566.594407504439   1         4.020776601831452
-1304.402463621845   5209.839732404789    1         8.60850646908845
2048.643634837541    -2625.6066801799725  1         0.718464105125491
-5359.761134601876   -6644.137154247045   1         0.5787168013763512
2312.9848395005365   -2540.753927020031   1         0.20947334144879448
-1943.007589635547   -10430.765493201305  1         0.790595250166331
1482.3685111923462   -10167.522708079488  1         0.7255935402437113
1392.5113437091131   2005.3743545115576   1         0.8759529814060837
-10975.294170480369  793.4472692527706    1         41.323269891989014
577.8708257827469    -4548.610874848416   1         0.18464727802187586
4651.697313402254    -3756.939859242991   1         3.6906626169959007
-2087.0268375854885  1248.78030516744     1         0.16825792652083787
-7285.220282830457   -7394.0437476512925  1         14.804376943248963
-5435.611719260395   -270.2723114194841   1         0.9139500409336422
-3413.0626591068717  -4956.363073729248   1         0.3732146742588407
1233.3306844709562   9205.038632429874    1         0.36053480755737
-8171.905087406098   -218.30025833616642  1         0.10445372511594497
1605.2709571741868   -7019.299530579458   1         0.3041868600299557
7240.102990172056    4964.663488955268    1         1.1143888329090343
-9772.203481467559   743.7565851973486    1         1.0397006084370632
-1803.080591484123   -2023.9081260434807  1         0.5446655522306851
2944.2604052312445   221.70394233274564   1         0.8067849511880988
-1501.9358950433736  9884.547702264501    1         0.8854156754585023
-1142.7219211634888  -173.40569048793245  1         0.5580119350831501
7173.032451241612    -6034.54526765448    1         1.0147398849695735
-6447.369325551268   4946.458893983253    1         1.0775211967445308
1580.5588961037436   -894.4934301773328   1         1.1871994324896344
-6286.652395085269   6050.557330306023    1         0.19161118787057135
-6348.259058977871   -8147.244970573176   1         0.9556526488003442
-9807.65251599942    1310.9836159265028   1         0.9460176341392348
3806.4560029560034   -3445.544094429531   1         0.14711604598613104
3921.9560495178343   6034.559114993218    1         0.7055850167302439
-10005.245368197151  943.4961004418485    1         0.48815734237190966
-8000.264274672118   1571.4773165672198   1         1.244169031355928
1088.3006251788793   12146.324125645984   1         1.1156464453540924
-5208.859308500383   10475.320351339164   1         36.63123301399171
-737.7637979281782   5022.196616161792    1         0.7598923514623263
-2040.826151654699   9730.555586718167    1         0.3023728183547344
2488.061377372923    8767.662745602234    1         0.6641091288242108
239.99002741004688   -9283.493274168744   1         0.895137164130863
-5277.288442320188   -98.43338715207159   1         0.26911136969453653
-3376.583329828467   -10760.538094347388  1         45.616129780424224
5022.917231691688    -5265.213442654909   1         6.270709501734246
-567.8079621442391   -2218.950256166841   1         0.6551046402636713
6949.68817890025     -1175.3959520231201  1         1.0056195846219171
-5368.152771889058   -2972.359327424146   1         30.018519688991535
10214.006011636946   2380.8819711530136   1         0.12104456347359273
5121.977280006677    -2119.85132936425    1         0.6470602127687306
3592.9408655683073   -6393.593589586914   1         31.22706952074911
-1372.218134999909   7326.759257729443    1         0.8385498059394959
-3616.1950842223246  2857.2635372317145   1         0.7308733161174163
-2014.755662410781   213.79934118018159   1         0.8589510109252955
-10171.824316973929  1498.701040085463    1         0.14937769062825434
-922.5098834131812   2560.8495072129745   1         0.34763494908111886
4358.638427164948    -1796.3128923230765  1         0.38433190217848545
4859.243115928522    6984.03233300534     1         32.059704730479666
-4107.189681147521   -1380.2984318674664  1         1.2029592210002182
-5263.28398951767    1162.1891545351625   1         0.4466519096513515
-8705.316116228665   -6584.656876338361   1         0.4800012156205098
5455.091548801836    -1504.562516316375   1         47.970303409995125
6612.749445573599    4969.704945986424    1         1.0200599200890934
-8474.169678393595   -11363.161875746302  1         0.48144227365028636
-4312.127496539151   5177.9514168849      1         0.47570355237053885
8228.85725785669     5849.878123590372    1         0.1472173248925469
