trucks_count 4
drones_count 4
customers 100
depot 0.0 0.0
Coordinate X         Coordinate Y         Dronable Demand
-8960.373863790952   3042.589035812554    1         0.7750583753586405
7086.449685353752    -4470.87430969193    1         0.3462738807972934
-5144.340693030688   13872.33145714602    1         34.29653368682641
-3112.3135006472876  8124.587904071661    1         0.4312186526161693
3871.9770503534605   -5489.801704669501   1         0.8780842081639038
-4487.23453003227    9522.004720770121    1         1.1155499494577916
-3405.1160178595264  -9816.05265145389    1         0.24186702344543723
-2851.0486389274492  -5461.782391071493   1         0.7616961986273592
-11552.206015929652  -3564.4514089072927  1         0.3078765551020749
-5534.873534002326   1391.8165008249625   1         0.8847429740118118
-8388.113384468908   10667.874435495449   1         35.17105588808012
1689.1390283588778   3565.116893199877    1         37.54879091790869
728.1058023515507    2342.7294806699556   1         0.8047300320113133
2531.247119907131    7424.571791289226    1         0.9767904091422157
1901.7379490446403   -1520.4559463106777  1         38.867315054463816
-1811.4448735872836  2026.7749722427811   1         5.106262270292441
-8731.670979122624   4791.483810585146    1         0.5522516735358963
-7503.163034353824   -7606.606311584876   1         46.81645888898972
-2616.7371561322993  798.3188559923508    1         0.35728394104840533
-444.7737935159749   -2520.363661756788   1         0.8496992385099287
-6524.602060046738   -1176.93469431351    1         1.1983199850057402
-1556.9578140429712  8223.843597003879    1         0.5980064226154815
-4190.571688720622   -8521.924485423571   1         0.7141919940228937
8153.807670425407    4764.211025485186    1         0.39213482822149004
-7114.152903555378   -2592.476181337009   1         0.4112609966858106
-6062.7016255475955  -8783.92260599874    1         0.27870289877221144
-13193.782671981811  -13511.260576689438  1         0.8684384373308611
-1659.256896680923   -10646.651647255749  1         0.3851632696125047
-11721.040954368456  5023.726068941249    1         1.0341270183563376
-1394.824733016803   2721.6159115663113   1         0.871323242613066
-8054.640029065895   1709.7624586474317   1         43.81053571589034
6537.295565334165    -2749.89240088893    1         0.7241164478951421
9540.532333824553    -3457.921152997951   1         0.5579698335897519
-8588.599062458265   -5415.372661104036   1         0.6333259435842936
-7914.0361539627775  -3203.632591674984   1         0.6306718886691172
-3848.132529888317   1298.7136778167364   1         0.40242297591887966
6065.040666976206    -7801.671265934889   1         1.1453863184572686
-5820.91560127133    7226.578535561238    1         8.732788435639883
-14475.326896985094  -2243.6507994119493  1         30.54973723599967
-3045.0970379589853  -12077.244492558817  1         36.89171479302807
-3910.854854975852   -9201.016975828146   1         17.0936294874669
-4119.830525962079   -6982.39357326153    1         0.18601508226293823
995.6753595373724    3847.464798218401    1         1.1522330410812216
-9390.00516180664    -2062.1456658916527  1         0.611561196036727
684.643061241748     -4056.2424228399286  1         0.6838960415254516
-4562.06239213453    -3151.5484914686244  1         1.035342358570388
-1533.8082497211956  5186.133009581332    1         3.2003429152231453
3597.7887530944463   -3766.9130124344924  1         0.2330137033872933
-3749.016573279061   -11260.648353283945  1         39.187810090107924
-13624.942581983392  -9597.56518363822    1         0.8166671619411376
-3955.961913257855   4869.823504841466    1         5.498621114529722
759.693980999049     -4855.926440092886   1         0.604290515120076
-1404.5466661791575  -7959.351612397698   1         1.1415069225475363
10236.76792951616    2783.098453040924    1         0.8762220568906166
8838.413408961269    593.4132206767782    1         0.1112389240868963
2332.930297177678    7804.722001775905    1         0.5919831889578631
-3821.2974316340005  -6908.651900611377   1         0.9479914339309381
-592.6551167830232   6359.301562746725    1         0.5269418611937405
-7153.400584163897   -141.85714357730612  1         0.9994290429776646
9822.661810306976    2896.383574947749    1         0.7943604919182796
-10213.740241097745  3831.5901023008005   1         1.185504172671149
1875.4782564110192   -8926.73278843665    1         0.4564453635254584
-7202.164712099235   7642.604099395392    1         32.994529795354
-7626.894223651346   -1225.2697805073894  1         0.8166797010499792
721.1512369178104    1027.1331739001985   1         1.1840369997574263
-12518.422993084332  -13765.079966126134  1         3.7037868551077766
-6505.413042613228   8197.36992885912     1         0.29526515105065443
7482.820110994564    -6144.476049288805   1         1.0127616584475212
9537.937092812435    -197.17564800382388  1         0.4963841315584476
-3440.6626309944454  8608.880361562804    1         4.291669620077185
6314.183786661724    -1421.5328574685498  1         0.7446222539649368
3863.4316197221433   -10185.978092025767  1         0.5822832715346096
4885.070714704295    -3568.054435356427   1         0.3721708912322974
-6229.219536697159   6389.5899305858475   1         0.11922463191808857
12593.451683064855   5960.319384062126    1         0.6528323702730671
4585.217048989504    6184.328724390674    1         14.418742342056575
-10420.879487535301  -1460.9630154722586  1         0.1807435774912414
4177.078234548526    9517.919596276464    1         0.7154654175215975
6921.083711788204    -1468.2054927137767  1         0.2911408840988801
11641.140353849352   5264.149848191644    1         0.17641529245912024
-5875.104838587279   5554.922814677242    1         0.4220484907404598
2351.9505554495645   -10784.070236155969  1         0.3907355934587783
-9621.835195721795   1380.5021225135183   1         0.7985548258226205
5635.102032565389    8339.022925894904    1         0.9054282391385386
-901.3443142488289   -4186.315593227953   1         0.3229750444264562
-4381.090650481732   7115.6830650825395   1         0.5966626051596383
-5826.9777908404     -6137.196862655161   1         0.7043787868847272
-1995.9218832060842  -9286.88859759221    1         1.2259737503074317
8594.41308767263     -1080.98935801435    1         0.9098898667825434
1327.935936463744    -1254.270418945722   1         1.126408921231318
817.7259984887153    -3563.1586635606086  1         0.9555716962610499
-9720.91710589544    -670.8543937459181   1         0.32660890510480145
-9822.870132190934   -2939.2229203303505  1         1.1728142201273415
-13551.254874820494  -7011.814245473029   1         7.306729493250949
3981.9251272285255   -9367.421216255629   1         0.18456182989506645
5721.10608264409     155.95195444619208   1         0.4185287786389241
6240.423431528389    2475.440115462571    1         0.24139329837333354
-1218.7090148090765  -10456.758335603328  1         21.977569059650698
9565.805669547593    2909.9447891624927   1         0.749255756883477
2974.033976449974    916.041843975875     1         0.23672485149212308
