trucks_count 4
drones_count 5
customers 95
depot 0.0 0.0
Coordinate X         Coordinate Y         Dronable Demand
740.2301891889718    -7545.8033695858     1         45.05088364592888
-4952.58788739378    7007.945071887094    1         0.7319399658571014
5169.256049796763    6577.2518195901275   1         0.28970462879296777
6664.736383336892    -6517.656467076954   1         1.246608117548439
-3462.1935652792836  46.05338533063104    1         0.41429324709708726
-6403.068174513794   -5210.776108414191   1         0.5490074346866524
-12088.761483706621  10888.841974491093   1         0.4608371351146593
-3770.830961674173   -7302.962365131582   1         0.7189896286009245
2953.9665040565064   -4189.330290306442   1         0.9872112181462521
4777.983997017778    531.0737108035642    1         0.7042580999225173
6055.426771061321    162.98153390988114   1         16.09135427720384
7398.226761625654    -2530.004799444658   1         0.20329820222248157
-3083.515379800675   -1637.484350483591   1         0.21371448210672994
-3089.6936271076524  1915.4256211506934   1         0.15259365198271657
7956.479105427622    4421.178208474192    1         1.1487344281195493
-5803.434196738407   4014.063705024666    1         0.6072632238041004
4267.357695350093    1007.8923973578682   1         1.2469486250732231
-15193.762723256015  -13265.520073483576  1         27.972239048979606
-10449.967178616758  1844.8143680652183   1         0.8888353958850719
-5405.3185499704405  6537.944479835008    1         0.4037492518978396
842.1311456379706    10131.573615285703   1         0.9050848329091045
-4873.894871088032   6295.235344036966    1         16.901649492905385
-611.7538730744784   4304.9169616127665   1         1.1974715910541742
-3725.451323386964   9957.4812976757      1         0.9208581149047423
-9320.425776912733   93.49884090067042    1         1.196835855952673
-1454.3133326218453  6621.323244526482    1         0.44921886417211
6329.372390058885    4770.118016538279    1         1.2470832501218914
10764.26865785641    -2448.158126756778   1         0.30650307751892764
-8599.614589152201   -4402.433409357543   1         35.03143474705344
7563.6298371040375   5411.165154047072    1         28.238090805388147
-7749.4058716325435  4720.190396962021    1         0.7878952892179343
-5166.329014119736   5052.198422510742    1         26.4713168175624
16318.746134983667   14363.39020645892    1         0.6359484049407154
8131.077402098196    -4586.536231568187   1         0.2441845389542669
7547.927110508791    2029.7704072912368   1         35.097674796047336
-2753.071527959997   -7493.992822512549   1         0.6962544113326884
-8819.230419541624   3034.6392254532293   1         1.2287055034987049
-9915.522548538154   -411.6620980587761   1         1.2098917759662304
-1397.0998238687564  220.67869216602256   1         0.862818126417292
-6676.448269662594   -1699.7319919788188  1         1.2167858970992336
10380.492147638892   -568.9044137704776   1         0.660276949974072
-9755.024712219893   -4245.428352919189   1         0.3342794655260629
-7694.404970565435   3463.5456006190557   1         0.43332234950645454
6713.201769400148    938.9009674208264    1         0.22983353295492795
-1770.8458699425464  -8673.038523824995   1         0.1038720776547043
-8180.068032441699   -6934.723892642572   1         0.35719122571986917
6326.520188282555    -5715.751354939749   1         0.7805555326943227
-9357.0519094758     -7585.081002547868   1         0.18583741355012484
-6817.429824396369   -5473.175913598255   1         0.19973398429569245
-6294.698696700061   8587.387628249278    1         1.0990963899730983
-778.0705691774892   -7122.394198138656   1         0.2866545579701284
-425.2166694549695   -10326.583935950637  1         0.16028539775992195
4178.748100658999    7118.722594618352    1         0.2004258516063315
-1082.4505858496584  -5495.36520016371    1         1.2036308623006842
8414.785269758433    -5420.710339453124   1         0.7161788095950458
3051.7898503087945   -2951.793746195967   1         0.438685531007468
4071.3173045548783   -5512.318035637572   1         0.49059053659969154
-3365.9393300617503  -4238.444225514286   1         1.159437360923082
-5898.828148164352   -766.9750079484543   1         0.2819133732741099
4547.283262660184    6608.577575435721    1         0.3292942291179797
885.4310729585001    7360.501445035742    1         23.70110333961665
-10260.457540088235  -12163.969437269177  1         3.0355246341172735
-17116.010511272023  -18526.960881452414  1         45.422930462011955
9171.14613762285     -4648.07904146875    1         4.910924210673022
5502.685145138218    -7506.593477895862   1         32.492622474462934
1162.2031400627777   3349.644098181958    1         0.8773625585835854
-8150.65741700111    -1053.7815979606685  1         0.7411529053089386
6198.643052626485    10713.139583057633   1         9.031467900991405
10051.242290891401   -3040.046831543342   1         5.761460403817779
668.8991478518986    -1158.029846366904   1         0.44671460877389635
-37.05359126191907   -9157.45203868296    1         1.1284539397531688
-11496.989362586402  3000.809143539638    1         45.0191032375264
1303.095872932261    -9255.430073896729   1         0.7650364593680081
-9746.731086296324   -14833.41446396431   1         22.228704658003743
-2399.5245662887014  10035.349147584622   1         0.9166827535051807
1054.9450443013848   10934.541363675296   1         0.9099549341806974
8156.4383585766645   1849.1119389444575   1         10.199319981965093
-2838.5232030259504  9837.487573285096    1         0.22720832306835412
-14351.373888822847  -11066.385217112726  1         8.984882873555701
-9036.2865298146     17622.363950090017   1         36.91405735987789
4703.952034620917    -6668.163612359984   1         0.14490569040594223
10284.803436381366   -1641.432036082345   1         1.1398022991440284
16535.35513851141    12891.352719546565   1         23.913300987063295
3093.900694502235    -7572.06105722433    1         1.104023687466278
-5883.836186764658   5240.418326727559    1         47.23927795571333
7459.369723717176    -2336.6830013824297  1         36.231412921852765
641.0389994478049    9161.729971905086    1         1.15670095462624
-6110.161678605088   7296.048681030774    1         0.6332316356763659
1577.1648284690698   4850.638632910002    1         0.500117376793308
-189.4445165395924   -2734.7422649033824  1         0.8821449977613224
5652.333915252013    -1370.8080177649895  1         18.452660053316126
-10830.835089442699  1334.1061510759105   1         0.7619266020126142
7990.510413834758    -6943.109997353677   1         0.9079362556779975
-17166.34353678623   17848.811523485856   1         1.1647719168280575
-1349.4268990697938  9769.227635517133    1         14.350613298598892
