trucks_count 5
drones_count 5
customers 89
depot 0.0 0.0
Coordinate X         Coordinate Y         Dronable Demand
1542.030571067373    -9130.314612790566   1         0.6044401590136645
7602.283729486146    12046.195411447461   1         0.9217620663593192
-3715.126374212663   8480.847196854245    1         0.3462158927720579
-11858.497129481691  13761.888115816677   1         1.2896186933253726
-943.5619619103934   -9518.593066237949   1         0.4090370964436313
-7855.915128118959   -5753.17664510623    1         39.86711985402339
5626.642512244514    11858.315341980033   1         0.1908171439862283
4797.939181131733    11658.643057667869   1         1.0205939797120396
-5770.660356792278   -4302.735796612949   1         1.0334915985421742
-328.43619786934073  1176.4464927828412   1         37.81325426767406
4729.766307461896    -2157.7166969200453  1         0.3296081499662723
-3956.1508468283846  -8950.615727839577   1         0.1669573994034879
-82.59324323023331   4353.875951719561    1         1.0829937834397827
9478.946060588216    11262.861030109802   1         19.481309832908643
1748.4985530182853   9899.39294701039     1         0.9501017870799124
-9559.74476625386    -1175.1715875320103  1         1.1167334875911876
-2412.6252480148933  -1029.7010797402584  1         0.22047865468816358
-4964.593238786562   -9093.567228869073   1         0.1834685819462944
10114.517734639527   1755.578094264729    1         0.5688269827326684
-4971.997788594442   -5155.692263106667   1         25.44377085670628
-1893.076964613191   -8078.12105213075    1         0.7904312168287678
3240.9047014064126   -7291.903115784501   1         1.014455112828221
1868.3214059961174   10019.79319221804    1         0.15872792490677098
9528.120089339163    -5216.272718202681   1         0.4220860328449144
-10454.214235312513  2346.618526160828    1         39.5602110158212
5782.12411023186     -5755.369356394494   1         0.836292337625491
12132.827912215973   -8484.08514868283    1         0.14538929353841676
9248.890817984764    -14445.632765560673  1         0.40987735112198864
5233.038966790131    -8837.354697302348   1         30.72650640505497
7716.558349998023    865.1587869415769    1         27.421764380867668
4903.815482889752    676.5158129694353    1         1.171203887682113
-5060.163513767694   -1110.3816066342822  1         0.5824565221864274
7309.961259606038    5008.649469107518    1         31.968385136198677
7150.697534469732    -8218.170269318362   1         0.4892383940803754
6124.222448833751    7870.481271155499    1         1.2055362860860024
-1616.8840529455756  336.7052073445411    1         0.20497400937518162
-296.8419623007926   -2550.8569534456465  1         39.9101317915837
-14503.740214398233  14428.681891221444   1         1.126751194186194
-12349.484843068049  -12034.0341899255    1         22.581263586701482
6610.666366649225    -6161.749283316131   1         0.7269048772779264
-8552.177610472601   -2097.598885454483   1         1.1476936693873088
9136.473516356298    -3414.797318358592   1         44.944723434239314
8666.649549136351    1561.8380944710204   1         1.129011494720988
-6035.770217641426   -1305.8508292938889  1         0.5005350294111344
-15420.27971257133   13385.02458448392    1         17.28471051698112
-3983.063372804889   -7466.603103653048   1         0.5319547875435373
-5201.386275827275   7742.50176629436     1         0.23886713832081705
5586.079923686194    -9327.65760356936    1         33.12452962467308
5295.306303112538    4962.618562562167    1         40.62213455587343
732.1461305369761    -2493.0737064561204  1         0.12689921150106354
4893.940141111978    -6743.509612011503   1         28.407298944816002
-544.166084717452    7898.514284116331    1         0.3060177467113387
-13695.154864680952  -13541.621989809213  1         21.95609880301554
-7343.412091592285   6969.715294470097    1         0.8064136458832738
5217.829104815157    1668.385527001108    1         1.0205417062968567
-13779.79167492692   -3526.1918986766577  1         0.7754569285292018
8198.383860373517    7020.524999872858    1         0.2730505112328304
5077.518941582498    593.5465807472892    1         0.5441077247208319
-4978.4966689531675  7172.961763688195    1         2.0040591064622864
9600.39229984837     1836.4112185475913   1         1.0586898103557347
-12661.408348682917  3985.867422968393    1         19.53873020399513
8628.032530245526    -5600.852685177875   1         12.271391954852131
4256.616687759888    -799.4350176064554   1         5.076442114549135
-6470.037732792519   -4276.424115120554   1         0.9162665557322863
-1442.8605589129693  3729.321587510258    1         36.7860942871738
-2432.716503505206   -2969.768718605412   1         48.76260335796272
4227.5749591543245   302.0126977529435    1         11.985432802758922
461.49179512206683   9094.917802281263    1         0.34426614662776944
-11090.588959223154  8722.986261320137    1         0.252636020065651
347.29163883540224   1189.4871811247613   1         0.3379218691271213
-8210.7837414754     -1689.3946135795186  1         0.5732351975154556
8508.856465338793    6763.189771908623    1         0.613292767511849
5943.743289006319    -7.972923941954079   1         1.0928814184325022
4561.369957462089    -9195.319374568831   1         0.3334907740159746
-4125.382689964689   349.11935741802785   1         0.9579129783999629
1483.3394941918546   -2463.546333427907   1         0.922120018889186
-4117.413682413952   -6505.23451982337    1         36.3690851085598
7189.655315940894    -393.7921029591562   1         1.1784398568207446
-5253.459338196854   -2696.999290197672   1         0.904795959425968
5222.361719061312    -9094.981258842834   1         0.7281421118492457
-15294.74704936529   11105.239268438901   1         45.52902587405092
5282.393499673209    9025.500255592766    1         37.135102106353216
8170.879979997514    2602.739847886105    1         0.9934930294710688
-2611.4483615374884  -1309.0724186827167  1         0.27838904679557785
-7046.230396889492   4126.628055701242    1         0.3056390377547305
1245.5863767576852   -5258.431227215302   1         0.6980974327699297
1740.9509812914966   4632.002586690794    1         0.6425464940710933
-1924.999524341497   -612.0957222604912   1         29.4874911183649
-6591.480890296617   4130.000748926508    1         24.013122659292225
