trucks_count 5
drones_count 4
customers 85
depot 0.0 0.0
Coordinate X         Coordinate Y         Dronable Demand
-5758.018233419631   -5984.594724870452   1         3.937160566075816
8896.75393941369     6096.919056244971    1         28.2861657261173
5029.985072590447    -8827.351147298066   1         0.6693579618579145
-2977.799478092684   5349.689976545527    1         1.0649738611489064
10731.560102073623   -1609.477944632645   1         0.6121194923705847
-918.6705668542969   -244.85215901469712  1         0.34755419714132835
-4336.464541719531   -4418.617551110174   1         1.1283332192070608
1120.7385365029543   7573.954551540118    1         0.5286022196574002
10094.007535717905   3309.4516045290566   1         44.5151162507137
8362.332616977747    -5333.068189052159   1         0.6473676478984696
-8595.329845273394   -3553.549685279106   1         0.36979402480398205
7045.546255682111    -3207.9966505329085  1         31.90371349289386
-2618.5046401682002  -5767.086682806799   1         0.16393587388978914
6868.535587054443    -7411.207393987407   1         0.3573542989467995
-1015.528886280934   -5477.2830158411925  1         0.1108731961986971
8044.437718560158    7371.430501371251    1         0.22080867080741026
-8554.774297895427   -3387.9780639558303  1         0.1886717730001178
9789.27521040118     2810.8480257052834   1         25.649814051860403
-2955.7126689087204  6808.679395208173    1         1.24993633534226
-3959.0277407002827  4400.319934714408    1         0.9473820157583608
-2564.617509336012   5993.70546060755     1         0.6913870803579707
4024.653191484072    -5336.022420772337   1         0.5913349444535645
2057.342999760608    8362.365421127766    1         0.8967977908560912
2179.2729517951416   8166.135452303025    1         1.1067813521153929
7219.831296602325    -186.28876109510801  1         29.511397396355203
-2251.7811712663797  5531.64751736482     1         0.5458092656981881
-5767.905555473493   2942.8003377552072   1         0.10732225481984706
7943.4491973694785   -4688.502464301804   1         0.7606800604636081
-7316.289939487957   2960.960805166073    1         0.4400523815222589
-5762.480284189269   -5139.167134567539   1         0.285084161962447
1855.9456388539304   3487.980045618964    1         0.40084881110081005
817.13155945249      -8821.6810746019     1         0.618961012550037
1373.2034669836185   5340.429397727787    1         1.223770185617931
982.3735743958208    -6818.12900257191    1         9.569046242535187
-5747.412048729925   -6170.871892352326   1         0.7223041822983827
-2685.98002232185    273.35240727808196   1         35.41219276208364
8425.847283636002    6709.264742423463    1         0.28941752635182627
1087.5523686860415   -4495.117884287653   1         0.5548639492151258
1932.3390208548099   -6028.728163732675   1         1.1040558119480466
-1275.339557854123   -5686.052163068925   1         0.7238837866009932
-4344.075770213913   -594.2497624290073   1         0.807220558675154
4524.306365382772    -1460.1567149777595  1         0.7518652366930209
1081.967915156311    -7106.9564770961115  1         0.2540058397253333
9830.85202343652     -4313.700977746434   1         0.17019813629540564
2333.51348818601     -3941.736254887399   1         31.239086237310413
-4070.6200954582064  -9491.650843472878   1         25.037064944386067
7587.751372423592    -2816.630780298352   1         46.60851300629085
-6473.311861160731   3755.257860051133    1         40.21730188186859
-9293.21179708853    -1831.200873644265   1         0.12224229957828821
10302.291760096814   -2349.6197864171722  1         0.697339364734022
-5173.645325068844   3847.9894460569285   1         0.7738065448033692
3988.4422537055793   -4518.573225781511   1         0.13602309943802698
8231.235201837066    -2738.6731512522415  1         0.9305364843042807
257.69875447871823   6842.474732065832    1         1.1195703843981941
-9088.427060286354   -2618.2895587608978  1         0.9362344538044619
172.80629574762014   10608.534582974526   1         18.07809553965373
2412.671356311079    87.01995722156163    1         0.9109371886338522
10641.160734024885   -776.626237726977    1         30.03198523575453
-8914.38810527987    -3932.0545097027525  1         0.7027144190394905
2372.592945117478    8494.950886074057    1         0.5687918772078643
5423.464986610699    9353.971941578024    1         29.182845351235414
-2386.551078790983   -9402.322956372229   1         33.74728373330814
166.12986370210368   1578.3632033260124   1         0.5190135502801004
6387.622871537147    9497.61503680894     1         9.335530861069046
-347.45405656068397  9760.87999194999     1         1.0108056682193356
-2565.0068054562944  -4492.771716622067   1         0.9098127467629835
2546.304629038525    7115.268694620679    1         27.51564728293069
5942.28969326625     1875.6472217208243   1         1.1818683819844056
-3481.1606642045936  2213.383805092817    1         0.15946760367697074
3539.221898275502    -4562.190389803514   1         1.1606971958122356
5144.8639153222575   -7953.347172218645   1         0.48290999537213164
1736.3153223101217   9188.073481197236    1         17.955765307755502
1397.5273323116096   1502.9933666847373   1         0.29715040043080715
-4212.038007679313   2533.526312330496    1         1.230178707624469
-9734.03634230837    -4704.562633732956   1         1.0858264007106178
439.2732677142497    -10609.913885238888  1         0.799802628006362
4146.583978684964    -7068.748449011675   1         0.6731777554478755
2078.226707711947    -5491.4928220158445  1         1.1823680610700087
-9469.185630718817   761.8636511097301    1         32.36050385873591
-518.0893506266226   -2256.742490069327   1         0.2774436986839548
-6214.076749791667   -8462.963673936705   1         1.2165370961716178
-1102.2414356564304  -4619.08384614341    1         0.1685488582559064
-9574.47291443692    -7748.75854696271    1         0.8839682335540912
-2947.436473083273   6398.236181907032    1         28.516297849118587
-4622.14678793749    8328.425333974952    1         0.7980638993435583
