trucks_count 4
drones_count 5
customers 47
depot 0.0 0.0
Coordinate X         Coordinate Y         Dronable Demand
-579.7873170440483   4225.09337514119     1         0.47544792147046144
-4181.769511919608   2688.1268115353614   1         1.1058967875628232
3918.045401567202    5366.775708002673    1         0.5577546012538698
5075.692792107857    6798.207446170483    1         0.2320463548592224
-4653.2014630749245  -530.809119536759    1         0.9203035060506316
-1469.6213093060396  6780.031671535552    1         0.126450114493175
403.06982689533214   2172.215114541533    1         1.1658119070736783
-3351.7633795287766  -1159.3452070247708  1         18.704297523054034
4897.424571102107    -1131.5988486037363  1         0.6013674356749349
1378.8908825300678   -7124.717257706119   1         0.14106575672558208
327.38720301211015   -6802.914418048362   1         0.15415534546616552
1727.9570403205255   -2189.4150176382227  1         0.13358069215539822
6853.580975736574    5557.5406723862825   1         0.3632930128545967
7151.696092576562    -4309.404561141424   1         1.103438001032954
-2237.974877373961   -1933.1571786094137  1         0.3309371570544297
-6003.779847273726   5727.06559156817     1         7.5203958894635745
3065.6773820200106   -7314.130655332261   1         0.31927230738157797
1758.428988712134    7223.873852467281    1         1.218599558962867
-2734.136862903665   -647.7983689979101   1         0.5874139865613887
6677.65184130869     -6041.504809475281   1         1.189643086027568
-4272.78410123593    6711.949930160059    1         43.07521487954558
-5081.641475987905   -6994.719134070538   1         0.5681461342095144
1112.1712813653976   -4909.323150954153   1         0.2981524377871828
-413.4905705274718   4102.235260245504    1         0.8262187325519467
2813.717659877323    3896.6384788388864   1         0.8938742464881038
-882.1367961421538   -5433.450795845199   1         0.8231290514105394
2041.088881215453    -6058.158540895945   1         21.41090504170955
1656.5867067569231   240.10467075023917   1         0.8583067383046019
3870.0661194707423   -6867.62563664582    1         1.168103227856351
-4975.758745418823   -2467.7496535393543  1         1.15990141855995
4123.964481118329    -6162.096888606231   1         0.5288568205074806
-4693.570555903332   3418.40649294494     1         0.6746605102541268
-3543.5216975110566  -5051.656159623115   1         0.3320633893359146
3156.71029361075     2568.955007216581    1         0.44102538834572746
4750.105814695771    2262.311125141172    1         0.18311529166558266
2116.5804945610853   1513.9712399220255   1         1.204557281532919
5519.068864493374    6384.551926172975    1         0.7725897347544773
-298.29977514510676  -6550.183105083241   1         0.25616682419344183
-2938.420074450708   5689.720817729001    1         0.3912979144047283
-783.390122298153    3134.9137610477824   1         0.653634273205374
49.08337359576357    -534.0266311172272   1         0.818949673721982
-3279.218867141904   1718.9729148715414   1         0.7224441416209619
2290.9548521682536   -95.40688556572059   1         0.7878862149071539
-6502.225425075303   -485.3776021889968   1         47.046713626258246
4374.33207946178     -2060.8383697295812  1         0.3203052521230261
-7019.390863698985   2310.848359074156    1         0.7486559188880033
-558.366193387689    7112.851392904114    1         0.21476985478983168
