trucks_count 5
drones_count 5
customers 51
depot 0.0 0.0
Coordinate X         Coordinate Y         Dronable Demand
-5474.816696825927   6128.209250491168    1         0.500914886317637
4318.6065858962465   -10142.222383506301  1         0.7062052913941614
2383.9591694145865   -4585.619790696611   1         30.333070889439515
5004.970750627955    4009.5680571029325   1         1.2327238991871785
8255.140901286637    2712.340319536235    1         5.59186565421725
-4662.829327241854   -1993.7834094748646  1         5.697345564210898
-10506.895363077861  2374.8957358598154   1         0.6028702980754612
6844.116544928946    8369.59049419483     1         0.20377022326960503
-5312.298480934377   -3508.471782411172   1         0.926232086137493
-7339.834151751486   3683.2593220321833   1         0.7206284511690291
-6731.1551032579355  -4174.67209336429    1         0.17893919068029102
9439.27742123734     4939.965194553082    1         0.3753080743820505
-9654.449623048706   4676.526794388314    1         0.36232095849045887
5206.437407302088    -6476.863944383022   1         0.18644141918196502
-4471.515402500971   -7922.0415239561     1         0.3061979221140801
9959.868727414609    1926.1582544143384   1         0.8784166486488909
4473.60665679653     3706.171445802449    1         0.44911989663004126
-2405.0171338657883  1296.8615756980796   1         0.9940463988606502
8167.253501595693    6976.546382859095    1         0.590165108304251
-7130.155327440754   -5444.938934383264   1         1.1901392896500036
3186.7376392726806   -705.618192936404    1         0.6679728749717108
3217.8399710652993   -6003.196559895833   1         1.1216581354986204
-933.9411920747924   2305.2646047910994   1         0.6372941437181286
-1337.0828724346466  -9491.188905146142   1         1.1048074819595222
-5034.910810980028   -6617.218166055555   1         0.5546337022862695
-397.2231732235218   -8280.870972324896   1         0.20164864054793813
-4460.999093867892   6240.157655258302    1         14.748538615316978
-8701.383486422641   6057.051995460924    1         1.0129583017317663
9688.012049794039    -5721.495048047084   1         36.07578922782228
-402.79893509393855  -6805.666356384753   1         0.911409757017492
5029.5474528543855   -8461.336218541606   1         13.316417943376317
-3875.8366975604895  -2974.564822108936   1         0.3317207363708966
6276.151997960476    -2239.6495456700504  1         0.623670842454261
363.5943801458706    -4151.331957756007   1         14.961747780284593
-136.22615426813644  -8371.468039314295   1         0.49775085613974657
902.265976567843     6869.915343923474    1         15.784963468402895
-2984.200415321552   1736.6520144363014   1         0.7535577760888823
7306.707897478721    5568.679463850469    1         0.1718256525070052
305.374484954331     8868.945907141175    1         35.250242079015166
7435.5835632776825   -1260.327169795056   1         0.648533897479145
-6921.480948146684   8060.616281371569    1         0.5376769557620718
-309.55215203733786  -3052.202609160603   1         0.9237125556896355
-3111.24603209895    -4318.12857413518    1         0.263627275831141
10437.227671848505   2105.2897037017874   1         0.1379646809672846
3710.1411463360455   -1241.4406508843542  1         0.9916133969687074
-8236.395192512466   -5519.5074344035775  1         1.875808670973079
-4098.793111589438   3591.7743316139304   1         0.7143409623805985
-8785.566806410736   -3613.820082655632   1         0.7710945091600352
7782.468782494681    -4237.884421443555   1         1.035643039670234
-4077.4119954082353  -237.03435738025757  1         25.604053379001396
-7801.4968921905     -5743.333821255398   1         0.17197312103425946
