trucks_count 5
drones_count 5
customers 82
depot 0.0 0.0
Coordinate X         Coordinate Y         Dronable Demand
8969.372678797643    351.8185613952325    1         0.9476242614031088
-6065.146407931152   8870.127105981133    1         0.538198967688699
-4731.381934113062   5987.160803982726    1         16.4936499111302
5966.659344447698    6972.557283542789    1         28.85400430142496
-1766.0938107133054  8168.355199376848    1         18.021446729626767
-3638.5692529668745  -1035.64386514514    1         0.1393705175896897
1409.0493963472484   -6991.309363722094   1         1.16019574804609
389.32065679324296   -3224.6511432045045  1         4.395403543677772
5079.114121890525    -104.91511409103623  1         22.40198060810919
-6543.404297527055   11882.745334576171   1         1.0315879768669343
-1404.2837989038312  -5969.11005229243    1         0.42999886782736574
4974.381479271782    -9674.813705913795   1         0.23404660980786543
4800.333687709764    9120.112746246472    1         1.8941875905080248
8822.000298275012    5199.300817968455    1         0.18558561235840385
3569.3001929733177   -5305.470146463797   1         0.5591876988431126
9848.995514956223    -3069.7505149119725  1         33.789755031294554
-679.8167833995907   -6026.628486604409   1         0.506574754348035
4856.053905312644    9213.594141351852    1         1.1539024194611593
-2041.0108101739436  7530.269180759938    1         21.27698121180963
4858.498070881148    8418.14792391493     1         0.8496374093869954
-3274.9377671094826  -7721.172583125079   1         18.555274582390684
-9108.003874590091   -2866.719238710731   1         1.0146033877416847
4107.559273487845    -6025.130576126288   1         0.3705534737643411
4652.383541762407    1022.6821953073486   1         18.136279456718633
1705.5241346074017   4431.849546710947    1         23.806778090014248
-1197.4515709813822  10978.648977544992   1         0.8886387770032783
2607.494658524741    8420.006475931892    1         0.4720204501017716
1091.1290161995655   -201.74931626517278  1         1.1245977209666767
6882.439513367342    -12430.541607670151  1         1.0642468828075782
3963.071300724948    8984.684188660165    1         1.2436716864822217
-6338.714817580073   -7589.38449464877    1         0.16586994871423064
-5709.589722545199   3100.36135225019     1         0.105588407338042
1524.2104421459373   2417.9955273941328   1         1.2467768875222633
-3048.4958686193363  9131.118617722745    1         6.130271012482894
5144.848908437009    2928.4240988393767   1         1.2348791541780568
-8827.814455612503   3451.502485436984    1         0.9582134867127757
-4634.37364130063    -3383.9588953073085  1         23.57483310815298
-3955.9819236396875  -4237.900393697945   1         0.30616854514526487
-6223.205373494843   -6927.7032620396985  1         1.2379905186157651
8993.615817524176    3744.55988790413     1         0.1875397260165144
4687.7259757060365   -7926.574046501488   1         0.48329515480059815
2751.430360978657    -7965.960191342609   1         0.43468722443001206
9258.411384510138    6550.969536151144    1         40.704558400671914
8936.801420694825    -2141.6363357198334  1         0.23329324564833695
-8917.218665255048   -2000.868815898515   1         1.2466364721937144
2621.9612496953837   -244.12903763162763  1         0.7818580627588607
5195.164876472631    4043.4955614207865   1         1.1822258252293598
-2015.486743886715   -6466.012497465799   1         0.10449227540471878
6209.917159367036    11596.553177549005   1         0.3343221212960613
-8214.519107246331   1901.328838022034    1         32.946832431780585
961.2426753810224    -8954.367883871457   1         0.7794133143556315
5496.501561297863    7348.296104316857    1         0.6462434750803489
-3764.9495103562012  -1594.692950177408   1         1.2318755123135654
9290.803351148768    -2886.1564619023297  1         0.7032775876016106
-4046.3546918576144  3919.412805248675    1         0.6013688894504919
-4435.1254813673995  -8906.05280476615    1         0.7652084864791758
3646.3293121918905   -4716.86115292435    1         1.2149927916651535
-2397.4360182855116  7491.688542254693    1         0.7386693819692505
-9038.402230249154   -13588.612029198066  1         33.46649509190988
-9978.069730418456   -2447.677915629372   1         1.1696231727809312
-8028.523738700665   7145.578798631642    1         1.0370541513750657
2201.904853233227    204.13850627744122   1         0.4923999438064698
7449.200123317649    4544.233591921013    1         0.6742346229342681
-118.04454158287808  -2735.8170817073806  1         0.3692074340566226
-7595.807468897941   -6113.341351083815   1         42.815090674029136
3965.1643162087216   3835.883438655025    1         1.0819966419791809
3322.0231145997845   -9758.706877922174   1         47.53516199018708
2739.1678292651736   3058.0776373667923   1         0.9685422327001931
-8903.729937260712   1549.4912308875678   1         19.507341889548265
-132.31247744553002  12327.7985249936     1         18.87494045443873
3918.8819421658554   4520.401761290446    1         0.12454527362595827
-521.3609149650797   9123.856344571439    1         0.35087143275804733
-3934.153843363879   764.6916529286889    1         0.32381499117310425
3901.7233504377177   1254.9576535136      1         1.0596009141968878
2910.1827426252403   917.7038114698101    1         34.60166709449976
2089.847338226733    12369.909931663005   1         37.117625512268
-12565.287831343314  5402.2989177294985   1         0.462191078310757
-7673.558164938478   -6724.443181715909   1         1.0902647664959955
1462.3839273970252   4177.448433386498    1         0.22375628023242072
-9493.738810682713   -5165.617197860539   1         10.913647395189374
-16.29113926310179   719.8525131284338    1         1.0481505304674978
2901.146776523052    -11497.123730879684  1         0.7789398158377322
