trucks_count 3
drones_count 5
customers 60
depot 0.0 0.0
Coordinate X         Coordinate Y         Dronable Demand
-802.6213396900694   6122.008570397462    1         1.087630735656065
-9151.31694792061    -4362.581382839548   1         0.3896360991613904
6875.789119884516    2716.0590879721512   1         25.824439818851822
1593.1727118325346   -1322.969851994043   1         47.33537982220711
-2219.3164424828783  80.82994897959613    1         0.24024902423235658
-8406.617313656923   -4382.949671277785   1         0.7444235743808976
3435.7067068027186   -6180.074118695092   1         0.15185823750879338
6943.305018501821    -3383.476888710737   1         1.372090072453235
-5517.242193914462   1526.1657666262481   1         0.7208302122221023
3532.8960406592555   -2522.7243798690347  1         10.088328203596323
-1306.893033031202   3580.718755530682    1         0.43492221465536984
-6066.191997399087   -5200.694996452329   1         17.223280832970524
1208.1266278315868   -4557.357616398391   1         14.628240333729654
121.25887042080578   6714.042997455769    1         0.8606989032827851
-2527.4740444189847  6486.86905332457     1         26.271862658185007
2358.388694232247    -2841.198514315803   1         0.32193065952478483
375.6425039372882    4863.418170985556    1         1.164722359372485
-3058.45405027454    10385.023297892782   1         1.1891152651457793
-8407.42243986583    1785.9042697995865   1         0.3767944157227461
3928.4875293102086   2522.228043809428    1         0.9948048005852308
10337.801740110135   1468.6459280680485   1         21.355776318624876
6721.656908619688    6699.042381481205    1         0.7526547411715504
3887.0936680910177   1702.3050036166564   1         45.36970335117312
3689.3990743955023   2924.072688248587    1         0.10263149279388906
6975.748063583749    667.6116347326605    1         0.5543795590211381
4676.3995892476505   -8282.818772359698   1         0.19407861755989075
-10472.800252718622  -4896.485332258636   1         0.624934148174062
-3588.0253465403875  -6617.9875493272475  1         0.3344925577377111
8431.97780448415     -5109.1567557670805  1         1.1448299630477086
-1774.1389154462452  3535.927692574483    1         1.0545677539609457
2997.9620165113647   -4153.68919447579    1         0.19598695415776748
5725.96800925052     9053.191906696282    1         0.7865164901572269
1923.0048122241012   3721.8123751323537   1         42.38772778678687
4375.938430392934    6644.526692661523    1         0.6179460591981536
5529.109797053176    -9303.757970971854   1         0.6066324747825717
-5097.264791375193   6639.289387398101    1         1.1513164536292813
10289.760615998857   -2985.861616508262   1         0.15539347064140221
-5241.644074961781   -9127.632197804944   1         1.0497448903459035
3553.5947642732435   -7137.634332726187   1         0.39245199897607597
-5952.67048938956    -1845.3081541606916  1         1.0922783880333817
-5547.862757010019   -8771.291784859675   1         0.39993407880701004
-2853.674949065435   1514.7505739056155   1         0.9598165635546085
1301.2959671266997   7279.79671817868     1         0.26787034175869584
-2805.328098167241   -4838.943832768561   1         1.2306198107249808
-3465.3312753390655  -6560.656564646542   1         0.908547675933069
-3005.837984649751   4876.3494177630055   1         1.141632085419131
-4002.680288714048   1762.7558020789206   1         0.691725935263516
10596.809249592878   -1757.2922702296994  1         46.03137397014898
6742.295303073015    -6096.65301847092    1         43.86915272466968
2459.6408795746493   501.5663843480929    1         0.449437544704989
-6916.833743233594   -6505.934078532494   1         0.4959923550658032
1118.5517587354927   -6363.122031802389   1         1.2459893723930553
-6788.671214232207   -7592.997280882841   1         31.422582892754274
-7271.267754019741   7732.859351772008    1         3.3789012325640253
-2595.187529429972   1372.2942826229287   1         0.877977939707376
-7108.251216069353   8390.284174432167    1         1.0785362064826598
4050.0466068583787   -963.0078407003963   1         47.545041111454545
7617.528263276528    -4653.823935069347   1         0.4429878396737831
-7853.228102635267   5424.422685793724    1         0.25507964845539766
-307.80922565082255  -986.8475374753998   1         0.8247887039516905
