trucks_count 3
drones_count 2
customers 29
depot 0.0 0.0
Coordinate X         Coordinate Y         Dronable Demand
3531.6471441870353   3381.722140021815    1         0.8800023568877058
921.4392877621851    -9084.184295674242   1         0.13865466311774338
7191.478027653964    2663.637485470487    1         0.7844432458946942
2723.735921861882    -1957.8170564085704  1         0.475233831760694
3194.9756875273324   11575.24840124446    1         0.5809097477051368
-3169.257916119172   -2802.218195005342   1         1.1787786753461897
25.652635570733096   -10701.209284466011  1         0.7719691426603283
-8586.346455557014   4353.67185159088     1         1.2354878634296331
3348.188893019151    11276.453204154603   1         0.149529833421948
7843.1602639388975   -7453.025625179096   1         0.40493169745851687
-9440.545727704954   -5265.779259173156   1         10.532158225679344
6657.294657207172    5152.191135757658    1         0.8422473094028143
-6002.676586143906   4149.951698285826    1         0.3039708176624613
-8898.199496836674   11628.716622585018   1         5.471451020304616
-6468.410108233173   5978.218861896135    1         0.3681972944384294
-6313.66986754847    -8628.80894461937    1         0.9294269829172348
5929.728757888735    1790.3350087775204   1         0.9156071639581598
1971.0683795171187   -5771.206614567423   1         0.29989625976484474
-6383.573916317473   -1006.425545590131   1         0.9262631668091473
-151.40404581423553  1870.836180657074    1         0.27183413688835445
9331.020480917547    -5137.879837936224   1         0.16662352474571387
-7642.429448616632   2764.233288552381    1         0.2633515812459297
7084.277043915694    -1274.1232709761334  1         0.6476978949502127
4931.473682158224    -5530.88625227027    1         0.28973146796208654
-9436.512675451082   -4176.623279872833   1         0.43215162892769665
6021.3753110779135   -7410.474402504977   1         1.0631633213076734
7298.849770242947    -6100.768355557859   1         0.7867505283998197
2271.47256647497     2461.033221238229    1         0.3000980753227611
-5982.284845127027   -5836.704314361015   1         1.0117616809985672
