trucks_count 3
drones_count 2
customers 24
depot 0.0 0.0
Coordinate X         Coordinate Y         Dronable Demand
-5344.931646354395   -1967.6270060620743  1         0.6609828910250104
4188.975996038339    -9357.101507237643   1         1.0740834799963797
-6720.305124681598   -4414.247825366753   1         9.565083180106102
-3743.0430554343566  -13401.06396249109   1         17.368083151664855
-1173.2063709437646  -10742.404993077396  1         0.7155319578952593
-3057.6672968426624  538.2879065169201    1         0.47991565546105375
-340.0232073196808   -4109.395536942764   1         36.50770689531615
6605.518009260788    -1187.668598913393   1         0.8219510234101615
-4519.842940187627   9859.581134570868    1         0.344870810634346
6301.098635041059    -4613.814682319482   1         0.851370799334146
-5773.877922333301   1287.4466263998997   1         10.231976494936548
-9222.244151802372   271.22376242332217   1         0.6431190195383881
8853.988184406631    -3570.934276595021   1         0.9078969389975113
6160.156014420077    -1969.2114329387775  1         0.4625747520032051
3947.7480421890127   3056.31074161255     1         0.20939062797512967
-835.7666562194867   4494.19690123891     1         0.47660933438526254
2576.3903134999878   -8755.325630778414   1         0.4699617396544755
-5543.100914327855   -6508.67963967103    1         44.75356145771102
10545.16899994212    534.139548102917     1         0.7318669893994981
1285.1044625809786   3725.2550066379144   1         39.20726213688697
622.8638065682808    4749.964174428184    1         0.20348476696197904
-4410.797709633487   3694.707571367036    1         23.158648503401643
6282.544914086142    -5962.782487432262   1         0.3904876153074611
1555.6078158076916   181.9518975211855    1         43.17362150222027
