trucks_count 5
drones_count 5
customers 74
depot 0.0 0.0
Coordinate X         Coordinate Y         Dronable Demand
-18691.2810739073    -5325.432758837782   1         0.6663469586298242
8861.564603963094    -3588.2155527801406  1         0.3144385762863953
-3316.0828406139553  5433.162217795805    1         32.69888918973842
-74.23354295839277   -923.5173907058338   1         0.9084383758523025
6593.767447374107    4624.559536786356    1         1.1313952733869383
-2190.325199097466   -3524.4343870523226  1         0.5760496426057564
1647.7363438644425   -3480.2183679919453  1         0.6117793509504508
759.7663665250398    -3755.2803189068154  1         0.3582916345829059
-10461.0729171       1795.7954806421196   1         0.3230049183660312
1935.6413603770031   -2097.705233928749   1         0.19723897635595705
-1075.3298994055529  -1800.126561834925   1         0.796939306002916
7247.851366394498    7799.266630896215    1         7.700249077810794
8779.109182293854    -4516.834782177442   1         43.3585469251566
4741.705251143745    -223.19551920618818  1         25.14816457495645
-3392.0249690048518  10219.318177413517   1         1.1302545375759474
-4260.6533579263605  4784.460647926932    1         6.420294628219959
-3617.887430789518   1366.9341675879768   1         0.6929290449709574
9281.153174939995    -1467.4300696930347  1         0.12352107119204
494.5266284807611    -1452.621714982754   1         0.13951313450396474
4595.019344196011    9009.812192882302    1         16.58121558722243
-10446.92305489448   -1066.8105404074795  1         42.245216394765706
-15065.630245118038  -1289.8063057950967  1         0.1803815187333081
-6915.673619802764   1676.127126907723    1         1.0585288616277666
4976.546325766773    -4042.466747241193   1         1.035799082434496
4344.9198644163625   11184.885317112163   1         0.2223064251059535
-7988.080720829992   -1030.9194742672853  1         0.5899760099389855
-4955.119552646483   1203.7501074170355   1         41.47199132603768
-5610.241115082807   8644.485912467524    1         0.5104105435819146
3005.1498866698753   4167.721118240721    1         0.6732302442444278
-6734.6929354329895  -13444.015150845993  1         5.298979953589047
-2160.557579223252   -9519.054476453844   1         0.1000749198967009
19049.95717825002    -12077.089010931822  1         1.1283842192315083
4760.79147966218     -8988.614986987555   1         0.29732444130230484
-4473.572282881263   4464.479708818461    1         4.228163711248679
-1194.6391521266096  -9655.256851487615   1         0.7521960051441591
9052.996952515554    -12568.242124619195  1         1.0082141061515584
1271.247853144306    -6010.169987285754   1         1.1191310706051347
-8394.011319079129   -10056.4739917934    1         1.1098473843282863
-2166.086732090211   -8702.06049669968    1         0.22659566290791464
5888.858215752848    4428.537075053093    1         0.9750242102430037
4890.037747067678    -5577.339376674634   1         0.8265137181076024
5419.2993408222865   -3101.018057312034   1         0.4405918676140982
3766.4436500036772   3440.206768807211    1         0.4776417374464159
6272.295079306886    -8528.245825604616   1         0.9134122466180731
-11951.419458168613  845.8918042019213    1         47.13157333016444
7252.778234187965    -6352.751913095172   1         0.9351470474823729
16361.010480372555   3284.972235778998    1         6.538682845437709
1758.5862024758533   10183.966705136641   1         1.173695806545398
-5127.773694775141   7801.177164494793    1         0.24176324576345878
-8954.096713386565   1456.8557886681365   1         1.078834542654564
-7119.448991701902   -19150.807676885892  1         1.1180986329016083
8885.120199181429    2593.494746781144    1         0.23521104843401075
-5772.67272986604    -3215.8808618898283  1         0.5483668371917017
5153.848235510042    4189.4154779867185   1         0.11615155362792925
-8587.734215008193   4391.200564464007    1         0.3065608682826072
5984.194490877877    4322.618349951921    1         0.1292624594866082
-7647.569503958444   -4588.275361169706   1         0.4292959916688762
-16749.41877777401   9569.324327653088    1         0.7851542864635667
-1794.0958345011813  2029.776810094764    1         0.620904396990492
4949.120975291008    8942.491604608218    1         32.93353253894632
6117.47550767179     -4789.444283489683   1         0.7272444791473326
-242.51674111613627  10165.363752589323   1         1.2005357975819964
456.2188652353656    7073.497500563622    1         43.604219125335504
4504.551422768279    -9730.271566927258   1         0.5909140803640245
-13118.400705817825  3468.2711745553897   1         11.128841397188353
5959.24712827189     3139.9594687692456   1         0.9038306764582351
-1135.9685353592768  -1952.5514207067865  1         0.7625561846140939
3325.601144195337    -5933.831305720286   1         0.5886182380229041
-3523.415474307798   6421.324897216939    1         0.8587373419399149
-7056.284415184465   1216.4582869483888   1         0.8730940028189548
16557.98638184117    6188.081071864428    1         7.8974892941820505
-5837.709895589581   2831.1920722786135   1         0.3945588331114185
9324.320004699846    -2779.111891870555   1         0.8718647140198954
-1641.2942403202685  5508.612678043222    1         0.6142060251380658
