trucks_count 4
drones_count 4
customers 100
depot 0.0 0.0
Coordinate X         Coordinate Y         Dronable Demand
3902.541398762958    10200.220322526598   1         31.497467686027573
3836.8631978179933   4509.306274911016    1         0.7179555518911074
-8603.45803769159    -2962.9210531375047  1         0.3366385748741796
2274.859857463901    6286.1689845933215   1         0.41084192755351134
-2154.732576933034   -1203.4410147281458  1         0.5978186091334744
-627.2147494719793   9365.856667212744    1         33.451079812415955
-4127.025754337175   2938.8027568552056   1         0.5923238018142455
6466.197037174828    -2277.6501567862947  1         0.8536668969605279
-3627.831836543622   7136.41150803758     1         0.7557634207833682
233.86515038662665   -8903.133584426074   1         1.6565812068268264
3733.5349037486158   -6951.76054132489    1         0.46118068591710404
-6965.398640826712   -3738.1772111148957  1         0.24936834640171918
10625.087347580473   4897.801359169291    1         18.155533281952312
-4572.173662942377   -6933.878321065513   1         0.9960987629511773
9950.39570169186     571.1827892356686    1         0.5652507132481535
3944.3619303177534   -3851.407929793078   1         0.8985270055228233
2900.105178156311    5387.054292033789    1         1.0667636574022605
-5241.721502861436   1501.3216003056732   1         0.2511181820462529
1154.2108654920564   3143.1051716802335   1         14.726396365298198
4112.117018302495    9572.65856855356     1         0.9615648771546016
-1656.0634708044474  -10327.28665369146   1         0.6237424600346063
-6406.859164773861   925.3329361540309    1         0.7519012019272422
2049.5359079596133   -6839.6542236102805  1         0.772547975736743
-1762.7860325243169  3115.6879142141274   1         0.6007299720744885
-7308.675298181546   -4637.1684047922845  1         0.8249576567898826
7724.500845945129    3012.9138133460856   1         0.517594517413713
-185.2054906949124   -5346.699262566725   1         42.71558940595048
4146.870614630302    1259.2297439288361   1         0.2175448311730812
1070.5155778092376   7482.844302550391    1         0.5115915494089484
2931.5777403916595   6250.485792195086    1         0.11365250147513167
3798.518484509412    2442.0943570965296   1         0.6633583010441182
-7772.049940931856   7629.630842167664    1         0.6263409341448137
-481.5576900460401   -8659.857572123425   1         0.888479400678608
9765.360312838115    2905.487780980085    1         0.6491004356516987
-2735.5027139111057  -9435.998064914966   1         0.5873380046028125
-3251.8518466330825  3467.0686307074757   1         0.19830094193156295
-764.5602236898403   -8479.905834251678   1         0.9001835209732795
-3370.572299473767   -199.72446565718738  1         17.457692665037982
-2445.9085235773223  7328.398283286583    1         45.83732571634663
-7945.537830714077   7159.514544753398    1         0.45861264514041966
-1181.1505044694247  -3853.4096768064387  1         1.120793875931755
3666.7978188244406   -9410.203090430019   1         0.8233481598909435
-7125.055887848312   2867.2066444414936   1         0.2656772463971576
-3337.994216778028   10516.66048687058    1         5.892229654065778
-940.5920255082839   10605.162402492022   1         0.31447758346036825
-7310.237503392202   5513.321281116411    1         1.0743830593678603
5622.453247380776    -5443.051812312652   1         0.6883493657064538
6366.363810100404    3331.286802487708    1         0.7889093247296143
-3040.66289402452    7842.925607572692    1         0.8590613766810841
4363.629397318351    -8258.440745561938   1         0.16763587648289563
-2219.0169291853813  463.08943295477667   1         0.17160286205000025
10570.863022356156   8597.968070005507    1         0.9477106447531352
3917.044252710831    5530.04308560819     1         0.19273335596051722
-3922.517330087521   -6449.026329700538   1         0.6834813179887661
-639.0142920226393   -1292.2767343427101  1         29.56351619456668
7746.127965142801    1564.6047611279437   1         2.4930877856907703
9889.237260521988    -2224.802991901848   1         0.33317304061827957
918.9919750294584    -1609.9511347822404  1         0.4770930963766338
-7159.0424470777425  -4542.97413267925    1         0.7977085671243781
3446.4817231033408   -1545.7988709116669  1         1.086998973251452
7720.307010656044    6417.750667015946    1         0.17087189418781046
-179.41414733228197  -1719.9901438220895  1         0.7688144917736979
-5346.333979374552   -7389.6583740986725  1         33.733029425790214
-5311.40789362252    3105.9220162470356   1         0.8283991635707079
6770.667638602776    3560.4962115867165   1         0.4451149102249359
542.070245622149     5996.949041063576    1         0.3590081849609075
4659.069979381475    -10.562433401177755  1         1.1943297104585406
4724.199953178327    4409.771593635351    1         0.2626717527305474
1779.793320855883    -1148.4829784850879  1         0.3839934876611546
-826.4960392679501   10230.799022250654   1         22.57024995952264
-5879.345605062873   2023.5885692248899   1         0.3104178450681686
212.72463261732113   1594.8481812141156   1         0.7267362308326185
-2482.0120665560107  -16.043328932104487  1         1.118455708462537
1615.9934548484414   5033.990450113325    1         0.2122965483727019
5210.751500141523    -9412.659894399847   1         1.0413089565894709
99.26280473200939    -5371.202671518717   1         0.7591697447365462
-2505.7982452244255  -3964.3149570755854  1         0.5971918063748329
2871.1428335137466   -6194.956386103876   1         0.6513583279565386
9065.252716886287    -2509.538876720967   1         0.371349571262262
5720.85376651126     7705.0315462737535   1         32.319733492037585
5004.019191402945    5624.777128442002    1         0.8466034858134096
7711.235998810906    -6052.556574822017   1         0.5770323132557341
5342.508492272035    -6735.673234873424   1         41.96397143513505
-459.11700607171406  -1695.3315973557474  1         0.7929865981338815
4947.788953753933    4149.35569739409     1         1.194411032696369
2979.488882695093    -2353.6778545214233  1         0.2787429023527492
5582.92247119083     7297.344610143628    1         0.9894780664717878
2608.5316197011393   -2275.620301619663   1         1.2337727949860804
-3982.704323449653   8874.542770999748    1         1.1976416089061932
-5061.259175336477   -8088.449106783911   1         0.49984209848173755
-4735.539552207705   581.1019844270255    1         0.6634235370902783
-7074.753153674256   1893.620876722215    1         1.086226752713417
-6176.723337332052   -6706.65248629916    1         0.3696390916432257
7218.8305420864      1258.5809642405761   1         0.2004359367794623
-9499.689983092196   -2762.8276937957344  1         0.37582901738807895
-4499.791940396493   144.56807129294248   1         0.5107381290098407
8694.062594891615    4487.429165565716    1         0.5065367882870604
-1737.249041343157   -6937.28043118206    1         0.6518648312700225
-2317.586763960948   -3323.0106152937187  1         0.23312171994459152
5253.482735562088    -6644.9538779623235  1         0.33766974534956423
