trucks_count 2
drones_count 3
customers 36
depot 0.0 0.0
Coordinate X         Coordinate Y         Dronable Demand
3106.298768993449    -5179.130183607776   1         0.584830948296223
5853.149459097705    -4039.898247251753   1         0.22520729140729528
-1443.8509196295229  -4835.819887504532   1         0.2252572579358199
5161.802457927952    5512.625610324578    1         0.34816365140031413
-1621.9016306097403  3485.7685777031197   1         10.082763392126164
3410.827999494731    -1439.2476740377008  1         0.6944504860906471
1385.1684505306248   3670.6481691859894   1         0.3048632672447998
-1400.0518455191504  5203.865821306668    1         0.14123864026502503
2232.924939361664    226.48712781985387   1         1.2056301360822914
2073.1412399167166   4931.529268729564    1         0.531702390398432
5666.373376838105    4780.2828502402945   1         0.24811123720487463
-5525.258168743311   -3475.020578428378   1         0.6360928778963292
2678.26132065419     2647.860738616846    1         1.1560933667210942
3408.8471321079433   3677.1300207895047   1         1.206670465778556
-4850.976520413414   -6166.155622804523   1         1.1903135514389702
6362.782041667588    -5704.855459264966   1         1.245860717884426
-2593.1636574695976  -511.32841260031836  1         12.986379995527416
4591.281403762424    -267.11748134066823  1         0.1003610999354032
5985.468828230281    1982.508201091074    1         1.2311585661612439
-1560.822584599432   2698.897372761925    1         1.053659174209293
5255.941620157355    3613.0991750320372   1         1.0161133586242745
-463.1438243312808   3223.8569578999386   1         0.7363153173907628
-1784.0017933396925  3189.064971636281    1         0.5485844312234065
5949.282557498325    2489.65257626751     1         0.31467957124853074
2225.0238856845285   -4227.71278323087    1         0.4409337182757813
-2948.0410472717917  -1843.708932581404   1         1.2305295263527096
1391.6525275193258   -2922.516403032053   1         0.7080002675792326
-3287.6856539267847  -1038.105568932384   1         0.6296009708133721
-4530.923789121463   -988.3060945469033   1         0.26547280968184783
-782.8577925917008   -1769.0888381459115  1         5.073111372336928
-836.2610245548082   -3192.011897998073   1         0.16978309110680712
-3637.9179806396924  4093.162658332575    1         0.5214737984288176
5237.520821367466    -2880.1557761600966  1         0.5276911401895088
3664.9112476914024   -3677.8436048281933  1         0.8736749241561198
-3570.0963391681785  -6157.563442287264   1         0.4366105438623811
5897.186138700722    -377.370063072201    1         0.5922883689142727
