trucks_count 4
drones_count 5
customers 54
depot 0.0 0.0
Coordinate X         Coordinate Y         Dronable Demand
1749.6834385128016   3489.8201651919194   1         8.633131093567512
-1555.5056713762558  1264.6734893537916   1         1.0021957368763674
275.59565485050035   1506.4115737605462   1         0.8264900887013219
5635.682154033837    749.0612933276285    1         40.172050241935025
4334.216812952076    -5585.525952970303   1         0.6205061003954186
2288.0815892052933   -3223.1044172503425  1         44.15810789699844
3260.881152691576    1050.9883722259297   1         0.15336810264171755
-3618.2939886035365  -3386.1343261136753  1         0.20650572801273884
698.9036622498664    3590.9233623494997   1         0.11564317456633667
-29.08975222531929   4858.157027578606    1         26.53869888345375
2544.391407465726    3992.8983831275627   1         0.24883342847899212
-3304.7378388777925  -5615.482729471566   1         1.2327166556003863
3015.063292143408    -5396.673774452804   1         0.7735716155861084
1136.422627751338    -4659.592217605088   1         0.13539716508754526
-3716.7260409430933  -2570.3559532450413  1         11.951899621808098
5235.238070004418    2023.988496640478    1         1.0197072408371022
-2496.204873501698   -37.825891134023905  1         0.6596065039273076
271.9050228642443    -4134.936027661021   1         0.5368848163983546
-5586.090679228844   4239.668628851596    1         6.756617905179482
-5544.071606038442   -2207.0742965803906  1         35.46989820149406
4368.61141079437     3022.229326700081    1         0.2791348290346749
5511.592138186036    -5123.584309144836   1         0.3066883946161363
-4765.408219514606   3957.2194006447444   1         0.4275874381783946
4542.175590240693    1953.7690629674248   1         0.4609068274419431
4974.925052149635    -1344.186488389948   1         0.34127430003577586
1563.7533627682812   -4319.9829733307815  1         1.157996826215525
-1490.0617297253832  4825.344022955583    1         0.4542625906658856
4187.022596544402    3065.7020273261014   1         1.19804135805144
-462.88820249907803  577.0860923936125    1         0.447684123732748
1157.3682009333033   -5614.267936822163   1         0.14867951414964292
640.1018078672873    4556.4373820205965   1         1.1191788548366406
1096.664278666356    1543.0145930053534   1         0.8831038112553323
4310.785246519917    1525.2823938860956   1         25.732981805845704
-4529.633540664151   741.6661454617345    1         0.42334878211786287
-2984.3708339712425  -1828.4773892547307  1         0.13285923339130176
1060.20017318139     5308.231740559971    1         0.14409341124673575
3691.3685728938476   3898.74063167398     1         0.43688213578273905
-1569.2044232561493  5146.054506705028    1         1.0052559163477786
-3806.6954113739584  3049.148600086699    1         1.1406491969799297
-5855.924773474693   2820.999851658289    1         27.49220897975712
-1086.598379246987   -2336.5623132084306  1         0.9463927623703461
-4824.213672056893   -5725.25944180082    1         22.667022525098083
-220.74657970081185  -59.39228980481132   1         1.1442256425686648
1091.9002120203586   5113.782756202896    1         20.999712374874065
5788.2622929166055   -4902.168272427269   1         0.21600616226344005
5269.005925423002    122.51505803755663   1         1.0988153560573624
-3727.9654802098516  5552.146613626626    1         4.938058928448882
-4611.127880110072   3243.566598717016    1         0.1167768919277203
4620.287970037141    3881.3009573653253   1         0.24145613641056357
1056.35361587943     -4117.388874906546   1         0.710699939175695
-4562.141441892449   -3053.2781062654212  1         0.327209603182282
750.5069290978299    -2198.9267624344848  1         0.9117608709474415
-605.3089422715566   4640.3021257552955   1         1.1009920791060768
2689.7208979407596   2219.95917700017     1         11.712082756027895
