trucks_count 3
drones_count 5
customers 66
depot 0.0 0.0
Coordinate X         Coordinate Y         Dronable Demand
-1074.2335503288045  1064.3587447957839   1         18.630436867604477
-6222.575631091752   -824.0793350920554   1         0.9094097259616114
11251.145421113351   11069.664266130678   1         0.3602657678350256
-1603.7581426214358  -6408.221291776205   1         13.581081238658953
9923.988208637807    3278.7735288760405   1         0.9621603691285754
6987.556181273025    -4947.787898325275   1         0.984709948228899
232.15443299543222   -14882.999798314399  1         0.5580788172729071
12580.358926557661   13775.931689767034   1         0.9956307952651294
2108.816007186957    -4972.38081787601    1         2.661672095026576
193.9736656661222    -7739.829317703552   1         0.16504342551762846
-5820.360267825586   -499.82193837971886  1         28.407567305610055
8916.742195566512    500.28806810309203   1         0.8959100674974683
-6473.913087718164   -7846.942434950111   1         1.0720509878306947
8484.508820217785    -6165.674303119541   1         29.56339728955709
-2480.676559554865   -5120.782735525513   1         0.5946612411212074
5474.738550747463    -5703.6371516944755  1         0.6448585983063523
6015.488382708424    -2567.9057987017277  1         0.4819864784670015
6103.653245311101    -7294.852780207074   1         0.34347064226630464
1991.9360649166597   9637.885418272       1         3.40310428197901
-9072.087121595283   10237.817213480275   1         20.6002352600718
-6785.9330857434525  8423.120676490269    1         0.2708896267312093
1736.3551351137303   9453.729967781199    1         37.79623772389288
12091.079935004474   -3731.8214734835983  1         1.1336594221160303
-5893.832395312374   8719.717837396924    1         1.1863614970243292
-2066.7521999999362  5342.783914537682    1         0.5864839434560538
-6793.839862522748   -5685.379769440263   1         0.6774739904504286
-587.4530422202644   -7495.349264045651   1         43.667073684706914
5237.782836244784    1344.9772347668143   1         0.4669288998289619
-39.14488579195131   -524.7571672317372   1         0.7292938612342084
938.7978282731304    -8681.935730619742   1         0.5947363299831363
-1990.0035449666918  9922.045167108738    1         0.40477305098881033
-7611.944373777041   2479.507151781222    1         0.1491612255583696
-1350.789950143911   9650.654263543343    1         32.16663462020679
-789.8103818652226   8997.956941999666    1         0.6233927938714666
-9612.96666242193    2356.2061195937963   1         0.18372850867410906
-7150.586559649862   7644.286687040179    1         39.70782930774722
-14126.641613617687  8546.901727885192    1         32.92860524875001
-2222.504078187554   6990.691211503117    1         0.20532184283630023
2411.7762385885517   -9135.39231804841    1         1.1277550795063076
6039.701996541864    -2181.8933341658385  1         0.11252805890607898
2965.183958829837    7563.159533115196    1         1.179203413235134
-8510.156776448997   11249.610963539524   1         1.007049716219559
5559.149932779237    4773.333731480998    1         0.6224964035411313
-9777.963701073053   4400.374348234715    1         0.29167853374960817
-2266.943797132639   4310.475157046517    1         0.6193815666259902
1219.4300156934612   -4019.625424430988   1         0.716234024062833
-951.7483669318386   -9107.72727702669    1         0.4298009871925944
7287.035363315086    -11598.494102301029  1         28.16682724775199
7615.0080268908305   2430.254073480094    1         1.0718923031252607
3412.6460477697624   -3142.4314151343815  1         1.1519435843856307
-2166.4654183170956  -720.2679874243839   1         0.24257255332488797
7003.599870081368    -5065.750326651956   1         29.933223420303683
7423.701581088245    7154.94167206679     1         0.4379124780082313
2575.935855680712    2573.022335529412    1         0.3700322666156377
-6033.82751119837    2091.9242993369076   1         0.7440108133058081
-13101.269541870817  -387.36197089027155  1         24.845617859871506
8954.848123044869    3210.277014910256    1         13.005304049893851
-3748.7273738801005  -311.37754269803236  1         45.54059262379405
3085.6091124275067   9461.864960500625    1         1.0012967928127785
4614.59219069315     4789.348478508533    1         0.9754832134034144
9182.427509589184    -8990.689740377144   1         0.24044666340504878
746.7806031891548    4703.043592052699    1         6.516615329813187
-15175.011450156555  15298.49885902535    1         30.710483503513284
1529.7400540856613   -1724.6805134060608  1         7.892193951851363
-462.7490114888635   7402.651866213726    1         0.6609901790873226
-9528.137183848121   -13999.517546185318  1         0.8010684872056499
