trucks_count 5
drones_count 5
customers 79
depot 0.0 0.0
Coordinate X         Coordinate Y         Dronable Demand
-3888.4574076075573  7820.803428427775    1         0.7917940409665732
-6667.041021342852   2514.0177570526666   1         36.8940655872085
-4701.96720062589    7523.048430048031    1         1.0033021560191204
6010.822709515761    -2580.801781645666   1         1.156683843606257
-445.0317009094092   -1866.5672882533381  1         43.05472981288306
7840.136898767276    -1807.9870467032852  1         0.6510860872901405
3885.281669659964    1376.4592023356192   1         0.5886913490645352
7654.703731237655    -3330.0784770579958  1         0.32031819280933393
1934.4112645090167   7458.711884547155    1         0.8711274465314975
7989.412740271359    3957.1895204995863   1         46.42376211026624
2262.5499024298533   -6169.52634074105    1         0.9283424297407005
4767.27035162404     11138.854321955441   1         1.1448262294694185
14564.789968054934   8747.847055795912    1         11.100963077611643
-42.13848430119941   -9732.555023079882   1         0.7694570307850864
-103.34622939460327  5634.322513685118    1         0.7435758443079603
-2288.2407005620844  -13284.448055235138  1         36.850665241029226
5999.161188208815    -642.7290465674641   1         0.8528492054489121
-10316.286757182217  -3151.206775184375   1         0.8184160235791647
-1344.9284310574826  -260.29351067379037  1         0.16585934828796545
6568.041490351305    -14706.428144267109  1         24.725340053317723
6374.912328771801    -2643.9134592170544  1         0.841618556743566
-13827.445390467117  -2055.2646530367674  1         4.353182245903692
4475.714127727166    -5965.652540939137   1         46.50581593049395
-3652.957779360358   9238.243914492577    1         0.16052518577531888
-12018.040521162351  -11177.520037677383  1         42.78505110752762
852.5171141817218    -9012.651056634804   1         1.21717599535321
3116.334510685425    -2129.0422874148076  1         36.981117827537204
6583.368318863948    -1257.4875282527362  1         0.40629187940617817
-3035.189637587524   13458.626483037544   1         0.39949058708498586
7455.662679748264    4973.2146088036425   1         1.2252948040401306
-2654.969558983563   1098.5613623938345   1         0.5431553655148623
3383.5114233319723   -566.5719928026368   1         0.2611243483894653
1234.5467716386424   10763.717302249033   1         0.8547298911156304
-2397.9583398938325  -4630.055426738832   1         1.0516065949023439
-3518.770275817809   -6921.320474008362   1         1.1369266050475608
8873.267847240906    -8675.98518711351    1         6.404393696993006
9181.76678504084     955.9254833480377    1         0.32165386116647304
-6728.0724883803705  -5336.081546796317   1         0.782381416093848
4546.915813702858    9503.83819535662     1         0.4865961581291859
2694.4175855274175   -7226.157490289938   1         20.33499375008194
7301.410703578835    2818.0924545527355   1         0.502074843515335
-6613.966473250657   -8431.264789722443   1         0.1759537779582317
801.7187047932765    -7884.918770918343   1         0.7522228632303419
-8766.458836984879   -4989.731584468961   1         23.262022264822942
9365.588085641639    -1150.5797921866242  1         34.07840462671026
218.132637471633     2505.6889788780404   1         19.136446628187677
9895.389044951095    2051.6665592648787   1         0.7956910744949077
1266.744491831494    -15374.229346773642  1         17.964001818896236
-316.83815548094753  -6934.44106219791    1         0.24456508666595905
-303.84832418919757  -8969.715916004487   1         0.6255763397296665
-5361.613005302865   236.49495459639058   1         28.67674516500247
-6532.4627410256335  -2552.682725705655   1         0.4649642422611021
-7211.786128412475   5586.4186312207385   1         0.4889136993594909
737.280138590419     10689.259701195491   1         0.5200023067195932
-1357.2881158307875  -5892.333308512145   1         0.15339361291543385
-3744.052113272247   2620.3679994661916   1         0.2969605795560844
1908.1433455753415   10392.463185509843   1         22.627438966100687
8404.741924363861    -8781.603225329785   1         0.44076099565559046
10834.242977360314   -9258.60849091303    1         45.0838546721626
9089.388221286925    6215.432855425792    1         15.564375340504887
-10037.391866313454  499.28407054817944   1         0.6338344734427609
11031.415903492114   -7774.638045522427   1         0.7787414120291485
-2957.392836485753   -6852.353798943495   1         0.8695231793181587
-8597.53368353808    -327.49453590194116  1         9.953406345204703
809.518367511957     -8836.587462350875   1         1.151965468210385
-8047.117627861057   -6036.693757499897   1         1.1624154878144743
-4730.540358858665   3798.1066418970404   1         0.6946810794498948
-6993.37517187729    -2647.442929500371   1         0.4132886843356688
8662.115754419892    5820.121406039617    1         1.1885228183538668
-2674.826985499078   -2788.073914101892   1         45.909698488633495
-7907.234499255389   -13519.00290530304   1         23.507534754132575
-8763.608395250072   5531.778224471753    1         1.0037952205239191
8523.863713979676    -832.4420953946195   1         0.6506479389393216
-7000.344793637688   -4217.0218132038435  1         0.35211539707027917
5177.924002469853    -4702.349170825977   1         7.925793815451945
8196.698140731274    -5206.926789085751   1         0.13888276708942254
-6269.737669642725   -4797.411351295306   1         0.21153817287176288
6530.606811686245    -8618.053004321633   1         12.631733687638945
-8120.78193493894    -2151.742342525572   1         1.1667148832711964
