trucks_count 6
drones_count 6
customers 82
depot 0.0 0.0
Coordinate X         Coordinate Y         Dronable Demand
3744.266123441296    6746.545709841289    1         0.5612317204169828
9595.437166786325    -3997.471126549375   1         0.8579979216131374
-481.92519391899634  3837.0563943244933   1         1.1966197696054117
-7531.874372096903   5535.155009873652    1         0.7819629379177586
-7254.494749046499   5112.5369413829085   1         0.5248584943757814
-5389.687265955161   3230.373688612408    1         21.15684517751464
6564.912924808176    8587.113740810715    1         0.1970600023733006
-4916.683737879297   -6672.918270758676   1         18.203663405933135
3499.0055551135006   3502.0830236265365   1         0.6907744467457843
550.3499247988814    -6800.500689382012   1         6.622622651405269
1295.3834116087608   5372.53645046859     1         0.6895080858232927
-7002.335162984559   -1253.4489611206436  1         1.0305574090754739
12494.211908131916   -12414.483442980272  1         0.406781332079463
-244.02120894957443  12646.135831318757   1         0.6676728486164356
-7825.349601293068   20.082928104293803   1         1.1302830566661788
6268.695440160297    -2754.541703491733   1         16.488175145440422
8304.86564735635     7037.3515965860925   1         27.425801660803952
1445.5056254460073   9494.144487078769    1         0.1586204363673125
5888.2596563155075   5806.76100969198     1         11.909250450848711
-3007.9869637710176  -9231.4978795661     1         20.80776625811331
9474.678082381688    -599.8658948392836   1         48.967204100518934
1238.2900622452134   1715.5497013260108   1         17.01633544102798
-713.4335318418867   -6515.082233628469   1         1.0400365924142543
414.78496311004767   9212.322732013861    1         32.720737277544885
6037.0967547732025   -8580.817660805196   1         0.662371319959682
-4655.648851830864   -5081.150667997827   1         0.8754370379132599
2187.9541736175715   -9845.15327081097    1         32.37127023688741
671.7798099695536    6567.277534114572    1         17.97333053148301
5534.580687655742    -3489.9145966853375  1         0.8298346906766916
8938.444224943156    6073.225130364793    1         26.469883144798313
7499.751728306724    -2511.131751676813   1         0.9506260159562206
-2521.164120055206   -3562.4904327048607  1         0.9468058689592544
-6322.361548812528   -1287.6665204288383  1         0.11436060030126594
1400.3643125015828   3416.4492563468207   1         0.9795330915560384
6931.744808913813    -6512.999337181487   1         19.759561172721853
6602.886207150576    -8076.296138806066   1         0.3606852244646529
-13129.775355335343  13334.528296130693   1         0.5037025389787905
-2657.8381551794914  -182.06139979617797  1         26.73653673394668
9287.977684150013    5638.801751705871    1         0.6835593319296327
-4623.017357466587   4989.582420576217    1         1.0343131891858348
717.0025904107442    -2402.445207819608   1         1.2259641118964966
3466.5339735153148   -9674.391822829351   1         17.298509302892523
9445.685636631695    -12941.288173902287  1         43.12392065712214
4034.5925429873537   -7593.067293951097   1         0.6709356133312476
-3373.205324461678   -11572.243912403397  1         43.31103427713352
6686.578929611614    5455.619990050246    1         0.24057185499245717
2022.8905330613177   -6621.220714053914   1         0.7937163953530519
1081.984882935333    9232.334308127607    1         0.7969940109479118
5318.716549922182    -5894.757781099092   1         0.7716396742771243
998.1690344231578    1015.8878585994244   1         29.428332372558437
3769.457195038252    948.027313192531     1         0.26138101153788557
-3755.4077774771513  5552.383312234693    1         0.24430663724308826
-13238.114872453854  -8569.295148715302   1         0.35735405675960186
-11416.588836413102  -12177.46924529185   1         28.16513050426062
-1783.9874735070123  4880.169338250982    1         0.2253983455586994
649.0018995061304    5346.640280653819    1         1.0675012273541566
5187.771345999112    818.4764929286205    1         0.4281400935363555
2354.5726281177203   -7302.459938051566   1         1.2311298045583823
8695.909582891056    -4345.007649126715   1         29.600632507399155
-10852.66873132474   1275.71424550753     1         3.2532717104541478
-13693.86959536875   -13529.483836442847  1         8.222600104825467
-8630.202269281255   -4050.0388494848494  1         10.276145898755495
2107.7478627544288   -7596.458206288184   1         1.0480222745010523
1203.6774149981788   -947.1076033360451   1         0.6995812418069646
-2959.3304175241556  -7146.726967641723   1         0.13493517299243712
1668.3161513085342   2919.548051745116    1         0.9752261232887981
-12744.002311433536  -6713.694523732657   1         45.721084290887724
-2763.1026991664658  1395.1690164158692   1         0.5654415684129306
-7011.009856283166   6525.646610426496    1         0.14986556612426938
-2069.6465590580005  9354.631087976995    1         0.9594698282401033
4695.264205058298    467.39833399539015   1         0.5267981349906449
-7901.153035692926   9093.721704228332    1         0.8967568640182083
-111.20266500633475  -3554.4871292273015  1         1.1492412712043405
-798.6540276073065   7119.900307719387    1         0.1342139926561406
-5171.383493487666   7379.097554052796    1         1.1175350531354338
-4719.378571536983   1940.432043463453    1         1.172195696554519
6833.501780896322    1180.9148737476135   1         0.333697863500224
2608.628907640412    -6596.935616672165   1         6.201727758377656
-9645.504008995018   1904.1972541382797   1         0.9432496448551221
-6004.593654361851   -4056.224091826132   1         0.7551723919697316
-4617.794759677686   3539.9917131274124   1         44.53985473456605
4183.761973403284    -5326.775961503914   1         0.402169278745371
