trucks_count 5
drones_count 5
customers 65
depot 0.0 0.0
Coordinate X         Coordinate Y         Dronable Demand
8097.739452678151    6945.520032901231    1         0.6767195030143733
2542.4110764673565   6918.197673217972    1         0.8209861947227852
883.64969731165      -683.6234033719802   1         0.3059108510249475
-7438.1152501336055  -1718.6878299494872  1         21.53307287932892
3896.7560374075074   -398.04555104431347  1         1.0855525494983025
-4857.233645815476   3962.3078560903145   1         0.5658768381049498
3823.9641309124545   -7744.69987402304    1         0.5763324199641603
1859.7490105846537   496.64059905233626   1         1.1138029421503943
4223.334162925859    7520.464551321722    1         0.8922739463071441
-2901.081257013625   -2707.7115962953603  1         0.3727505074927765
2808.998913460242    5039.377992868941    1         0.5800737257434319
196.68579899468475   7510.966218564262    1         41.174758640268415
-3501.893727455058   -1913.1534488864866  1         0.9118993136110927
8163.463989366356    -3733.1927753520063  1         0.24287207128924976
-7796.375732781263   -1507.4729973980745  1         0.18969316599381963
7949.888950621006    7223.411695751872    1         0.48941882969253003
-6106.471078377837   6133.764295593529    1         0.7918172408043654
-6580.366809725977   7806.924662418286    1         0.45982597181667895
4791.245209196207    -1512.1059575678285  1         0.17245616234465574
4677.610580386896    3044.1126881883565   1         32.773889042652726
-3669.6802583176086  -2662.166066753155   1         0.7019074456906892
611.1106427436657    7063.042118726982    1         0.8577522038792595
-3184.0398535353265  -3331.175603853359   1         0.8843793116235512
6812.426520610152    -217.10999647691392  1         15.982229745339328
3579.912849087641    5814.118564389876    1         0.4813538469728966
-6365.029910576794   -7978.472364618673   1         0.745771093676825
2919.5153875446113   -1263.9552510692995  1         1.0746719488561494
432.4011542163693    2157.251282111091    1         1.2324411969312559
-293.46133381799757  -7888.698363965547   1         0.35536328361894354
-6059.896681151688   7271.617747270575    1         0.5893248648976768
-3677.362513845309   -1625.3695668885362  1         0.8284575598957667
-3215.841833691113   -6761.620717090263   1         1.1661187676074238
-1342.267474536881   -4888.799030163087   1         0.8655087889288124
7619.344877291296    -3457.444791673879   1         0.3963494569214543
-120.60015062038292  -914.7009383277045   1         0.5294400416779776
-7967.674735760192   8281.246984930625    1         12.44046097118606
-2562.2199832062615  4929.052069248827    1         0.5315285830737314
-7054.597652065508   6430.988556401087    1         0.9458043984256487
6986.98845117905     3712.1578782011766   1         17.487442089085086
95.3264977913491     4760.166784228432    1         0.39353590336716704
-8240.190950098555   2297.959485372565    1         0.8226503131811792
4530.986818018509    -2949.727058920321   1         0.3151093360237339
3076.900969487774    -259.5611234096262   1         0.12940214235169312
-4494.975055182243   -6405.485297935342   1         44.52733402988579
2304.1575325179615   6871.365181739852    1         1.1015272008263362
-5431.352081498522   -3945.2205577646464  1         33.82791096082034
-1089.2033002441563  -3518.9277809050614  1         0.49063901847172475
4767.5009103777775   -7970.893696322464   1         0.176664605378189
-4910.986144778161   -7360.254520384554   1         0.21151917310671003
3789.5167441661224   1965.2871783337082   1         1.2233592693195379
-653.198362630856    4355.420322208868    1         1.0229202273380311
379.2608358206169    721.1587914021896    1         0.4963469081032297
7799.352213083412    -3462.4748371824953  1         0.5121164793174167
-7200.221905420931   -3362.162914679424   1         0.7259328385865084
2573.0821477945055   2647.137030870128    1         0.8516588905891278
-2126.3167259031334  3372.969189958798    1         0.46306883590550096
3382.951702603872    2930.064225379858    1         0.9709372629015282
2085.970423911853    -3568.6725416408362  1         19.474934966162788
5244.380466088976    -7838.8681467172     1         0.4701046475663392
-249.3634670027795   -979.7006215339421   1         1.062039403269751
2550.708584762967    5349.916989203264    1         0.3123936459007756
5633.4498771607105   -3116.2069383866487  1         9.089876279431444
-2327.2505666556067  -7359.259962003296   1         0.822403074120958
3464.61015543434     5225.939963924527    1         1.2268495777404813
-5642.044801924365   2439.824833758075    1         0.68125412039706
