trucks_count 4
drones_count 3
customers 80
depot 0.0 0.0
Coordinate X         Coordinate Y         Dronable Demand
-5513.375689518367   -4487.109431933578   1         0.8755460951504597
-1966.4393960304792  -2669.0782236794325  1         1.1525739459030835
-9867.803341682698   2926.7317125104055   1         0.6797297152341553
2805.1313711672647   2457.1444280329893   1         0.8255967394866474
-4738.900498001998   -3662.6229261090416  1         1.1179128297992604
-9895.916847182738   -2879.4564413854328  1         0.4365301508045245
-9063.86179934568    4389.5485389012065   1         1.1278823517734062
8160.9398889354325   -2355.68384505321    1         1.1025998124900573
8842.088751004458    6406.579641138788    1         14.928481026208171
-5835.311632172069   4961.223116732683    1         1.2067205013348905
362.6139886847051    5955.593492831591    1         0.2871092147838652
-1469.816445116854   6337.749202776511    1         1.1350143554638006
-3437.9805439746174  -3658.371682299601   1         0.742993182908628
781.6474252885469    -5554.9289223498445  1         0.4887736596849228
655.3882584607812    -9355.4535744331     1         1.1340845401687727
4777.361845271117    6134.837338760006    1         0.9460408014165687
936.5699965051974    9873.164726786883    1         0.6255770864401562
7725.91927215072     -3607.131322645287   1         0.67103535377847
-1516.5910742357437  -2081.9631605292175  1         1.0907262949307612
696.6604990950582    -5430.134834389229   1         0.29188079685913154
3708.9343995255526   4730.625825103972    1         0.6534301317423148
386.2808189895449    -4584.205774917794   1         0.6165645147230858
1649.9386561835015   6692.211360394111    1         0.41322125146982114
-1595.6709667730825  -523.2605249483694   1         28.309414531737605
9291.638019891896    -4938.2382956960055  1         44.50342378964167
6114.542621116256    -13763.077346943615  1         0.7625287676920494
1336.167869802167    -6321.191906481515   1         0.18326577086356655
7882.369409090927    2532.4727311061324   1         1.0674484895014429
-10721.003868631438  -1493.2262144118877  1         1.0092644822564583
8345.628065743169    -2541.3938487377927  1         0.35288201952689513
40.72687198195628    -3928.2319672727485  1         29.784411231425487
1961.9356785712514   -4056.616444204613   1         0.18431417629813507
-10281.840320107003  6348.890603108692    1         0.2579180210512827
-839.9401185829753   -802.240565567613    1         0.26593219411848845
-1282.0784724695914  5820.967412716662    1         0.749864964825195
-10510.909758969723  -1134.182746121253   1         0.7052671296463157
4073.9670236910633   -360.22088206965725  1         0.3753760657645471
-7723.09689154384    -19.826562785300716  1         0.6129989717759166
-1858.9165382368205  3188.853777183796    1         0.6983021633095179
-4681.503284463122   -5901.174336895872   1         1.14082940130471
-117.67524282833196  7790.683590036706    1         2.709997206651482
10570.747980260643   1524.5122315554436   1         0.6522931259870013
-8502.594086232642   -712.9174212998282   1         32.02833182059427
2859.522176930132    3784.792485511933    1         0.10308430664629395
-1998.2719181644936  -8299.100119634357   1         1.063491101593873
-1807.774841113328   3632.515787577051    1         35.91518505765086
-2879.699889120125   8056.156625514422    1         35.84337590904615
153.2153157282806    -4630.822651361936   1         0.2649071320664492
3804.960999962293    8116.035414794164    1         0.6584118933172287
-4855.7287230464435  3361.0236810058204   1         1.179546824018771
10374.194767011952   -10967.254623533168  1         14.986921350360317
-1596.9048515674447  6438.163521571423    1         1.085544926684492
-4555.2219876451245  -9841.617200028102   1         14.628656351215689
-2931.0852288277456  -9960.198354950286   1         0.22244000967232808
-5976.075159287697   1201.2880215720959   1         0.13996779128768458
5528.141962709427    -2493.8143590605855  1         0.33454964762266215
577.6497586647246    5583.404290875464    1         0.5496144316779337
-3355.511103076034   -7265.74281616599    1         0.8090991010583238
3412.9130046697355   -746.365241641166    1         2.6092653823875085
-6011.648249428613   -9021.927947273181   1         0.21533789970881662
-7045.389200113336   -7253.529979987772   1         0.2146138922906763
-10483.561269184947  -3116.99185327079    1         0.7070582653647938
2160.109074228827    -4928.541533886458   1         28.510004354553534
2157.6809188886778   -8070.309304233196   1         0.3216322789647028
5472.768721701698    -7725.780023101623   1         0.787492425523605
-15956.756301821566  -4157.77790245629    1         0.6236717928751102
1070.7648254640417   4308.2645582504665   1         0.9508292345423953
-1218.9970321138212  2030.500941110259    1         0.3786264234925495
-7339.523965296868   1878.5448160234198   1         1.438735674646369
-7844.035614478408   5054.905457663756    1         0.4114676779869839
-1636.0475816014384  -8150.379922403001   1         1.0589650829350044
-1028.6297518692484  -1880.9678939858989  1         0.3029871792029715
2961.8989557971904   1610.1132868197062   1         0.7895075892848257
418.7542893948857    3561.3563044269126   1         0.15838309268613768
-7390.118583495172   -1755.6690126260492  1         0.697456537956873
-233.5478389624477   4718.691228635424    1         45.94523242814432
6036.573832365641    -3105.6624424395222  1         1.1851953429597584
-652.5862968354323   -807.625155478422    1         10.184706180689668
-4885.637395143311   -4634.960312186202   1         43.27335831225151
8899.590934216243    -6023.376024516704   1         0.24121185367824172
