trucks_count 3
drones_count 4
customers 42
depot 0.0 0.0
Coordinate X         Coordinate Y         Dronable Demand
-782.8983506277974   -4248.451706779344   1         0.19333101510957718
-5530.388613142861   7711.006332713661    1         1.1959768194528144
4343.28956431205     25.82677412411113    1         0.3113102552475921
-117.30813363783045  -2632.6225609357643  1         38.24662869975275
-1588.032937027995   3452.686572257324    1         0.6580353321558208
1729.8275666411048   -419.6858668810554   1         0.2089115853901065
7028.977169690056    5572.120862700336    1         0.9812633601650391
51.840659660194994   -1559.135744479905   1         0.5147300248275987
-104.24077794866257  -4151.009733900086   1         1.1337165096575357
-5455.498178874556   -5459.453333612671   1         0.38656110769178464
446.51244465055385   7361.37466327176     1         0.18326649990174632
6348.026314206589    5609.609368855285    1         27.529665895941573
5818.840045297364    1918.4392043853986   1         0.4920950694911673
-5342.421578708583   4447.511146285481    1         0.8622187187790701
1654.778215397684    6935.531645799045    1         1.0977152413236257
-1722.8872362342809  4449.6183259236295   1         0.7182931855620208
2683.11209100919     -3490.9645197979207  1         0.6966340044305648
-5979.713333934769   -873.2074408970527   1         40.015492770685476
7578.670020758509    -3904.3867495284567  1         0.2770390378755808
6147.757647242803    7168.059289865085    1         0.10218441372988002
7859.950932564352    5173.6748776293125   1         0.35924832773653514
-7136.990355831148   5890.154920970852    1         1.2053718890578047
1586.5429614951927   1626.6289544454146   1         0.558658557477716
-2646.839522399623   870.3493279113917    1         0.8899768903701122
-1444.4335064984232  -4941.70126776676    1         42.708277554609566
7981.635341126607    -5229.751015031794   1         0.4753964269486831
4324.6011365996255   -6128.15479542821    1         12.457521357748373
-7721.635389115954   2203.7004550657985   1         0.33715233038383535
-5226.912369168361   -4642.310623172641   1         0.6044573110936126
-3841.84406952022    3523.5289256735496   1         0.20156957967926986
-3915.5711232442973  -5211.784032700392   1         1.0849589032344102
4232.8922091102595   1626.2687826467336   1         1.0422986978992894
-3926.923952177103   -135.49463984310398  1         0.946715150918368
1774.3927751276751   1353.966199340631    1         0.12698997457699723
-4252.467975763873   -4771.190212128419   1         0.22111680626816563
-3861.1527707751416  3246.1513718442893   1         0.8499861659405129
-7201.309395816596   -1996.6326920034119  1         0.9791265688090615
6269.246769613311    -2309.9068721934245  1         19.94539551357946
1460.3885486544307   2247.7613382580157   1         0.7599518337440581
-1959.3705669335022  -4074.5585125739735  1         1.2492170643784422
6457.3881984174095   8026.800939635688    1         0.7180530965106987
-3170.2524363205575  6604.170186768758    1         0.8166478527063326
