trucks_count 4
drones_count 4
customers 58
depot 0.0 0.0
Coordinate X         Coordinate Y         Dronable Demand
3771.0563696899612   4357.195342644299    1         0.7995720874580419
4893.674921987484    -4062.6670316626305  1         1.1353800680774042
5261.049648837949    2813.4128053052355   1         0.8299267893687329
-18.41887751176031   4555.529407815141    1         1.1176333504853946
5858.428066234741    5541.101283965825    1         1.0317440110993492
-5840.698252499153   -3787.0209985304614  1         0.2036164741491101
-33.38302757760619   -5606.615322514013   1         0.3203965352448006
-5258.336862104329   -3034.3994961820486  1         0.3194493750490838
3129.760961018195    -1720.6072269096403  1         0.5039090718917338
-131.82879261842623  -3345.511953253049   1         0.6499685166770135
1606.7651003044957   -4689.667916535967   1         27.408881773497995
3409.234080437725    -2559.8191213822884  1         1.0644445040324204
-6174.893657017511   -5361.5410277065785  1         0.562228511761768
4781.527427611288    5022.501441936896    1         0.12709012133963368
-3754.070883860703   -553.7604986785828   1         0.7848024731713079
-6119.283675611075   -6557.896869998599   1         0.6718242136761846
7166.683692022298    385.5290413470744    1         26.82685176403235
-3857.1154356123125  4855.93794492951     1         0.631430503290225
-5921.32225590171    3828.6079255552345   1         0.1344141106801815
6935.78920080025     -872.4683891866407   1         0.48144301358165087
-3023.9963343965187  -6245.689883406651   1         1.2188340538024964
2725.117251263772    7067.584977036287    1         18.601753054460946
-467.3613114237541   -2245.1733702388065  1         1.079086449670661
6098.330736623521    -6785.401958257589   1         0.29870608293116396
-6634.777521836006   -2613.0003210897767  1         0.30523648515331814
459.116423524617     6106.842245573867    1         21.50185259366711
5310.664058477499    -1973.8174027949697  1         0.8512347755067494
-2152.6454643993607  -4398.365221765934   1         0.6044339322679225
-3249.95043711953    -5011.895835150258   1         13.553198120102511
5442.384207326291    -3817.7644387765395  1         0.1332589828583618
6390.39870122106     -6811.424459342983   1         19.119352155618554
1787.2446171412544   -459.0924724259961   1         1.151276332423747
-1124.3396043233658  -3384.9302736948953  1         1.9824152561715083
-1784.741493290299   -2693.7294728329116  1         0.8354498271117039
5178.4776481485915   -2691.3012937805834  1         1.5647682953457787
2153.9137279838046   -6393.214784427851   1         0.36071692486580853
-2508.5989680062653  -2656.959006297224   1         5.055075745746434
-962.4720703001717   -3535.7487180971243  1         0.3777604374414407
6259.470467821898    6845.317740511023    1         0.3947577231244327
6917.21513280453     6861.208372927139    1         17.00645959783478
-2894.862344547634   -6857.519123174273   1         1.1883466329091483
2960.4623101312227   5922.23229834439     1         0.9968547234056095
172.42724106726416   -7228.945462831129   1         0.8790037629126418
-3558.0022416296165  -5836.885658909919   1         4.135992690438183
-3397.1385369841637  -2946.8352755303495  1         31.47613404576134
-1035.4968088331982  -1367.374115022377   1         1.0327010596551673
4237.553470267619    -5797.362474626882   1         0.7953523394858564
-951.233470668385    -336.702281850111    1         0.7604018039663449
1686.2673489295776   936.09710567406      1         0.32004172290378063
5821.691907840448    5506.206129054099    1         0.9920722381328524
-1819.7804968336875  -6896.368654860301   1         0.3009514917718092
6865.372963447015    5986.3340657178505   1         0.7270830271168909
6034.659220910542    -7179.5483407328     1         0.827912877117966
-1757.7778610828937  -6734.8328953329665  1         0.5974583842925487
1213.4692731950854   -1635.3522934573643  1         0.7929977769196075
-4073.3767879645834  -1154.2118738480806  1         0.4157364022072143
-2586.7586579912786  -1405.0760880734842  1         0.1689170408399176
817.6087226250477    1969.399516978763    1         6.55206255750682
