trucks_count 2
drones_count 3
customers 27
depot 0.0 0.0
Coordinate X         Coordinate Y         Dronable Demand
-5474.561366228303   3930.20877576927     1         0.43440021699169207
-6428.7733848237785  -5958.0279234698255  1         0.575777109772019
5919.381942845376    373.3872575441009    1         0.24230590174214803
-3571.3353539736054  3174.639546721497    1         1.1726676049064477
2366.1227656335263   5289.963908943607    1         0.21030675564341167
-617.7064943069608   -2613.9949183577246  1         0.9037984338186952
-5739.033138744364   4452.963649688936    1         0.3203487154135868
3028.1351314335343   -4926.450576445159   1         0.1507989488392933
5182.016238910741    1378.6898955871793   1         0.8246210883233509
939.8318900849271    -5173.65254089729    1         35.44344408761483
-5208.534406243567   -2805.6570473634392  1         3.344304890984175
1079.5287247298936   -7458.935699188147   1         0.939621175802355
6554.3349392171185   -2520.6722788579737  1         1.0606477019361178
6642.060402602506    2598.348944651924    1         0.5667216986640708
1378.0486870572386   811.209885957079     1         38.580338948338806
-5418.506306526321   -3327.1880847758866  1         0.7811489160446058
807.7809095641181    5043.52464384203     1         7.6487600893249805
-2249.7254883343494  -6962.05190938733    1         0.47242761044666937
-5730.227358723851   -3242.8909155723577  1         1.2332314894764946
-1044.8295625245119  1159.9058919723348   1         0.13357759197884067
-801.8521743057605   -4085.3785229541386  1         0.6234119634307183
-2342.431820037408   3587.9739068377053   1         0.41231199476529834
6738.586539594249    -1989.5035625414148  1         0.4572554669297727
4833.727904142376    -7363.845376901313   1         38.60009830763152
7553.096414293883    -5790.818672599676   1         0.32918542696213454
-248.34707312817363  3737.5120661558617   1         0.5015973617227675
4725.693094259228    6178.936112172355    1         0.9307738331652159
