trucks_count 4
drones_count 4
customers 60
depot 0.0 0.0
Coordinate X         Coordinate Y         Dronable Demand
-3431.455578456437   4669.422113299341    1         0.12981188859179174
2261.128258768944    3323.8771650934923   1         43.62692738939787
-3478.0163241211358  1622.5382658705519   1         0.9800162496830374
1840.4950205296454   -2758.062620115193   1         11.358966426887509
-8165.418591498593   -2633.1502450404287  1         0.12896594700152764
-5850.749711793769   -6203.444276712002   1         1.247648559256464
-2647.4332715025967  3352.800181599525    1         0.5790805892991918
-1258.7085745114773  767.4664559661032    1         0.33407188646881114
-4474.477229233904   -7589.840172193175   1         1.127587804705604
6774.316407831789    3821.8546802553547   1         1.1311372366104964
-8076.517677216376   4866.918241238726    1         0.6001182856294451
-2582.5158033835305  -5967.922830037397   1         0.2753885735358343
-1790.7743541444042  -1756.2700127132277  1         0.5181414958266055
-3858.1238879236075  3678.1553207519987   1         1.167284929814119
2279.5536593990373   -7508.2475675073365  1         1.0565285730809082
320.0102025231038    604.9595416210161    1         0.19389037136492793
-817.5463888997172   2702.922960591583    1         0.7353820271898914
7514.127149036943    2679.7632178359336   1         27.07787219811942
-31.913252154075685  6247.348872788423    1         5.6915737484380715
5677.844207179634    4204.232407414481    1         1.1908086367979367
-4911.004295217787   -5048.2885130284485  1         0.43412836673434685
-3538.3935351110053  7835.857369480685    1         0.44468800740635084
6341.111553348302    4529.180991857818    1         10.99794575718954
546.8347918458994    7827.880561878063    1         0.3258265493194577
6472.566972324397    -5726.177083991842   1         0.8983452450609978
1910.882200169078    -3303.3550604713632  1         0.6665447811674311
6066.268006593001    1042.8028354240078   1         4.154210186640913
-583.8062199003509   -2665.0841362754554  1         0.8253273644361969
-207.28312995752276  1880.8661842236543   1         0.22818726287529023
-5817.85600063958    -7872.706715009537   1         1.0055388763266986
3521.1761665657464   6873.204185031457    1         0.48331011735151563
2519.1693820155906   -3323.244137673257   1         1.0109808578628976
-4943.576542198615   2355.9833531128884   1         0.2173044695414146
2970.1374260284147   5842.584535214209    1         1.1984724054171887
-5233.644194527176   -373.2904549976947   1         0.18378290338733277
-1331.7608374240037  7120.008994791456    1         19.437457981818245
-2236.516157226582   6829.531020948187    1         0.9268269319900694
562.3957663552349    -452.3719456238191   1         46.34081218817063
-5158.602403130035   -4616.5764300411465  1         0.3672088412643332
-3925.8458045538578  4099.213213277505    1         0.9034970511294068
5441.4692796488625   -1842.8155636875467  1         0.2108749726721705
-5663.9793742587435  -1483.7815117468049  1         20.310564208213577
-1711.7222193367038  -7769.856279033987   1         0.1908088176905065
7696.958827950664    211.61000098931618   1         0.6136050516350963
3536.3903781219815   5212.951893021256    1         0.747384647903368
384.85599781474724   5569.330507465027    1         0.5096992788063457
-3225.888891197007   -7312.7280196144775  1         29.015201094205967
-5482.0186221913955  3216.501127401503    1         1.099559520497225
5687.222362186701    8193.492774340084    1         0.14665453980221202
-3817.296721204579   -7723.87348589976    1         0.9994855443080736
7801.423338559802    3819.8427139393975   1         1.0734806824991407
2646.3243944995666   -7349.374443644346   1         0.44044713276101377
7919.071909715709    5789.5016333382155   1         0.4490008693597334
1639.7891344713528   4968.466810168202    1         1.025766374858319
540.9140982596006    -5372.544235784056   1         1.100422607493436
-4181.040780009712   5918.037360245546    1         0.3513298722069369
295.22973550023744   -4005.9136306963046  1         0.7878900050224921
-3754.422200256157   67.13309769051757    1         5.893019137575733
6854.048317875648    -4404.628173033729   1         1.088151726583038
6930.163433970581    2296.9533410372283   1         0.3631635907261065
