trucks_count 2
drones_count 3
customers 29
depot 0.0 0.0
Coordinate X         Coordinate Y         Dronable Demand
3492.11461067827     -9863.143082320941   1         0.5100124275123205
5672.247941977175    4527.459476263869    1         1.1696333348473105
6497.976356641102    -4570.13400567268    1         0.24573027724817453
4449.8739059969275   2739.0517345968765   1         0.7088377657008409
-7442.242727599866   -5065.518231148778   1         1.0505459256551604
2953.8452354965893   9571.006622813846    1         0.20893250069581326
-6222.624642530349   -7902.203149416101   1         0.7865906056689057
16447.49932084634    10920.664592788395   1         0.7708661322138245
19159.29494045157    13710.136709949587   1         36.01476400702378
-3858.5410648846696  -4561.165011373322   1         0.4022198803818766
1260.9892150235883   -5591.324610919837   1         0.7176751023838572
-10441.818799888413  16644.994099924672   1         42.10985178250566
4974.497502002887    1115.4713412237668   1         0.8022062298247743
-5532.659022536302   -16215.88945858812   1         0.7211666208849239
1392.0890637345435   -3092.731221337418   1         0.5878732937561969
-774.8885727258934   6336.716598609336    1         0.13373560685284072
-8665.420661717304   -4231.610093872934   1         16.806026048560746
-4581.578020669791   -671.6598533448346   1         0.21553566177048272
600.4439658363972    -7523.844303083021   1         13.727250749528055
-9334.599635642542   -5302.782790983399   1         0.6542856738140171
1302.074509342102    9368.698990349492    1         1.182946203210493
1835.0205346704702   7699.0619949328175   1         0.7845495136764715
-2.1211087571934995  5280.337174733108    1         0.8295652940852438
-5924.751437838812   126.09844229716889   1         25.25279385209101
9348.219115175201    -449.9307674680655   1         0.22993046614565513
5700.57925003491     -3497.6469245803364  1         0.8608418022836725
3897.4678857730096   2381.644725001996    1         0.5849777863808148
-3334.265025015929   -4093.2706957422474  1         0.7959128215083509
5675.665570996882    955.3238103786048    1         0.14260854261563316
