trucks_count 4
drones_count 4
customers 82
depot 0.0 0.0
Coordinate X         Coordinate Y         Dronable Demand
4896.162266723197    16496.073265042123   1         7.6996073049669205
8157.805704465555    1241.964324421369    1         0.5668535073738554
-8667.764383307669   6369.768154290184    1         8.812513917444722
-1537.1283850023392  16332.7689502084     1         27.37780972107239
7962.951776649972    -4519.835019186243   1         0.9091782806838823
-879.1906213216233   9152.996999818732    1         0.9918834664864323
10521.118865508814   -160.9922619915309   1         1.0160146128598544
-6174.374820988968   -7118.734058703654   1         0.6612776369490831
-819.0795005122409   -690.4380293365832   1         0.16755013778232358
3138.592391536638    -5945.625805506372   1         0.916942914019822
-4871.159410673307   3197.662264810034    1         0.7435444706534069
2276.140888193003    -2472.8765195412766  1         0.6212362358973392
1697.8333355256145   -13915.963827566804  1         10.352683266614768
-1746.8523235213981  -1802.3105995527253  1         1.0691095762466587
-9451.466640097226   -2886.2614183914384  1         29.46115052258622
5746.803790224098    -5472.520381613552   1         7.278809047259763
4811.7802969586655   4210.835990605486    1         0.8462020328960905
7773.265934603884    5397.943450874772    1         0.2856339008246055
957.9063678971345    2238.1602871273144   1         0.9874594567453847
-6287.291484964573   991.0817023680801    1         0.736077334859677
-9597.421930134302   2109.676776106185    1         0.2337509600591084
2658.321049389036    3211.6673127782105   1         41.3792716422649
-11276.83997545889   2691.685939269515    1         16.153607822365785
-4043.843555853976   -8467.731384630946   1         1.0575168542261402
2798.921323540233    9028.8370103516      1         1.144474475035454
-3542.091406993295   805.4046475870788    1         0.369483570246837
421.16270191474945   748.9166508132107    1         0.9510717500217186
-1847.3330957097696  -4273.045733433715   1         1.116875333106244
7181.999698254634    4537.974073966521    1         0.5230244982991091
-5921.55367586488    -1258.083454053247   1         0.3109968969915077
-3863.9216871411995  -6184.440455345078   1         35.18042011893462
-5745.141683574693   -4175.835548337979   1         1.238436504658684
-3617.4694986793215  8202.280782791931    1         0.11968974401758256
3177.271070481948    -10355.150372349664  1         0.6289205920945082
6934.143309851398    -5819.495860439642   1         0.18810180307922575
10180.618420382527   -2480.3531761054564  1         0.7701166629865305
19172.095176091967   9505.371578170121    1         2.62502128943824
-5968.22773136849    -6478.86492755491    1         0.1270624300636053
-3919.806853356494   -649.7417133826839   1         1.152095216689972
-2313.443971756905   2740.3273321114784   1         0.19476066055701435
6496.457337371771    4850.80690958682     1         0.7787198848627702
1372.5813602129465   -5755.791279122057   1         0.22822718616974416
6808.004274663704    -7980.48437540551    1         1.0643516825316828
5668.564035118905    8651.030684787665    1         0.6285487841578977
-4816.446467653766   -894.4556010510673   1         0.2901740747299042
4493.193449961636    -9137.722703825213   1         0.41311613862247376
-4840.256121440657   6855.400727244323    1         1.1886283321808326
4437.710181071358    4508.916141821093    1         0.8061329629913013
5212.617824565503    -2960.4229445545952  1         1.0973701996364904
723.0275224980556    -7411.9499897092655  1         39.472277795503175
-1861.0640058407917  2001.779380424632    1         0.486423066159437
839.9415070844084    -1836.7660791006608  1         1.1719119591470932
-10140.848766104002  -3130.7906150604317  1         36.45738159817104
-5701.447688766865   -9210.810902355239   1         1.0227256168295404
5371.141694910311    -3362.96948850093    1         0.15084002613913033
5938.215485193457    -12900.825546850032  1         1.1865811152130668
2783.903794234553    -9858.73311171783    1         0.8325656659427855
-304.6801320781067   -5679.193168077808   1         0.5231272206285482
-7778.177739723276   -3285.392056396424   1         0.7809157420552318
4765.660939463843    -7652.522045732696   1         26.29136859414379
18579.925193906824   4576.143096878619    1         1.1058313975569825
-5979.9587417211915  -4914.596238170485   1         0.6355987985853593
-6725.575608397993   1738.6879549577945   1         38.40974186324205
-748.0217323934667   5465.68323791269     1         34.23030284115128
7195.252243991205    -2820.5208242800372  1         1.128684013334398
-4485.880984314044   9046.657027873785    1         0.28732879000128475
3361.630097198996    -3600.380899356802   1         29.930461093196044
17751.172080472807   -8725.366307863731   1         1.1904269087286468
676.7359394676889    -3910.2178349150377  1         0.39662090754614665
-4300.9642555874     -9143.764436754542   1         1.1285040593399922
2748.313230086333    8830.99639151255     1         0.9090750314381041
-2412.482592353044   1196.5433652421723   1         5.6725877511608855
-7420.592405859184   792.9210660195765    1         1.1593013306788507
-1770.776717087975   -811.7683124770746   1         1.1079310554029371
-2118.5847211982586  -1931.039993108301   1         0.655571795277464
8388.534867902366    -3359.007754381097   1         0.9053222875325142
1967.6036095995307   -6716.745252727826   1         1.1752372149857477
1058.1176048029433   -6566.729086232068   1         1.3711270822917696
-7015.164387978985   -961.2911220309975   1         9.819342893158616
-10769.271098441928  -7359.278123949751   1         1.0223160426533866
4179.002414598103    2646.9340146007107   1         0.9221078105433803
5826.279386747557    -7118.924565080044   1         0.442642360403925
