trucks_count 2
drones_count 2
customers 20
depot 0.0 0.0
Coordinate X         Coordinate Y         Dronable Demand
3891.5430427139368   242.88473973943852   1         0.1557462555109737
6621.661602218221    -1752.3028211300834  1         0.6817366933645964
-1945.8437017997169  -6598.086335938477   1         1.1861408807680633
2938.689518232944    5362.966446482343    1         30.38695946472212
254.6397559267578    5026.089936540936    1         0.9197426819005173
2559.3539179853356   812.8354198666295    1         0.25720868232122324
-5555.674395693798   3803.169953046077    1         1.0330861467761885
6646.974959166137    5187.6813711664245   1         0.24932053718152386
-5346.363511393549   -2272.665949957851   1         0.34363297135636467
-4173.433526461044   -2428.280378792971   1         0.708375498874507
4435.249044098981    4307.3514525031      1         32.992809227039146
5070.389665802876    -2533.2425339135602  1         1.0716107061700182
5165.3475571754025   -1971.266346213968   1         0.17963748165764637
-6259.260898299943   1048.7175777085586   1         0.2992946645899612
-4968.0833975365285  -359.769283785834    1         1.138970624067371
224.684623361351     1512.6211756915723   1         0.25358454774479944
-4000.403853979951   -3865.5339799290196  1         48.05829602738102
6765.6777023991235   -4898.696021131072   1         38.794890464523554
-3521.9981009733715  -2466.139977445432   1         0.40297507666858445
-4937.904567644532   -340.42061626526     1         0.27267930453553013
