trucks_count 4
drones_count 5
customers 49
depot 0.0 0.0
Coordinate X         Coordinate Y         Dronable Demand
80.7425096846855     3301.691421850838    1         0.8330436354332431
-415.1879127432503   4791.478259661874    1         1.2384296991643735
-4953.793547527818   -2638.440478345268   1         0.9837173493656431
128.62486998366276   4817.7393704724045   1         0.10167292413835954
-2538.892475363825   -4209.454782673924   1         0.6745147983505707
873.832890786919     -1848.9934129798414  1         1.160152999798801
5306.980854266438    -381.3164174930201   1         0.8779530783439791
-3958.6147155945905  1.626937971386336    1         0.32584293868408076
-3179.8347543109835  -1225.8890031794972  1         1.1177992638097058
2179.135708615223    -770.2335487711395   1         1.2283796602569919
-3773.172761448693   4540.794555305062    1         0.2899615420318611
-4817.451837773902   301.47337078358214   1         10.137112656938637
1276.7552439868489   2320.5168537946556   1         1.0195903223207654
-4073.7314091483818  -2918.5493594585387  1         0.6959257652294907
-4945.097133317635   1365.7824696576474   1         0.4409183202149719
-1024.7239596089657  -1705.4538413752714  1         0.9990032726417685
-5300.409443227704   -2491.8225431178425  1         0.8565366609419549
-4173.657416414657   -662.5417112185123   1         0.4160003336779795
3899.3470075595114   -2467.182313833813   1         0.19693836508978593
4754.262019915844    -1438.271733308949   1         32.562696690623454
-4877.36417348377    4051.372697526992    1         0.9561520561808031
-1880.0637189467957  3996.1282522028596   1         0.5398232238551451
4556.724267138491    3833.439437125677    1         1.0386598687131634
-1781.2999513749326  -757.6712903343282   1         1.08500265720606
-2030.7404683027407  -4467.953958186908   1         0.8347592454978288
-2879.064894686569   2892.099921370059    1         1.192188176414352
-2986.3007930294048  2121.6969463847954   1         0.23701743493248098
-2151.638535357083   -1811.1905582913103  1         1.1826516719655336
-2664.5727814707534  3617.0377459386837   1         0.316665620232629
-2952.342460477699   4814.967296146051    1         0.4093301299386909
-2972.6468107142837  1095.2453927957968   1         0.9785628441293518
1786.8042068025343   -2274.9982754975285  1         9.388798704283534
-4017.3713334563377  -1965.339874690621   1         0.7132467983515766
4183.437539278204    -675.8651105573211   1         0.6444207524541951
4841.172535501898    -194.04829870463436  1         0.4571031381412194
-1426.5869866888315  -2865.8325707149756  1         0.2011062499252692
-1745.6392413381263  -2368.4233758416217  1         1.1542442692465966
-4425.357866419518   1214.7356539262262   1         0.8981816741693538
-4455.603632675958   -2316.0939583823224  1         1.116090400230929
628.3288668458132    56.982111427308105   1         0.7381862560660108
-465.1410821305344   1958.4664486361728   1         0.8296707578721907
-4528.835141005393   3820.5412189019544   1         2.7804565044039324
-4218.604351960243   3794.783451648918    1         0.39668085127643526
-4441.261428317893   -3832.912711115426   1         0.5704662811131774
-2639.2657348269718  2685.133123783568    1         0.10132769335136828
1363.0180962458546   3902.6881452006737   1         1.1677405683178492
3701.3288687067356   154.80790324255884   1         9.333974948633118
3543.6018147985906   1988.7789069086127   1         0.9425223854934061
-2914.278909261327   -3428.5670988809165  1         3.3545112469976086
