trucks_count 4
drones_count 5
customers 79
depot 0.0 0.0
Coordinate X         Coordinate Y         Dronable Demand
3645.277594918092    5241.203468207839    1         7.486116274058663
5397.01298481814     7484.151162726314    1         0.45716731491652485
618.6877797112138    4793.2947100712      1         0.23559776871535298
1167.9663458383197   -701.5908123369729   1         0.8819643634761046
-9529.073522106857   2494.3629211547463   1         0.15362863684903721
-1375.810796292848   -10760.63311626225   1         0.12138674300713279
5496.063031981222    208.7976081630297    1         0.9287980967720898
3845.9488167014156   -1115.8133993187691  1         0.5030060082174146
-11694.950674752132  7490.799947245958    1         7.870725136180128
-10701.434683965641  1579.6082756412434   1         0.3369439222129576
-3462.9421146071013  -2703.8805786991466  1         1.0973398485388364
-1733.6454303474652  -10465.663285681974  1         0.9075253568041924
-3656.446573390464   309.23819202688907   1         15.077122758037971
1062.424087247609    4192.434037392959    1         1.1514265839043376
-7700.626340550313   -5118.0582740390455  1         0.4406848035421621
-2527.605193072458   -4901.2110844265     1         0.7741106794578629
2823.5626560448627   289.9712133091376    1         21.113420200933497
-410.1090344777063   800.0261301743699    1         0.8981989163865428
-231.06057150626313  9370.291933378554    1         1.0426170398853443
-418.8602116062739   -7251.920309303145   1         0.8927624386578548
-3617.3121335176306  1639.3432340206016   1         1.1919774851397824
2350.725323397333    289.57568878187345   1         0.8860412870066615
-4075.8116904721737  999.4270480249252    1         19.619548311542008
-7801.189467510317   4403.013591705878    1         1.1236403535484119
-3907.992672371196   -8450.222587387065   1         0.810661582438645
-5455.8296466621305  7450.7581584245845   1         0.8432058983454789
-6030.0159653196     3268.874651024492    1         0.5500757971760988
10516.294053563835   -1523.1810817420762  1         0.8329425969382723
-8945.11117658276    386.3867881239011    1         0.8333948491083244
-2010.9380740547688  7769.501679188252    1         1.0060653869722314
-549.120262156169    -7551.339811323892   1         0.7068008868504259
11269.121644234112   -1967.2077337017345  1         6.3458872781625635
-4638.445127762733   5757.038415505093    1         18.568987023259883
10968.343185764092   -11565.26193470171   1         29.749148668340606
-9161.840548306596   3921.013912104887    1         0.45118659739028033
-8615.278869427302   421.9029497991571    1         29.314260523986672
254.50857631222243   -797.8801632683881   1         0.803272201194831
-9248.817967538393   4016.827757155609    1         0.4871874584572824
-7677.656639718325   -1483.419137092826   1         1.163097017537973
10769.051150171606   982.3818161029944    1         1.1940818581285269
6267.458188721102    -1617.0713852755694  1         1.150655944415811
6345.028688057743    6400.463822957968    1         42.1912202237851
-3758.7003958005134  -7425.4707930084105  1         22.108984627394232
-2128.130440934777   -2548.999727624614   1         33.33447958854104
-8294.952243506077   -572.9026003061881   1         1.1533694107006631
6055.660081566375    10310.312124024664   1         29.250950586880908
4195.38121550649     4314.863711499138    1         0.28513437365161465
-322.2335984203655   -3090.8834551153486  1         0.693783525803527
1433.868427512059    6716.9496058484665   1         0.5566575586600414
1181.9952771503044   7062.621700096355    1         0.663037021089604
-306.90778347567505  5780.605826812986    1         0.5487229029748277
8947.627801611436    2327.255898078267    1         0.528156077151219
-10553.965141820787  -161.36688042015527  1         0.3225094176961408
6559.91122196971     -7306.04169559944    1         37.87357771923778
-3464.8623208976223  2310.0474080632903   1         0.8850879219334928
1058.1468374975875   8148.661408018317    1         1.1374553781056576
-10417.058852628705  -1368.7040188236006  1         0.24664385051263707
2556.2487662090657   10287.526436689865   1         0.985222130195112
-7061.426582578652   -154.6929526020731   1         0.769031780184409
-2159.991493185746   4896.867282017273    1         0.8075650943458326
8165.675180301883    2907.4139258227788   1         9.94441835550408
-2943.2679078852875  -7534.921474899033   1         0.43518140102482783
-9956.423621085443   2399.471431132286    1         1.0317242427591997
7381.443519200258    -5324.996609953185   1         0.9645264777543632
4776.573172123801    -4019.8165942252344  1         47.35060874163728
11697.2354117179     -2144.7224605687534  1         22.907962687997404
3541.137484421508    1113.8294270338483   1         0.5864783449047825
1007.0161070701688   5850.401131121331    1         0.42721535432114377
-1823.6315444862757  764.2976683937395    1         0.1793454851741693
6272.57940380879     -5669.411901540673   1         0.6575673823585404
-73.02567358070233   -5140.216465088891   1         0.9198650939169256
-6673.35306137385    11614.531979793335   1         0.2723482979672089
-4095.8536591478246  5110.313810156498    1         10.28506500767241
8054.322358801057    4633.396857746737    1         1.1102084123342828
-5120.010908134535   2378.681758817589    1         0.4440743374426602
-1099.0995984000765  6711.610006473207    1         0.2106736148467968
4.8911786648272075   9808.516674946437    1         0.836813801872074
-9188.864021713789   2065.614659571662    1         0.971806907511232
5333.093270990262    198.33570516938315   1         0.24244875639078475
