trucks_count 6
drones_count 5
customers 100
depot 0.0 0.0
Coordinate X         Coordinate Y         Dronable Demand
-3867.0338481004433  -8133.715460465144   1         0.8725124649372569
1751.7208578865148   7247.4345069407855   1         32.67590635941407
10527.225617566264   -8871.507250971794   1         1.072175373542108
6374.948051640233    7966.063016066366    1         0.14241458656494582
-3114.502027328341   1311.0376345496725   1         0.2167209364949464
-5814.218562919954   -8196.472819017728   1         0.7062946398371396
7531.723120609697    -732.2658518283188   1         0.5822772754161696
-4474.535121923898   1548.6429164607446   1         0.17856150373209664
7027.053698706284    -876.0038563370406   1         0.9196967813544369
-11661.969469490847  11181.25583222426    1         1.1305648774456731
-12385.05799656692   -12644.438166071464  1         7.721564524370391
6349.227609573971    2549.0594506066827   1         0.46493578860162543
-5719.023396260807   5884.807929448603    1         0.7486966856584362
-1858.0537289033196  -9117.068377861153   1         32.97022520139781
-295.55201896099885  3450.2602114335746   1         0.6283278429866044
10263.460869614797   -87.49409810476027   1         0.8441706509900506
5415.44925598428     -1060.1729708400862  1         0.5318160890441492
7050.56053556091     -10193.20768395214   1         3.112428129689561
8350.598699197191    -2003.7225299668619  1         0.9744594175332787
409.99554590336      2661.693479384732    1         1.0705132513652846
9278.601948128351    2043.3402937712262   1         0.392933355692478
-6690.508987589458   8258.465614669016    1         0.929326114979242
2409.606620197193    -7003.0009215160935  1         1.043538194994934
6257.823295161175    3470.888780964048    1         0.1812307891209387
464.772679464425     6229.043679451663    1         0.2554701638922221
-3670.456830320198   6467.896800279467    1         7.873064090643415
5293.822326980487    -7327.150602313723   1         0.9717780799441006
147.97429636112975   -13125.66770529735   1         0.797761367476326
568.8340504414311    2231.321757959284    1         0.44279028019826905
-1474.6998810632017  10571.550487713668   1         0.3014027780187662
-2935.8708438002654  -8494.643786644096   1         0.20604300040868886
10063.285216706156   -3113.1276572869833  1         0.929448607718809
9656.260235020769    2957.313022516423    1         1.0850627343681865
-8227.117854586639   5.4367511286989565   1         0.6880875532349825
7410.09727777161     1978.3009404126356   1         1.0837258150637272
-12012.437066397946  -9329.200959794753   1         23.4522257881272
5778.20163896776     -6868.126253367573   1         29.47244702502146
-4503.312060569614   556.2913887704328    1         34.8992485133441
-8415.270211297593   -3484.2222860439133  1         0.925185122705182
-7913.593437884913   -111.58229424528302  1         1.0954651021244972
5978.350462300236    4982.19820646388     1         0.1449580080641657
-4860.817892551583   -3403.773522154369   1         0.4604533542910172
-7171.4146893660145  6153.402571240995    1         0.7876730979480587
9309.90081254306     -1068.5513174545113  1         0.4964476556757076
-2255.6293977468376  -2247.180689581699   1         12.884929510602714
6281.164773805094    -2402.2809881788216  1         0.6376818736667774
-4936.999636394847   7704.545376740398    1         0.3638260242487411
-7881.342435374386   -8297.090240263908   1         1.003630410331867
10608.004725918838   -8696.761132504676   1         39.57640485118914
6177.90061220142     1093.5115907044672   1         0.9448298896170504
-4178.380545074127   3654.1050608335813   1         0.4598775763407681
-4096.9168082485985  -8608.928185352337   1         0.4792755660445992
2728.3697433760335   -7130.044212698894   1         46.35412250676923
1711.9727016229751   10227.325450906294   1         0.3005580419367156
-5675.581907556801   913.0443358025478    1         1.036489416287339
-3669.79257877345    8099.997313092169    1         0.5051850676391028
-1537.0563262160451  -4188.382390187264   1         0.1899884203419115
-395.59698175059566  -8201.71889230167    1         16.920830635791397
2111.101869564991    -2904.942867523265   1         1.0152232038440783
-3144.855997589306   1421.4080777440852   1         0.7823083537423497
-1677.3481964482187  -2618.620185160912   1         0.6397308215460845
3598.7374358806783   8934.320489337588    1         0.9924808194000824
-8358.229554555945   4136.00380920431     1         0.45619607402244855
7245.557387344533    1622.70642429854     1         0.9009684091593846
-1860.204218349025   -4607.187916427722   1         0.5685192408532418
4572.486183037936    6560.3732034084205   1         0.7668849110824157
12799.325016976529   -2142.846449952258   1         21.081286154802797
3776.5344954729967   -6897.728513669884   1         33.38533470840652
6318.4410704430275   -5162.924225381455   1         0.449227050013001
-10021.729196813485  4392.008407567376    1         0.9726148059146767
-8998.342016386761   2169.2797515844936   1         0.3804798848375939
-4850.561517374096   -4311.601126206455   1         0.6283272901699322
-4448.02385753678    -5471.479615781276   1         7.605215777373467
2905.023679241084    7954.44993791492     1         1.0236640997083468
-5321.927135682709   -3542.242568658446   1         0.8516949626017002
6467.002955482238    8574.543998515592    1         1.211567665695203
-1667.0324246977507  3948.865492786097    1         17.85308109295649
189.57217992123037   -5744.927181204049   1         0.4932175201263559
-1365.649043502785   5537.06820517249     1         41.7288215015051
4158.511189777971    -7286.935814859912   1         0.3710737226350066
5126.175304727946    -5994.734973036613   1         0.5639697333232783
4789.620297118339    -7085.207673167979   1         0.4932768705963848
-9969.381737733356   741.2445914308204    1         0.3295149564260941
-1618.154220454895   -393.23095974594486  1         14.472541152001986
-7007.713150612205   7597.887310491249    1         0.1391753106782482
-2152.543433396346   -2869.529320697622   1         0.5581941134742486
-10954.842116571757  -10370.605793470462  1         13.663369506492982
-9807.029454517911   -2750.688482797528   1         0.7053252982921568
-5617.837118297937   5569.895161631326    1         0.4747560426072799
2901.944496259761    -10307.823217737878  1         0.18325530513946575
-7423.050235871383   11087.693507330392   1         9.103108606973464
13173.518290185484   -5710.002048096401   1         43.10268233146452
550.4592439560723    -5589.799621614598   1         1.1434135150353288
8309.642948553834    893.4830766181798    1         0.49834796220633504
-7519.6943293812255  7622.395485293191    1         0.2462162658653545
6605.336680002472    7125.446540005834    1         0.5425528948237265
5064.448059923181    7451.2700337280585   1         0.8054827283767728
841.4295066314683    -2554.2563097194943  1         0.6826425158462002
-6377.946784920251   -11299.157478613997  1         1.0340421768293584
-3648.4738028344123  7222.190694574008    1         19.40912462734659
