trucks_count 4
drones_count 3
customers 78
depot 0.0 0.0
Coordinate X         Coordinate Y         Dronable Demand
9305.114089099574    -14706.016690522332  1         0.553097857229454
11670.66637136869    -14355.426919365804  1         42.29372685041545
-7841.974333781416   -13255.810660945519  1         0.30912217568712014
9448.82749634259     5306.713007905839    1         1.1450080802630223
-1090.680393198411   -5887.668587172442   1         31.062742462850938
-9610.651618456537   2971.629643936165    1         0.3647287557172947
-10147.522528183472  1675.2349908269314   1         0.7813459368485598
-5460.848596279776   -4029.0128869651535  1         0.4545315291403925
-7014.307762973467   3873.552946595646    1         1.2095063247118052
-8235.80206117509    -6473.122068261072   1         44.20356273856238
-5809.103664226734   -8788.81758670949    1         0.5394837399684532
483.0985942868586    -3499.8708493148806  1         1.0672059142869952
-6445.280172593348   12086.513172594383   1         0.8311742571624328
-11667.119722466663  14169.506630518012   1         1.1456416202281485
-10804.659146379436  -690.6790978772907   1         0.236217288795929
-5081.265446203237   -3799.2125701788514  1         0.5584832462136856
-6001.930723915708   4345.522454459503    1         15.102067055535723
8524.579431337548    5477.119265646487    1         0.6302144718940914
-6265.893121154352   -5996.886183550876   1         36.89251401809247
836.3270139644299    9709.210636225725    1         43.89240917650734
-12932.901657698874  1638.6105423391382   1         22.984409684016555
-3744.496590138264   -5001.121728301327   1         1.044106655097201
5333.593180421303    5745.481649203231    1         0.8278909983554702
4587.230902169836    -2659.7310141241533  1         1.1460176011974523
5507.979093086575    -4752.567219910259   1         0.9728494999233148
2273.727083366506    -11748.686487088638  1         41.558444426078076
-4386.816731299195   4625.720964990415    1         0.47491197195586865
-147.1405383418395   9384.663012732983    1         1.109856290434282
-1157.2532514035556  -3245.7904556090803  1         1.1926206887511888
-2341.743471456666   3272.676615251945    1         0.30625322442920455
8489.41892428707     6391.387545809783    1         0.7271194287575917
4791.3155917397335   1215.750631271237    1         39.70190236526195
4511.216293587222    9397.141645879063    1         1.7248827780042635
-5221.568822247497   9364.567655666542    1         0.16887575737264604
-9123.48184021098    6287.650077618677    1         1.460375435895469
8729.510881344026    5263.772795755285    1         43.835373580537215
-1393.8975759854538  -1851.783143148696   1         0.9889958405793864
9342.662990691342    -1332.1025862736285  1         0.2212583333709623
-8665.350888908342   1188.802701577846    1         0.8599166534936409
-7087.526722668355   -11874.373510145047  1         0.7912696277930691
2594.9960337019183   7583.770770891329    1         7.96056687863772
564.8159601376407    -595.83099360733     1         0.8744081172783382
-12618.038721014158  14619.989429324902   1         16.480079412117437
5351.363967530628    -5640.290985241727   1         0.3425655637243392
8176.903218715551    -77.39606928259926   1         0.9007771952387144
-883.5165315587983   5900.842702537015    1         6.048304726627473
6147.252485273733    -2238.041621160557   1         1.1022876404348512
-402.831313025672    -5503.604071855365   1         6.309614236201198
-773.3989790979108   8221.197232607827    1         8.94456583563274
7671.047959708758    10886.672599254132   1         0.4421326960484996
-9497.247283032695   -1384.774225594566   1         21.893573266305907
-10622.77300917692   13523.004859070024   1         22.412292083213533
7723.569637552628    -908.7862650108765   1         1.2142249072022768
-8041.4517425743825  -969.4588020351414   1         0.8821423353353688
-1461.9319387930539  -4453.40694171471    1         0.42718176956087395
-5734.606128281049   560.495750034082     1         0.6076920179712428
3984.5379922744974   -6152.0377166343205  1         1.171063272199489
13069.800481602411   6912.059257844423    1         5.850371536272902
1099.3950273830908   9524.127857829271    1         0.2888069484997269
-9433.703278608751   3384.680992580021    1         0.23402912220693398
-7583.194734080711   -2624.79584351184    1         0.46390150005469444
2888.385245293835    9748.490218727142    1         0.24584437132138606
-9016.560918451234   6178.981438375599    1         1.1157127306779406
2801.500024980591    2446.2260417981256   1         1.01401166621948
9044.719643920716    1555.603753119054    1         0.24386407710222135
-569.5631374906558   -1386.0601017510082  1         0.22105820813076105
4796.459856066718    -1607.439944714757   1         12.063427534665422
5641.560723377264    18.362772042188226   1         0.7841282553144666
13451.642590137555   7577.1506563964795   1         1.0362617407749148
-3890.6272571340514  6925.4281226735575   1         36.64334900900325
14034.274926466944   14557.446944982497   1         33.64949358412037
8491.709783143438    -3353.9537039979964  1         38.39983513285654
4506.940838081073    8135.941312580461    1         0.9775657958877192
-6947.756807252751   -7881.935215785812   1         1.0679903201935228
-3504.53012763296    37.05869759096317    1         0.4935913161670842
1225.0666769076454   7051.993391308556    1         25.105452570076867
-7259.683859788054   -3553.373999056805   1         1.1923281715730163
-391.8115084601486   -9938.462740118423   1         0.5222277485359141
