trucks_count 5
drones_count 3
customers 56
depot 0.0 0.0
Coordinate X         Coordinate Y         Dronable Demand
-1179.6908996908292  -1281.8174891201188  1         0.841508582207671
8945.553018469504    -2229.4801749749568  1         0.7341081973024877
809.4488905057217    9445.965157389475    1         0.9867073542068615
-1878.8709359808486  -8882.093402922199   1         0.16145197022965796
-10385.05713771543   -17936.103225857874  1         0.21630982526041914
-5932.442132748654   -810.8245481663145   1         0.518552507182818
-3568.3515998958537  7800.618401799468    1         0.8085592670264028
-4222.432948002607   -3239.420172718927   1         0.5217667860676711
-3670.7703616743543  -1142.2865425379528  1         0.34035280217972336
8406.584636768415    5297.285821586928    1         1.2095264304671742
15324.0600441206     2462.5071024613426   1         0.31696050274562204
-3209.5276676875637  -2191.5851038616606  1         0.1762853643209698
-8432.262170125836   1029.4081015502577   1         33.81909730291828
-5800.175815433846   6519.099596465174    1         0.9670431158836768
5632.182186563267    1645.009539563672    1         0.1475341441937792
-12984.42712471621   9892.314301994687    1         0.4147014604985837
-7360.700399992446   -5798.146380649577   1         20.98349397006444
4103.0156810714025   -1780.363389894798   1         0.4533525227994897
-1994.23052925966    -4169.068618798595   1         0.9517597098570743
-8168.814066095346   -2275.4871423299346  1         0.4902469495964914
10004.197717238      -5543.572829483219   1         30.973063401974176
1127.0991962422158   744.2778692660468    1         40.046044056716596
4977.323123209163    -1415.9760086794295  1         0.23288090995087965
1891.2351277599548   8985.649996437209    1         0.9721830495820218
3062.341747843002    4285.445410619402    1         1.0159730446110673
-4657.419821083044   4556.050033341162    1         0.43873049038727674
4786.489055271589    5687.789635254735    1         0.4622321435796998
-8176.500711799672   -4881.005083124486   1         8.68163987848046
1718.7057939499698   4617.189087162044    1         0.640382315313146
2434.809504233608    6318.720055550318    1         25.236210953157855
-10111.352104629572  450.4484497640901    1         0.7417802291993755
-3316.5231660656736  10413.013143030945   1         14.967598177737603
1328.7992297011426   -1648.295035479538   1         0.25968036743576883
-10000.86675113563   1863.124041632941    1         15.292153331475319
-5664.352600485251   7918.4761430235985   1         34.701359489885604
3408.218773059248    -9377.82438182444    1         0.23727224449715856
3768.5890155690013   4377.729867253115    1         0.9849250547396056
-10873.080955766198  126.5846004578574    1         28.868427984241894
-3088.2012199142496  -1234.610627597313   1         0.44630406909632037
5112.5047287996495   8407.22254112866     1         0.9456611919504716
16605.216267720487   16667.516819866858   1         0.681857097357909
-6652.02424963977    -9177.765416849625   1         1.0121761564689276
-3596.411910325704   303.79602167420705   1         25.56379627275109
-2994.177061746947   -6729.089762949995   1         22.53719242496253
2501.5480232207906   5765.931302127438    1         24.57357048511363
-2298.7779703156934  -7004.436207484745   1         0.19001091445268395
-3697.6027173161942  -5554.360006554055   1         0.27056713244719244
1540.348707922163    -4203.27827070798    1         0.8284985137522831
-2517.960618859215   -8562.484782776011   1         1.4965871742280643
-6554.825396480999   3070.2590624595427   1         0.389369343107566
-6149.329880964329   -3041.4747903509597  1         1.022040615980022
-7058.506673527383   2464.03725142883     1         0.8286971685907736
-3401.548854213947   -258.91578638277167  1         34.515059602730574
6019.07072147154     -4161.828993022619   1         35.83369187117366
-261.5477728709827   7043.102595340286    1         0.655872812444167
4512.892870034311    5309.984690795245    1         0.7559451029459071
