trucks_count 3
drones_count 3
customers 74
depot 0.0 0.0
Coordinate X         Coordinate Y         Dronable Demand
-2853.124789233024   -2529.2634780433136  1         1.1443138865050162
-3020.8762741413066  8305.806634879642    1         0.8785877891080247
1685.5471646606093   -4549.9417808616045  1         47.0862127890963
-6611.448713643879   -7987.721887295247   1         1.0003245833352883
-1438.7978270255685  5340.632913574781    1         8.080548512034404
585.5435772822202    8461.032709106645    1         0.26640064000718455
-2335.4013124877306  5831.17792806123     1         0.11161211585571586
-2776.562948719211   -3753.8285403225905  1         0.6722315275743006
-8238.845844175787   5208.131652884838    1         0.968263308557207
7361.687523944754    3463.179443260519    1         0.39552307756446237
492.40258034317037   -6146.473882805566   1         1.1544208209556681
-164.6451650367162   2210.626057384688    1         1.1940723879999944
3540.437672096224    5830.572134140947    1         0.38069995994141537
6592.712740270329    -3977.120143926169   1         0.99173548863538
-3691.048389430193   7776.777934245772    1         0.9835281497659597
4051.549816738387    -2466.7338985249107  1         0.41118399400966754
6713.023773870083    -3462.2677602256886  1         0.7460249157265446
-2946.6866358185807  -5977.134384356849   1         0.21325459311878092
-8498.416248222537   -5788.2422636958945  1         42.36439379962288
-2234.9483021259184  4520.973735693089    1         0.9363309369206395
-6175.585248532649   -5429.569445973373   1         22.998003833201235
4085.016407608111    6445.2049664829865   1         1.239549150288125
-5635.584529455845   -7573.600739726286   1         0.7271234585188502
-1754.4920308564813  -6179.60733798529    1         0.785263917709486
-1837.3282080418865  -4970.088742638089   1         0.16912143730820778
-4285.5397071755     8496.368179010917    1         0.2631745161975577
5841.358376298907    -1367.2648824619364  1         1.030676040667681
8400.353107762377    -3698.9267605049736  1         0.39420192516197794
-7404.023534277477   -7874.913122742767   1         0.3785811392396037
-1840.845996464632   6547.30655146276     1         0.7555735103655612
-5029.63864825441    -4220.709538883015   1         1.200899297811165
3823.85416196293     4582.9867374244195   1         0.31585342355053847
-224.88907423525674  -311.626137217436    1         46.92553422550794
-8140.310235300216   2572.038582825548    1         0.29598715875048764
7757.306145566057    -4062.6404795140056  1         25.546490951473597
-5118.039902240281   -4768.245291287779   1         0.34878854997817565
-581.119662108693    -3914.410967273631   1         0.6501657397659624
4128.111681514408    1677.2715291129678   1         1.1182042442931077
5526.360289643355    -6768.4582997719035  1         0.6475062764322904
-4779.211513236005   7924.4612435458275   1         0.5930387669887579
1091.5795352290015   2638.2383458347817   1         22.89851013633054
-8476.74907601592    -2579.314005652124   1         33.68919944750168
-5072.061775873864   -6030.662434043347   1         0.9459614118705622
4638.948253336115    -4401.359762468904   1         1.0088610252122263
2806.2396067330233   6566.523257790314    1         0.3854479564103295
-7860.354964142126   1838.1218710100818   1         0.20402641623536288
7276.830286569486    -314.0717974295222   1         14.258805086738546
-6837.86540457905    2989.7549509356454   1         0.6073180005829847
-5421.854595260108   4474.752042292938    1         0.20959608196462193
-6193.563344111899   5400.445091379666    1         1.0983919087317235
6736.89521355848     -683.0495239603496   1         0.8037165319085068
7732.835968493692    -2675.7939314873893  1         0.9311960425181275
2685.1898786767388   1587.0960180153752   1         0.4121069045883279
-7093.644306492632   -335.7722100445506   1         0.9344430602124726
-1764.0056947384387  -4835.152129536334   1         0.30221912159038283
-7250.800003194674   -4435.668231550966   1         0.8991960387663461
-4393.131544511544   -2231.922658349141   1         37.94034229442123
2370.260393825374    5424.93601232879     1         0.3983182219724548
-2876.329472494945   -6976.625339368286   1         0.37155367452735955
-1314.8719996566422  -2877.658415406465   1         0.21511835396410417
-5082.671079551451   257.9433614185259    1         0.7095672235099105
5209.911809271117    8422.54574105778     1         1.0538071750199194
6424.165903397043    5486.001487192284    1         38.461353160539275
-996.2440681459983   893.8803125042069    1         0.8486218650486106
-3911.552149969439   -2447.124393068901   1         0.1295004408161473
6671.246439083867    30.31953480139648    1         1.1372497074602073
7799.173768701607    966.3253885040601    1         1.206966631189727
-3647.1754727903053  -3962.8693139805705  1         0.6980507366243885
-7656.9751786413635  3548.805004528396    1         0.6715006284215703
5407.03254335718     -4732.949596030648   1         0.27694040145266985
-802.2911000063356   -5822.728931160972   1         1.1986249697771547
-7360.80489911113    1752.2235290058343   1         0.4605011104223623
6539.9700210115125   -1920.7167317674446  1         1.178106646497854
-6036.8499864353635  4069.314281494367    1         0.26554519498973095
