trucks_count 4
drones_count 5
customers 62
depot 0.0 0.0
Coordinate X         Coordinate Y         Dronable Demand
2710.2050688014183   7226.780134349969    1         0.12385975190770157
-3082.3073314978083  9819.682776310654    1         0.635957944453689
-9588.882615312397   1016.7506435135089   1         1.0928426000202578
-5056.223419876631   -609.1073481895468   1         0.8199736469727685
-4918.939621400199   -135.54513106687875  1         0.4484411963469134
-10791.883802626637  700.6267323859012    1         0.8717850164783932
-1148.4354327971894  3973.486716064918    1         0.6842464846106525
-15714.48439241407   -12608.47820659215   1         0.6394486348821685
2264.6969474877596   2269.1551661864437   1         0.7591188018829771
4153.571983644871    -1804.557213314412   1         6.339787094775789
-6760.730475869584   -4406.286313218471   1         1.230904482704923
4672.528209027867    -8401.208302758741   1         0.5850358044475139
11471.617243638848   -10960.67508930842   1         10.19452554345662
11485.165001131747   13450.595617592164   1         1.2268868304437504
4874.185736669654    9715.189241828313    1         0.617736537583451
10292.783290006311   1697.3477408454376   1         0.18294531900636
1431.892329146819    -3341.2286032531856  1         0.7878576034108026
-6950.090713511584   -8180.529841749725   1         0.1006387918199941
5481.758075335629    -1762.9906124831273  1         0.6626792922876625
3687.1769457091946   -1951.3339129473727  1         48.150148894403664
10059.57060057464    -972.1941317543788   1         1.0965594979488364
4378.950257217519    -7582.181968796895   1         1.2013057666880191
-2928.341954333621   3660.490974438207    1         13.07885765217463
8687.683343364213    -4689.402168678553   1         0.5745015289686689
7772.957647901399    1447.7644439730775   1         0.5479032260017016
8067.954623540945    -6259.920427397073   1         24.562161632239444
-1752.8918111879125  5559.857865594472    1         0.6909965673489297
2849.7189395820023   -7815.2945716953955  1         0.10397261515638223
841.6923630141255    -8766.524488172307   1         0.3777102512372881
2959.1264032147574   8268.033142828619    1         0.6197643360332106
1123.8219834829654   2222.7280384901082   1         0.3276576904967152
2553.7852980151274   -4486.230603212304   1         1.1425555834828602
2291.5222647299515   6543.415371444572    1         0.2771631874233753
-1108.9017977766248  -7729.430741078979   1         1.2124135611385132
-1591.5078826901608  692.8563275597462    1         0.798964712867932
7515.210442858376    6814.912320237632    1         0.2006955135700565
-1522.30751938898    9800.38580702288     1         0.14436203978647416
15019.695611838306   9684.120730880371    1         0.879919912980437
-7097.945035135193   2353.175721306247    1         0.6319664236413123
-9007.799224001023   3898.6986493036966   1         1.1844021082861063
-7313.461793562575   -3309.338077093381   1         0.7876785411647979
5206.22057865079     -6062.8400880097115  1         0.5097544835477889
-6348.603659980256   6947.367609331945    1         0.683125956882344
-2676.3007383051718  -5158.72935477349    1         0.6093954381752021
-14555.652037750395  -78.94684100162704   1         43.5515337265522
-1125.9456976346708  1856.1569602970724   1         1.242660825479414
6508.560267640099    -5677.066539182359   1         1.143410977812665
4755.0269807146615   13126.211661887213   1         0.7271800597123828
2627.635246833719    -4753.592464998496   1         0.4924476952406045
8801.570193619224    -2539.5763181349043  1         0.5671792393245747
9247.133438783716    2688.9613943278537   1         0.13405157856799108
-3992.9652619921267  -3309.897855980084   1         0.5160018403765603
-7945.931830042466   -5565.164279881722   1         0.414986104795262
-9553.875316005495   13869.48641949418    1         1.0631640882155586
3950.608531319635    4617.4041689282585   1         1.0261831467177074
-5077.9152929290985  9667.357876906606    1         0.4601835101312667
14884.549037051005   12213.68764346197    1         0.5986512980234946
4577.480095317851    -9881.86861924301    1         0.1615674169810384
2985.411097700418    -7962.956223921922   1         0.6333251395639995
-3094.7389823144563  -4693.188770282485   1         0.19695775223106715
-15353.6508995352    -12596.268964836385  1         1.0474198025298826
709.8023600808955    -9342.77307459233    1         0.7660200308145061
