trucks_count 5
drones_count 5
customers 47
depot 0.0 0.0
Coordinate X         Coordinate Y         Dronable Demand
933.2845135918469    -5258.305469180987   1         1.1298473842861536
6004.311164859969    -5458.1361964839525  1         0.3079572564587001
2339.9492687061747   -2837.046173419358   1         1.187940219216075
-5856.238789692512   2532.804139228575    1         0.3888989910546857
4535.83186949098     -3534.4249149807424  1         0.6312363054130605
-1936.2857828148572  -5049.387900992329   1         0.8465862109355213
-3695.8338292377834  -2928.397467464171   1         0.4345741150954585
2460.614755898687    -4457.573937969209   1         0.23213501499104358
-434.3873674886074   3223.385001881958    1         0.46067355263259824
-1591.8507024539736  5339.071522155218    1         0.5466653847993671
3680.8471174599426   597.2549578854305    1         0.5545389257178436
3034.621185303021    -4740.54554118955    1         18.02164788995065
3194.7021099284293   5351.0245666278      1         0.9332195469857688
4315.145318800685    -4902.017847510032   1         0.7953269366737932
-990.9240560386869   -4723.036912156922   1         0.673047388227572
3023.0622363246353   5266.853450197434    1         1.0574892361274946
2018.3687080335933   -3799.6483189105534  1         0.20155873593923312
-3460.6444236558996  -581.4130937897792   1         11.980667657968374
5688.235491092327    -5125.972479822032   1         0.37283073449845683
5809.685560033268    -5188.347128968153   1         0.4887188395004832
-707.6577738600467   1979.68306531444     1         0.5119168683321771
-1300.718175051111   -6036.1637501519435  1         0.5175255013099802
-5954.869192639142   -2166.4437295974267  1         0.7303877364593042
-5208.716184750727   326.80064901455603   1         0.9454574288538935
2552.767540473224    492.8830515423045    1         0.886279519993235
-4870.691551297884   2801.679595434869    1         0.31745745822360616
-1799.0529066722909  4600.24238912139     1         0.6501444144318241
-5612.963301260675   1533.3838820341311   1         30.25331772971247
-2381.5620758945934  22.06351149522833    1         0.9357033577378118
-3729.383951840876   -1935.1047928886271  1         0.8101271385144342
-4662.04291888477    83.86502130228719    1         1.1959667383915513
453.6566738857159    -2395.084256758274   1         0.787029196129915
5741.203226980231    -170.49702069803496  1         0.2788825477882224
-4205.85313519694    -3059.426871688597   1         32.79477709375453
-21.485986596636803  -4299.5606554067     1         40.56544516584891
-4886.445070815524   -3898.325589475793   1         0.7860140664088278
1298.755884647081    -206.29633719670073  1         0.2848340403524479
2413.239420796634    -5867.358762309205   1         24.542320295393935
-3201.7878017572775  -1597.543718557693   1         0.5640954091877913
3209.1749542121897   5674.927161594106    1         0.3317796915130615
1399.8404848376938   -3130.895745186588   1         0.1835883836888722
-558.2907077220823   -1489.109238679204   1         6.469885585545858
-4463.952218395649   468.57760722462933   1         40.819687784771155
-3620.8771777240413  1458.1947918430274   1         0.758193095972828
-3737.392343169484   4154.247120696852    1         0.6478403921452952
2243.261615155344    336.4219792533431    1         0.322060219537578
-285.75289119556953  2528.029003570348    1         0.7228277391641694
