trucks_count 5
drones_count 4
customers 62
depot 0.0 0.0
Coordinate X         Coordinate Y         Dronable Demand
4985.395111058462    6756.553832354429    1         1.1723769742293573
-4739.981929177748   -1087.0843331359722  1         0.8819920776901501
-6384.896706552034   4054.099560291322    1         13.566760373976734
-1369.5180314594343  5846.88460286327     1         0.3482269506038851
2100.1650524365373   -6466.636927116121   1         0.917940467691771
3993.325909663301    1413.8540200264215   1         1.123103822498986
6536.545056582839    -6977.105205014547   1         0.5859189922711778
-5559.287639958746   -4093.273043437028   1         0.1727207154688446
-6058.311163955383   7635.498339745632    1         0.22940749233409202
2429.8124907547617   -7388.382643613845   1         0.7799436120051938
7150.755672977847    3041.2524994901332   1         18.65708432060865
-3443.134574976074   1409.7741003168994   1         0.6040075133068352
-7669.966912267091   -4757.086135241375   1         0.6897344434120274
8128.204082616097    648.0878331296457    1         0.5374438301491277
6763.658469887694    -2398.974313982982   1         0.6597625883814006
2056.484200548595    -2080.6805879228737  1         0.4648129805151957
-2493.2672967764915  -6533.613943746291   1         1.2351159270576173
9740.304049445673    -1387.7488521379114  1         2.4389805416996193
-5710.0922835716065  -213.27420326937278  1         0.5115065003775399
-587.0361942014061   -7296.903674736007   1         0.5270892619397285
-6614.800796378029   4881.279165158492    1         8.771505849118011
-1173.976045811009   837.0832273228407    1         0.4298456361920602
-1636.515400023029   1043.444339675433    1         0.33964149875366634
10869.943935109299   13759.692296378635   1         0.4751550723357967
444.32751101071335   -9521.467597088496   1         0.5713823680460409
1435.0269452699383   3346.7373844501903   1         0.3993995151689148
-7343.1208793904725  -6665.161209537478   1         0.6197295905544289
-1641.2649476150104  -3924.9397997347064  1         29.203353482786707
-14424.572694809596  -9595.388817001047   1         0.5716029030149189
-10075.132129820682  1797.9210168790487   1         0.9232309650726904
2295.783010978929    3619.3430070488075   1         0.33108670252231875
-7772.132456051304   6254.998950368597    1         33.7564566551097
4663.440891660299    -7729.944564163543   1         0.9064928893050277
-3975.3809065029686  -2418.513442971264   1         0.681470866031637
4788.53593146165     2172.4336774718804   1         1.196927587320369
8005.464742497458    2633.582758115306    1         0.5560571162430259
-3908.982903205904   6360.623614647585    1         47.3671919093191
-9196.497399310203   -5450.330036996835   1         1.1853087907115338
-5490.91197732124    -5689.522670667198   1         0.4259432065643237
-9096.65356949628    -3295.6079892175967  1         0.684769386696651
-19.334178036208804  -1464.1643908563808  1         1.1990017596145166
-3266.0722313316655  -2799.4875118675677  1         0.6100058840280038
6410.175964729177    -820.6397425742389   1         23.91436771412518
-8363.471307223304   -3634.8822719769537  1         21.60229912203613
-3232.6339390753838  -413.0895682835999   1         0.5953469014913872
-4410.961323962254   4162.58998626217     1         1.0615818958211845
-5564.0894730013715  -8238.007767301036   1         0.1731598626068243
6610.564780050916    3944.0539377706446   1         0.4821563247904347
8013.97628095217     4643.826586245011    1         1.0967010825825265
-5883.956473827701   6591.57035039879     1         1.2085135739285433
13158.198355016808   8862.057669397622    1         29.61061307274607
11189.525976706067   -14394.30482069531   1         32.63887834263978
153.46275649212444   5994.330385502608    1         0.9504176775081252
3858.241844888402    -346.40068940670244  1         0.3302393196520941
-12243.887861283509  6653.896709091063    1         10.564813148572911
471.3780841460539    -7326.759818317421   1         25.439532044115996
-387.7872716611107   -4723.093937200252   1         6.654120035716558
-13341.415772212968  819.7066532745012    1         0.8821493050877581
-5405.954827106926   3363.6506929480765   1         0.20388097638789973
-1810.5604581835958  4256.458670625501    1         0.5345253988380848
4427.663430900713    -1818.6738690760783  1         0.7552158869823404
-134.63178998840056  -5625.327028419352   1         0.9209749933659548
