trucks_count 4
drones_count 5
customers 71
depot 0.0 0.0
Coordinate X         Coordinate Y         Dronable Demand
-4358.1823321165375  3961.4675712591443   1         0.3648460011755673
3448.8905068583995   -4128.746290498136   1         0.3668405144139969
3131.8650895627593   2617.1547597506587   1         0.8765540680100222
-629.4538172946726   -2257.8426445611713  1         0.7363870539913376
4375.8235913877115   -5155.161661605641   1         36.39548978974737
1242.4429612492647   1517.9604357143182   1         0.7307811265934019
3942.4576730112844   74.04059572476484    1         0.9123037072639445
3849.0358784745      -156.97823320798634  1         0.8282365543299082
-1101.5409928542194  2863.8235869222217   1         0.2773893905637135
-1815.605408713634   2680.8105948500206   1         0.9363324434235036
2296.839689754099    -5180.30933739596    1         0.8727374957259894
-258.98771612681065  1540.9040706375908   1         0.3624345759026555
3619.1956249269306   719.1901265057522    1         0.4227579386474035
-2830.8361305153626  -2046.5572218600557  1         0.5648749688194952
655.405386629814     686.7670628142705    1         5.424226690164332
3283.0710698011      2293.4280186692768   1         0.706536184744161
-3500.677230899103   2.936413756011814    1         0.3928769712878496
-4719.394049493645   -4643.336785451116   1         0.8205064459252246
-397.282362244539    -3089.5074324292805  1         43.19879240480811
-3858.364553889959   1623.1069128690235   1         0.7152080693400532
3115.8868851093066   -1845.1794984397557  1         1.2441779095637882
3154.3079650264226   -1292.6047345294905  1         36.31931681043967
-4716.0188025606385  1743.2285914576419   1         0.2882493062133606
1464.7428892227351   -697.1459430072823   1         0.23306391176906163
3682.3948237906634   -345.5810366759929   1         1.205852209465994
4324.382893983754    -2109.276502654301   1         0.2652074683302642
4321.303159210811    -3077.797228878496   1         41.28963936045762
-993.3249142168534   900.9743317315706    1         0.6944340366543518
-2966.0917002331976  -3015.295404309012   1         0.41007801886169626
4276.731663009338    -3722.221509179536   1         0.4545806771821391
-1035.9032111810461  3125.89883679067     1         0.4700767146217312
4128.490440782264    -1024.9610992091439  1         11.614143329398686
3314.397257243346    745.8612041023389    1         0.6188553857101862
-4338.323502572127   -5.278503950215595   1         0.7340794371625018
-244.5871064601124   3280.8887596395316   1         0.6402436924965985
1301.1347476309536   -4604.701492385796   1         0.6828294183237766
2975.8168506606025   4828.3597374330975   1         0.18507940791220484
-3258.195838576055   -2432.224891488092   1         0.9408114838515937
1557.1250061531946   1361.587007228916    1         0.2203784906036
1316.3125433081798   -2147.4475000134616  1         24.8766635950929
3786.1147189588123   3046.5107711937503   1         0.9546018103573485
89.41700069187836    -444.3296320872709   1         26.354216236468613
347.14328706131784   3343.0250872175807   1         0.7301453024830629
-4924.681644831605   -1554.212465346017   1         0.4460041149163747
1127.6648684471481   -3253.6059619810644  1         0.5021436725712859
-2645.3861534300117  2104.0526920238935   1         0.42246000037495846
2814.2992533083566   4202.958884107772    1         0.996924791178912
-2221.7277964975333  -2984.86717005478    1         1.1461193517338883
1394.2695684357277   1730.1845760196875   1         0.4828793225025534
2866.537686601176    1726.6334628751092   1         0.8108370739515602
2607.842832249838    -1835.5292090300097  1         1.1936998293730423
-4073.054324382247   -3869.700128733614   1         42.152889759150376
3069.899682815552    -1022.8447071266146  1         17.68374665892254
-3238.399926565915   4623.918463031623    1         0.46254506824650776
574.4061427816441    2536.5280730430277   1         0.31781714076517276
-4870.685401001675   912.3949722236842    1         0.6677281861538685
-3941.708465240098   -2010.8044353618977  1         0.616809479937586
5042.808414522432    4638.888257366311    1         0.9541037783678511
-4335.415892059036   -1455.5449000335507  1         0.8909617798277552
2520.6484830372856   1119.4216143178328   1         29.65533647116449
227.2058053484643    -2640.6149594877934  1         0.8983860129098458
3192.09206491972     -2617.3741823860864  1         0.8436463276012927
-2249.4102386755244  1844.1685433132557   1         48.739775568887204
-3753.9857586153526  3198.3179207988774   1         0.9314019251999863
-2704.620868354125   -2556.0059026479576  1         0.9496537559252787
4260.787207264256    4183.98840754799     1         1.157927992867217
2749.9618894122723   5091.246304061173    1         23.89680886259855
-3398.1037204938707  -4697.286256445299   1         0.5605222478079696
3415.596470012924    2870.4097501627684   1         10.443612359511542
-4073.6691270097463  3453.1228197244      1         0.5212295493009005
1092.675004571207    817.57984596166      1         0.8524009337918075
