trucks_count 5
drones_count 5
customers 100
depot 0.0 0.0
Coordinate X         Coordinate Y         Dronable Demand
4524.016080338561    -2278.9147230341573  1         0.8685113398897344
9384.824724448312    -5407.650666576413   1         26.38498467226888
9535.273179422687    4625.908913515599    1         0.32333966366005806
2668.674008119027    -3904.488416533064   1         0.6461441527686473
6021.632823178519    1013.7508343031895   1         0.32692227962812404
5887.680391721257    5626.1369515521965   1         10.018033993662371
-1102.086858514512   -715.307667157628    1         1.0527630433967718
-982.6114904860038   -4027.983505534658   1         0.45155065701055863
-104.25279146616572  -4373.667340189272   1         42.36097831156166
659.297396038778     -8598.350509961412   1         0.66461605953003
-3151.287762619916   563.1232684591376    1         20.26607578504461
8681.941936217117    7022.137832316264    1         25.13574649332757
8608.727122698703    7482.290342979024    1         29.281741483633805
-3153.974153942281   6364.654229158172    1         0.7047076583531441
6981.111658340107    4361.43938762259     1         0.9055235993299908
-1693.9854384524472  -981.3457292504164   1         0.7345371089107557
-9303.761752779963   741.4519093984729    1         0.6101606159972758
-6082.155728086016   -13.344507430667994  1         0.5501517286093403
784.0268805022909    3987.2667894177794   1         0.3148441929253196
-1208.1360392547579  8774.020538236768    1         0.9998384868719593
-1941.502923311727   -5050.680154647433   1         0.475778496037779
3318.097874511484    5295.742185545002    1         0.938304427625681
706.4601838230463    -3788.9702497283342  1         0.22105263767516642
6304.033521600157    7585.066381895147    1         36.194018546189064
7782.513476504187    3585.3222504259743   1         33.78341759426003
3398.2912496401277   -7451.980304854295   1         1.0831038502062522
-2397.7049744359765  -3533.4292989280466  1         0.8165342051072148
5401.2290182976      -642.2472303796291   1         0.1251512794004775
6710.90279497212     4241.619561587292    1         0.3677630845660822
-8747.774015206614   3020.924179715473    1         0.9684062428902767
-743.2484423703906   -3014.0531248693733  1         0.35661035469805435
7567.756789392395    -795.8866236863578   1         0.2913126867228397
-2620.8329957313176  -6637.120747951789   1         44.50591192204671
8827.975012596638    3724.501353472468    1         1.2417535746956685
518.6625930631727    -3434.4739116343826  1         1.2323831531047595
-8561.710102983343   6248.707992037475    1         0.2284045259814153
-961.5741344275965   4237.504683330175    1         1.2142369488204903
4208.398481728906    9203.094745956318    1         26.976181264945865
-4474.911156712143   4903.211687543654    1         0.507031483193733
-9349.876656216196   2077.7526298724915   1         0.43123065069521027
697.6628639913494    -8067.447189902825   1         1.1143392885601833
-2275.5801686846517  -9052.256698152321   1         0.38543553274798115
3613.1534666096727   8395.418567459345    1         1.1836523493489055
2227.595061382704    2308.2704573339292   1         0.7893139309580611
-9522.658659190403   -1666.028862703845   1         0.3352719831195343
-3669.3550174009465  -552.2704011607746   1         0.9485644219649582
-2862.1614563651838  1781.8098527028367   1         41.32335348291426
529.036419285967     -7381.988372331705   1         47.00266179358568
6459.349471164337    -1167.9950186029807  1         0.8423428228405675
-6463.175331677574   -8245.895101362219   1         0.16616702875466438
-1886.8415102963465  -6588.344657448137   1         18.369468327709807
-7456.996645213518   -5377.180547385513   1         1.0169849776637676
782.658814856959     -5192.047180007718   1         0.6880014685184966
-4549.904181804397   3597.1742830394114   1         0.4991531912952182
-5064.577911886723   -7784.86161688066    1         0.7084213842512308
2223.4952677218143   7105.713433747506    1         18.85412756933292
-3550.0757480702932  3697.823827458005    1         0.42725429354010946
-2562.1505893593553  6864.3953451277075   1         1.0348666295365825
-1143.4784568687667  2767.559904970827    1         0.18910039928385475
7054.7922440307375   184.89830749175343   1         0.8987679208898427
-7240.298844954      -4427.922896648589   1         21.504853955399334
-3875.0015624946172  -623.3880904754104   1         0.20844008885154858
1486.8614117383026   4207.510454352541    1         0.8462292267462529
-2762.6119512235737  -7971.820467789163   1         0.9754926533705369
5610.984959090083    5469.541428079774    1         0.37315407839641945
3896.7074593836714   -1314.883462580583   1         0.8272237649736379
4639.353569905739    8045.376036691658    1         6.4870198654511055
5242.987081349864    -6776.060886707174   1         1.0439607914233555
1871.680065682473    -5202.4658121445145  1         1.0493111190008544
2140.14980737359     -8236.826303285077   1         0.7817763427450248
8282.91263632788     839.1013902414849    1         0.8059149670877845
2241.4604409760873   4659.576267241843    1         0.3741983812871147
3249.2826257691213   -1136.4426049160425  1         0.8838641937297581
-414.10617105113334  5559.617599869458    1         0.12001817116516889
4949.149900246536    -202.4995240049312   1         0.7409213640525858
546.0750457246193    -6818.081520379778   1         26.00506100405594
8760.79523487243     5463.454310408818    1         1.173465320675495
441.3601698872636    4097.062781302268    1         0.17670585842465852
-3370.4431298632003  8559.175728577047    1         0.24782470303804385
-1663.8162951154827  6716.6614940139225   1         10.203975294598738
-1973.0914793501704  2901.932979601272    1         43.92769253443977
5035.238416014638    -1929.708849941324   1         10.636893143657561
-1646.258070626362   5968.308744207143    1         0.48333971178809354
6515.725643145414    3666.6230700983187   1         0.6957236759407158
-3184.671879670898   -9675.897176685668   1         17.581849733481185
-5137.282401747481   490.8703877047315    1         0.7426372665882417
-1661.0388641381555  -5610.84485420013    1         0.7788898479578646
-6623.881008263634   1386.4414724429137   1         0.19905078035834756
-7105.972043658572   -749.1042078618365   1         0.2731167625662066
-2204.644930402249   2284.1163464652655   1         33.65074119125769
4209.569443965966    192.16035516918035   1         0.8229929840778284
-5334.41567658687    6311.620179333308    1         38.529666619790184
6721.394372564812    5438.216143399283    1         0.5387119705835033
6423.818482506565    -2740.013574559721   1         16.738709165596607
7090.8277615341685   6150.366875968335    1         0.6641479469420152
-5617.385778131969   -722.9744862216173   1         1.0159862176599894
2628.6563751907356   5491.096122136241    1         0.6451869850561028
581.1531018976825    6845.317168300924    1         4.282508986792865
8891.257190571823    -4005.1072300508113  1         0.9150339238320687
-595.6027516491354   -7809.477319741239   1         38.39759355107864
