trucks_count 4
drones_count 5
customers 87
depot 0.0 0.0
Coordinate X         Coordinate Y         Dronable Demand
1802.7685190261984   9170.86753491167     1         0.8801727926400644
1661.5667708481292   1833.3798918346054   1         0.9412921101293378
6152.693039054558    8051.8405919135175   1         0.5215421704524293
13031.346754031445   346.32859330661086   1         0.2538829099814195
18106.64976520544    -14176.360752657201  1         17.167338402110808
5789.396890440506    -6714.484120663837   1         0.5565448415094382
7946.21950518683     -5451.9382508073     1         0.11251667131829174
10297.476369050804   -2575.848478148353   1         0.3563251907996624
1470.6452613436068   -2620.656802272266   1         1.0004696897629215
7990.3260509481715   6096.0314403949815   1         0.7349632479680198
-6.558324716188279   -8947.564817025157   1         0.33871753615598393
4854.890292766428    184.4746827337658    1         0.3298824090219463
5070.081087369688    2146.302782703104    1         1.2430888323776728
2324.5459318501225   1230.1593949064818   1         43.9157637186599
-3368.638001722141   2256.1004765081307   1         39.861549456897
-10877.058360182351  -1207.5880830854694  1         0.7999913328492186
-232.42201570415213  -3288.153553742962   1         0.9157732715167213
3004.238112870967    -7928.91839227519    1         1.1702685308970693
-7008.833860228804   1901.6514236750659   1         1.03160593296424
-9370.278020156004   -5278.991930869064   1         14.444619588184464
14771.431346200734   -2725.7679456849855  1         3.0070401111754212
-11045.454667055938  2111.187252283329    1         18.06869286487972
2163.064854567451    8191.020878278883    1         48.82029409255104
6001.573377226908    6333.657456729495    1         12.46196365861964
-6268.1655833320365  -5654.266081573742   1         1.1514979451436214
-7461.539371819196   7879.433059190742    1         0.8653174652462479
-3752.3509034171834  -1876.607029105058   1         0.26472566828361577
-15474.35213010969   5889.844674281951    1         0.9014313105722359
-6728.158590988227   -4362.132971678233   1         0.527471633606164
-11539.75697468075   14934.66030704941    1         0.522762878184103
-5436.754707321956   -6210.264147668803   1         0.5198551872082573
-9023.267292272434   1653.4002067755334   1         0.4533459759210413
-15222.520708154405  -9153.001589366422   1         0.426317970890158
3646.128124687582    -7862.902064889367   1         0.19057711617485584
-748.3210287048838   -3109.786864649547   1         0.30043348912311896
106.64110219492395   1930.8561449115111   1         0.6628512225370781
-8661.684601687948   7904.459613644438    1         33.4988954232243
-3442.221354116405   7687.501769072635    1         0.3378317843401764
-9719.99520541905    -4331.309187882482   1         1.1016202144205445
2562.1422824844785   3369.3487066323582   1         0.8709145125634293
3468.8554372059784   -10250.449800204702  1         0.6005720770696508
-8741.657355571144   -5460.987404665617   1         0.8363057551829636
-2239.058044952888   -7788.957411151331   1         0.9285299610218485
14147.004222209162   -5808.474030572175   1         0.3114167912630028
2965.4051745208412   5831.3565789375125   1         0.5238448492473092
-7036.87085732163    -4612.723160239201   1         4.925756000896131
4192.097679714398    -4859.839724237552   1         1.2005766534122795
-608.4114939517756   -3625.538599257547   1         10.387455088794326
10560.194615023389   -326.1779805821564   1         0.22117660898874963
-2325.3112470794945  161.8122808139852    1         1.2286044274061765
-1745.9695870731755  -9024.679354869713   1         16.32477493060493
-4926.089769491585   3246.4720905724266   1         13.334068763223208
4296.9414538694255   9874.929051678613    1         0.3848794230395558
-3335.7691065116032  10104.595504927443   1         0.4283753123059407
7747.406608141635    -2983.4290610846288  1         0.3844491963558766
4282.2539300965      -15733.604690450687  1         0.9430051043032573
5138.793042963315    457.11008841960887   1         0.9440873291366408
5128.39726944817     8749.87468075119     1         0.5963542393801685
-10304.162044037701  6562.027868644189    1         0.6827864063396063
-8269.395200634115   1896.0365510667634   1         0.7969078677584056
-7853.520279064585   1583.9507011721273   1         36.991014661344835
7279.383154045827    4108.607257075773    1         1.0274074100636652
10210.599980590023   3017.9097744846113   1         1.007420132988171
-1312.852515627262   -3429.5193882990684  1         0.7739499116134089
1615.5560868991615   1857.0382922823069   1         0.33210564365729534
-1655.765825509907   5850.299201368328    1         13.623355537914467
6152.945544967829    7972.65059593945     1         0.6412271120017651
6706.4330209498285   4927.0548468969055   1         14.719707200440102
4770.726387791836    -3330.2737854598618  1         0.2749061014299045
2149.305092708146    -2360.3713975760934  1         0.8377503458158347
-7419.469268159716   -5044.1963702989615  1         0.5613157119599369
-8616.924454078828   -6319.288572340394   1         31.348625311107476
1249.8561513434404   5184.282793015602    1         0.36515868850476374
7923.276238776733    5643.902240828934    1         46.76935202771208
10009.40820731906    1277.3648603924498   1         0.10905831480110446
-8293.651435204538   2656.484808080773    1         1.2079860654779349
-4326.116128642719   -7806.947480745788   1         0.3442397869292414
-6688.942659640955   -7497.719004305481   1         0.8217172379994112
-9901.669882672479   2134.1780259368466   1         0.3121516295722342
-6989.474273651922   -5320.486267197093   1         39.961820272262706
3829.9686453934937   5024.231743372988    1         1.1954274705816574
-4189.068234065762   -3505.828129166505   1         0.8163571413919695
1125.3408402359034   8387.807972257271    1         0.7064153896997089
3899.4416197303653   9219.707154120326    1         31.26989019404944
-3046.3351950424344  -4846.84171469317    1         2.773913189919306
1071.172844988642    -7097.9190201624515  1         0.9005050292268699
717.0929893501384    -1116.448339117933   1         0.6319849540736135
