trucks_count 4
drones_count 5
customers 93
depot 0.0 0.0
Coordinate X         Coordinate Y         Dronable Demand
-7508.858365074567   1544.901919373482    1         1.2189563010617745
7385.815347642764    336.0945024708887    1         27.23022559659632
1734.0716145448478   426.20227497222214   1         26.72266732948023
-6417.325408440724   7599.43356508127     1         0.6298032576896574
2604.8062924554015   106.25108843754684   1         0.7408960633523999
6003.27532679081     -7863.197351256665   1         0.6131256799970702
-5955.734203684307   7082.7496513069655   1         0.2484055813283005
683.6968289393596    -6899.5062751062005  1         8.18820593166414
-3595.217990815893   3349.558067347256    1         1.1614206009841124
-6094.220542179316   -5469.939363580295   1         0.26100758017588016
7471.2634714551405   -16083.50929493321   1         19.038351971646957
7628.393675333533    -4597.723640053434   1         0.4690474840320912
9534.607643972677    1666.0422967866393   1         0.8185923992848608
-3196.251752137821   -7412.320755503641   1         0.6210589509511273
-2229.745316735351   6597.721047350921    1         0.5648271991320364
5351.166419973809    -5042.27935956542    1         37.10252303228461
4421.242172496371    2549.185887218352    1         1.0491959410335894
-10074.876821451213  -3955.8673271909306  1         1.1879754494382286
10046.355737925967   4868.577917273711    1         10.907304352140756
-1645.0570924359945  -11275.544689442     1         1.1595930278569029
-11936.793338784275  8996.068236807963    1         46.459146071182026
-1520.2292974617285  2053.4674773377837   1         6.823929911144843
3194.502150970832    -7141.093764044394   1         0.22039407868288147
-9979.527213635989   1250.9773768486832   1         21.324828897020566
-4371.860948820335   8291.565362826634    1         0.9783832719778736
173.06056016935526   9011.909561002998    1         31.21920550479222
6021.36536089812     -3646.86874830108    1         0.8694330674910656
1469.1092886676236   2430.5748238032993   1         35.99022779564443
-5141.060528557708   5848.906482971908    1         0.9535495509278266
3280.347501823896    8199.456688534166    1         0.5174294072856244
9262.360496642128    -14289.598495741862  1         0.40661572850687955
10228.584613060317   2203.665590071859    1         0.3603051468079691
10107.110592703042   5709.15724778205     1         33.11066658011889
-1869.7161136265668  1020.5483038013053   1         0.1755725978891171
-3510.9833127440716  -3356.5810489077635  1         0.42851058169779166
803.3686695809101    9043.515995581807    1         1.1739632372060365
9844.656528547763    1771.7921121811087   1         47.56905764037761
-4164.610570034525   2604.573722033508    1         0.33789183078901286
-1070.8286038182796  -1101.490864526221   1         1.0479039187476142
7652.997902301985    -7051.441286789027   1         0.4307394315039902
-9569.02116115934    5109.7961542043795   1         0.888249191066637
-7469.812824881961   -4490.442850037677   1         0.6993052326131878
-6072.353689885074   8342.108078685049    1         0.709245853622665
13288.588895545918   -15366.979322811676  1         0.6087998300838001
3447.878117342297    5674.024899304768    1         0.34648894037096545
1805.6896473841362   3570.7536594794647   1         7.517729091472664
1328.3171767035408   -7881.893190306279   1         24.855900324167557
-6393.5024432634955  -4429.472377748281   1         0.1507854453607821
4110.352035014845    8703.914387567485    1         0.14445104590362512
1904.4940159643575   -13011.966572702324  1         0.6137877946211916
3689.569904074126    7610.372312963433    1         0.2204846123174551
-4304.6588657304965  7227.273902591568    1         0.39255805727686865
1142.1712574289868   -2956.215540891262   1         4.196485181926146
13778.03765688859    -8738.843329171175   1         7.104888608624803
4806.963133548621    -3391.9383788046     1         0.7853751052346866
2902.522223888946    1536.3524915607302   1         0.21465622131326584
-9385.424717962922   -1257.423610399575   1         20.30373531948261
6042.8559530022885   1639.767406305786    1         1.1549477675217905
2756.838176486298    -740.9484532173343   1         0.8787455729503468
7333.542947778102    -7661.209091887403   1         0.6015137025087928
-6572.948915392965   -5430.836936337226   1         1.0300848416027513
8668.13853750227     -4799.283501990626   1         2.466916663835124
-3553.473993166452   -9835.463137275825   1         0.3508388500318883
-2912.7786664501673  -8032.919410461746   1         0.30816835960657896
-4178.57455298624    -2706.230979815069   1         0.48655901399161305
-591.2296965043676   -437.97061093967494  1         0.49268040112894784
-5288.903170867019   -2660.0172988050945  1         21.82322977510839
3238.064117647076    9654.40787000672     1         0.7072407240754964
-1369.3754302703817  3316.538547052044    1         21.822076367422422
297.09037353438686   -8106.200528445023   1         23.970762428981086
594.0719169542845    -1750.0104220967048  1         0.8562869239801575
5437.780917005418    9119.55673148894     1         0.2858870617224593
-2998.289205160979   -6744.959430078182   1         0.779125409842405
-2055.1211445369654  2815.9019714973288   1         3.284919638266774
-6903.757607289617   -389.8883644764894   1         1.0640210376021924
-1027.5664402557131  -71.76336878917391   1         0.19507903037337626
-8537.129899083657   -5340.746660532417   1         13.470996631350708
-10566.473178642791  -1030.7012325341457  1         35.2578807301151
-8742.90894037315    -5685.899570843956   1         1.2067024852886812
3451.810209654911    9652.77202638656     1         0.9453315163103736
10217.767053114738   -61.54432425114096   1         0.5052152451830028
-5479.050597901803   1753.339486855805    1         1.0186706705951523
7901.712002030674    -4239.922109619349   1         0.6199160673479585
-3545.45885021514    -8401.648732838708   1         0.41477288713383753
-6911.489018082835   7427.875454864314    1         1.0701110730257475
-6609.324099783364   -4457.031071187707   1         0.20306320132891065
-9562.851909713738   11544.187921380139   1         45.5003513932913
817.4821950752976    11211.998815915797   1         0.8504386851890019
-1613.3852180572662  3658.238323289146    1         0.503857146079642
9185.737595873794    -5824.244161722005   1         0.439012313929907
8942.945862727234    11726.175957478854   1         2.7048683849289383
8292.372667849619    3455.1995196484036   1         0.373583708230528
-4063.1337924991167  3400.885177550399    1         0.32095793503612713
