trucks_count 5
drones_count 3
customers 70
depot 0.0 0.0
Coordinate X         Coordinate Y         Dronable Demand
3470.2643454946024   -432.73685176283976  1         1.1424377451925591
10326.189040648866   -2278.5776326215655  1         0.7212041104312513
-3361.1898838504258  4008.7376362087293   1         0.4206120757658648
6032.2128367373825   2971.9700329530883   1         0.48151696493285834
-10482.180890155374  11643.83814997873    1         17.09692676444952
-2625.7367072418915  6582.225068698741    1         0.6049839561612101
-9065.839511610955   3014.7435325016904   1         0.9118105647861611
-2503.31116986674    2605.2401184317087   1         0.5649728605511496
-5154.025932349189   -9216.971891207962   1         0.14550960562772092
9935.305064399863    -10913.684336905028  1         32.60070533256718
2866.6788157298743   -11700.840037333197  1         36.74267077604084
-5561.536349270029   8258.58706658695     1         0.7746246728273429
5353.679557818016    7432.566887204496    1         0.1559567774043294
1853.1241963225882   -9776.52683934776    1         30.511869618278006
5873.4230384894      2228.6134191305323   1         1.0640694526424035
9100.970126712973    2701.3212958542517   1         45.11980767411537
7354.012821520168    -4010.01850810102    1         20.317407355447095
3997.3049500340876   -4544.7573874917025  1         0.4693729836628796
-2962.748054382295   -3162.4198550912597  1         31.09535499586245
-3494.2026781053255  638.2741976021466    1         41.401510472170514
-11745.251077136967  -8036.354598002771   1         29.745094919725904
-536.3885189838818   8840.613518029984    1         12.022894102941365
2328.3115652956085   6857.321160547796    1         1.125690045714162
3717.9344283986034   -429.4298601547835   1         8.43448097357486
-3694.9889535428756  -9729.875982039648   1         0.4887359252854814
-7919.246509479423   -4412.313994397811   1         0.48801595441489165
-1128.8477716258697  -5254.307932154797   1         0.42481508528522993
3133.935947322212    -6746.302517818381   1         0.2738881446355904
-8868.820490806615   -1343.2813943278409  1         11.720494723569638
-4386.388155735104   4136.311294689373    1         0.39070725014747043
2071.909999237969    -252.50269574515914  1         0.5386127567166433
-9685.700003345779   4519.603163243703    1         0.9058254579498349
3335.733579437707    8579.237055598038    1         0.8212596301722501
-826.3310912028799   2616.8099555936988   1         0.6410183616778833
-6288.929910104342   -6177.125384207569   1         0.24023358991233512
-3089.94003936587    9146.3765741071      1         0.750117417139516
-7411.7521926237105  -206.16176091859415  1         1.0144886940208762
7421.746386149805    -5385.647509345295   1         0.9760849499514165
-3624.608423430868   8919.484116564123    1         1.1347693259711986
-2041.5365991411786  10486.671308822482   1         0.7818777526123091
2580.4957451128253   987.6375019545328    1         0.636130909349109
5826.935776711894    2635.750985913321    1         39.0325155659708
13817.813813239483   -11666.866294569321  1         0.26966652380328565
-3498.439388318027   -843.474024854315    1         0.9321721187723359
1329.825540924835    -6887.043350615145   1         0.5441749511266233
-2849.659916358728   -7537.724665995579   1         0.9211471628938702
6464.254775762985    -6704.579448892985   1         1.035383553901498
-1350.4298501978355  2555.9581379898254   1         1.1926397220377458
1775.038524563664    3351.6940541078975   1         46.41052432062883
5082.252907656644    1544.6479799272183   1         0.666952666581677
5663.821581607662    -1818.0507504220334  1         0.6198240903769114
-10496.62869502227   4921.32987277672     1         0.9627043829175302
-5234.597984004555   -5926.500600954879   1         1.1949190031412662
-4466.440072510666   -892.8279820801291   1         0.4815008978369669
5612.150810155638    -6080.521466693551   1         0.23627514599235433
4410.076046111146    3322.7128890306954   1         7.883436858618757
5382.112188596823    -1375.005549374858   1         0.9297927026563704
-5836.878010980623   1545.4396975566033   1         0.28416580965260363
3647.5535545500466   -4625.6076156747185  1         31.846066187117778
-2182.8267020974918  4922.578186047474    1         0.5132701981854172
4443.0996238064345   -174.22266995895097  1         0.6851294765474494
2418.0691368049825   3069.3154191177073   1         0.6493993752725516
-2189.002635858667   8718.152031770469    1         0.4781386110074941
910.0649703456414    3921.624649229532    1         0.22521026695270094
9207.943573408887    -1147.8658133988151  1         20.630367860376243
4934.823181742979    5873.021550049939    1         1.1145505991420694
-1578.3360922955917  2597.6486755279116   1         0.5184297256822152
-5907.859114410893   1180.3126943106795   1         0.28984676007737065
-5475.313283653566   394.81798910146426   1         0.8233558319914496
1205.0456383415592   1608.1540243847323   1         0.51970092084631
