trucks_count 3
drones_count 4
customers 77
depot 0.0 0.0
Coordinate X         Coordinate Y         Dronable Demand
-1452.7935739446407  7195.73596561411     1         0.8451871205174412
-1432.4027802222495  -9851.737606156099   1         0.2614806493254505
9618.62902424466     2391.194181470753    1         0.6959768601139023
-10847.580241021824  492.0960441446735    1         18.231565180548607
10075.392720209378   -219.71427102057933  1         24.969141675818758
6356.530149439204    -3077.507891237732   1         1.2456025304143399
-143.40101997406828  7491.172720037846    1         0.47500584743177254
-9483.0729088389     -10291.223904718572  1         0.9470729542971751
7631.207986094723    2948.4027666876145   1         1.1594211607567873
5605.760216607883    7513.26267206627     1         0.9560239750022819
-1376.0606426868528  3292.6092175906706   1         1.0610311443975993
9184.220824466818    -4735.946813604428   1         0.20697815161763744
2979.517031778877    -288.2136246648186   1         0.11963725896644326
-9447.436292716386   -3872.7780963866767  1         0.2586956616171332
-2630.555309915431   6995.723902520423    1         45.53335485145826
-6287.8453631979555  -2236.309059724145   1         0.7169327192519614
-7814.545512384659   -8851.414458623054   1         0.3244968560106486
85.10698521274577    871.9977417996691    1         1.117478110392681
-8219.50535807845    3382.561726885971    1         14.998841717410489
-8940.54612871695    948.0223405015331    1         0.8725693321935437
-3009.4945271162114  8452.364578390243    1         1.060119533381087
-9710.95921392457    7484.072206178866    1         1.1511317056021324
3244.0567989600104   -9064.188288502395   1         1.0526842653934334
3552.446488961987    -7494.575830900257   1         0.5399475402651059
-6096.43101925961    7190.667706257366    1         48.9842451073475
9050.503299270898    -2172.8734171666874  1         0.8699454490280039
5761.25986448432     4049.9915544376      1         0.7347941873265281
-10209.547326891534  740.4259512166263    1         0.34239260569373187
1931.0810075484846   -1854.9575365918638  1         0.2981617593923999
-208.011119205088    2585.6391941689294   1         0.46706319093046345
8900.087831173485    5510.397749394002    1         0.47345605182970996
2107.868938422747    -3642.3377582127464  1         1.2319893228019985
-7506.1113225099425  -2743.9104867165847  1         0.3021152350019871
-3850.317485327485   -6573.084204424669   1         0.6109586178465135
-1155.156942018326   5902.540967674813    1         1.1207956780245656
-5080.1822714659365  -1731.5546408651023  1         0.6035122525381917
-7630.7267815481155  -2185.899930081744   1         0.1339768265185245
-10802.422957616383  -523.3067012239338   1         0.5473629530305002
-5661.666296764015   -4218.704586675958   1         0.4577142222205284
-11332.911886950804  -7063.095654709222   1         10.038194048708037
9101.552941782531    7761.916310300578    1         0.21931344615926715
-10842.563901368148  9893.000229515437    1         11.01836899274974
-9914.99757505754    -512.0362905115062   1         0.547979170897526
-5710.774869180635   4116.039686072965    1         0.9756870688303928
9539.11185455321     -1410.5066833110807  1         0.9435428491898395
5697.855667178783    -4130.891747399968   1         1.212660976329559
3515.5459355006806   9616.61894264059     1         0.839594146620339
3966.691238661647    -3043.1008144467482  1         0.12642473831320136
-7956.299380619719   -1973.0458742547462  1         0.46791345655351346
-4954.798635837987   8354.369907951308    1         0.10698165805080993
7324.410183388284    -6629.551412176945   1         0.3140331804014074
10018.419580838308   -4247.976311335489   1         0.7455112778584294
-10837.294692543152  -11830.473787187113  1         0.9862801103232127
10204.884297331813   4136.147067996091    1         41.46023478978331
9215.920780796561    534.5870041305943    1         0.3966294503839489
10550.763169129787   -481.8105810530369   1         0.30836393674674833
-5636.427834737213   7953.554294767193    1         0.9643140620980418
-5684.745745193975   7487.873945870495    1         38.4215011220191
91.15275487898725    -12096.161111268844  1         0.7952545243536886
468.37622431402093   -3709.385742533756   1         0.46164685845751774
-8379.60654218244    -4764.138711881924   1         0.7463459513388826
-641.6483309158929   -9309.10267749534    1         1.2723420746600398
1745.1932088328113   -7312.616250153449   1         0.45466582854438653
6764.175642319832    -2145.7763758679357  1         0.5810862682033905
11318.910316883808   -190.2887977110313   1         34.32622563114795
9631.975534294115    3206.7085299294345   1         0.8962511249346005
9071.034981432393    -5136.567453131748   1         1.1181453904953507
4906.870688039748    3671.3550968537456   1         0.9123127445902757
7648.8687016206895   -1933.1948100946593  1         0.14442963954661986
7676.702310526623    -3156.72713332631    1         0.29042205367844676
-338.43059962055486  5179.081721871546    1         0.9175475032570067
-2717.882935391587   2005.662327172658    1         0.3733345336819093
-3438.5035323706184  -6849.661698729718   1         20.013400095802538
-4215.302855497415   588.2331514798027    1         0.6287395414753425
3250.657279482823    8614.441373661377    1         0.1351918211060869
2280.586406417226    -485.25626375275715  1         0.6806295249155785
10732.936544724635   -10258.54492666472   1         0.2350249336939881
