trucks_count 3
drones_count 5
customers 47
depot 0.0 0.0
Coordinate X         Coordinate Y         Dronable Demand
-986.9828704318107   2157.248273611425    1         0.9594867729080222
-3032.78427701882    3432.2605317885595   1         0.44005035487960764
4183.275802728157    731.5037928625433    1         1.0559904914260478
114.0168754534825    9059.926621364037    1         0.7996511611954444
-7611.418545270728   3886.963392269688    1         1.1662109076394127
-121.48296765215876  -6456.954799092378   1         20.900539648169964
5164.525079234494    6439.592328420808    1         1.137416456647213
-2085.2769664088946  -7550.021470493485   1         0.7713504076796761
2497.3036108949805   -8346.699044236919   1         0.7488001594805532
-6326.676480930821   1423.3659132891962   1         0.3254478978870172
-1938.6764462561423  423.80329510616417   1         0.40175699885696636
8593.75958679784     4407.487838192856    1         0.31663334455400105
7344.489959555035    4149.214218302916    1         15.93385907481329
-2893.5796399879655  5739.709340559197    1         0.8375442275950508
-10488.576117170525  -3006.1527348097425  1         0.10900993751051964
-7204.183806199212   2359.0485540331133   1         0.2967870913445131
4086.619198529266    -6062.164419802813   1         1.950244335189873
2362.765840839087    5277.602095258143    1         2.42813607287537
-2828.537981774998   9726.32273730186     1         0.2160513918140078
-5519.390059162495   4552.687181150797    1         0.14512891475347103
-4660.1770960061085  -7169.475818911234   1         0.5459368658245262
-608.9879470772869   -5750.404545806595   1         1.049017873964051
4081.447277677804    -5783.507060881414   1         0.5632521982236057
-3058.328213572258   1594.6940331396722   1         0.7697951990698542
-2921.5366133864754  -1031.3943861123207  1         7.147985319540541
7946.298306192555    -1043.6272904275938  1         1.0577948187992368
8124.315481236752    5346.44840253473     1         1.1494445269690932
8972.694659293975    3823.2158988598094   1         40.11797438278941
7625.703503433393    -6648.972585760431   1         0.6865799404156545
2748.2298987333415   8676.876301250704    1         0.6380756709398577
8002.052744625537    2528.545242279523    1         0.1034063400814475
5779.793752133456    -4660.384679173759   1         0.2502011389371246
8662.445652223894    -6366.762241091622   1         0.3610555229932745
8026.40343537328     -269.98068568341193  1         1.13391157708187
-4621.901555890369   6544.761628476357    1         1.0513292288876508
-8215.605419714448   -4043.8446561302508  1         0.9918080251968483
-552.7927969113116   -655.8277781839151   1         38.488231863230965
742.6015177313675    -4842.361650036937   1         1.1913467852766566
-1705.266566401353   9554.80168830694     1         0.6326139366305006
-3195.944431535753   -566.0124852168472   1         0.8981012333570457
8851.038786331907    -1023.9540715203084  1         0.41407208042687604
-7615.790601061697   2283.279389206867    1         1.1174258296555093
4521.385060339739    -3224.4061741737332  1         32.11996125247852
-6779.801818556869   6142.134628612696    1         0.648873382415347
-10439.024308007782  283.78450133586585   1         1.080412007924891
6938.722931887274    1759.2844009502164   1         0.77405023882612
4780.977213107405    -7060.421748439885   1         0.21336772139370708
