trucks_count 5
drones_count 5
customers 75
depot 0.0 0.0
Coordinate X         Coordinate Y         Dronable Demand
5602.03245450109     1292.7992978582522   1         0.1196224792492289
6180.513666340483    -5736.5925984005335  1         41.81503422154883
-2847.5364780582713  2890.269642953039    1         0.7218031512234253
-5479.88090609053    3046.7429979370563   1         0.16588285796372032
-455.54906899544403  -3728.2956937993577  1         0.6205457916617856
6459.810476279792    5839.682384552603    1         1.1489483569722485
-5519.417496869949   -3685.8553969342024  1         0.5992185266114919
1699.3727145158355   5389.840089269062    1         0.20141088695397705
4659.827566655353    3906.01297636902     1         0.7695089085180802
3917.6488920322586   4496.471797818047    1         0.9652245184491829
-4485.369475095462   -1864.5114956794368  1         1.2110439620320945
2456.030386259048    -7015.915832265835   1         0.7895281431355394
5048.180524165548    -5465.763034824553   1         0.8401086865677556
-5522.265187467146   2024.45443696525     1         1.182520061014785
-1099.7649400197406  -7313.459271616421   1         0.6743618687409652
-557.9728763447699   -6775.690439586086   1         1.0616347594471982
3862.0087727433934   798.9353101962971    1         0.48260722906456255
-483.67504469031763  -1511.362048488792   1         15.376736047512487
-596.7182115227265   3553.6697709036425   1         14.579494951066442
-4062.1545558430066  1454.8129479367735   1         0.42788808301486403
5404.140547681075    5900.461672044275    1         1.025296350852646
-1176.915327046464   5560.524650739375    1         1.0905429532053872
4958.97735013203     -1040.5165170845614  1         0.24078386821343348
-4849.303504422349   -4379.1830607925     1         7.653519563041084
1594.3747225585894   27.134423561000343   1         1.0063682997144363
7103.366937818326    7307.305716434367    1         0.21348417080348014
-3158.914329328368   -4955.451222241948   1         0.14752248018451758
-6111.426640399401   -630.156409645617    1         42.32138069231317
1236.2415623559027   -2313.03559045126    1         0.2815333005913997
861.9837222376782    4743.416014684691    1         0.2782694005277182
1524.4816567251      5236.681604947376    1         0.8057153640699527
5383.429119267661    1726.9344534818254   1         0.42608586165192386
-2722.6531522371633  -1261.547011358699   1         47.97150949799565
7092.06733340465     1522.3952220668398   1         1.0469494685067842
-6221.435216434125   -7467.335586242777   1         0.3823197072591996
37.73086252843       -6049.65085198571    1         0.7480115420382691
-6053.1356865870885  -1131.9639319916032  1         0.5132878743041308
-6339.289646715869   -1197.1821806818436  1         1.0844647129281513
2543.4282756207936   -6327.191505639455   1         1.0270935442542128
286.6297432599713    -6604.134478015197   1         1.1689018762186358
-3968.1447705013848  4336.846752194266    1         1.2378045620936178
-4873.502566502077   -7021.983428511224   1         0.22125708174346148
-585.9624715621105   3336.1789374789505   1         1.0548332499420188
1950.732697851001    478.8620939450347    1         0.13938150295189192
6972.096598468033    7120.115672078807    1         0.23943848460441083
2960.3506474580354   7412.961341849057    1         28.691360595649506
-5951.47087584373    -2263.7890979994886  1         0.500283868208848
-2315.955447434666   -7226.342184936094   1         0.6042636312715496
-2929.911207320585   -2147.3877688952016  1         0.5321547593105262
-5925.8040732145855  -3102.1889006518827  1         9.396566112547577
3476.5034717897547   -7380.2137499314085  1         0.7731826201607257
-3740.6712662610043  5088.379903368378    1         0.20604365053622792
4027.6241116246147   5076.82482788943     1         22.412729873995165
4085.0416072128073   -1969.659651697001   1         2.442906563637629
-2501.8778910437622  -6683.995192845879   1         0.7013344216241977
-946.1258093708075   2994.347035334999    1         0.37767004926101866
11.72974261840227    -1993.2573597826622  1         1.1345941413222242
-2857.670171761648   -1779.937999801684   1         0.6124034408120184
-3543.7232494621094  6355.049187525003    1         0.5607029981211007
-3871.20707965923    6507.053922195559    1         43.96715677039555
4891.318688612712    5545.1799585831195   1         0.3707458291082808
-6981.544418834367   4524.0268677887125   1         0.5367765669271637
695.8325391448452    -5540.198718295276   1         0.49678773018762823
2936.0935383225687   3478.7262993218287   1         0.9310601414507852
-6613.268865083901   -338.90253871701054  1         0.6142047919216553
4242.736103840507    -7423.0332635048735  1         48.01563191455824
-2621.8273225109115  -362.7747902130759   1         1.2200879942289284
5283.781891575288    4277.371816860508    1         0.34253258859146074
-5981.042627516905   -3321.408838920856   1         0.7033167018040977
2335.5807338618692   -4289.379949437307   1         1.2180402221334863
-810.1825789714585   575.6986042195713    1         20.141502017036323
4692.158056683659    -327.8707057218447   1         1.2017540506436795
5114.4160356773855   -1322.4041337393262  1         0.8645048782018787
7398.988710826534    6168.672315428977    1         0.7190360257967621
-3219.7394852585608  -858.4578745766867   1         0.3061185253584817
