trucks_count 4
drones_count 6
customers 99
depot 0.0 0.0
Coordinate X         Coordinate Y         Dronable Demand
6438.178648036185    453.6104395015981    1         0.3449131087257996
-7467.153363891396   -4221.118771577089   1         38.8903563825634
-5324.968849866027   7845.054120237367    1         1.2195747216548032
-4335.568573289627   -2353.5841701395248  1         0.461592310450769
1180.3127449554531   -4127.377489789277   1         0.7818285054833568
-130.70148143094374  -5650.421867928216   1         25.50453145685185
3711.3041290181786   384.3037177666942    1         0.30551103986288264
5550.177688099162    737.2334894136592    1         44.01895208076239
-1034.2157499571554  4929.6754848939945   1         0.5066604602660593
7299.134858083086    -695.4132646643752   1         21.62601222900812
1922.0440934097296   3510.10466707698     1         0.7398621705048269
-3626.99417699589    -4927.525970955922   1         0.25231533292527686
-6920.549793008747   5327.9118884196005   1         1.1879663344905222
868.1399775490416    -7366.636490596201   1         0.23821528878470002
-4871.230081082322   1378.582956603301    1         0.33112322044778
5906.860371724352    7027.612014023706    1         1.1808395432341496
3403.790978029224    7689.463480877556    1         1.0205699192891928
691.7146423753115    2636.0387512739153   1         0.5694739451780942
2914.5319918086407   684.7152616265377    1         47.208918278355405
-669.4524204133485   -6032.761230575587   1         0.5172238259167866
-5203.612042778877   3676.1554484272556   1         20.60983470727553
-4610.937460506828   -5165.773161417708   1         1.0953452988206842
-348.81691311529516  -7559.837636940137   1         0.8518925728488594
-2351.073675544243   1020.9331433031505   1         0.9388753277356738
-2161.400821190112   -5720.4813560234525  1         11.706979598363233
-194.889077470215    -5071.647167914689   1         45.128238159570955
-7322.684087847775   -5599.6970054506     1         0.9761746708217484
4910.230212748038    5669.681360106343    1         0.47123259903343817
-7349.128843083856   5005.4168260479955   1         1.1319133154350507
6370.961479823533    -1343.5233332609948  1         44.24323179492846
-7716.994422213353   6704.87650823005     1         0.8087402540479695
3257.9184738873146   -5789.003539426158   1         0.31521167928565696
6547.915414495382    -2899.850785063674   1         0.14291199801756277
1312.183357389933    7413.95829638903     1         0.3222705175441632
3548.0226592446734   -3876.927561417249   1         0.3958475808178493
-5005.358290048607   -2876.909267238633   1         0.22982902911051858
3555.650613192666    -2836.916750814988   1         0.7319872741615505
-5668.019423877137   6006.819579765098    1         0.8588377083493505
-4661.982481648011   -2493.8793936847296  1         0.9464581230925542
-1601.451843638365   1653.2832113160155   1         0.3710452065787254
-5274.050788422507   4322.732253552561    1         0.9288781623878218
-6439.350149877274   6381.662970319101    1         0.5287864365646122
1763.0923538813086   4886.199140019156    1         4.158802313551191
1703.851629564808    -2188.970235498485   1         37.92547132088908
-2829.461064043759   1.1367178655381014   1         0.2319936627037777
-6585.34336186102    -6752.138750675914   1         0.9620049788067053
-7824.919183593127   -6619.728270065724   1         1.1640086623812325
-1586.6659187561668  2356.0806812919955   1         0.2865084558490419
6878.540528644348    336.1084057220983    1         39.43523478462734
7167.310204975491    -2635.8982374710204  1         0.5539580016942259
-4087.671726291282   1904.702818388184    1         0.4598222987735997
-6491.691095266515   4763.474458664485    1         0.8238909458775131
2015.2053024963582   3512.8983325695203   1         1.2128071849627358
-1793.3461471656492  1705.468318205799    1         1.032039804339666
298.3687293259891    -3670.532964708166   1         33.52716425673372
4080.4048516002376   -2847.8206686693084  1         0.8097012934633759
5364.69023767523     -5539.3851617607015  1         0.19477520687512517
-7735.750580322592   -5524.6896859193685  1         0.6422404257011103
-6454.155678511875   -3777.307463748431   1         0.23665427978822326
-5586.1858862871095  -4159.246065301223   1         0.6097220778394583
7218.480078133429    1846.7106657518198   1         0.7742246504595519
-5406.16287021058    -2080.7996351539873  1         0.46614197193148565
4168.948270981121    -1080.51864064229    1         0.19977589963357348
5826.780683149062    6074.939518370998    1         13.514460844043466
-988.3882259908407   148.33886581801977   1         0.912813414466122
-6578.289093984274   -3708.734714804892   1         1.1121327491769524
-7013.656279892267   -3224.530568443981   1         0.12460300296115717
2464.4753931391033   -4066.9865281348275  1         0.8683685530341259
490.5292645035116    -4732.151477034362   1         0.3011324837333321
5307.396743535685    -5199.821778226418   1         0.9288505466231499
993.990829173964     -7591.525671324521   1         0.179223327999346
7264.32751592417     729.1524114193116    1         1.0333039707264855
880.317340348173     429.0167414496545    1         0.9205084942889207
-3907.2173631450237  332.90737865784956   1         37.99330718560519
3248.8634037966667   -7302.44509536442    1         0.6811733477284377
3890.2269131721214   -7072.116438396585   1         0.3334390320420587
-5357.523356892542   -862.4666791139747   1         0.3446851872325132
-3349.5272658071503  -609.9842434866858   1         0.8832589400038435
-6758.274900548223   -3534.9403357773126  1         31.433931302664135
-5203.94413460596    -2309.4480610847654  1         1.1825716896096636
-1248.9815168301704  -2259.98581693539    1         0.6569163149063132
-3747.288890600255   2509.838384927012    1         0.6004569881732886
-1539.69577927186    -7084.257894548435   1         0.1404915461797403
4.514542221422427    -4636.590561297144   1         0.6147460521536968
6835.096098810806    -368.1061072325189   1         0.6356335625985852
-7290.096450367059   -3820.000364485928   1         0.713456744430757
-4565.9155751993785  -1225.255503879741   1         0.16176940073796142
-5918.161975014806   5071.453582301035    1         10.661792414287437
-2738.091982261867   -1057.8923183185389  1         0.5011792860065662
2866.0217298314665   6225.015218121416    1         0.35729862417007796
-4839.077612705767   2880.6339750538345   1         1.0973973635889254
-312.87529407089033  -6437.627494357406   1         0.4561278784030842
-2296.6829624026473  3498.1028024367497   1         0.6599652515220628
-7413.301590555882   3573.999346142863    1         1.2250666710362301
-4163.258487495175   -4251.975670922785   1         48.55402866166131
7096.958632751063    -576.4478629661899   1         0.7674128490974925
4926.464917262041    7712.620313148027    1         0.5617418057874586
2067.459030888528    -2659.0180701178347  1         1.0093919123147834
-4575.948106320886   2567.5591555266396   1         0.27957912665988605
