trucks_count 3
drones_count 3
customers 40
depot 0.0 0.0
Coordinate X         Coordinate Y         Dronable Demand
5201.2339502128125   109.94805894462189   1         0.6787340914190696
-2634.109102852772   -5410.818903118457   1         10.75192508878185
-2995.3059649839283  -4080.158175947991   1         44.11925280751701
-2418.802617382194   4800.592969553255    1         0.30045848447765444
1613.802512426144    -1897.3257877434655  1         6.938870479253107
841.6823858692279    -1928.7416296877725  1         31.908473362985625
-2325.422038534325   -2134.942438734418   1         1.1313523944037165
-3408.0515681646325  4486.406643803621    1         1.2019739785829333
-4665.158843130844   2505.929541783591    1         25.568575354812484
4142.040132811273    -736.8775801696999   1         0.5789786002782142
3240.9736353364433   -2818.5865233447657  1         0.18771712975690788
-3274.281989019978   724.740603696956     1         0.6167889032961993
-2676.9277677175824  -4612.921578360825   1         0.3860260714204148
5405.463509536402    1435.8439741640939   1         0.11912356958126868
2804.8450570122595   -670.8667431741233   1         0.5378874435891591
-2195.435059799202   -38.04575741807152   1         0.891037866246983
207.94188376613116   1035.2316810811092   1         11.074491720106206
-4897.649805359702   5115.104213016814    1         46.86428847668957
-2531.554171034541   -5269.184249815349   1         1.2169590536308794
1132.67927111159     3250.091934787828    1         1.060711789442639
-2194.581884711549   -2703.883647644437   1         38.48059188876435
1987.5297560606805   1641.8396057420932   1         12.9344391564168
5416.757311900308    -3508.8892250413987  1         0.8711087575396617
-652.9606557668426   3491.643479376881    1         0.9315935419194666
-4520.883263899377   3440.9597011937276   1         0.6052788751670362
552.8194275623546    2393.9335727042926   1         0.8562059668336546
-568.0008431099113   2873.233623007177    1         0.12514877376029368
-790.563850151398    -3499.124075233407   1         0.7350034379067529
-5422.510217948326   -2797.750140393585   1         0.8737863519518009
-4473.492069629124   685.0421306763778    1         30.54723861076718
-4388.032546155972   3819.321505009078    1         1.1240952286376928
276.7868123013631    3987.214641558428    1         0.4078943013872077
-4538.894525480864   -4868.829419379844   1         0.4931013163022061
-366.49041310572466  4120.604977635899    1         0.33803183811299015
4960.486683528665    -3386.9456754093044  1         0.6326470661529441
4232.54523769975     134.48686843263673   1         1.1465726559500615
2164.20740240991     1359.216189635476    1         0.20892063633761493
-5345.489520291764   -485.001208925376    1         10.949844698623941
-3100.222308524789   -4031.934711071166   1         1.1049824731152198
-178.63431936874153  1210.7587748501417   1         0.605306569383807
