trucks_count 3
drones_count 3
customers 26
depot 0.0 0.0
Coordinate X         Coordinate Y         Dronable Demand
-1983.5511962480564  3821.823458427919    1         0.5033421408516127
3745.7865301582633   -310.5561894083239   1         0.4255561889691728
536.8094602915759    -4630.208298119166   1         1.0792945168211188
3318.290757038289    2670.6232771705186   1         1.0732960799059998
-2748.5097522073065  3644.844359662376    1         1.1268151883286126
2088.8114166004048   -360.6227333721348   1         1.0948605805896576
1120.8457353752622   2144.351490353158    1         0.5999240068377871
4294.706239187762    6004.390447052004    1         0.6595865017052476
-4557.463182811204   4627.568791093035    1         1.121522153248939
3065.286161258925    -2968.130587651318   1         0.6213251749797994
-1519.3741175616688  -1230.5703213001916  1         0.4713491283559518
-2232.7914270810857  5563.079091610921    1         0.7171860985533302
-5422.854837460444   -2213.0381229712943  1         1.0113550732021517
-3646.9919355337934  3787.0080558951004   1         0.8748526915969597
-4892.37401994681    3139.2436425992046   1         1.1098844576655773
1046.6754729517415   3876.257316667313    1         0.6307344038618956
-5252.664775106752   -251.9072271131194   1         47.13369503620993
-193.4513364303433   2333.184669532221    1         0.2467421103654987
-488.8624863105932   -4165.276325011052   1         0.3905381503482669
-3335.15684428094    -3682.315270938023   1         0.2809684077266793
2978.380250978242    -4705.660363167166   1         0.3986113552536229
4030.7324945508726   5203.54215291928     1         26.557364535504686
1541.9246701773188   -2428.320561921585   1         43.12363096692727
3642.5538832077586   -24.666108106388176  1         0.6163384926655109
-3713.998562128077   5906.269757503335    1         0.8693113107838746
-2946.4476407632146  2975.577133410829    1         1.099908484142192
