trucks_count 4
drones_count 6
customers 96
depot 0.0 0.0
Coordinate X         Coordinate Y         Dronable Demand
-3098.3711211379564  4704.326288114546    1         6.084408334960675
-3206.5905636179077  3687.4129709425792   1         0.10666299155103688
-2013.660269892474   2468.585429369137    1         41.81529342972671
-1.9596920372305249  461.0610767016906    1         0.7475845980291203
-4817.844556099524   3364.4820358014244   1         41.12913992644819
-882.1853234001774   5334.968083085968    1         23.77575891869321
3599.375494606182    4202.8591772227655   1         0.8415515315987986
-2695.9890969466073  2102.255482743856    1         0.11762856243441774
5471.476225311839    -4936.16455341955    1         0.21771852467120856
3189.5286376133095   -3523.5278885175812  1         0.57774858299742
2036.4771556396818   -2026.1206225913893  1         0.37394892071689567
-2685.2324244321835  959.6975914941113    1         1.095983198055289
-3916.3911242299832  1967.3041161257304   1         1.1909001135702242
3195.802725433003    -4333.034169554773   1         0.4329151975470358
-2250.430579678236   2198.499987827287    1         1.053291462157968
4223.526779965206    -152.95923862416475  1         0.9837773008288279
-4179.990421893509   -2213.81582942923    1         0.3805948015073518
5156.849611207069    -1744.737575750708   1         0.7314691471476825
-1506.984333230937   -3469.83593406438    1         0.9214605779920165
4207.5551977560635   -994.8329663446564   1         0.4298251140373328
3306.9627554920994   -1500.774472972465   1         0.9099886574644498
-3078.7736826504392  3003.413179679486    1         1.2002200286578073
2485.8887627735335   2181.726488924827    1         0.5226062464657052
3010.1623516824857   -703.1223038414611   1         0.4778027077084951
-3137.0224496795367  4396.287770248563    1         39.64550693928399
-4142.672152724388   -856.1224329426484   1         0.9446063494997257
2763.893740773082    -3051.0023866913934  1         1.1001268381184217
-3669.7544971066604  5520.609258482004    1         1.2100725471234237
584.9214310195596    5265.341535286933    1         0.7767555526310969
2614.9807528975725   -2519.5920714565973  1         37.0625088237723
2805.4088389694307   3395.3441916596994   1         0.8572157744329826
-3751.1275193643473  189.74479225970393   1         0.9730110860684024
3296.150290742269    -4455.512195878436   1         0.7985746696029219
-1707.5119317955034  3348.8007851923185   1         0.7971038602975663
5153.2569010478155   -4889.229147433745   1         23.32621963310417
-1944.958582402769   1658.0716269363777   1         6.973983763782953
4206.837741800465    -4712.380872852278   1         0.22848548046831424
-2271.7641521675714  4419.890328375405    1         0.23058833653998836
3108.464454091817    4129.8403934940625   1         1.2102314382930095
3503.432127824801    821.0176891911526    1         0.9427006876077172
-3740.3361377171477  4652.160715844293    1         0.9229299442994517
-1784.4698260497798  421.9005060572696    1         0.6013820668437173
3971.219067629451    -1296.3805514803291  1         0.6158429206065799
5121.157068982551    -5366.23720794269    1         0.9802011426267524
-4854.4567932463915  3606.224470332943    1         0.9296490624301343
4116.828051191851    1248.9910635065773   1         0.14284193321172617
4039.440384591519    -951.2870163847571   1         0.32030454422991195
-2183.738473686216   2541.5289599427324   1         0.1046076055340896
361.7917927009821    3285.5356986322213   1         0.737954825004326
-2112.208824923821   3566.3533646055666   1         11.103198556174249
-5165.1161859500435  -4208.560375015733   1         0.8107235800171008
-1518.2839824978792  -1852.1311598980747  1         1.000443147704754
262.54039376807015   5131.822246351171    1         15.519527482262717
2698.2100462731596   10.931528595561913   1         0.7185177830302609
-4813.599961758257   4703.718443562765    1         0.9273675620386885
3920.501067920047    518.0297530635532    1         17.181181318272365
-4562.565928278078   -3782.331533357274   1         0.710011678044649
-41.08328012485967   -1870.5739480415298  1         0.9643016337296032
-271.0097100293242   3994.9087580875757   1         1.163955757490465
1706.7948182771142   -1669.1994609466356  1         0.6899057575306915
-1483.8485157053942  -458.91361857937454  1         12.00025311501382
-2101.6605906762493  -3891.8080715344317  1         0.8627928772621641
2014.8241002233847   -4020.293262713351   1         39.704306084055084
-3657.4868202519815  -2736.070331317787   1         1.029637054184413
2582.5299260512293   -1268.2125925919981  1         0.5232362085189944
-3838.3307519318473  -2304.288826049377   1         0.9998899797200232
5134.717909378515    4335.213247459484    1         38.356792113355226
-154.68025865631108  2786.0392472504927   1         12.59884035580891
5443.839514978683    4413.626302697178    1         0.6187683561344022
1512.4738410451855   -2663.847090221886   1         0.39464398274346446
148.26828821332126   -3917.423476711368   1         1.1337793638577056
-1491.581711556713   3803.618869869597    1         1.166286036553578
-5054.654090942649   -44.019395195044446  1         0.6092704637935646
1647.4178770362832   3695.3966689312956   1         23.375977738728206
-4745.901506620311   -2331.859378513039   1         0.9405596034784257
-3544.1449482745784  -2201.1170010465676  1         0.32531931612220605
3019.5447984620773   2595.307205953567    1         0.29151168173227565
4673.046568572915    -4709.285838173321   1         0.39753920153751365
-3207.7813910132595  1631.32441161028     1         0.7818141252656772
4909.371009578047    3796.8122233820004   1         1.2349379194508847
-4841.507871078679   -4172.967865846107   1         0.4683928759078636
2803.7739512291255   3358.921117353825    1         0.7326900748445766
-1667.4032841657636  -553.5253348992419   1         0.9850725201031746
-812.7015804239      -4628.7159611988     1         24.290346030284432
-5069.958442316026   -3533.3632902936956  1         15.10090439962821
-2080.750515020912   5110.493082112362    1         0.7909263780580073
-867.6813556709512   617.8607130216942    1         0.30627296896869094
2271.3663431927184   -2652.9931902005083  1         1.090498013900122
2180.6198341171944   -187.96463727330382  1         0.9005486688046589
4071.666472250931    4072.5636605424215   1         1.2091509374519789
865.0506045136937    486.98773962018157   1         1.1159564122323222
-2588.1459091486363  4218.483965299905    1         0.7274064994946733
4054.1587618128206   -5252.389667824522   1         0.9621515160716445
-3244.5800719233484  1610.7057370406988   1         0.13711539487732985
-2643.7568605532315  5190.4783534874605   1         0.6493288357768819
-469.47156894249895  373.7774243090091    1         0.45859582976801216
