trucks_count 3
drones_count 2
customers 31
depot 0.0 0.0
Coordinate X         Coordinate Y         Dronable Demand
14463.738690107508   8242.6666440769      1         7.585959742251874
4450.042308214458    7814.468556996952    1         1.229466384944098
5402.712334599415    864.5474179953053    1         30.799231749967998
-8844.485110149364   -5383.630592696418   1         38.35071020728262
8687.449810187187    5266.550339426523    1         42.29003462283051
-5535.16922962479    -1139.9318234641576  1         14.034516455154781
5756.028444141418    7527.010028276329    1         1.1599832601278883
-382.7017084427588   3310.910599143502    1         48.05667063891825
-139.67936713192086  -10462.912290053886  1         0.7668063423308215
-7163.1964210508     7362.2983718056485   1         0.7138462883445755
-5291.80904818611    9096.830137798026    1         34.873870104968475
4533.5500056832      4444.311386813317    1         0.30119990812173525
4680.023180055952    -5809.251105267319   1         0.1173429528116879
-8805.05648639716    15.648058738787762   1         0.2421052436588641
654.905571923095     1262.146736006142    1         0.6052599975256459
-140.59738476675997  -5713.974788926217   1         1.2482426227625087
6205.001527936627    -4114.394539242264   1         0.3164894085040518
-16031.01724278897   -7389.4917216647245  1         12.584089814590582
10632.64956286035    2384.30472552638     1         0.20576428933717922
-6796.084804387136   -3466.254396872542   1         0.6916199223132955
992.0216510193977    -2699.868834870927   1         0.246371092595898
-9937.055836905147   -3959.118670533454   1         45.5794965756264
7978.920770521658    -7461.971246060777   1         0.5151425381591546
-3040.5502019196583  -9619.975619004921   1         29.340442611740393
4602.548610174882    3473.5771807589786   1         0.8642667792203748
-10216.933230757935  97.60695679145235    1         0.8951595772668197
-5330.004385206315   -16902.010985050474  1         0.3436947921532161
2021.995938704844    -1563.9603679183626  1         0.5513639087043354
1453.8739773921334   -13741.042202977245  1         0.9654318045673567
644.5902832757614    9049.106153908875    1         34.218504521191
2653.8730443257264   -1226.7615795964732  1         4.799206525064243
