trucks_count 5
drones_count 3
customers 76
depot 0.0 0.0
Coordinate X         Coordinate Y         Dronable Demand
3793.7026476893266   8154.836492132424    1         0.13642333201041956
-3624.2985735080074  61.511295406723576   1         1.1598489995280652
-1599.804937478548   -4265.5881778620505  1         1.0402885343893744
-9396.464047549645   -345.17166753570353  1         14.671188609442739
-7054.998565593656   2054.9430235832347   1         0.18730226985843274
-4206.319996201979   10152.634421413064   1         18.887461544986884
8952.225553131593    6308.396380408103    1         0.4157769485316256
10530.25201167059    -916.1813107653934   1         1.237002700283558
5680.939826334846    -2335.772848796304   1         0.2859292416571737
6530.422020849093    -3182.6068298977552  1         0.7727603834323715
-1493.9239152957468  2235.7688530868645   1         0.9871375738596138
2448.319954083865    -8848.254150487895   1         0.49714153617973056
-4079.3998833505843  4062.5821170232525   1         0.33972635959791553
3336.804515206344    4.474332595133092    1         46.7980219473088
-6245.66493633563    5597.322698260718    1         36.475640721566634
3378.798647557501    8388.04948235963     1         22.596940554118916
-5462.355882029507   -8171.326412695568   1         0.14019100063951
4703.266384559963    -934.0434996210397   1         0.7208686204642889
4560.090126372371    8695.88516295108     1         1.009204470229973
2773.1454870301945   -4329.8652413117725  1         1.1688217661281621
4951.511965796579    -9252.804803707126   1         0.1588571233258118
5334.57153600683     -2487.2170814229794  1         0.5057372246682386
7426.648469057161    -3274.977059384936   1         0.8383249069355007
-8558.408145423633   12244.998065485715   1         29.003130042299208
-1996.4347106106616  -12422.142928359783  1         1.0166339165299447
-9934.630884785422   -562.0575134561966   1         40.02178138751436
1087.5282227194132   6430.607143154729    1         0.713038791260702
-3219.1517877989772  -7622.0329030394505  1         0.747307249856851
-6736.916429147069   585.5791072190095    1         0.2655432602928687
7593.775670571731    -6900.053973472093   1         34.173614965978004
-8901.791568342822   8123.101077385332    1         2.2691340997067524
-859.4881575702061   -5793.196125952258   1         0.38147799304484686
-7340.879492516559   6113.834425202163    1         18.253060908177602
4836.576928944032    3384.4084185581073   1         0.2743132731999471
21.601641751048536   -2784.559770516837   1         0.9887734740215135
-3198.735982855439   -1909.0920393628396  1         0.5152075735103375
3527.087716560575    8921.712444868283    1         0.42650887166167817
-2574.683747845773   -9432.37597074662    1         0.5722084990189156
-2914.0546128774286  -7696.3846158397055  1         1.234912341295815
-9287.87847612847    5359.648595218117    1         0.317960864010022
2359.9259578748242   4806.24318785036     1         6.518020089365616
8185.877810855884    -1298.131924711986   1         39.016117128722115
-3393.599320156364   -7311.37048867064    1         0.6401416594097084
-3500.713858043178   -2553.3030816960745  1         22.096801493243557
-2097.0044899876193  -8510.523198073333   1         0.9701552548180401
1185.4484595595472   -5063.480773964483   1         1.2121915992759498
-5612.250472921778   -3603.8841132822613  1         0.48409041885039394
-9946.412495567447   1696.3450172576365   1         0.8065253516064631
7057.366062940391    3486.749449243811    1         0.6771679544225587
-6498.881176977658   6102.006425104746    1         1.024113989782866
-3870.1879136777675  1798.106935746434    1         0.4939309121243268
4434.484233563809    9200.68091722009     1         1.043672340544093
5931.929604210187    -1859.6223277010001  1         1.1090583259012792
5476.034495925267    5848.871115391741    1         0.23353130829627317
1863.475317984335    2855.136830860614    1         0.5898651908948064
5756.4302107286085   761.8475376187112    1         0.42427929981316004
10493.40167758746    11826.667564819089   1         0.9233670974586876
8537.04010732907     -3851.5682118030927  1         0.8120579795795021
-1631.6333986853515  -1048.633218813633   1         0.528530197711748
-6551.321068364594   -6375.563336996466   1         0.4107075157574648
-3482.777171262561   4364.131773045056    1         0.4898259940565137
-9553.235054713354   2099.0168655076136   1         1.0822763591374633
1471.117924191614    -5975.992016399202   1         0.4840166549768571
-4492.771442727151   11768.418700572149   1         0.46177162918616455
-3492.7082373439534  -7205.153906666892   1         0.7293129760461002
-6982.22373012364    -174.27750243052859  1         0.5896270975221077
9070.517820916239    1960.1213999835236   1         37.48458794942947
7964.533493444702    3600.2696134259604   1         0.9744344901000431
860.6800256847322    -6359.360550313079   1         0.6700511368757095
10413.403318894583   -211.73552541796002  1         0.962702268274842
-1898.1740958574794  8914.10411912982     1         1.0628023207795423
-8830.863643182165   -2141.0770868710897  1         0.38954742557836186
-6790.994227262942   -302.3591339371557   1         0.31103824889449755
517.4039465181894    -9909.44476498352    1         0.7076639731727433
-5655.30726068495    -7502.882669519689   1         0.6534838665141788
-7776.0064898836945  -7886.042362883652   1         0.6757105016054766
