trucks_count 5
drones_count 5
customers 97
depot 0.0 0.0
Coordinate X         Coordinate Y         Dronable Demand
-3007.7432599641597  -6399.711802095038   1         0.3709818132415429
-5552.227636038518   -3428.642347725662   1         0.4011520811129521
7447.3433024101605   -261.6660446322422   1         0.700891942852705
7094.040952047516    -1127.30267113186    1         0.49785339180944144
-7519.605463880501   -3471.357740595166   1         26.79710364273679
-7087.878240613857   348.292017650651     1         0.8645311152678076
3098.0920277937216   -3095.189522560634   1         0.29214982268993217
2103.4309194553075   4348.469376790097    1         1.1381010088735561
-1287.044331024319   2910.8144079628964   1         0.2005697731670616
6106.803945745067    -7652.068184420098   1         1.1672683891380249
5983.654055028084    6846.128685463329    1         0.2044650909014099
8215.861431683852    -1271.8085745139542  1         0.2217619513048899
-5851.690206806454   1015.4645446625201   1         46.179004716664416
8723.116272037041    -6001.402493428636   1         0.26211552322928366
1151.3560185566323   -3908.732463781137   1         0.7954268513947407
-6596.963812391042   4562.4995961845725   1         0.7184729155221199
-6369.874027448723   -7863.697817223868   1         0.3068514080778878
2229.916489512084    7781.628226973501    1         0.49439002607418314
-2355.2428187616815  1502.0585908569406   1         42.132583247213375
-5021.025703583037   338.3492228951254    1         0.9678971219902693
-5185.278003057111   8294.845830688533    1         0.41326382375154047
7489.904289950384    -3382.6789078289776  1         1.0039238915739535
3309.3087044571657   3760.8867249338928   1         0.332365979275271
-7524.120706850317   -1024.7343453336953  1         0.3767450253963547
7624.016898631528    -4048.0004505902507  1         0.49233163335441565
4780.178543129633    2384.329936610152    1         0.9938668214636721
-4792.884711172299   -8396.672557526374   1         0.6557402735082944
-1966.9318080417042  -7710.119288082876   1         0.780865196745708
-661.1116553088632   -1811.9506328919306  1         0.5619414836067154
-2038.8492038109696  2614.0013152547067   1         32.23254922220087
-4392.036734840601   7760.316586171812    1         0.6198198226812315
4415.756742479797    -8635.7850421317     1         0.933142519066305
1536.0909836437959   3626.652282201575    1         1.076298935448277
-2958.0381404663267  -472.84641332340806  1         1.0563879908721363
4546.566392029285    5510.383048371055    1         0.7528460267112733
-2980.6667664960723  -4966.500603798209   1         20.085058277301055
-1021.334519548132   -9138.290470101307   1         3.427412747635902
-422.8046572512085   5790.670920537956    1         0.3341760642939081
4244.798348345424    -2291.950896507936   1         0.4385520455463563
-5755.27524953702    5592.229858084216    1         1.128895392187736
-4130.794038854998   4345.0782086442305   1         24.649449963606184
-5753.585436148037   815.5271912624952    1         0.9678581866452015
3867.1125699563354   3393.0795957757555   1         3.8762170787153214
709.8859705830055    -4616.234880592766   1         0.6052594013220993
7734.860594733395    -6684.262961718837   1         0.3546523049665089
-2514.341227797743   -6257.207596648974   1         0.1433258512054129
1027.081562883041    -5113.436427548193   1         0.10032682356796804
2017.4860352582625   -635.736857265042    1         1.2232643143585038
4457.111567539857    6371.875144939212    1         0.38092460886072865
-1678.7445370508149  -5809.0316661803445  1         0.16849093741716586
-2624.1871172257584  -8864.572965580506   1         0.7517721625683395
6068.021107541316    1920.2921563947734   1         0.6650734409587921
-1982.4790933677164  -7194.782936453133   1         22.16544123598165
-469.4234487383086   5565.047222560337    1         1.2211755748802657
-1544.2395443132777  8726.185930823518    1         0.8988537157651352
2077.0317088789066   -2.920471501663372   1         0.7747463735688337
7188.293492089719    -2449.990263862403   1         0.9523390506716024
-1947.7608926700952  1716.1332009413354   1         9.280231498887286
-4664.263553147872   4973.972452525564    1         0.28104463677583325
1583.3280663888524   -7898.936436726933   1         1.037554449622382
-3339.0376873435484  -2434.949772429217   1         1.1706068962678542
-1422.0104279546604  608.8369925926163    1         17.84526110011868
-4571.031992343506   -3064.732379467498   1         33.88026036434111
-8865.581668720828   -3047.86243870062    1         37.48918076738827
-6170.542919043857   5846.360419334806    1         1.0951974703344913
2960.228338553803    2335.244849503163    1         0.884226444405729
6215.251253657916    2380.865722995495    1         0.3810317839858397
4473.092368366487    2610.417540069579    1         0.2286868027191894
-8708.37458464       285.81394715862007   1         0.3632354529363071
1470.989721660753    3797.8775045951      1         14.580399693210024
1432.5302603446821   4130.309183794742    1         0.20835669714164073
7822.537452336219    -3425.055989807588   1         25.715007593770235
-387.9118676551935   -5204.218768446371   1         0.48983584374771827
5918.518849900816    6354.454247314722    1         0.6058822910273427
2567.319104221952    7552.254012435444    1         0.7884298266489641
3586.54030241048     -4825.890405698707   1         0.17575430588272828
1559.5461705109744   7909.091419132762    1         0.9225050368203201
3504.0273846093655   -4173.692872870199   1         0.5590366775054659
-3787.8871910160483  -871.3700890151528   1         0.7899918172238942
-1931.1012337095335  -2355.867088727805   1         1.1664301958344625
4456.511734874184    -7862.488328599512   1         1.1821035428320024
5210.004005493127    -3407.4515524225217  1         39.55275573758649
-2262.745530792731   6793.669020204994    1         0.6752367330238991
-2665.9155969373833  -3026.931697139618   1         0.8034550880107159
680.9189846408873    -95.98935842334232   1         0.7216204431382317
-549.5602230424284   2736.943022474274    1         0.5820366635695431
2175.537040443363    -8528.369242196472   1         25.393322683234736
-6252.701251001936   2613.9228946954954   1         0.7136173119054433
1657.511405859226    -6317.305869239092   1         25.873681715265977
3904.254518310784    480.5915360093012    1         0.7301791236165194
8460.444478717864    -2869.847758869592   1         0.999643612844429
6621.647562053106    3516.7288080191156   1         0.28243078852864
7709.1918403443315   4390.365394883859    1         0.719937875730615
-4646.965732750369   7339.870104232415    1         0.6747711006864295
-5015.526561425077   -4061.369021696172   1         1.1970100853490757
-658.281204326839    -3610.39953223447    1         0.9527434126023052
475.52057067327416   -6536.737475695636   1         0.4314804735339489
