trucks_count 5
drones_count 6
customers 81
depot 0.0 0.0
Coordinate X         Coordinate Y         Dronable Demand
-1091.3221717597762  -1954.0821712470024  1         0.9587951927893996
3588.5048844181847   -5946.251231521991   1         0.3680312604499272
-3781.3249123343353  37.869237707390376   1         0.5840386082924088
-3138.1061061790065  386.3819051420935    1         0.8716328963258909
-3759.195943475201   -6768.330507759482   1         2.554157579337992
-383.4281118745182   -1656.615367586337   1         0.9704220692279918
-5133.320204236278   6635.126321477765    1         0.8888149137829352
-2803.0467152160627  -639.6410639064245   1         1.0752018538135455
2041.6559224293078   970.4128781547547    1         34.83461944004124
-5345.907100671963   -5648.549636910921   1         0.4483599376152231
-5177.12261854996    -5070.978154529334   1         0.9491689236824454
-6410.100134076511   -6016.95138521035    1         0.9809860278799692
-6169.108839351639   -4389.0227784041235  1         0.6577178165006631
7178.8237041194425   -4759.514200164224   1         0.8848015770513319
6342.039222101562    1329.1449284470737   1         0.1798462734646845
-6660.00621275097    -5070.322787319805   1         9.684595090365004
2625.3281661236533   2065.2669501026967   1         0.10560593781467346
6513.010294316886    -6918.334005416144   1         21.899556484837234
-871.3275745652187   6863.401087624005    1         0.6494408395194131
-3419.2433609383447  6274.331820830613    1         0.8086691752542282
-6158.182033033155   -2161.0598070944925  1         18.747562796132033
-1976.562702281441   7092.60133943637     1         8.462697675865364
2570.4001955989556   2026.4141765432898   1         1.1478143665288119
392.82480639224013   -6768.7218004415745  1         1.0974910072127784
4901.179246940098    -1894.9232436614195  1         0.11092741139589134
2871.7910343438225   -2574.8905855251915  1         0.2606853774276542
-3737.7385628955926  887.4888378743108    1         27.719576847846888
-1713.1232717857652  6298.746891465019    1         46.2068748535784
-3510.589198577447   -3870.250237963426   1         29.719296947285716
-5330.222741686579   3641.668827557151    1         0.14513986030106835
3500.199762111447    -3647.019858753718   1         0.6151984271953094
-4340.482258711112   -3681.0936979359526  1         1.0899323159461227
1457.952483761048    4568.206281278939    1         0.9770374836974675
3158.7719450558548   -3911.6164666784803  1         10.600652189541025
-1562.406014477905   -3785.290566651063   1         0.9708237742913411
1533.78828611271     2206.9779119133887   1         0.6549670738265391
-1421.691809213812   -2873.8601855100837  1         0.35819730596179333
6707.171392853338    -3274.029175999625   1         0.11993740337508317
-2433.6648139923964  -3567.696622397208   1         2.2885990456867127
-4691.020908238999   -5296.8283859238245  1         0.9436521256431802
-6424.889606507938   -3944.217840956942   1         1.2350878930799867
5871.387561995401    -5711.889134778457   1         11.145670880078699
2249.581042570791    -1090.4248987639367  1         47.15045039346756
4951.75956968184     -4440.320968489995   1         0.671995818057944
4995.533748762974    6054.244895522731    1         0.521032017971322
-2363.584189207768   -1355.6866141951832  1         5.568302778296537
6559.253437172487    -2914.9095458962697  1         0.9013084491340564
1603.7052098586632   5031.557040135549    1         1.2075908211474706
3505.608416948357    5236.596208561786    1         1.1992244339607874
3284.82326755719     3361.2104042902292   1         47.86531213642207
6756.084637828527    -6759.107645750155   1         0.3851951903734846
-2640.3994134556174  -2328.5939513489434  1         0.9161598081610256
5303.827759303317    3885.487920265309    1         0.46112173828549596
2144.8135529092597   3953.1151383565093   1         0.5624148082318972
-823.7495207512324   625.6909063988504    1         0.22947699994067153
2327.2369549300574   -5543.35428007773    1         0.9000133075622481
-2270.7753665393484  1487.7851299635738   1         0.25316576845985483
5829.368634446568    6350.273868747783    1         0.22997146594448625
-559.4067865645944   4568.123886983245    1         5.197623518816682
-6748.4657159887765  7073.414024733125    1         0.17950312140128705
2994.439310696277    5649.40737985553     1         0.6240250507747216
-6727.520824482945   -1452.0959703079752  1         0.3257109497618246
5913.158821041541    -3247.075554705224   1         1.2320936898512587
464.6413476401017    -2776.75963143417    1         48.72589542578868
-2263.604067940822   6781.751425992728    1         0.2360965022777975
5050.411883089282    3601.7328296382652   1         0.2956013797544741
2127.4189460584903   -2990.311832121095   1         1.2374469136372803
1050.7801351142052   -4845.238112133666   1         0.4110419110930428
-3698.7699965751144  4622.407508807223    1         0.47677838736304357
4320.866107828106    5101.32292493223     1         0.32249240336900364
-571.0295825016283   5312.460014442016    1         1.1926104523602483
1765.1620359632743   -7042.885983757633   1         1.0942350600198194
-2638.888305527296   5602.1421294333      1         1.0677349736994415
-1755.6949503981525  3254.2758832476693   1         0.6945663154035812
4828.272344985452    377.7650365499805    1         1.006726252837351
7150.54555101455     -4741.992982666842   1         37.72543844606105
3058.1967802247104   3491.527452181752    1         0.3541243109422655
-2270.1419881459296  2007.6464498125522   1         0.8419189098817923
1817.981818271305    4471.5176003336765   1         0.1258635169741314
4633.862937297826    -351.5909750364517   1         1.1839730582496077
-6634.707438538966   4552.350412926797    1         43.13730055175461
