trucks_count 4
drones_count 5
customers 50
depot 0.0 0.0
Coordinate X         Coordinate Y         Dronable Demand
-8336.262914103127   -5793.738113748194   1         28.02573918050008
6128.015011239935    -415.9058494387991   1         0.9102748488850317
-1923.5920160264438  329.1824290915733    1         0.3114981209255021
-3309.904972663606   -8064.008901081135   1         1.0199137255646613
4900.398868739742    3837.3380751253      1         0.15110758083787146
4738.645752235946    3415.6360806889775   1         28.112585966588373
10633.892109114247   -5233.237679563166   1         0.9146231497921946
7560.164182006519    110.3257226365541    1         1.097448807822176
-3025.720566213352   3321.606762353804    1         0.16202046594084307
3446.506342140104    -3523.038729112172   1         1.131824020787425
41.104388298321645   9470.991541086476    1         1.1652093291963526
3948.717408357616    -6566.644563170716   1         10.41221954786602
1376.2050642400861   415.64486810747997   1         0.2997875492002098
-10727.584744102503  5908.000352508101    1         0.9976787698063913
-543.2238415401953   -10897.811221463644  1         47.63445718549826
139.4725494824488    7301.143904827648    1         48.19262160828226
-4169.872759000403   -6575.85175281535    1         0.3520549310506076
9359.942638987044    -3886.70987175732    1         1.066331003498223
-10299.909256688034  9117.65264054801     1         39.21262809322617
5693.504779577448    -7932.786126423851   1         40.716021754645226
1492.5478382695028   -1651.310840599954   1         1.0903352950841387
-371.9232113401279   -6980.603959098949   1         0.2226565646724732
7837.258640116862    3825.6836811258604   1         6.619608318205825
6157.343555728877    -6890.944389376306   1         1.2475649208382928
-1421.253539412876   -9308.021179144225   1         0.2935002511646283
1114.8768952283683   362.4916521075147    1         34.939455420418945
7531.056231164035    -5196.115850867745   1         0.7022940785093785
951.5800408415081    9677.583716836592    1         0.9878617693461378
2426.452424866157    -1192.3398019049034  1         0.17769976831341316
1294.0863414289095   1350.1831148731394   1         1.1000087400000909
2701.823615221866    -6394.005107881954   1         0.8365225044237461
1145.8718349503001   -7790.972693471927   1         0.4438210604031487
-474.16962633575406  9838.715440415852    1         1.1423814286538339
6029.843669674451    5327.625633451386    1         0.139173416057729
-5630.111682519098   -1118.657944791947   1         0.605014377710774
-2379.259198265441   -3113.3033967668716  1         1.0837048064541657
-7846.407947119141   705.0135874209548    1         0.663808261902342
-4687.203050413254   6313.9600201181265   1         0.3362183208525415
-5678.148636160433   2250.4039939940026   1         29.01274196112303
-367.1201180528424   -3975.206322185669   1         1.0725643966645597
-350.1298835918513   310.19445352307133   1         0.1257686719930847
-3701.845142261721   -1928.102329728668   1         0.41740208957504665
-6471.531353660999   -3964.4768985425576  1         11.994581280933094
3235.8794223650166   -7931.777121809816   1         0.4119097729195409
4316.411105319868    -5093.026513444271   1         0.4676950055135559
8853.04533539727     -5594.586000077005   1         13.695612850799767
5700.199159717895    -7076.859055493772   1         0.641854287040866
5174.7653628078215   2776.422544083169    1         1.1806847388272441
574.6795886229064    -2833.8375026623235  1         46.63491302150744
-679.1998072028231   -1378.8924127208272  1         0.557332748139663
