trucks_count 5
drones_count 3
customers 56
depot 0.0 0.0
Coordinate X         Coordinate Y         Dronable Demand
7545.720369429463    -1005.1355739098693  1         45.682000813706104
9977.66398381675     393.2251868930484    1         1.2050231637888578
-7586.788680509787   -5356.795872177614   1         1.218755051161554
-4048.4741137136266  6634.939947453349    1         1.0488518649946303
131.88480732733836   1419.5057145536591   1         0.3942591353924587
3750.71947526883     -17556.26154853659   1         8.8864834183799
8672.67499825699     -1996.197126647448   1         17.30752085505297
-9612.824814614885   4946.374484034083    1         0.7076041286945104
-553.2106529199497   7621.621281200734    1         0.4667281753050141
4390.391558267716    -7470.534348623291   1         0.7133488553666636
-6951.978646407153   6582.657293708087    1         25.588612320963136
5493.754266313642    -7917.798005933931   1         1.0906502492614185
3984.630818819796    3030.271747120413    1         0.5704082853763399
-6078.698623466322   -8368.567733260363   1         0.6158714099551897
-14859.473053683832  13671.755513881457   1         40.47309271762767
5324.315301951109    259.6012904983758    1         0.9804818877411918
-1381.2843805796326  870.4189502618688    1         0.16517367731125848
3619.831956036338    -198.96867889181516  1         0.3022973959308615
-2984.5930619175874  5396.4905378589565   1         0.8024172990270079
7590.433535898675    -4014.8360904455913  1         41.1439398332659
1652.2802673110973   7530.407203888653    1         0.2716199548482163
3957.1084799404944   1339.9625132716537   1         38.906597031281585
3250.86886572645     -14455.589520517071  1         0.1689545095947496
798.2809651135105    -9842.338706961822   1         48.72760402654014
248.9072550842975    12581.363367205206   1         18.914428874349618
-6457.214740359294   6672.2517996896795   1         1.2036668699736113
-312.9571140797147   -5099.731517445718   1         0.9399873269661595
5619.676545650708    5587.4864147966155   1         0.9170870314920884
180.95230784806566   2744.1707421177553   1         0.9325183945135519
3917.440097522758    -3794.708448946247   1         0.42838861436438314
-3531.7175666205453  6661.049728898091    1         44.74418008523192
-10608.664215618475  1990.8871369155559   1         0.9693805315495045
-2545.8218989729066  -9209.590525964302   1         0.7237348625368484
14800.112287110773   12565.574947735055   1         0.6043470989496564
-4055.926788173585   -3690.835385368927   1         0.3949318662844925
8346.57496146246     -360.28187284022476  1         0.8982224092963199
-4162.679702559202   -5952.263510562368   1         0.17981295994888635
-11074.41701106888   -4368.925760377213   1         0.20947065234522166
544.4825130819871    -8386.359715963656   1         0.11183131372751187
-3262.3876531108576  -1206.6709994298371  1         1.151604090470892
1955.54153757985     8917.990008031371    1         1.0852611452331609
4899.263149767828    -1798.032787973535   1         0.2191289752378157
-5261.299634676396   1918.5245891528118   1         0.5029382180209915
1277.7704988513033   -6290.175094273108   1         0.42792041291995
-7741.915435392726   -6455.987927733739   1         1.2151392961278833
8949.815844327672    -4291.593466161081   1         43.064764133483074
3535.198142502718    -8808.681563956512   1         0.9584647945462631
2504.298767179303    -1439.842035758849   1         1.0150349429892078
5488.46651049129     4209.744239559167    1         0.49099038340180245
7063.409770178976    40.285490215705835   1         1.014159131481944
-1164.2763085096192  -7029.798075146779   1         0.29901380207595885
11948.598454390241   -805.9115981677242   1         0.822275569470098
2266.0467145247017   -5209.280179108273   1         1.06364887803408
17005.718967118766   -671.2569260239434   1         0.4028785114307408
8780.841218760583    5137.689530234151    1         1.1009768446144468
5178.557975488757    -3240.732605957589   1         0.4538625534682781
