trucks_count 2
drones_count 3
customers 26
depot 0.0 0.0
Coordinate X         Coordinate Y         Dronable Demand
1722.2129436394819   -1189.0620743249208  1         0.892243261151975
44.154598733483944   -2392.8315727395793  1         1.0264480877522086
8993.324428581529    -5635.500315621606   1         0.864743428401588
-2974.481472383664   -1073.937230366087   1         0.977031002094356
14140.866393720418   12450.157070298126   1         0.37018810986594
-1109.4510045804693  7652.9283535174545   1         1.2493117750705254
-424.34524378061906  -930.5184833096471   1         1.1276171968532922
4846.17383705748     -7293.308218241055   1         0.5643775932475577
-5268.382989149537   -2170.9538605192324  1         16.055153610839454
340.9698103522461    6108.082932576846    1         1.0144698024726746
6912.003420575743    -7887.792362599017   1         0.4789657136929518
7576.675086229174    -7231.991096182516   1         0.31435698697147385
4943.311088379785    -3644.7314007999403  1         1.103664273119078
4149.379244457536    -389.0452991553717   1         0.7081949085845937
2913.2380359190784   -1527.000680469859   1         19.910953799933036
-4358.334997974644   -9385.111738174603   1         0.8199841403858417
-9457.450573535694   547.4010565854745    1         1.0897544464415134
-6921.284685347378   9827.651852505565    1         0.5754295639125658
-6702.298369694438   1647.2775651404602   1         1.2282751447592895
9186.92904748696     2220.256363151908    1         17.89590409280029
-13803.884582901981  12369.495963118727   1         26.890488385863225
2178.417326074965    -1410.767013068956   1         0.5079736018569635
8545.045118238679    2036.5815953491249   1         0.3221966985296626
2138.369758470725    -9095.03355905478    1         0.21068392413504447
7468.940330079484    5164.338324019736    1         0.4088029449446081
-1824.4421609528417  -6228.90228290523    1         0.6531664978602008
