trucks_count 4
drones_count 4
customers 90
depot 0.0 0.0
Coordinate X         Coordinate Y         Dronable Demand
-4024.9310440740833  -722.4223849397132   1         1.0786080098931048
6257.772001661946    -5893.56231546307    1         1.1289293813606818
1860.4111073112008   844.3306057647347    1         0.2635084026468355
1650.576135486872    742.5571327309734    1         0.21137504441825983
2239.257832610223    1336.351003321946    1         42.04251929127655
-1173.6162122125538  -10593.474419759246  1         0.8681865165616091
-9009.16393639524    -598.9158879894829   1         1.1551032361361113
-7291.279406283119   -4775.873483880363   1         0.9259323383914713
213.5955433029242    -3222.4255250180913  1         0.2269739940481908
-2046.2651986044737  2038.7591126312211   1         1.1970121139285865
-1468.5949819908926  2482.7458139411324   1         0.32492210642316344
-1595.211319052791   -6251.1610655223385  1         0.7432275219427634
2542.93283499391     -8961.249676573047   1         11.69521712325618
-4196.584352990081   6940.956722857882    1         0.5333659741211323
-8125.896423076602   833.2535962925738    1         1.039268057208658
-2819.61602237509    -332.8263503918472   1         0.9710017314953588
-7036.214787875112   3569.7493860793775   1         0.21759059391386587
-7903.304455285352   -3224.530468612916   1         43.42312448639797
-1156.356655612942   8036.788163041646    1         0.20910961629998137
-14744.91651243854   -14751.63958403945   1         0.40716216810410855
3362.134664841742    -3785.0781387761713  1         1.0627351953400919
8304.259273222413    1788.7724909742365   1         1.2093950086410155
4366.650730426232    -9416.59927261212    1         0.45615576798716917
5605.804262081785    -3668.9394328406092  1         0.7269285432167566
3851.456184188693    -4058.9248564032746  1         0.6467197996496641
4553.946875596642    -1113.094375185406   1         1.0541634522850525
-6615.562433005408   -2050.885363920435   1         0.8723320031958569
-7328.677841523252   -70.07555903362048   1         1.1062979499249286
-2004.2497586057839  -4472.1418863520785  1         0.1312457941980406
-3317.370609507229   -177.96754235522337  1         41.234106585587426
-3163.76308632025    9258.549017085586    1         1.223886859833388
-5872.772529116426   4899.396972810485    1         1.0342523024740669
-599.2197332543417   6718.638625673114    1         0.7220130497939838
-1772.004424216378   8948.917708690951    1         0.5305469576929701
-1520.1210309838225  1846.640885967975    1         0.7473907987229436
-8880.519093542402   1130.857111143425    1         0.526953408058317
-17279.789859179928  7833.046831450509    1         12.545117195335521
-2962.9768258062586  8541.345539145403    1         0.1372656765815353
-4052.0752449815564  -5546.415192367352   1         33.391963747563736
2176.6221642718156   -4049.123349215346   1         0.8123771823584621
2628.025105814209    8638.671957653974    1         26.15320067539916
-1010.3858838228462  -7790.5457522206725  1         0.3294055818791124
-830.749656467013    5985.156017621623    1         0.9560279355163243
1768.2110968558288   7726.59647853836     1         0.5083088557220938
5848.825401633757    -4569.343030096658   1         1.136027629813107
1880.8212529854868   -3207.15029543221    1         0.9135672431287548
8000.088127046663    -6539.876651622984   1         0.2923658695663005
8444.205970143       5868.009207945236    1         1.137044184725631
10520.235672236926   -155.3663509186005   1         0.6789200189069581
-2930.922039131888   -1390.6589438979654  1         0.6001539183474708
9337.73258335709     -325.5218837508906   1         39.156309438955674
-8196.786009482821   3076.2983017716383   1         0.1305287159684685
-5691.536039616775   5854.271431634162    1         0.8052468982504603
-1163.1750703403488  -6715.705979930182   1         1.0859294794980485
-9616.233663415967   -1019.413096790384   1         0.4772300946082799
2025.675847520086    758.1002703173419    1         35.71802005888477
-5373.4451846884     9274.535965228315    1         0.5079794654588072
3873.637662129079    -2105.5308326199233  1         0.7596544491476936
2343.649516607807    -781.6813573663476   1         6.93557063201503
5861.455587821063    -3811.731198569702   1         1.1139845791919913
1606.2741029851568   13919.061973702566   1         1.1323893173489457
13418.80125456049    -10006.458940791208  1         33.29741454633603
-896.555971204583    -4840.597866101603   1         0.3425681690044069
-15344.194065730919  -3456.6783951347606  1         31.024489522892114
1947.5687250324954   12124.313325567462   1         1.0286678502703839
2919.0044489977113   -9564.20901174043    1         0.11211161188921283
-9314.215216122395   2910.224683129471    1         0.1719844818721828
7854.5486549814395   -7281.550499057283   1         17.975850700690724
3366.142125341863    -17042.01273627583   1         1.09069423939876
7829.623247880481    6622.740868513149    1         0.4202972201024894
-8224.702724695742   -964.0439498044597   1         0.8737647331867083
645.317534728032     -8763.037777137139   1         0.9356981840114783
-305.51438921671433  3735.1970953670098   1         0.7512788874439734
-3623.7774960524994  3506.8084325556847   1         33.862190689335044
6679.287449618104    -580.7452173059617   1         19.81423481858481
447.6597484330426    -1010.6754900894853  1         0.6486750367186226
6605.940373669741    3332.452877867927    1         30.599630065257312
-7861.613639847105   6803.699884635495    1         0.33953437448383916
5891.0267134767955   -4938.080657450899   1         1.068793070833279
-7845.989156594052   -2129.027913351281   1         44.28215676714699
933.1704690120317    -3721.584869363541   1         0.8309684170303774
-1467.1012895855858  -10780.343514304197  1         1.021526859557925
-4575.264777881039   -252.27835422941916  1         0.2284390722455689
-3283.5119067677133  -2398.7844148828412  1         1.0603412644683
157.17670631094006   6644.16701311064     1         1.2064054899501522
2261.3970781120515   -12284.687036441715  1         48.091427227382816
-7466.491448591597   -5966.592105458614   1         0.6894240404741822
4751.562176647495    -5252.177427734462   1         0.32754057806298553
-2271.7188030317125  -9612.475149022634   1         1.2259409331187032
2430.9103678676365   5680.140798730178    1         35.94352401622006
