trucks_count 4
drones_count 4
customers 72
depot 0.0 0.0
Coordinate X         Coordinate Y         Dronable Demand
1895.3495479840549   -6503.575428562292   1         35.731801543573496
-4408.160945614157   -1008.917629357555   1         0.15893555062908132
-5811.124492037667   7874.428732538007    1         1.2049895866062779
-5749.371643895594   -5785.3541173788135  1         0.9293360861796477
6071.947617142524    2836.8227503386074   1         1.0714558921344999
4722.098285354349    5592.362797767738    1         48.67948706042326
6822.734989891835    -4408.841837288622   1         0.43019329063208056
5675.179576927449    198.46751857391794   1         0.7115532096471658
1410.308617991088    5106.6553935053      1         0.7859567146706121
5563.270397639528    -9437.482809657442   1         16.922832731079154
2173.359649505613    -163.09933122313848  1         1.1523759227640615
4352.957017655172    -4945.831508609393   1         0.5465507339750535
5000.4619580812905   1162.4435560932554   1         0.274740522707878
3533.6948810635595   7434.604261950849    1         1.1725388208269412
-1204.2003185006322  -1127.5243699930447  1         0.9635709841949469
-917.296106131823    -9634.900376170295   1         0.20782248745643356
4639.62750138546     -4211.098235448358   1         25.393102320999063
-2890.58341000195    -170.81127296966946  1         0.18724694712246068
8929.189807182665    4944.782521989708    1         0.6368934973990803
-1733.848257890661   -6084.515949655622   1         0.8374853364310485
1907.9773727200895   -2808.401121685473   1         1.0788939537587996
-8793.308656869027   5486.029305162567    1         41.25334316445428
-2393.4999714883857  -31.168668782966726  1         1.214690167100454
7086.46849171083     727.2187745933327    1         0.1934641719098441
4077.527312233418    693.6927319770261    1         10.943669138304342
3836.2182793706506   -5368.179304481262   1         0.5154589387426349
7115.671381926531    -2930.187957946218   1         0.3170854016797779
1429.5184149519491   -668.1285199311063   1         0.7497385262158469
3026.312089676902    -1093.9433113638433  1         0.5646551938023242
647.2102562416767    940.4618907477725    1         28.405415143744673
3204.3465274639602   5393.0860803859705   1         0.38904474066927364
2068.297959554256    1613.8192352862914   1         0.6471165459545545
4075.896872371616    -3021.8511842630487  1         0.31615990612490963
3046.085013574708    -2574.8922857751522  1         0.38933224059636085
8375.925198423096    374.5231373856268    1         1.2020433190216488
-8524.915426329315   -5761.29221752891    1         35.83280248268055
6513.653615983238    3784.9509059385987   1         1.0697570594325896
-5106.7788890883     3087.137379378258    1         1.084942019365144
939.7589103452382    7004.280969161903    1         1.0324968288378171
-585.7709276736246   7089.6768237713395   1         46.05214356594339
3119.3977753306153   -723.9899824143122   1         0.8079094110536548
-5047.42657434338    3482.154528573839    1         12.309801416379065
-6148.618281947437   -1227.311945029316   1         0.4283674985002557
7743.975234044678    -4275.893761635976   1         0.6449019511423695
2525.9146448122106   -2293.3302953848706  1         0.19508607769328054
5934.554081833541    766.2056980595249    1         0.8781633220537777
-5486.805920676586   7521.449495491537    1         0.8214642540808378
-2895.7777360406135  4663.621283388853    1         0.7689702738246994
-67.61266549086567   -4843.621775468636   1         1.2010753228641189
4131.416866042518    -9359.03951763753    1         0.7232862542910262
-5605.328137706917   -2160.195656748908   1         0.29415573261652983
9854.020510285109    -169.87923373319063  1         0.8927067587550704
-2372.755594593905   7365.641489926495    1         0.770146118401607
-3618.3958558843724  3730.5602827381454   1         0.601303070416898
-1321.9401105731208  6993.893372702105    1         48.902352819423186
1872.9510437782321   6547.464726924737    1         0.31853001999079583
-1835.571048085057   1210.4937137497168   1         1.078432721024501
2954.882018777405    4169.455654673816    1         0.632258422142922
7688.719104945836    6531.041148264648    1         29.263221352494092
8969.027946625707    5087.997987717284    1         30.268717365456045
-2818.3729974678113  -1985.982804838776   1         0.9484666948766225
-6791.769194844303   -3268.6354087748355  1         11.1300398234602
-8834.514994430112   797.640325337055     1         0.9637794854301915
9292.849121609564    -3769.97818038293    1         1.1011632748437554
616.0617370501167    2897.776269561785    1         1.12634653487078
-1550.5642085246855  -6487.336137016284   1         0.7917966340172241
9125.924171306486    2837.444608753348    1         0.8023158374544214
-3847.3855279014697  744.9718184354517    1         43.589931132063526
-5026.766565211413   9625.186607812897    1         0.5782531004985403
-4350.689606558572   3880.0989679456056   1         1.0248027704908973
-5787.670038425066   -4671.152132822266   1         0.4856364994865229
-508.3176944566044   -6091.7245583120075  1         1.1233052760076367
