trucks_count 5
drones_count 4
customers 43
depot 0.0 0.0
Coordinate X         Coordinate Y         Dronable Demand
-4591.921520047573   -3724.3283969002455  1         0.988211999825583
6182.843052631069    -2328.872085023652   1         23.71224747608225
5621.935851593848    -1539.453052457613   1         15.331738522336703
3452.801964320575    -5477.156299397851   1         7.402648524077929
-5500.423325915306   6001.894464802369    1         1.2376077666141019
5120.133865416953    -6233.745416383394   1         0.2313831202123018
-2258.5437967293856  3583.842505314869    1         21.880004994038508
-4895.511322408626   -6352.77094676591    1         1.2353749447733304
-4378.773095189878   5348.0664571782545   1         0.28209812496633524
6256.3130646292675   -2163.2915854281364  1         0.38619241654472936
4092.556610977244    1781.2698167002263   1         1.1519820473663562
1242.2214123836477   2171.6987983441736   1         12.164044358979929
2294.564579554311    5103.33585097538     1         37.612071784552235
1944.841570442312    -1102.5449343427326  1         0.22648327918647115
1427.7644174787665   -1594.0771767165204  1         0.5651645020896079
-1013.477390436695   5254.327851989904    1         0.7102464304112103
2306.947181047327    2771.261757413039    1         8.40917940321504
2542.1201931015717   3324.5773299320613   1         1.207297472269865
-4596.85089026593    -3779.963407810667   1         0.32850375206452076
-515.9557052557736   4402.04204537159     1         0.503150051401465
6226.778836889113    -6056.22697528509    1         0.8691524816904449
-4142.887260890534   -3229.5630714079243  1         0.2718971082758549
2214.1175530498176   4309.331981317646    1         0.15935226128025365
-2649.369337523304   -4815.193951899067   1         0.5589649327501689
-3253.033450159681   3411.8585894729013   1         0.5115403516018328
-3579.230575060738   2039.0549516200551   1         0.2067064708800861
1601.8676811448888   4270.430977936114    1         0.9986892185738596
844.012080384747     177.4792749844987    1         0.6569166091253256
-1518.942211016709   -5847.031569507588   1         0.6509082157237471
-115.42363821376784  4495.980375253649    1         0.9517908405365122
-1600.9911738607595  -4838.146338665229   1         0.563364953854839
6276.614397846218    -713.2960127310043   1         1.0984625590129178
-5938.261244059658   5462.025737746799    1         0.3879238861201858
-4949.167541351882   5480.380638362348    1         0.5736846434754711
-3010.2510342719534  -4874.051434514776   1         24.438468137632267
-2395.9713924974917  2293.509239708549    1         14.298960176173711
3763.013306566288    2683.357717636017    1         1.0237870432642744
-5540.363909567337   -5593.940063099771   1         1.0598901794569764
-949.6575231509072   -1832.9726931445236  1         23.23979960210813
-6191.892540994975   -3930.09474668642    1         18.716219198328993
-5924.570667322622   4911.306324479606    1         29.585384910722205
10.81418755169799    5528.124925222467    1         0.5801042826493367
5581.787215991367    3616.7368774515135   1         28.97282246245092
