trucks_count 5
drones_count 4
customers 89
depot 0.0 0.0
Coordinate X         Coordinate Y         Dronable Demand
7407.332198019683    -3496.559851037467   1         41.50872649928541
4822.71904875215     5807.6230082366155   1         0.32541770400172726
-4218.803618192584   -779.9720483856665   1         1.2292286401696468
7847.278021794417    4672.4274908211055   1         0.18934629006059406
3460.9474012621354   -6884.971332502235   1         1.0125256760743582
-3271.006569579717   3068.0920440499917   1         1.1099197829010858
-4986.63158974328    -118.14725087027998  1         0.3605404820421253
8466.503275883266    3676.9345046222743   1         0.31145586189807384
5396.938717253719    -3908.0575927495615  1         34.957046165717706
8316.071143310612    -3434.1806887206867  1         0.10833204279729249
-5878.273611284901   5147.755741146226    1         13.478543082532912
4408.556446637975    -8945.590919245298   1         0.8828415634035901
-2723.144683961351   4675.3649805656205   1         0.5041571208385272
20.853732917587887   6860.011363948332    1         0.8503220715824188
17883.546583876472   14619.899092916097   1         37.11293155064791
6247.169657397806    -237.94794446078146  1         30.157208824816934
1721.553248550175    -2676.977448643437   1         38.401919167329986
-4915.16847872572    17927.119807395422   1         0.6597998222386147
-9953.540746335479   -4335.302008972761   1         1.0352658264198826
-7996.412119390687   13684.713228681001   1         0.2853122571933935
-5229.271588412266   -4217.916668123846   1         27.88310990058358
-3880.4082078930705  -7407.321054296362   1         0.27902088693124294
3543.7301715677936   -3451.67382123597    1         0.6251970548697777
-10265.889934872097  -3670.886611129562   1         0.9092438439589946
3361.121024781372    -6616.788657064576   1         0.6864775316940219
-3089.278985939646   -6225.915998179339   1         0.5566320241758119
10024.006719941463   -1622.3424675967278  1         1.1914605944177061
-9412.005541557439   -944.4911742901758   1         0.6342765353119227
1669.4590537539898   -5760.666011309111   1         0.5889158948771515
4500.0675031436185   -1428.5716319979265  1         0.7211089086133052
8766.909867598624    17438.444714668047   1         1.0922672738553294
9322.365881306363    5374.040352963952    1         16.5586260318195
-3831.444634410729   -4989.769760471766   1         21.288868099985176
-5483.292530271644   -6949.894647976476   1         1.1494512041550278
-4317.1095525170895  7236.334488435441    1         0.5517855668726388
-7909.59438672476    -1097.9054896252044  1         0.11177546196975888
-1963.6655600513002  -7776.082267327378   1         19.69444314519894
-6365.868190621209   3871.923456019767    1         0.10402431763471831
-4702.37013791275    3272.251172396558    1         0.2198613979200943
-7592.443231771894   1359.758537349298    1         0.5326148809992841
14433.295416979054   7312.562019106466    1         0.5161804412804915
9943.6900819482      588.5469189499589    1         0.8922828744241338
-12338.424347373053  2503.9594969619793   1         0.12807925824746874
-8438.46009548878    3537.774112134495    1         0.5454705129326788
-737.4732463896227   5045.635508883737    1         0.8657157736309173
-6497.886692394687   6468.086331320422    1         0.7356455074013791
-8747.156693403133   2613.305291608271    1         1.1012516953164568
7261.424975124034    1567.481850235998    1         14.771531891035359
-2617.351349962362   10631.437605787913   1         36.1921001241066
-6439.214407595461   -836.5251466001232   1         28.25847755732929
-5717.794977576043   -6176.913330343042   1         32.71858863499738
5198.902010912077    1051.0761621640293   1         0.25939377390450646
4196.343135857516    2296.022440890322    1         41.03132497552204
456.91224745294215   -7364.455688039599   1         40.51064219634435
-2628.022058070787   1252.9540873362453   1         44.52298490148384
-5312.748177418743   2564.413240687763    1         0.9629972555822707
-7763.895930904257   -12509.233446851098  1         0.6537912170006475
3800.9734395603373   303.8622430400683    1         0.811320226114311
-4263.768108262271   -7278.578574036605   1         0.26945755629604123
-2712.844192725003   10162.724113884247   1         0.43003290124160487
2102.112119637226    4742.261282910963    1         0.791723666374993
5164.549205514849    -9066.399468577974   1         0.5073694311802518
5085.31646451193     -5354.55867208107    1         1.1371687355745619
7413.498391944649    6516.2945584546      1         0.8196676305744668
-654.1935622375892   8159.889642265006    1         42.618596503290966
9341.934513078233    4933.089540647654    1         0.6915649573983245
-3077.732572686558   -10170.247836620883  1         0.8020670754935302
442.99048641182844   10855.67102863784    1         1.16805738830473
-2117.509590924527   6537.565393080523    1         37.833901793835714
-7152.615655757473   -2532.8670690146882  1         0.13267430887284404
7096.137817797447    -3792.18163667271    1         18.758245422947844
-2184.461897964834   -3964.4582131711904  1         0.5167969842307856
6227.491858441233    -2161.240456946928   1         45.76045006925836
-1196.1331638853183  -9948.016848560002   1         41.76245058198251
7034.112620100082    4912.029878477787    1         0.4735877677267575
3499.2052439512963   2997.0940138979704   1         1.128198973241766
3665.365220653104    -10141.252122905564  1         0.9489425811661331
3439.6358025237573   -8614.859365949573   1         0.5196900109745527
3729.6603418437526   475.9652503812166    1         0.7345595726816282
-1761.4949783245856  7182.070281192389    1         1.189542606893849
-15058.610976281165  10998.075298291602   1         0.6554584672328909
-3049.5711372937985  253.05327992967634   1         0.9721898464280578
7533.353949015195    -5925.776324197689   1         17.976296625268663
-17245.01583542982   -15781.573103644558  1         0.7963108237156648
-4426.400080033575   -1436.7103262622998  1         0.15253939273817674
1669.324720918576    10634.04088750721    1         10.526121955928
4288.366956661858    -248.94395056710758  1         0.8435414939401755
-7020.004149392015   5080.533593669993    1         0.580084454201377
3876.496048310874    -6893.301571780746   1         1.1368612257955046
