trucks_count 4
drones_count 3
customers 55
depot 0.0 0.0
Coordinate X         Coordinate Y         Dronable Demand
6217.472706880863    -3327.5797492073525  1         0.3821178378971958
-4756.135198827056   -1283.7821212382914  1         1.132181758911911
-1694.3913292407353  9436.174722029002    1         0.2897074718779617
-2164.098607702789   -8660.451362941238   1         1.0977203504003696
-6849.679286330581   -5173.360273075135   1         47.302077162818
-1202.472441826341   8512.44484789053     1         0.5669191244295745
-4334.550653232245   -8958.175292292846   1         1.1958625603743338
-2719.1875898986027  -680.5217913010374   1         0.4067139291293105
-1657.2606095612718  5706.845185026466    1         30.835480008550363
-8515.623681758918   -4881.19906940388    1         32.16447799764649
3272.6286498494383   6220.124380426731    1         0.5745547455697203
7201.926344425602    7414.670375959231    1         0.17438012714592102
2110.3303259607765   -3835.517234420731   1         0.7707164780925986
6424.898433070525    4678.502685134569    1         1.0197086872276786
-743.6094069696748   10328.657830456352   1         21.44348819988844
7572.08421642683     -5653.051763075807   1         0.4608202984802423
-3504.0857011349326  -6635.273305389352   1         0.6722479142185619
-5699.365816581114   1100.1355650472005   1         0.5172648488209218
-2839.441295235151   3865.130522796723    1         0.6918363969467842
8955.231541285431    3930.754347383481    1         0.726750144108585
-2576.0238516909153  5730.378228418371    1         1.2176262039401247
-4480.836528719933   -3610.732457511467   1         0.600093072753195
-3721.425219330111   -6408.692296032289   1         0.9933119149315319
1252.6153518513274   8743.369369921207    1         14.62542991976868
461.77129650340186   -3695.750205340345   1         0.9005756253622258
-2483.050390307692   3473.5932629467916   1         0.2929540423194591
-1074.216285202044   -465.85243660158346  1         1.1897983158713903
4621.245357904241    2430.547556257072    1         0.6475331480954496
-1278.396188601005   5016.964386140768    1         1.100537976372673
-7986.062747955341   3885.481403599509    1         0.5965404310789771
5639.836729031764    1428.3096233789583   1         0.35263936008469154
5185.827699270151    9159.093112230521    1         0.7763885040261618
211.14011763229786   -2830.1711335019277  1         0.859055740837482
4963.646549945933    8844.806939988635    1         1.138062357338236
5767.75942803181     -1884.3415399827136  1         0.6478509833474149
2739.4972657099715   1468.4751061938714   1         0.9870191076013797
263.1385870461298    -3480.56232882106    1         1.248066428277461
8895.043379660885    1998.8898775706882   1         8.556087577505561
-1411.3791117607227  5665.548126762445    1         1.0601000004573224
-207.12539757203012  -7064.529891631632   1         0.9015062272231268
-2174.6030709025845  10567.365115485256   1         1.1957071508435604
-6387.242537086992   -2137.41147926398    1         1.0765593617600357
5355.810195551924    -4378.08790623417    1         0.6369660038913834
3932.7089183705225   -7424.525672998262   1         0.3965228575191815
8378.840874329106    -6188.737425105567   1         0.6918838697842793
6913.278728379871    -5756.0316660614035  1         0.6095892178217162
2928.6157812540137   8934.268570573833    1         0.1331108697498677
-6907.109542718934   3887.232935722461    1         0.16324405696428126
6623.120617903805    -5447.433142960228   1         0.9774130253890279
2034.6297105491242   -7747.149843554432   1         0.5560668527202216
61.06454717082464    10722.795826527521   1         0.10018056696272212
7519.991380864812    -7117.897766443525   1         0.16079293139672748
2316.375977951968    6863.8383747303715   1         0.7705360711073268
4254.4853222372285   8071.462399971479    1         7.6708728992649755
1184.4180227236354   3772.3100543840774   1         0.511824445449572
