trucks_count 4
drones_count 4
customers 52
depot 0.0 0.0
Coordinate X         Coordinate Y         Dronable Demand
-5243.58227338707    -2832.012993661598   1         30.93022295736461
9635.59192483502     4889.512489121255    1         0.9014030646627869
10459.247599436687   1897.4401501599386   1         0.6288319028148599
-3176.447618723809   -6635.99336966557    1         0.24221000603786985
6316.271901917328    -8757.32790033088    1         0.46571509344258366
4907.5358200351775   9024.851299866743    1         1.162925712335029
638.5960496796253    4274.022029846253    1         32.7390371409951
-4663.945491029713   -3093.0935305150847  1         0.928131810253375
9022.531740720488    2635.470183218851    1         0.1471846535392026
16670.756640471627   14687.245774085408   1         0.44020237207953283
8081.7745208171555   -4351.739612794593   1         0.9649830525057483
-7326.886766927691   -3911.086676054463   1         0.7561041661374804
-955.3899795487624   3562.2961810901415   1         0.167330346748837
-1166.2522706047137  708.1547349403608    1         0.6155413987376651
4312.523600207991    4481.483069340895    1         1.1004420161952435
-10139.18688299686   4058.7160592127875   1         11.410596724487803
2107.4296103894703   -6493.289276168749   1         26.18931985450072
-16806.460516767165  8393.516401364355    1         22.927719907416446
-117.51223371331942  -10506.560828670461  1         8.372109343497392
-1694.7926706565004  9953.039706541362    1         0.743708852149017
3248.9430069507484   -10229.372626782397  1         1.061043679022059
4002.9057726214774   9877.358624408998    1         0.24767662829190512
-977.2977852372143   -3403.8842372043523  1         0.3597191542790209
-4988.949867121701   -156.65307346608856  1         37.7806591916736
-10029.591179187877  5048.787067628968    1         0.5359919793629222
4799.276636149672    4470.90525397685     1         0.17320474074351477
7110.552139796707    -508.6790044063481   1         0.18842834209388015
-5576.106867463754   -797.6468114260812   1         0.3227050723407047
1598.7769693242378   -5893.36473711384    1         0.6960407303831303
-5378.4843694487145  -3665.530852500496   1         26.507862816898868
-4136.220216267025   -6949.202394917262   1         0.4010103317413607
-6400.985237266064   3193.531686660198    1         0.9985242588804645
5967.36302340289     -17272.55517598403   1         41.211303474382284
12445.014315202032   17496.110651066883   1         0.4170385353371223
-626.3742527636985   -4372.709521685      1         0.1165117202210228
-16051.582618019063  -16975.916205374822  1         0.7251182136632365
3665.7243510486287   -5912.837024878761   1         0.33342700482519294
-6283.034790647729   -7480.867952042199   1         0.7747215643925414
7842.574595422553    7680.956385647289    1         8.327772057136464
-131.78466634340705  2032.6018605495706   1         0.8567272397881002
-2659.866837195229   2898.6946099666848   1         4.605593054363006
-6028.003115941851   -5741.86268078214    1         0.8461994915977712
4585.241007465814    6674.160738186019    1         41.01835204414124
6959.437282502589    1555.6632253299103   1         1.1108736586155346
-5181.092701584236   -9237.781570385845   1         0.40996899911024
694.8709852512246    -1410.8814744723177  1         8.175099156014856
-3617.4332291231103  -2877.6874982759996  1         0.26305464090789044
-8508.978669590608   6562.201714162385    1         7.554177755020867
-6032.998751909328   6920.2207012587005   1         0.7543621371886075
-17602.870190349568  -11043.424675832328  1         0.7083930940574916
-9386.523442310357   -4573.4700983111925  1         0.38410929612424705
698.3404380161069    -7762.416627256058   1         0.29044814127730634
