trucks_count 5
drones_count 4
customers 68
depot 0.0 0.0
Coordinate X         Coordinate Y         Dronable Demand
7428.498609511517    3148.919467588863    1         0.4111448622715731
-8737.839068989919   -480.0655221483246   1         0.15691815998592282
-3349.1459346948973  -9151.10833642936    1         0.2189130736863119
-1957.9596959612973  9180.004117814857    1         1.1740473729600192
-1283.1332950836434  10768.54375080544    1         14.209711146860496
2455.917102003313    -4615.342779547009   1         1.2188290358585478
7687.69338380961     4614.919808171949    1         0.25392295647383567
7013.4036550230985   -3356.1591841036816  1         1.063278691739331
1453.4757371850274   -9052.321832115154   1         0.1005894234839406
4749.135819892148    -6097.754871646447   1         23.3388498749697
6987.718155299847    2141.1392783782258   1         0.16634022622812117
5242.368096505476    5324.9640133466155   1         0.56051297513714
-6850.365924609894   -11778.589806594107  1         0.3189695383806293
-6576.3835720722955  -2031.0628013706869  1         0.6665245377790966
-4406.517519749901   4249.387105059181    1         1.1856031220431555
-1274.7695818045318  -4208.2641824540515  1         2.7049852914523695
-721.2073041913238   578.5382339906544    1         1.2303566104307508
-4702.704323637468   -9489.831994010205   1         0.34673580030596224
509.96953137284754   6309.598243116244    1         1.1651632519306199
7077.574691133469    -2184.253840519217   1         0.9614414965933112
5236.559455124309    -402.46800158475975  1         16.386664741893895
-5968.993368245853   -6374.632500746009   1         46.942558011003406
8021.466456084628    6442.549785249009    1         44.24373414371022
11987.758197292755   2770.357871566317    1         21.575492329118315
-10047.670204708875  -10295.762570477813  1         47.80670856378542
-5531.9889051670125  -4319.743264742395   1         0.7824238473445426
4785.174279243634    -2288.534725966658   1         0.3081002379649926
-6809.876440039436   4662.739985389271    1         0.5035402464615396
-7358.55562472224    -9757.220937171736   1         25.34425604526147
-10335.051899375327  -3321.615991454568   1         1.2305290563087858
8626.211539751846    3519.887649919905    1         0.8357446873635874
6099.228726686699    -5109.975922962291   1         0.8365217949932798
8618.981219105703    -3208.3626220231454  1         0.6836781973697194
-6111.701228647878   -5796.745146531858   1         1.1959385382742094
-7244.661652867868   7085.279006251061    1         1.100102647343465
-1370.4437471902195  -6921.369725700678   1         1.04798642030818
-11104.518719799986  -3173.2467467316965  1         46.77115335468546
-7651.824991176238   2613.671123828795    1         0.5847065788168557
-4941.297326700784   -8245.153404277351   1         0.3807378815000989
105.86777836457304   2315.0655887314597   1         0.3373916788364904
5957.366769706201    994.311371707815     1         1.1499934643129839
2021.45139958387     8079.42496516807     1         0.7243736735794482
5651.294294833352    7989.760006617959    1         0.2618366933826617
-6587.909247444205   -2348.684520687199   1         0.7307026446255777
-998.9656401041357   -7520.3048124019615  1         0.6776749965625115
6318.257466186197    3157.0570149648192   1         43.1161651611918
678.7460108340937    -6893.749407087587   1         0.5202933406789703
-4014.8174984337056  1907.5408482315497   1         18.90426027672338
8520.877410812152    -1651.6090160405315  1         0.3062327995891708
-6529.444631787325   4035.7354692337954   1         0.6712021899721823
-2700.2702238284023  7002.37820249179     1         18.859463404886785
2162.893078529239    5850.938795334721    1         0.7539572469459686
9256.873218661261    4177.800372252187    1         0.9310680658459057
-4713.311048123201   -9014.549211871623   1         0.39028684978401007
-1897.1064854923266  -10730.889454469907  1         0.26427255738758487
-4452.481237871353   -104.27503352798094  1         0.853858270242441
5845.57353236456     1694.4309593666167   1         0.5531425994098685
11880.015488859837   6402.519413252063    1         27.874602028203732
-2199.7057731859863  -6238.768459349828   1         1.1232124863306283
-9662.059845367996   3285.6372868397816   1         31.29898869123143
-3169.753879138245   -106.70042422997075  1         0.24999426774574898
7723.515549759945    625.5611068260473    1         0.24133108165606945
-9783.452641229027   2338.783350792077    1         19.871914441834498
7683.867210810123    2338.6433980549064   1         1.1859469357304544
-5884.0987761711685  -760.0752380547335   1         5.48625359769247
8751.815063355147    -628.5703978004042   1         0.5694581678119671
7908.275124035378    3512.077235232577    1         1.016310032851615
2150.9322917628      -10006.540595512079  1         0.6356172064708675
