trucks_count 3
drones_count 3
customers 55
depot 0.0 0.0
Coordinate X         Coordinate Y         Dronable Demand
-4318.845086809041   -524.7439938521507   1         8.243330092077322
-7573.12769910026    5457.173544860296    1         0.44598680686491743
1563.5261026034664   -4477.136463013128   1         0.6044970159382113
3066.005825991049    -7786.725525092258   1         0.22074637506887645
-4002.2334842652053  4552.302938521043    1         1.0643329524288383
-7100.537723149082   3395.3854859216935   1         0.1492075186351018
-5051.688913368588   -6031.656901648119   1         0.35143815171734016
-3429.9752538275798  6392.975081243438    1         42.22423585755833
5717.526109551231    -2170.4435000885765  1         0.17827613135145218
7346.687512380031    -3416.7922384396416  1         22.370115357930207
-3805.846543428923   -3232.560178801331   1         0.18096697379389198
5681.376774132557    -5445.410311011399   1         0.9262060000217849
2513.702022225615    6722.262529687644    1         0.639499611054686
-3829.18032422492    2493.3193882118235   1         0.1984875139669611
7566.712216684442    5567.290253870149    1         0.5536981344933339
-453.56108735036156  -2960.8521241157446  1         0.7203728417009745
5205.128418453785    6636.466611012548    1         0.6544369942517271
3494.9880625485603   -2935.60849864837    1         0.2579040585097886
6003.608356794886    6050.1723873272695   1         0.9409440701856279
-4625.34609226027    -7764.625528972244   1         20.45491302405428
6911.022231289908    2291.1675666396927   1         0.17087439909169994
-4480.378559467301   -4038.9822357013722  1         0.40111000602634106
974.3949560245185    -4839.850275067305   1         35.0517154301031
6409.891769621376    4713.303998298696    1         0.9560146519288862
6718.539920416493    5637.563116608158    1         0.7566965821008387
-3015.920864995895   -3271.965246547671   1         1.1215060074436904
4515.6749521851625   -1559.5021823097964  1         0.20219834417789379
-258.2479214576915   3686.177630547483    1         0.14088216944859588
-6233.908783823285   -7421.232653544296   1         0.9069720939622611
-756.6816437873446   6096.47297493641     1         0.9503567320956757
-5857.471943105736   -1629.9178143539211  1         45.32033464070451
6275.79686506385     393.2205327771857    1         0.5014298159244718
-683.1928472893802   4858.944546317809    1         0.2680603136705747
5191.223461894873    -1487.9295401623983  1         38.42193425478968
5373.177254813646    -5581.53067286959    1         0.9766426844227509
7265.120870378806    5068.84985418839     1         0.5309181276110934
4438.1175852871775   6838.02416932304     1         44.43310739713714
6861.021088250055    -4436.060620817861   1         0.7476644663934128
4823.452011285556    5485.202231143686    1         25.7668721622897
-3174.2164262042515  -1724.8143324849525  1         0.8587704197185292
-3045.294554680937   2403.0059863042525   1         1.1689239516508938
-4675.826406192242   1382.5435092233135   1         0.8150946133619238
-2523.3707206666413  3018.9732572230387   1         0.5835136355071837
1709.0446208758783   1779.34465217682     1         0.2998882773565588
-6484.814216219479   2514.9470157772084   1         0.8171519822795625
-3986.201192757005   2838.4691128233294   1         48.05145016473617
-544.5286453494882   -2302.8947012154285  1         0.46951637270898683
-4940.936741252966   4699.354470249371    1         0.22407199923684196
3540.1524791350535   -6247.3186118738595  1         0.6432739962471548
7239.8147113713985   4120.254184056094    1         0.8437456336158323
3547.8169987115816   -4057.6635712681295  1         1.1212354495455659
1968.6246627355413   -6400.768817234746   1         0.8889293010700337
-1359.7306788867018  -1332.780637928696   1         0.3225052751589135
-7276.239272978778   7735.670476829564    1         1.0247207323920293
751.3409585075486    -6306.9394225507385  1         0.43414004215607926
