trucks_count 4
drones_count 4
customers 65
depot 0.0 0.0
Coordinate X         Coordinate Y         Dronable Demand
-11433.027919719207  -3559.063317688915   1         0.9035962514385186
-14015.691551290594  -3121.9622439004506  1         26.235730848618356
-6200.622206178896   -3260.879811030545   1         0.19849750289663898
-8417.529012683897   6224.779974734759    1         0.43695434345982165
13797.573728729752   15707.268210182978   1         0.2718335353092348
-8935.620803133968   -3777.9049115037833  1         0.7948446764099084
-6714.355632591498   -908.2177798945418   1         1.125870220460365
307.3204391000618    -3915.6202080195126  1         18.000062844311348
4015.104725715127    7260.723881066374    1         0.7037413754629382
-5912.47905560304    -411.8294427476534   1         0.28377478279927104
-664.3834973204027   5831.228576277735    1         0.824738802349431
3983.55191372046     -9241.601710016377   1         0.2700922827860974
-2706.629011632812   -4796.2697819522855  1         0.227298724388688
8034.880982575742    -775.2322728467958   1         0.3875645237977895
-5740.380819887247   -13120.012582386244  1         1.0284984856433397
-6429.457036137746   -4361.606174764158   1         0.708712801787092
6055.7993659457425   7525.326465013684    1         7.236761337004449
-10287.572795278977  -2498.898087182358   1         28.53984494627949
725.2605615200105    -1367.7723149956132  1         1.0709699096000962
-5122.623240075918   8761.493418163058    1         8.526843205599588
135.39993329899036   -10731.450622763843  1         0.13035421509622935
-5843.221988874928   -484.0005634711621   1         0.4271646257836902
6631.807891887636    -6326.314749996085   1         22.474217897937688
-8540.317861464751   708.2688671693369    1         0.44983047282284694
-6297.219955094231   -678.9333675045707   1         0.8219278111949126
5226.624284564031    1713.657445489666    1         45.57043010244759
6236.511210575248    8227.660310633006    1         0.6158437363666868
496.3924886746524    -7820.458720163855   1         19.257156699651265
-6252.657610242839   763.9728099599218    1         0.40350560223076837
2345.9889406977754   2062.815958730068    1         1.247641440923501
-3838.078948581014   -2496.2419545596263  1         1.0653499373720172
-4425.67876838426    -5662.1865898050955  1         0.7220749270565875
-3320.548968332668   2783.659040272066    1         0.9348350051721842
593.5622228435669    -3138.7642359781644  1         0.41562620168758013
-1721.5480802347915  -6484.4155396135175  1         0.3778777323557092
3155.4043061235147   -1726.4046698300854  1         1.1511744919116853
-1596.8002650849237  -2510.779385969465   1         0.7289884737255526
-8861.096453689683   2484.948890024042    1         0.7141525625042311
1346.5516941699643   8278.220320518776    1         0.2635782041282806
-1435.55290715347    9311.170976096893    1         15.474242873023101
-2378.1911951758625  2719.0136985624763   1         0.3432741248318803
-6228.042537555678   -5157.96971603029    1         0.2123519095918474
-6870.2353432572545  -6814.834207866454   1         0.891851232601281
8254.590189561213    -2028.9115953447736  1         0.35605343443131054
-7796.012414490724   -6017.093258384912   1         0.9303727237030631
1676.8654999270746   -7281.1638105392385  1         5.324140346303679
6459.8697234925985   -1331.00756708958    1         0.4614322353982314
-8460.309343280438   -6019.371163272542   1         0.3594118690804117
5069.851753601144    4049.836541381048    1         0.43661271582742545
-7004.9703576145985  6138.1074308335765   1         0.33513262746359307
-7583.582088773946   5341.798743884193    1         0.9969999726194635
-3747.199425263014   -16370.614690727441  1         27.667982376284233
4548.852863352804    -7338.856283682103   1         23.465158429745305
3261.3668655791153   15208.333133245695   1         0.5978644622372686
1268.75160940308     10307.227236585524   1         0.39541442229320334
4418.776416319555    6673.6178489207405   1         0.5773094938740257
-2736.247712635106   -3964.1557005492346  1         1.0025665838867293
6809.781062635074    -3144.0163881576236  1         1.170848714777811
5007.6566039589625   6975.429108178778    1         0.5728115580046501
2217.60993608231     8787.228883038577    1         0.656468744569593
3107.0778817341684   -2035.1835518085788  1         0.4951176205778517
-16847.671566410456  -5375.463468459715   1         15.74967577287819
-11367.488930949015  -16823.590028999613  1         31.57328368840309
2483.816216600979    -3483.9993044136572  1         0.7772501774197912
2539.7230253762827   3817.329341354165    1         0.4270015004934705
