trucks_count 4
drones_count 4
customers 41
depot 0.0 0.0
Coordinate X         Coordinate Y         Dronable Demand
-7528.025404534546   3419.8511904825064   1         0.39715519481809414
5542.964470821088    6080.283649960369    1         47.14820944546619
-8826.804149261197   -3414.647375117951   1         0.3564766851304947
77.95594109817097    -4488.3080153229     1         0.7235287806941363
4060.4145030736595   9734.147735952976    1         0.8494418260382469
-6490.886593535994   -5777.168294918043   1         0.7410723356787215
11156.688840801213   -9234.127510283093   1         0.6517427153182214
-3528.219229132024   9137.448771384674    1         0.7679340828568497
1273.9635120291146   -3153.4828573840878  1         0.9701191230353388
-875.939506560875    7050.422115257945    1         1.2231594396390277
-2963.9235582405404  8447.911095608075    1         0.444676660303847
-7250.452381661129   -1113.6910560248273  1         0.3222702981906933
3701.4480239726417   1934.5825485600544   1         0.5876946149317925
5330.466515956941    3657.404564946969    1         3.8462018338632915
3796.1804058212797   1070.777004716253    1         0.21906902322674615
7063.387337697786    -5765.11349122715    1         1.1205179816989002
8244.153733909316    8378.721703511215    1         0.794274278246556
-9410.808208981412   2534.743886971549    1         0.9087778118318224
-824.896953089302    7953.578856756048    1         0.4624411706926268
8624.992804016489    5650.89948251254     1         1.0302652000551256
-6804.573265267884   -3498.4364345277236  1         36.19586658239023
1822.2386839235114   2041.9588009651852   1         0.217501680128745
7146.948016092252    5055.403314956345    1         0.46918936570551917
-9308.433115886268   7584.316954045924    1         1.2169188385090177
2496.6934100675594   -7702.529761562462   1         0.6430406523756854
10647.714356786071   -1687.4884018146315  1         1.014332904491767
-8832.172074507613   -7725.217868679839   1         25.46793608914141
3437.9377761335327   6054.508420982297    1         0.7730613952749831
-4369.4374801941385  -499.2693652879598   1         8.179285994898219
6740.05145866951     8520.441393308205    1         0.4582086584710273
-967.7335575044477   2994.0758152587928   1         1.0019423332267556
-1197.33633074823    -5582.502212296221   1         1.2496462726193862
3878.3291549129176   -9423.060690999844   1         0.6994899650124684
-7104.201846118351   -10120.586715040758  1         28.72079063372743
8048.693723579923    5566.016188429631    1         1.0711446081351597
-804.9648465113446   475.1314526823646    1         8.958010271490597
-6919.853190644139   3731.0204945392693   1         1.2214057252040507
5032.7881995211665   4206.678879061158    1         0.8768557294150505
6531.944276445779    -4174.0064132525595  1         15.294165841051354
10247.711012656873   6532.007848072099    1         0.9202435605901572
8232.185568060446    121.31946765303653   1         0.11671293797665507
