trucks_count 4
drones_count 5
customers 98
depot 0.0 0.0
Coordinate X         Coordinate Y         Dronable Demand
-8140.050509372998   -294.2535744381945   1         38.824839124160995
-105.01810599127758  -6049.710453730156   1         1.1427465233961862
-6705.651321393901   -6572.930978552019   1         0.646251106718274
7846.471430733301    -1687.5947489870707  1         0.9332092349260441
5816.857736820099    -6212.587524481601   1         0.15312847593133252
7699.926033750952    -5486.9547173972     1         0.3191915056539203
-4637.2409128829595  7624.252413906479    1         0.15910860645293437
-5557.833049793785   -6037.739231704631   1         5.916709023296754
4625.294563447902    4849.021814920743    1         0.8943497927571991
4597.302026414609    -704.6004178286094   1         1.0624928384780006
5297.293369000744    7213.859929803837    1         1.1346278671916683
-2488.297176724403   -5651.2187054498145  1         0.8939515408177507
-6484.369423720047   4555.599024480691    1         0.541680544778773
-6011.447577739625   7050.919364980379    1         13.912310946817183
6545.9511717727355   188.31775401685843   1         0.49217804174908275
6421.582754238836    7727.399888451362    1         2.017842911658702
-1284.9593737512555  -7392.035066942418   1         0.5965736978617394
8565.934129722276    297.6860112346767    1         0.4702408913160312
4672.540495704581    3091.6133378953964   1         0.638675168236817
2248.329929046109    8116.249462449456    1         6.524598474093443
906.6710273662538    -7965.604309227721   1         0.5748690379906534
-792.500612383612    4911.99309135353     1         0.17318388914332614
-3496.6929717674248  3164.7359009191737   1         0.7473068880282416
5815.2446717776465   -5493.461286849957   1         0.1445706586783697
7871.263582684301    5744.396481224339    1         0.5839522338234767
2689.7105551594236   -6848.711820287559   1         0.5754073670305493
28.16431195823814    -4241.911768585971   1         0.7488671000109863
-7054.7947882698445  -3213.8146151437895  1         0.28363496024131135
6842.224303909697    -8443.3554527651     1         1.2212781963496675
-5393.10382264562    6883.55224128356     1         0.25276402271012377
-5388.966362875244   -3274.53294376171    1         1.1157652473871094
-1341.2866310997206  -5613.938683718063   1         0.5158606883970869
-6271.578600393697   -4824.720367450034   1         0.32641142857861116
-1921.4106892591362  -1090.8699414048306  1         0.6757465166116945
5698.976160237455    7632.393879902702    1         0.5174626702024173
3284.487353157136    7706.815649577154    1         1.091553208573383
3239.2144787607795   -6671.723344138755   1         0.2778831165717903
4439.857938274241    2721.9721992253762   1         0.5234446027941689
5893.186209306821    -4901.9437156053045  1         0.11915704476161133
-1728.8081974304505  334.12642208872785   1         1.206441251159562
6661.595702485849    5114.488390270819    1         0.6285055128562378
-6027.331926727975   -1164.8115571573305  1         0.5037472274972439
6968.239452613514    -3789.366626848639   1         28.055719855898126
4004.7242502006065   5226.618421973133    1         1.2219545506572216
8652.016045447945    5022.968237602851    1         0.525340329869028
-4407.88332654628    3735.9569476579727   1         0.15807638205207147
3466.821929349722    5201.71656434984     1         0.2708978526021678
-1969.2419885494526  -7013.561817857948   1         31.506144098211294
-2888.733560053306   90.00957065679358    1         21.008750186553318
-3461.57360198851    4807.93231761387     1         0.8934196148658009
-5099.792193073636   4955.786964898224    1         0.34329356614416023
-5551.920511358409   -5497.398272027804   1         0.825023950463082
-5145.965351482619   -3644.8026602228147  1         0.37210645791939556
-1897.879978714788   4555.3679304052885   1         46.950783791078315
1073.5014075228064   5924.7125415959      1         0.16391293389283962
-2609.2937598983317  -8417.685810899182   1         0.43548202613989506
-4970.227813844192   -1268.0120780933453  1         0.9276779765329238
7113.511943717718    4493.134804681393    1         0.6408806344954017
122.6990172333044    833.3706561429353    1         1.01717225263259
2471.5259381549713   -2607.101452682129   1         45.76407243076537
-774.4526005635784   -4102.804976821939   1         0.7096210127546331
-3518.031317350293   247.8411887432016    1         1.2379295720840797
5302.427854666968    -2187.970636113824   1         0.19521451570086634
2399.361790633774    6685.051486690997    1         0.4725908778868432
4055.456630469219    4133.216778684203    1         37.83157298070856
5078.91867304365     -453.7731444680594   1         28.637724102652232
5556.13659821793     -8524.30775318989    1         0.784831087059757
-1928.5504798119891  5996.11503757727     1         0.6085629263251472
4965.968914327005    231.53287713208582   1         0.9031356868027857
4578.922967333053    5087.583298731239    1         1.0239708097764744
4443.183892611208    2179.5150844051745   1         12.034486134604377
4310.140996727292    5169.562689551672    1         0.3963172015563804
1240.7967552872044   2824.3920657488934   1         1.1726328657254261
-2950.8862058846485  4288.043624464966    1         0.21869659182563295
-193.02841246053444  -3072.534742301135   1         0.7826607389402219
-3009.041081283299   3663.5472842110585   1         0.5563625566142237
6361.530933759403    7095.508348345406    1         0.9366379354926626
-1163.6830194982026  6919.943972403276    1         0.2387659409371251
-7181.472191852545   -1152.4189251398675  1         0.28735693496704184
-3950.892932708218   -5328.306447729989   1         35.72532652641911
-4614.732459049772   1573.7954164247046   1         0.2029292198563894
934.2954015805847    -4121.1722309066145  1         34.23460975794501
-6139.394375258642   8324.108647648287    1         0.12248371172937166
-1684.6078403494841  1109.4629061063422   1         1.1709372556780657
6342.030002148934    3661.6262582289132   1         0.26902735563721225
-1150.7386994287608  1874.22316769562     1         0.377766026891892
-5844.388943711634   2792.3915042368635   1         1.1152588739891225
-2603.613032342262   -581.6707994757246   1         32.13039904210109
4150.038123617303    7395.9711527212      1         25.07478914944555
-6187.687676154156   4198.633901780748    1         43.01892924521165
-1020.3053491355495  -5075.831557187135   1         0.3203313895045249
-5315.919127531903   956.6690149259666    1         0.14407359423338895
290.66543947576434   4153.255213196709    1         1.052714849621828
-2684.4938600489563  -5601.674060758444   1         0.6833679906481839
-1661.5228374118874  186.25778329384036   1         0.5680480165325263
2857.152949576599    2729.6271172191155   1         0.21152837626460902
-3199.49058529095    -242.91125941490347  1         0.43508583393566447
2897.3350291200554   6916.691242503642    1         0.26668457000170687
