trucks_count 3
drones_count 3
customers 55
depot 0.0 0.0
Coordinate X         Coordinate Y         Dronable Demand
4706.215255910231    -8306.32447864769    1         0.33486730301161227
1242.136021254644    2908.194905543528    1         0.26464662286511464
-9368.52619424688    -415.62918000516413  1         31.16997032850546
-6017.944144048215   345.801699105398     1         0.21139618332222546
-12111.018364415706  1599.9062536919282   1         30.785285089151262
-10357.60746933875   -8522.13282229928    1         7.715405684350811
9601.289889825972    1445.0312102120952   1         1.0955875146770198
-1689.4541951177011  -7819.006721722756   1         0.5804634965642363
5572.942258241253    2390.0151341356363   1         0.8994518620934346
2372.8046921646865   -10196.90649419317   1         28.64104022879671
2019.4205563811872   -9878.270948564046   1         0.46592051517381416
-6982.725277661384   681.9947315455441    1         0.6205034789038241
-4267.879164785136   -8374.80330951822    1         1.0631855061706317
-6708.994799213149   2410.091554076809    1         0.9156044265562505
-1716.1725997845883  9106.511905303581    1         11.623878671984228
5882.997416804909    -7441.567046939316   1         0.33439308844425103
-141.24641296101856  -1002.3599564459133  1         1.1331544524191968
-9424.74535200751    4828.302095443804    1         0.7860373391468398
-4827.315104376261   7380.196449451741    1         0.18462092311043501
-59.53118081385087   -8256.85959779183    1         0.11965639915763338
-2207.1393758385357  -4993.804475997636   1         1.0681101154632993
665.4702295458454    9657.546560749917    1         32.239531318870775
-5565.115831405024   -4107.889300442437   1         0.17491312350846083
2619.3858577965725   1782.629260973198    1         19.362500853703384
-1765.6683849956285  1259.191011014343    1         0.2594300584725411
-759.1338415556045   -10488.891640546412  1         0.6682250891408363
348.0483986633546    -5645.312920419557   1         0.45830070041084026
9446.342144806122    176.17693477961075   1         0.11408272262081946
6831.219191501286    -8206.645555816793   1         0.5455453288710179
-2084.989733428094   2461.649790488946    1         1.1573907666173033
3629.496353829567    837.3333029467726    1         0.5292108934670062
-1308.300861813158   880.2651566225816    1         1.2004192230122146
-6063.249129640537   7975.866757377758    1         0.8046744549442622
2932.648607792822    -6875.34361350064    1         0.9076659354715279
4264.424696665382    1809.8507674504103   1         0.19229385038435987
1068.6852460011112   -10130.827478518817  1         0.22155435970394088
2105.2993057208505   6420.324538485911    1         0.22631995724052062
-1813.1448278239623  6934.141217497299    1         0.10477681459000115
-88.7155062773727    3030.70521700891     1         26.721586837818325
-4813.191936846523   -9230.637026552571   1         0.48390863968435094
-3640.0609617298505  4426.831072634699    1         1.2205285988140988
-4640.05393718972    4238.828266778738    1         0.3387521967130821
-8879.233361326113   -2101.950323806656   1         0.6216012689264344
8371.951877410358    13058.069037476542   1         23.651673707920835
-8267.491668496517   -629.9600607269113   1         1.2235705255180966
1487.9198822906787   -7910.919883640498   1         28.147437582353774
2634.1953933668547   -7247.244771691082   1         0.4578362501183224
-8488.89504001604    6247.6374474633485   1         0.3489640694007615
-3295.6665715708427  8695.00901191996     1         0.4623022875109456
-1893.1334994638116  -5269.764206708788   1         0.9218750266174878
-6660.709286815448   7704.4805227221705   1         1.2049241777029995
-3389.8047272329445  1689.4364335576875   1         20.306954807000153
-3057.3110100470562  1359.8304028017988   1         0.9890095996775535
-3441.4111596766147  -2878.5690621821177  1         0.9845198948095278
-4634.8354386533265  -3802.7244923735643  1         32.6343553807492
