trucks_count 5
drones_count 6
customers 94
depot 0.0 0.0
Coordinate X         Coordinate Y         Dronable Demand
-1416.9953713267662  -3372.5983029584563  1         1.0967230592032364
4282.2355955960265   7397.191520672296    1         23.472029756439643
5961.157565855217    1301.3859366392942   1         0.1733790152233445
893.2561364219085    45.974149504890406   1         0.631506448268939
-4272.035073168222   4797.591734276228    1         0.2523925970460172
-4566.867910480373   3957.28261208224     1         0.3324731959418208
8008.111414978066    -3453.7598254362706  1         0.5476280871114798
6794.140788653029    4555.008187683832    1         0.6582072885873906
-7211.105221726473   -1705.9333499438171  1         0.18954156707377998
-382.90949073623     1573.4825508522429   1         37.49725393441971
6529.220106323907    -8073.577126870098   1         0.3576890104733098
7354.102816095749    -6388.5699812390485  1         42.63557228083679
7546.746512000054    459.56744775040534   1         12.534675670202414
-1941.6516873474857  4226.118106740594    1         0.8160135834812471
-6911.215258781886   -2035.5088164586487  1         32.92085636628528
-4560.786255839091   -3435.8222232090375  1         1.0362121805109603
3831.0600819376345   5120.267515066895    1         39.61314001327637
5674.930561053809    -3802.724226568094   1         13.517466240007103
1767.7500962223012   -1214.1528623672305  1         0.502319693855778
4859.642264220267    2087.8043445417543   1         0.3709777471797968
-7088.861026616661   5485.377749267064    1         6.917215371378387
-5672.469153545786   -5667.821449492705   1         0.17761845366884044
6468.449907984409    -301.4290686388999   1         0.8072597753237778
6204.969733943053    7419.0262850796225   1         0.5554042168129439
-1363.6081399021089  -6234.335020871955   1         0.33834120656764766
7195.159084984856    -6824.596918890929   1         0.9401511498097482
5957.674677595411    -7625.936856193606   1         0.750815904471225
884.8521209809777    -7209.458828677061   1         0.23548969676772075
43.833125819292434   6193.2309970641745   1         1.0999808866905962
-7799.099911098328   -3107.4649884755418  1         0.17060182552256897
-1939.3086910151367  7404.167638065393    1         0.4597701523959866
-3326.394765668291   -3808.292684932314   1         1.2497372275997083
-5197.478144662131   7.847085124830193    1         25.47362234247103
-4654.442436976444   6717.272670055434    1         1.878055272322768
-3562.4198797380495  -3005.4692378233394  1         0.9658746634918439
503.03548240267264   -191.08511041114798  1         0.3945884569063457
-5210.78384147682    1501.1875522301616   1         24.205515610450142
-7428.383221380079   -1329.5248550780125  1         0.22844496921195384
-1394.3235992689506  905.8481668498662    1         0.7419724827634814
6299.218563148079    1999.9500566047427   1         44.529869599747904
4857.93951463047     7113.016319987908    1         30.61927985758828
-6329.286587888037   7581.961576089716    1         0.6198970318964144
7107.835438654678    -7792.388439945      1         23.648256253717133
-4929.820415763518   -3897.9824363320085  1         0.1634318243529655
5260.667270033528    6442.369918948572    1         0.5824113202119736
-3176.2460151475216  -3976.187983175544   1         0.6903772605012436
6869.905324478218    -1169.359866860995   1         0.1305428152758527
-311.1904420949777   4754.226382079774    1         1.2293164575996387
2336.2118912591122   7782.596366824811    1         0.376051688478624
6017.212621932753    -8412.69207937231    1         35.9265493133223
92.25361326233627    -6190.012124895488   1         28.321565581156076
4286.921588489851    6082.001361493382    1         1.0044927144024831
1479.4048418947186   5378.527774032182    1         0.3674827913483215
797.4192522490408    4529.270919612681    1         0.4891499913124412
-2043.6308149104218  -7326.916204970584   1         0.2823357097692624
-7178.097234846713   -7157.228759661656   1         0.3371139584308489
4035.8334036544643   4451.0422934955695   1         0.2320010406303318
-5133.978086934801   6040.674048562418    1         0.8058221593998469
4929.538398233322    -3685.3604539902994  1         0.6510493957850325
-2093.8631779799643  -7761.231987961371   1         0.29926958916343505
-7676.357240982392   5556.887662663482    1         0.6848851776143746
-8004.23099222523    -4798.041474917698   1         0.49808345319074177
8253.032746081968    -304.4406054585229   1         17.455500576372607
-5186.546701779645   4663.314039691451    1         0.18943343052726336
-2832.2051287767617  6191.557832892752    1         31.213194830221628
-5179.591714199013   1570.146824075469    1         0.4415135714637711
-5659.247882821303   8411.332328443548    1         1.1637406161084285
-1160.6708910563495  5576.801587181417    1         0.8648066706681984
-6011.105564301742   -8204.673642705438   1         0.10055888630054087
-980.0115514163635   724.6543322986363    1         0.23298201991525597
-2255.349815056186   7211.062504549344    1         0.42066067338553315
-4380.566895363469   3085.552922318674    1         0.4445270140733266
4760.344930665178    8238.165351721165    1         0.9861594998201387
-5450.48342816271    2310.1324495517524   1         0.4182177454427023
3429.295117247507    -387.15862970351606  1         9.1121163011051
-66.82573260255802   -2478.133070241476   1         1.2138259400356088
-1057.0440131085306  -4437.937608103995   1         1.1890757306031716
-4468.47009440234    977.4684213791537    1         0.8099706869306464
-2382.2676172706088  -5031.721431423403   1         1.9739518401815488
946.9982976800181    -4928.973783046505   1         1.1302232392318499
-8058.870298007543   7337.790044617753    1         0.8548834281809793
4179.294699263474    -5201.255650074092   1         0.8381105486118676
6773.2288545459      4482.663564792094    1         0.8452304040709087
-286.8757401345829   -8115.971974108904   1         0.574906270460472
-1518.5803394818597  992.0190436841896    1         0.921298054616365
4785.9012161650535   6181.12158472044     1         0.7627383444400531
5156.32526718171     96.63855155728675    1         5.176961246895149
-1490.394873614101   4589.9191773484745   1         20.560306979342382
-7013.170846623522   -2630.944416610203   1         0.5123407405665683
2502.664429113194    337.5547084243092    1         0.811242582278068
-987.1903896967627   -8495.58608510162    1         0.1353185658485596
-4139.466861937042   -3289.3557565052433  1         19.990766587023217
-5215.60516919057    6896.972071066888    1         0.9349715057869717
-251.77554122459702  -163.84614267637602  1         0.26084232204553787
