trucks_count 5
drones_count 4
customers 94
depot 0.0 0.0
Coordinate X         Coordinate Y         Dronable Demand
764.4937463439974    3735.3758971896054   1         0.933257191098367
7506.295884294018    4491.85433720425     1         1.1985076428962256
-10608.70693711687   1948.80617169685     1         0.16810113254312148
-487.8559463045129   -9090.697333884762   1         1.2403821796217784
2774.182105411489    3769.7639428209513   1         0.5857202291276855
-11512.817977622712  -2134.3901887543398  1         0.7372516328332186
-8415.917788323812   577.0030885083797    1         0.5863003034382457
-1948.5590460591652  1424.6078843618075   1         35.64177784056017
4204.202483333133    4004.009938170617    1         2.5102978688678173
4874.958491416969    -3158.0763117336514  1         0.6699755707268918
-9938.712477685558   2354.3206735959848   1         0.640220879148221
-1809.9170688530228  -4396.31831042973    1         29.76863049725716
-4060.6091416788804  -10320.381645785634  1         13.305060696589116
2270.2518348112317   -11946.095787971433  1         46.2221388098043
12109.898346439895   -4273.374186856265   1         0.5680703973663211
4681.849712412416    -8841.794382533213   1         0.4699780292158978
-8218.456079520214   -2443.5043388119348  1         1.1930183714207132
-6737.653755496319   -4574.689507775767   1         0.4049416040524735
-2664.673621128195   580.5828244901386    1         11.717416131644947
-2921.846883103309   3471.515911000482    1         0.20403270123860562
-4074.938039445827   8435.990144128755    1         26.643428560912717
6243.406119116623    6514.019090387475    1         0.3504891193861286
9356.111562421476    -3354.5263261115733  1         0.44908509224385895
-895.4861000060758   1411.9510510262864   1         1.0554233364662204
320.52245869954083   -9492.742490401632   1         0.559800641112751
-5704.490515823662   -10274.386469297566  1         37.20037716444731
-5591.059998067325   -6894.43133176327    1         0.5320862456033023
462.1903783257946    493.7412260990333    1         27.63935186141033
-8984.774145263975   -4249.551331128039   1         0.7028737534068983
-12598.912537781143  4148.415068284368    1         5.6798643793785075
-2547.486144288354   34.97884067802656    1         24.152222960236255
-5656.219399568244   -1534.356402688798   1         0.8965885573202703
10197.04570770899    -3196.2850671370134  1         0.5549507760001519
4421.593746460009    1581.1919679093621   1         1.2378288948802987
2427.5305510069793   -1679.4906678024302  1         0.6445457166329644
-414.6088246840373   9328.554835093852    1         0.3379124124223522
-721.2495535428853   6675.709940061041    1         5.558411442891119
8190.492934441724    4746.806203661474    1         47.66828707355577
-3632.448009453756   5577.601854271723    1         0.43331625034234844
1946.8041288486063   666.1570424648488    1         3.163440785435637
6538.720753627354    -1081.4819440786134  1         24.81051516788797
-7209.538228853629   -151.80837171018646  1         34.251467244075414
4930.691153179424    -2097.631410160906   1         0.9655660391323729
-7657.429001192316   -1298.7076272495478  1         0.4641570244428346
-875.7783654812941   -6741.949386353087   1         29.753114396230636
-992.5035443539265   4766.510987545243    1         1.0129573411200004
-439.086309578505    4351.63003532744     1         45.213392532632334
-10376.440152137566  7702.892420349352    1         30.207370681454382
-2113.254980563755   8319.223400416528    1         0.9111852104639848
-1539.0291195782027  -4338.590002635696   1         0.2181896330930267
750.981049742708     8512.518285277929    1         21.101333472350365
-6156.299687695737   -5873.492286849236   1         27.678288941268633
5391.715471811396    15985.38734077205    1         0.1600403661286038
-8113.773409561389   -2704.271076484926   1         0.6193306200438378
6016.05210269397     5909.628691613954    1         0.2660284130992141
-6694.664762030513   4425.627185599935    1         0.4138759575430564
-7350.423875936105   -1821.5149964981404  1         0.5915182304232296
14.949805889499999   -7222.735050414563   1         0.3321227474080575
1763.3546354384273   -10337.654205644169  1         0.6560558837741576
-1152.6080139528215  -3827.435016462952   1         0.6783818449860806
-7657.834382013178   -5891.962932855854   1         0.38795105514463013
-1381.4117173052034  -729.7118109445613   1         0.7801798857443947
939.7204479587749    -1803.5922359889867  1         0.6767282618348919
-10092.003078719914  855.8300902716278    1         0.66217339620931
16643.415473167002   7908.951550204209    1         0.15188815637018657
-2516.3638353276287  4928.734738240193    1         27.884957947838096
-2253.3096808975984  -7922.01212762054    1         37.2322646910787
-4098.895428920079   10103.509103948003   1         0.7272581811912897
2798.5565869319357   4909.032167560645    1         2.280570262351255
-6988.649428562736   7115.619960846419    1         1.0895574099931014
-6568.854295734428   4125.904903629366    1         0.6876221418468411
53.466721834139726   -680.8681728464634   1         0.41956798498424797
4344.76692228044     -6896.008583303701   1         0.4069183533838867
2975.686416391971    -12579.792173098005  1         0.71011875604718
3881.0904225412783   6960.678304654072    1         0.8972073105816881
2036.3464485333807   664.4363262616521    1         19.226606164038444
6713.403373052738    6234.725098510004    1         0.8865727232482077
-42.2772185999697    -2614.705144757325   1         0.8023782733517402
-3290.1698253590107  -5266.588135286686   1         0.6267166549253202
-1082.6243254830026  3309.738214110894    1         41.92108838949041
6838.398804340996    -2088.0469384105895  1         1.230936455080346
-6889.748392491579   -4013.8225651086723  1         0.7570764713806958
-543.4177899672878   -7049.842878867821   1         0.9369982149585677
-13114.078743843682  -5319.926733567161   1         34.388346100243616
-1344.3328169813715  -4652.076941759357   1         0.4530398238338138
-4353.53438995951    -6176.981707938978   1         0.9184687474667436
11165.155964506794   148.36005645073965   1         0.8769018075845573
515.2990090110073    -7048.549209508783   1         0.709838390833662
-847.2999972651462   5497.668006450948    1         0.8907950951056819
4648.456855183133    3936.0931060643725   1         0.6611828285665778
-5254.306809661123   -408.9827600459706   1         0.4417164419426406
4213.886991978377    9329.263060061125    1         0.8342183532672953
-5122.987876173657   -351.01308725461934  1         29.90829961546152
6069.510595448729    -1320.872597965024   1         0.27421803448060933
