trucks_count 3
drones_count 4
customers 71
depot 0.0 0.0
Coordinate X         Coordinate Y         Dronable Demand
-8528.368478385983   -5839.559825213705   1         0.9060057046004799
7209.770769225923    2003.1351410316424   1         0.14677405673011673
7280.065739354783    -1807.9921654077434  1         40.181913987971676
-690.5328635549786   5315.047470932671    1         6.3438866117155
-233.47215031777563  -4650.5083043927125  1         1.064214026653743
8704.539830755286    -7297.996156181544   1         1.0608323144444807
1590.7531822090093   5075.42547448277     1         1.0685762294481114
-4641.080621177625   4412.807102154604    1         0.6603813831447813
-4886.941197587288   841.1242743070733    1         0.8741843539956844
-1279.031338397147   5750.3965551507345   1         27.58441496402784
5757.46609704502     2570.443845256491    1         1.248081839249167
-8669.608171758495   1125.6422103825068   1         0.5322131937862363
-4515.488005035932   -3935.5458565058675  1         0.6301365188579319
-5018.632301828      -6190.353660984659   1         0.719356963422716
939.2128482238348    -6895.328168217876   1         1.2152130390319096
72.889762953662      -6320.1266004049585  1         1.0976591004255194
-3788.8922793083593  1446.2581704837398   1         1.2469008511449313
-2671.866551113557   -5082.436406507751   1         0.8084618685761407
6023.615204981714    -6338.147819607698   1         0.5054847852293529
2569.6081737202803   4941.776646596731    1         0.6781795227219797
-686.4211011307827   5463.712294942401    1         4.9144398293654685
1674.8200668355985   1268.453471497818    1         1.0953091101776786
4061.9761859546966   4608.319368262796    1         0.18685795107450187
-4756.358071148147   -6777.84529047675    1         7.038455374175348
-5140.146974804382   -1745.3982319657107  1         0.3315568191374356
6715.385185523451    3172.734406616559    1         0.17784628975906286
6077.048130551986    -4946.528252437121   1         0.4478721002285124
-780.3528510169511   5536.338834105509    1         0.2853364244077438
-919.4085835678002   3982.278025707025    1         0.31733529205161837
-6969.22036804842    149.7504949076855    1         14.298694685612658
6939.916741060093    7502.53392579886     1         0.6437699056384089
-2929.745715381144   8180.5178618382015   1         0.24921627492271411
923.2776547919766    1632.50851710994     1         1.0200450346711674
-7562.954455057921   7015.792973720215    1         1.0285493597643538
-8466.416091342508   -1618.9617599933088  1         1.0495466276642187
8254.890094216651    -3091.6432667833515  1         1.0484699099624795
-1002.9417576581026  -3130.536018220495   1         0.32273344398727677
-2352.0721405807544  -5473.267539392857   1         1.25106960440633
2891.2494593788524   -4905.61369045504    1         0.31485843445107
5752.130814926235    -6960.792710837057   1         1.1969237882394113
-4571.452135948689   -5255.540126152986   1         24.50790108499437
6975.487841380755    -6865.627534141398   1         0.9262977827049723
-7637.4703916588205  -8676.03547300977    1         0.7486053124248734
-4412.099745974962   7555.106095085101    1         0.25408400455371105
-7111.136522045112   -6651.847616046317   1         1.0706259857655616
7707.752982451023    4913.843100191929    1         0.32937605794181174
3850.9652599514293   2759.8578097913237   1         0.5949212935914532
-3186.006507974934   1483.353016136641    1         2.395782521449491
-6776.812712973197   5245.68653583981     1         0.740353902065576
8414.204855721586    -2109.5717407093157  1         41.99250896974475
7573.966700233321    4899.240567789701    1         1.0150308323373662
4083.0140119307803   -7038.591123420008   1         0.6092510157654203
3410.176251843371    4424.114818961258    1         0.5947846456121374
-5768.023142542173   -2123.975842507855   1         1.1615540952030547
-859.0699834284809   -4642.86398589954    1         1.1906321980544479
2723.6118775605137   -6135.697350414398   1         0.34046564845539795
-7954.428137960955   -5073.818450856608   1         0.15542094649164498
4544.190214606936    -4007.9857062531655  1         0.7663840331704872
-8020.252108297489   4012.569952488154    1         0.9059968184720788
-180.1545450145568   841.1670675927235    1         0.740402892959215
4863.805791043294    8363.292924873655    1         0.37372289212861176
7662.185614513322    3393.321053783392    1         1.20958574532308
-3335.2628957691163  5817.064497428444    1         28.381479733015052
1073.6612366601337   -6555.911879928324   1         5.553624069948016
7744.373017149388    -8254.318806603897   1         15.458455730518452
-5964.90410168885    6793.975563202048    1         1.163377093761896
111.77553296307815   -3123.404449125678   1         0.31129300457105086
2861.6113419293415   -7694.674545046789   1         0.18411666194187334
-1089.6166051396106  100.6882841849743    1         0.10405267859225208
7166.641905722885    4601.305530230293    1         1.191554168332671
-1574.4194936536376  6029.048830625175    1         45.21053629997754
