trucks_count 3
drones_count 4
customers 48
depot 0.0 0.0
Coordinate X         Coordinate Y         Dronable Demand
7956.771803750983    -4844.457522379725   1         0.24948449232659686
8449.696107645297    -5940.945889799794   1         0.10806489522932171
365.0373073481179    8862.999455394985    1         0.21963472890271943
8014.661537324518    4956.803430473458    1         0.9183923364608952
-3884.8805477395927  -3414.262224903032   1         0.7241266399933722
-965.8480536562881   -10866.501849538814  1         14.989321373660248
-1947.4425882126284  -7100.010534307244   1         1.5538883196180882
-10153.696509100033  1607.177852842765    1         0.5109883515238899
-2026.9538059881652  -93.5251625532117    1         0.22207998369441578
2160.157066351979    10388.188608118355   1         1.0714356926470894
-10677.7628135428    1469.4217537458878   1         36.97976337683019
10760.680611610682   14847.940308303532   1         8.15918835657869
9175.679326196294    1995.968801808303    1         14.608718861695758
359.3783741983975    -7427.944337677716   1         1.1454386417220777
10495.214408753625   -12105.67259724401   1         0.87436899386655
4574.985834003331    -6434.115307701818   1         0.3299768926567419
1558.6294503946754   -8571.140379484319   1         1.2031365574663273
-4099.777398559909   8968.650227387645    1         0.9863234169413333
-738.2080730804083   -5062.565513612173   1         29.094016296765275
-2596.880203552831   -2858.159633709656   1         0.8365175053478667
226.45182333399174   4756.358594950687    1         1.071765869451266
-6936.540033318995   1066.0404960095018   1         0.8095074343579519
7813.421186363412    -3708.3990675569485  1         0.4472644271684382
1579.6687132234895   10289.661347336352   1         1.2093571490659083
-8779.804353475347   4621.240558018089    1         0.48545675861611326
-9820.516550455395   14740.239146727094   1         21.35748033531504
-5585.119361000383   -249.95582093925805  1         0.32806930462923606
-969.8089237564582   -294.01354888413084  1         0.2730292773385158
547.0659049473612    -9171.627314999052   1         0.37279349756555835
4765.707535657204    -1407.537546619504   1         1.0842930093415595
-5964.594515811397   -2320.138928990931   1         1.1792603971501263
5929.337614741296    -608.5121325576183   1         0.9163263032986229
3121.1954016174063   -8852.964552788608   1         41.00165778953605
5872.141476405678    -2606.5267266369983  1         0.4585847723767934
2315.1665287654805   5442.944319582376    1         0.5426194210908555
5383.620407930785    978.8933538604507    1         0.19702658187068905
7488.546037681488    -14040.696228853352  1         25.220088944113876
188.60920814796145   1411.6250769555618   1         0.8495166634059805
5679.828444273427    3821.6227299061266   1         0.17878730506692314
4611.367697071207    -1172.715730542512   1         0.6996374646990815
-1971.058808546547   -4880.959263429918   1         0.6920311040281034
-4060.570127859788   -8261.21782690095    1         45.04759481312968
-566.3277358881031   8045.682187579443    1         1.1411048643125772
232.00613014927896   -3985.0412780745532  1         1.2323091162643163
8271.104790951897    -12767.071001169792  1         0.6566357202931378
10262.903175767718   198.89123506896988   1         1.177276082666333
-12429.172828377647  -1627.963709187121   1         0.6601996121471797
-8720.811701952058   -4788.611605315778   1         1.0978119523763976
