trucks_count 2
drones_count 2
customers 23
depot 0.0 0.0
Coordinate X         Coordinate Y         Dronable Demand
-1539.370005887964   -2858.311211228546   1         0.27039188073856857
-5354.01910775091    3801.4911357468795   1         0.44349357039161375
-91.84444784386858   3721.538256782145    1         0.21538674030315985
5226.984691687721    -6981.717003156248   1         0.7765126808750834
1451.4187946913385   -4055.285527049917   1         0.5658186267234397
-6743.1225315831625  7197.438216304184    1         5.850124587826122
-7039.7698555239795  3988.358995770511    1         0.8193479496886027
698.5706803403991    -2805.5715424321997  1         0.1930779234191824
-1721.2724990268396  -4887.278138192353   1         1.1390980912514583
-3083.9626832052345  -4095.5498617567737  1         0.1050606667678789
3121.2278949118963   -6593.340237946852   1         1.215691092317023
-2319.248996602102   -1052.9086811617724  1         42.28828799245127
-6337.315665662149   364.168031670129     1         34.82922432623556
3180.917229037892    7330.7860074034315   1         1.0405869610802514
-988.7038037414087   -6956.411408849368   1         0.3752618649132412
5731.015249276781    5550.2473427460645   1         0.7924265573746372
-1984.2259633368753  3495.1246652228315   1         0.7305950429060054
2097.355055133844    -1097.609255708418   1         44.44590655843812
-5837.70985715681    5234.904052604235    1         0.8126403634920146
6035.012614916493    -785.9929040655488   1         0.4061370783153154
4251.873352454463    -685.8675878355708   1         15.367695286901663
5998.173848353808    1431.2300661107201   1         0.7744949804453812
4912.545940690083    -3852.6322103774814  1         0.1891605634820972
