trucks_count 3
drones_count 3
customers 58
depot 0.0 0.0
Coordinate X         Coordinate Y         Dronable Demand
-2139.190020134879   281.4839653112057    1         0.5242933597390114
2700.8169115864303   4950.051126124541    1         0.8104782112674798
4422.124514609157    -2078.6411938819374  1         0.2808941554040706
878.0353713677375    634.9469214957072    1         0.4673838260761982
-5247.839766003269   -5010.1009657257655  1         0.660361781650414
-4827.994366337909   671.3364397113842    1         0.7672470399641279
302.5441533378864    5048.735439241246    1         34.47370183841383
1741.9606007621414   -3764.4947228159863  1         38.53204734384398
-5502.7765386488745  -5800.245787978643   1         1.06140490827381
-5569.05543498494    -4695.280333280944   1         14.193840708999312
-698.3515869122348   -1586.0747780235952  1         14.86357375971665
-5015.096332821558   -376.13870152495457  1         43.696391442682454
1393.3913410092975   2620.0451288982485   1         32.05228299468578
-4987.711907712583   -4808.340370082763   1         0.4525386140297323
1216.6426837722006   -2135.954378761793   1         40.52170457606521
1174.0525224077512   111.95449968317953   1         10.836798616382742
-5487.643559083967   3444.85235277836     1         0.47681626220868756
1163.4276432748918   4946.968384370067    1         1.2177417374932822
5130.951413298307    3964.2120987810054   1         0.3118179918011859
-5335.354204961157   2066.7846300058127   1         0.6141343682281772
-981.7821073439646   3324.915886327112    1         0.13645560419874386
4193.04859714144     -3237.2478801306765  1         1.207948448651075
-1101.2292207823593  -4813.646312710197   1         0.5492623220133696
-2719.0718038740915  1244.289654162023    1         5.158554214156112
1317.3005059844688   -107.40054808295778  1         47.69102149093767
-4499.620245630236   3242.4498509255804   1         0.3164663227684589
199.96505719478765   640.82797607529      1         0.44367235027672625
480.6458306983744    -5304.869308409276   1         11.934226069066995
275.2410307216249    3765.032084205229    1         0.23396576882737496
4584.836226387491    -5732.119622807525   1         0.6403172346002569
-2016.0203627815724  3559.5333862437187   1         43.13986931614562
2955.3521012096894   3765.387251563915    1         0.2232107544113039
-4275.457233849964   1688.9190463352888   1         45.90959704071831
-652.71181311493     5350.355957561215    1         0.9332436745198812
5347.487711103805    -2513.092033093148   1         31.776712813562565
1241.1694797572366   -3745.0672589887863  1         0.9143107891393041
-956.3175129419042   -4384.987269755925   1         12.690817655382704
-4254.765185150066   -2585.849293673747   1         0.9972739872430333
-4899.278390585191   5295.770904377287    1         30.11929781002745
-2944.1347998573983  940.0953238054673    1         0.6157543400738652
945.2561455699073    4663.976229023983    1         6.269251547341645
3159.1445839461726   -3196.1210280252076  1         0.9172040811517362
-2011.2683555845488  -3972.369228422694   1         0.506232798537325
1026.2570938874653   -2673.888436594823   1         0.8586421739133576
1555.593087781198    -2552.3718016156417  1         0.5919465958305068
-5777.534764571154   2553.094294520225    1         1.1148532770598643
5544.452770228039    -3617.3724719098063  1         42.58916047371227
-4061.8478067002643  -528.6381709488825   1         20.873662305559076
3341.7598520867277   4295.431133820869    1         43.16447919694979
4123.221413508523    1760.7296479217928   1         5.287838980811945
-4739.408283962944   -4623.206113584455   1         1.0888312652341512
1802.4271360236494   -4572.867256460039   1         1.015708083505515
-880.6727494041259   622.3326302765305    1         1.073228443635235
-2461.330008218547   -3951.2302858109424  1         0.7873174829677524
-4853.6396048004935  2421.4521292627655   1         11.429981209244357
3537.2555329346715   3942.8124988368622   1         24.891024898371246
-901.3838863773908   -1009.1247021033023  1         0.22059951276084538
5456.044503389863    1058.7611785396339   1         0.7397212636875259
