trucks_count 3
drones_count 2
customers 36
depot 0.0 0.0
Coordinate X         Coordinate Y         Dronable Demand
2493.575354382824    10067.831507853807   1         1.070406558317131
10762.58226372218    1821.7750518968624   1         0.8762859359004732
8857.349304285193    4422.053783119755    1         0.44481500417424524
-6630.08401632937    2623.7966490402023   1         0.38663780932783365
9870.546078802845    -3231.6128681925675  1         0.5322257113238785
-918.1660523460604   1702.884127297857    1         0.16915929262810225
-9631.311010630821   -3960.677158513106   1         22.353451359256265
5076.228582434491    7675.619282366548    1         0.6792686313927125
3126.8222735235036   -6298.922964803491   1         0.7389442933471816
-5912.535966114992   7305.016241788096    1         1.1949668382880894
-3081.5333785504113  1544.573749911943    1         0.3609070509627429
942.8518165220868    -4449.622064615692   1         0.9566911357638859
3016.5281613388092   -3509.8655482299523  1         1.0640493023560866
549.6301677741376    -5635.099521233662   1         1.0690789233575293
-16326.689749069661  3689.216552976217    1         3.5816512972373733
-1488.699877257029   5578.674981890626    1         0.7813947411853224
15929.340963348077   -727.8262332018985   1         0.7130371940985248
5271.2948896677335   -1641.8926293579755  1         1.0784241970660866
-5280.620012021906   -2763.950345974999   1         1.1624063305036534
-1056.5378828913256  -3031.0631499357673  1         0.7515788360478425
1793.9864932867779   7941.606900087889    1         0.30405579958326046
-9888.315665639193   -4269.945733145344   1         0.72598315529541
3286.613366795454    9638.832652218938    1         1.2180536771458077
4456.388761145174    -9335.763194428508   1         0.8713603359868605
7646.958274992064    5169.122999656829    1         0.5778869971564111
-3330.330966416649   -3172.0295256749173  1         0.972201599859135
-2421.405625823704   -7660.238457724529   1         0.8520051011163486
7842.9864735232595   4643.426718433363    1         15.19256394801379
-12655.082197351938  -12519.653974855322  1         0.15553050203065816
-5522.763484772363   -5217.08338671788    1         0.24701128389766097
-7653.012536919428   -3171.9850949912197  1         0.9520875789173913
-10077.997344370347  -848.8556937643971   1         0.27586195923686535
-2153.616049331608   -4496.870495742574   1         12.831816381315171
-4304.420958437152   6472.98395280764     1         0.8397351058655218
11157.687522128577   -9199.140143340017   1         10.318621707636876
7522.312357725703    2063.1322119355855   1         1.1348169969433228
