trucks_count 4
drones_count 3
customers 64
depot 0.0 0.0
Coordinate X         Coordinate Y         Dronable Demand
-101.72284270344832  -1793.580582775103   1         0.4388436514198899
2793.9866392982008   -1313.1675168679988  1         0.21462561198894778
-6114.425084015246   -656.4696483252337   1         1.249893292305007
1155.1374790103637   -6531.197725584389   1         1.174444531524829
-4320.590599725849   558.3814608172779    1         0.1524914083310257
-7001.875567537855   403.5927394898153    1         0.5604776908812628
-5524.124291497129   697.6534203444133    1         0.19293373447512535
6368.999236656244    -4147.911405722096   1         0.5183302732317155
-3531.5938242379193  -3458.3135302349583  1         2.7367626584657594
-5596.096841380659   -5091.13238644152    1         9.510449902558056
1968.4025729858915   -6382.484865361144   1         32.964860435032904
3941.264324410778    -1771.21648190109    1         0.3116244675793314
4148.745226405489    -3633.667413128427   1         25.808361757025146
-7477.326369174145   2298.6159790555794   1         1.1772685140478105
3223.0081696292386   -1975.6539850268327  1         0.5097774492004519
5999.262096120012    5527.876676216365    1         0.8432293539066744
5040.930176357604    -7390.6821653496     1         0.30356267170641626
-4341.200175900314   -473.28506213769833  1         0.38297871451034193
-5985.1481637304705  2135.456062696493    1         2.3160710928448793
-4208.135525252719   2743.310849516256    1         0.7666133427279643
2337.152012097074    4927.44702475734     1         0.28074656046424995
-6541.70014086658    4248.814121906604    1         0.9946227370905952
4348.932804761524    4078.416932050598    1         22.943617057766478
7245.367782989453    5421.431627462977    1         0.8057571016026948
3414.821959400234    7419.072444375226    1         33.14355899884895
-3388.7013301207517  6955.407410570168    1         1.0371515417905157
1239.0655454127711   5160.020823894622    1         19.779781833526222
4156.811110741422    3337.6499556697418   1         0.39463903313144943
5444.066594652628    4302.286201786119    1         0.9908140145504394
4318.463225167982    6294.442752001804    1         3.4430802069738133
2720.1856853476293   -4332.523592742442   1         0.7395123511563165
4032.688223373713    -1560.7338667273182  1         0.8682871949602874
-6239.175887358939   -6719.4739129334475  1         0.6700986462384405
3655.5548263259107   -715.4718630485542   1         31.594313052131845
-5086.080175778037   2686.267132380637    1         0.30036236818548623
2010.1539232354473   2962.4812939257663   1         0.8364077405409351
-6990.5422942438645  5427.332574173313    1         0.659404079945617
6162.68111061563     -542.1442351810967   1         7.010322984395502
-3814.629856090337   7261.535017876011    1         0.18647751082179437
-3690.9167719378165  -942.3463050654719   1         1.1650539225627947
807.6077506097796    380.5853110031023    1         0.5415300872350747
5567.469420500413    2960.8067794542503   1         1.097117008906771
-2970.6009610036112  6258.0739184794775   1         0.9061603646574881
-1354.7504192617962  7386.2567391816465   1         0.93298348055159
-3112.957555458078   -6290.641885596004   1         1.0373004574115139
-1735.5900260463004  -2273.186298226342   1         0.12480631974534592
5429.272398819574    6590.9893108071265   1         0.7222626526879941
2245.7976771985655   6865.258134386341    1         0.7935760535671877
921.8101943218645    1513.5369891570335   1         1.040901075075711
6248.845118269452    -3823.361868824685   1         0.5043427689629868
5227.62152263345     -4714.806483363657   1         5.8937868327764535
-6429.667063602892   -4977.778284418388   1         0.8107151250642146
2510.784969847543    -2587.490334937182   1         0.8805888599494965
6930.713925034984    -5823.253316120926   1         0.5208228907778718
-852.4960951827015   5943.262218956654    1         0.4711557709920676
-7253.383455243277   -2306.7316281936514  1         0.6096029237623142
248.8833183876119    -2197.515336036648   1         39.514149834147844
-411.4364351723559   6604.3212922849725   1         0.1805675741837301
5140.388268489425    -661.2818868292495   1         1.1470787056079734
-3524.246300677073   -6305.8039110758045  1         21.130757797275493
855.8693234819469    4749.890405786107    1         1.0320931492132301
-6208.130398616664   3172.1477658443414   1         1.114070333958894
5064.13544174446     -6427.06258101719    1         0.22302174788361148
7556.5966088301975   1112.34942659027     1         44.85510308845116
