trucks_count 4
drones_count 5
customers 66
depot 0.0 0.0
Coordinate X         Coordinate Y         Dronable Demand
-791.8092825219192   5623.921292645802    1         1.235935773833929
-6358.230322290606   779.4790641452853    1         0.6161885925616878
4510.512419819164    6405.6065299662605   1         1.1407549276441666
-476.1313962904178   -6343.689869364462   1         42.10840307352819
-1035.3722859634086  2531.134727896182    1         0.8172548586327331
381.1487331764615    6808.146560545624    1         0.3301150235190895
-6838.225224195347   -7194.89861505733    1         1.1020957800972153
2923.047401334655    7005.18277516391     1         33.73593612696747
-3708.7780147504327  2036.9670228590358   1         0.8791629107856084
5876.816578342452    7793.506679222403    1         1.2357545981252467
6243.395283126293    -7778.497579756441   1         0.5216031428839452
4524.808776901453    -7757.13152321176    1         0.9841636258129617
6179.024779416639    5649.64651727761     1         0.9195350480869077
2222.031224712526    1645.4375165718961   1         19.319603934573745
-4820.937505805792   -597.6419126464385   1         0.7504499995295969
-5116.02997432874    -759.7637658667833   1         32.4386129688719
-8398.767610249375   -6884.974077920626   1         0.23954007232937918
-4920.682982244348   6829.768198722203    1         43.906053040166874
2023.4546283612597   3504.7623679821495   1         37.32560729083106
3627.8320456603997   5774.76122676066     1         1.2482427663764069
-6040.822072925276   7635.749255317756    1         34.113836468576636
-4547.50154909231    1423.9253655817583   1         1.1975879966002325
6559.453277982466    1562.4718309851805   1         7.969267984572493
-2075.1095293245417  5569.092635159126    1         0.7198188194081367
6728.983720416489    -440.77287718256645  1         0.9154131904716741
3841.2032155168404   8532.451922492362    1         0.9479220005544472
-967.2235573336011   7630.362919417721    1         0.986840156598656
1749.4408004175195   -2338.6718738389586  1         0.24133382129796432
5511.389780032255    -8952.780906591375   1         2.2782105754304767
-2957.5600560205694  4328.911415129475    1         0.8963956208132846
-1229.5134504899847  4033.048042082118    1         0.871783550164617
1393.1080372694323   5980.739792875278    1         26.396574933287276
-6060.742024729389   -6270.046597272682   1         0.39186456895398747
2423.436376819102    -6056.165378500595   1         5.697486489631053
-2885.2945649303547  8278.175920414396    1         38.10197691606782
3505.9142549291123   -6092.095644392279   1         0.8800332186333315
2059.6667515693225   8499.785151769624    1         44.95436184753408
-3889.778376620079   -448.66902206146557  1         0.8739811502741415
-6476.685673463017   -4270.915942749872   1         33.48217305685686
5086.314088082089    2687.119076044311    1         0.40645289858610656
-3101.2996676003545  -7872.730061125665   1         0.46223588172644225
5408.639551697188    -6974.11935680888    1         42.712198537768195
4538.96137855652     -6764.4703980759905  1         1.2339787361880181
5200.424760873407    3471.9198439779943   1         0.536339585728928
5161.121924276011    5264.857248263281    1         1.122630264293085
-6696.165854790009   7399.083623169939    1         1.1870907026347532
-2982.5545290760692  1930.886098426738    1         39.603561093876074
3326.1777314909054   -5305.791269297663   1         0.23731769529856792
54.707962653891705   3667.341842428486    1         36.890720427355056
2581.067130219129    499.92597665662544   1         0.44221822784205367
3765.4767196161138   -4743.562521350404   1         0.9680945717233511
-5201.620906157048   -1924.161585453045   1         1.246120854759373
-7456.638748081668   3921.071179598319    1         0.3130197172109577
-3796.9863253193625  -2657.082081627311   1         0.23918595357892722
-4863.989053660907   4570.135055089106    1         0.8981055975326208
-8436.517682584365   800.066747154686     1         0.7090720196946622
2533.542943168406    1429.0055635106255   1         2.5896843009809443
8048.552849099367    -2975.6808309156418  1         20.29503213997353
-7058.09453872367    -3347.9105169808354  1         0.4134046377170719
-1282.7668745123897  -526.1223856099487   1         0.2256220409162192
5253.425706009863    -2332.2305185411565  1         1.0732514336209955
-4308.617198698556   3291.7856410655263   1         17.389144405866347
588.4758194312362    4505.146893369012    1         1.2019977622580176
-4041.7120840572006  5166.766536715086    1         0.11009645328527892
-1065.0461571913363  5319.798162578769    1         0.6614286075698862
3684.0599950527176   -6604.10289688718    1         1.1436888471487425
