trucks_count 6
drones_count 6
customers 89
depot 0.0 0.0
Coordinate X         Coordinate Y         Dronable Demand
-9419.898863524459   14695.58159798738    1         0.6800429308662037
-3523.3451539484436  2351.309652909807    1         0.9181455649230527
-4046.8491388478974  9290.294340250763    1         1.0628617022954183
7124.701053503943    4782.399177598413    1         0.18703700860544253
3911.5618114302097   -10210.24417289318   1         1.1787222526934606
-1785.0915203224235  -6922.992699828396   1         1.200228453927584
5220.264663946951    410.0904752191332    1         0.15973379416685884
-3728.9213599714676  -8590.719205888405   1         0.8247028480761961
-8432.548791214796   2533.247296505244    1         33.60053438956706
351.0294353470608    1916.6552075334012   1         0.4248109482121124
-6996.541351276471   -2525.8144418778397  1         1.0711204850665086
941.5201266218419    1819.5772610092588   1         0.8880624259060443
-7365.51171226732    6920.079941366635    1         0.13044040966622356
8667.76782236806     -12008.951472519253  1         0.5303442497260484
4750.506673459971    -7492.419315348103   1         0.9969864770611014
1660.6254120150709   -242.9162578216449   1         9.877353598886046
2425.4515467227357   530.3256020282606    1         0.3151961082944694
-267.71629143767666  6126.907301022408    1         0.7902078956251727
3813.661162760564    -5893.298818004093   1         22.019545922614597
4437.296633801866    -45.989743165153484  1         0.8622442851071414
3549.699072667201    -3168.3211226070416  1         0.47573759782694924
-5400.847243774755   3463.633053783936    1         1.1767999777862086
9095.408951152025    1494.1708901992715   1         36.21327772948301
1819.5669466971076   1500.4536078895576   1         0.48466272964223756
-5260.997947579305   7622.443452892072    1         15.790332390001998
7076.165888763784    7667.157365120944    1         1.1307790069009247
4761.68384652097     44.63955784317358    1         0.3121084407370264
8727.566084173486    6170.267821876678    1         42.45197159232919
9587.846000541142    1533.5709260962076   1         1.1091913804604385
2426.838188176904    9191.420600914302    1         25.860220151118288
12952.807990927104   -2266.2816106450573  1         3.4839061713551724
109.20285612451592   2982.104282847097    1         1.059401223505109
3345.996728257704    7973.549173322633    1         0.9648167731529923
-10156.483993305923  1745.2108468438616   1         0.5397364607716062
3901.8047436489983   -4310.635716841833   1         0.7047993264120952
-5008.057153595073   -126.03963465999516  1         0.11062851637573594
7584.75837173648     6149.536394972627    1         7.357213018539486
-5796.0229454523105  -9157.939122341644   1         23.4622173860096
-6572.526818701076   2232.709924212718    1         0.7435020458694901
-4015.8664645569147  8059.8380565865455   1         27.355177650459968
3784.9235619202173   -4694.320213201042   1         1.0298363027042294
-9140.678696532621   -4445.690337687657   1         0.10755501779640095
-7502.040399380929   -1565.7196729118166  1         0.7694867186471883
-481.89523882649365  6703.3918295004      1         16.382308906328763
604.9740356065705    -541.9177183401605   1         0.9932642861947992
8597.548865468516    -2234.234043233859   1         0.6174045837296995
4043.432044151643    -17340.61303953521   1         39.86201897371817
-5155.385263488688   5331.916856057131    1         13.226212299219956
-3553.283141664957   2332.3959635351166   1         0.8804965529410079
5611.208880566368    1101.6342725678649   1         44.89499605205394
-4370.397186504411   2064.868831125121    1         0.23716154926805708
4990.784353561223    15089.35785232878    1         0.2892864347969419
10959.168350069103   -2177.361213519185   1         9.08982637925353
7751.6370438107815   1581.0094175801041   1         41.40850744221337
16809.211195868098   -2630.9123507228906  1         0.634594653130075
2716.609467365323    -10134.363987252333  1         43.26458441613447
954.3751305983221    5674.755478000515    1         21.649522816071357
4336.5157066314205   -8281.093396110462   1         0.5588489998319857
9528.743627611108    2231.248493738745    1         0.13808616501209614
1799.356421187813    -6487.373618616396   1         1.2211138609850083
389.91156299003063   -9933.969283086413   1         45.554863105184445
-6334.974870565844   -6807.226939258853   1         0.6762942714442641
-11948.967472383963  -9197.562518362798   1         0.9456262191784272
4282.102018990934    5112.004656273095    1         1.1671225047024958
1202.7937573071977   -1495.0450857789222  1         1.2316261142184746
3575.6640090224096   -1827.8649013567272  1         0.861068338778857
6467.387991507644    -6565.852854201203   1         1.0621991915740907
-2401.3040492579726  -4782.69954503589    1         0.6053296236643689
-11689.577302771548  -17311.695044471657  1         0.5413319003540401
-17561.777449493256  6189.930481356958    1         25.920564505879707
3610.520903367713    3788.2434646472357   1         13.075982169179188
-648.7900901839153   -4936.404847379058   1         0.5861245499968015
451.49005606127105   -2327.9093560410824  1         0.712683173550884
6715.44175278544     1364.8487774309608   1         1.0579328375154151
-5925.752888474217   -12998.213781954531  1         0.9808865150745882
-3934.8703671489675  -3791.0524514113995  1         17.895762110304563
-6439.67999326045    6527.822111084132    1         1.2009440002093341
5851.161855784667    1078.515316039958    1         0.24440677935213134
-2646.581301249357   -1787.719831254204   1         0.9222283429700597
-2714.9650351719374  11451.032206851607   1         0.42502181339127243
-13652.211074666979  -184.53922379821597  1         35.629824228176766
6717.596536702249    -3272.6317432604983  1         0.9486488595239458
-2183.530397729252   -1305.9663732524914  1         1.0864727942913905
3973.748161487947    -13964.791886688072  1         1.0894014870720272
-1363.4986219968623  -7337.412198459836   1         39.456556094996294
-2363.0285094138617  7656.234528807454    1         0.8293510262419386
-6079.07832632464    2219.3768845573563   1         0.6510365358466884
-3889.17862443249    2120.892482400049    1         44.31655462762172
-1381.9931715063683  7224.598968552282    1         0.7699159244560286
