trucks_count 5
drones_count 4
customers 85
depot 0.0 0.0
Coordinate X         Coordinate Y         Dronable Demand
-2221.6521986717958  5111.896038577012    1         0.746843171021693
-4075.1806631813092  -8524.062154588157   1         6.506369334254637
-4281.551548967103   -4993.76009495848    1         0.7083009990553799
-5201.909682363135   -3985.1093181117185  1         0.181564589802291
-2643.920953114002   7654.63739673284     1         0.22469786132182765
-5059.389040519914   -7537.652783254632   1         0.7269351066086591
-2072.026221384438   8270.870824208112    1         1.050058055112273
1156.6834653982035   3731.14845101927     1         0.8893859388664718
-5384.792293622866   -7573.447548038389   1         0.4389378631480525
6114.558828322861    -5209.188567565972   1         1.1734533281867214
-9755.418724280626   -595.8119594384716   1         9.896718754433133
-3581.8982120668365  2822.3312347440315   1         0.4406640454549463
-968.1834142668729   -10731.048280262941  1         0.37188726926637594
11028.983822565537   -4663.22503168099    1         0.5253795928029723
-2237.895246875875   8619.124282668381    1         0.5490153421721419
11484.899774216261   6981.073575377595    1         1.0066005865990288
1084.5858217768393   -4752.4254007526815  1         12.859315234796696
3883.924219637707    -1617.5681203105105  1         0.5575318482101955
-873.1135474704523   1330.5799792357425   1         0.30611298507617435
-7755.314494731981   -908.3864261592022   1         45.438731573656625
-975.4089773517057   1873.9516925294865   1         33.78063765608716
8117.909564508125    -9925.902607722877   1         0.5422381902193395
-1539.6834219142545  431.6479895862618    1         0.8811314468126693
-10111.169685168694  501.57047232155367   1         0.1900934408705729
-2783.7913088703226  -7815.640200146874   1         1.0237915040603471
7099.517412715318    4898.1119588092315   1         0.8393069499170424
-2541.958372710316   10582.71588336668    1         0.16890156579692284
6205.40974482574     7432.760889704184    1         0.938960099044907
9236.197915093588    1167.9319728217583   1         0.824711517939183
1730.4030134523657   -3149.776465617702   1         1.157811261987717
-8206.86647020968    -663.5337549349761   1         1.0918798019200822
-4192.557883838121   -1382.6073288628531  1         0.5931575722304404
-5241.163036956016   -1784.960736605868   1         1.1759728604226853
-7585.1692663141575  -1074.0149905970088  1         1.0939329970593523
1446.2095999671728   -2491.4572502599417  1         42.86783355115785
869.0241205985424    3405.7917721704134   1         0.6308478185789889
-1619.5427076975109  4846.438396012961    1         0.15519295347999978
-2813.2818255536818  -2687.800967906043   1         0.6788195251395518
-10.510333532864244  -2557.58071273042    1         24.815229704676327
-4402.819739186001   -4922.144221000935   1         0.22789562482424744
-10712.049749189233  1772.250639708918    1         5.084458939469907
-818.1912748927581   6338.254894019553    1         1.2445586528065666
-514.8851818211915   11527.524272658851   1         44.65423299718305
10432.14076633839    -1044.380556039287   1         1.048685164404896
-7622.163796789881   -4383.8757412967425  1         0.8955414397473244
1597.4229065976137   -5823.995640497151   1         48.63377447419487
-5188.437766841443   3125.119582830236    1         0.30874471745120197
-3139.1060064106464  290.28109824944084   1         0.7150325169621485
7204.917712748039    -6388.009753578884   1         0.47265947487482063
5379.237579936867    1745.4386071808353   1         1.0215022651818881
-3229.331792502904   9042.185825705006    1         0.44530463067181714
-7855.956277300717   -5678.961990627184   1         0.7800964617476988
4752.928482749008    9378.777988816757    1         0.8610003494979468
-818.8523307631318   -3719.3632463068525  1         0.912286615522092
-6618.965041736536   -3239.0959026020387  1         0.5436869143273768
10937.30144400824    -7591.682509464461   1         0.41405262072932814
7165.638759029407    -9262.215092060776   1         0.887172469182487
8484.839701937919    -971.8185033897814   1         0.5180632905804559
-6652.467471377319   1601.5408890493993   1         0.8490107546753862
1854.546633649219    -360.9438005753491   1         0.14542864381061132
1018.5244113037079   12210.978260713742   1         45.05877246881511
7760.378809446704    7039.210900799464    1         0.3587727003116299
4971.168738151657    8916.193116394159    1         1.0233331199563893
-9999.414132252208   -1698.5032826154054  1         45.631173162565645
-9408.462537974878   -4615.454780051993   1         0.6214740877202104
3299.0971348444564   1320.063613327056    1         1.0384120485767545
-9150.60915434154    -875.659146356695    1         0.28268851756915725
1711.5498574051326   -10608.811098524935  1         0.4200545288669464
2258.089568895004    709.199011111079     1         22.249255635775185
2321.1848337823603   2002.7775445887212   1         0.3269269836456587
892.5381881266555    2251.4721107442656   1         0.9374365656059946
1909.901565811769    -238.10991843142642  1         35.507509524654225
-5216.3845402282695  7386.85682398158     1         42.5658435198282
2497.9539544781874   2107.053356228549    1         0.31091508887320213
3510.9604993569137   -3855.380825944182   1         0.7026322655678392
1568.4400674226763   7272.7160470102135   1         0.5475743902787304
-1901.2275164856346  -54.13110584786227   1         0.2379785089468854
-7552.90816852845    -6154.586663969549   1         0.7832117790860356
8701.972097802076    1811.2182290357823   1         1.033677809472832
-5305.40157079881    9429.044603522554    1         0.35067679478636404
-5935.273697765364   -2167.4886752943826  1         0.5585180968870969
-7227.270693283614   12463.31496468497    1         13.851427451486327
3891.1024444048167   -9528.071121434012   1         1.164768558401016
-5506.831167793098   4512.951376200253    1         0.9960367204257042
10671.333714306096   5682.943074686493    1         45.03048819806236
