trucks_count 5
drones_count 6
customers 87
depot 0.0 0.0
Coordinate X         Coordinate Y         Dronable Demand
-2133.2699237950455  -5054.161135138862   1         48.68737401659394
-6046.784975523314   8945.280151714202    1         1.1867982680609086
-4749.302374421852   4324.827984670584    1         0.7971377049210122
-2459.9645445913466  -6160.343360316594   1         0.7974830220717163
-9760.23031795517    2178.9307589610576   1         0.24127764208519564
-6844.8444891899435  1164.018335681958    1         9.826758277071763
7891.350752429391    -1463.6294106666876  1         0.6027417056487152
5.837862338803842    7707.199187795779    1         0.2866528879709541
2464.1525402837665   9364.418907257863    1         0.8336897347268156
6223.631757954167    5744.136087775775    1         0.20376882324573192
-3541.3651031938966  -6678.784389546106   1         1.1050166352353432
-6836.918272534584   4582.978121430047    1         3.4194136389441474
4866.153361392733    -8345.31139741897    1         0.9804959739532604
-2837.9619696943114  2614.1470481715896   1         1.1494689973820162
213.81611559066948   381.22116375276676   1         0.7657152398340765
436.9640027096757    5243.151476873665    1         0.15069153850580067
2959.783330213553    -1039.8178671128035  1         1.1721030065559104
6614.3582702035155   -1816.4616143145604  1         21.40261203188915
5746.422513896518    438.5166506632775    1         1.1758872228436188
-994.7750677045451   3079.397901371066    1         9.39012926729714
1598.6859941955452   -3301.749597725746   1         47.60907120935415
-99.3629738433472    -7102.330173146139   1         0.2841630845859003
2564.9790298711428   3109.60703295472     1         32.94833248630313
6165.595372628034    538.8663543712383    1         18.700101700750785
7612.599573107054    -196.59038288527142  1         0.7285980208772045
-8276.445340852728   -9478.728732933807   1         1.1176148357269546
-9280.932331604996   -4732.313295486092   1         1.2399153362518813
2162.5731185472723   2560.1319632711165   1         0.6190694857132504
4667.422349411726    -7176.662906602513   1         1.143949080143134
-3906.9217878172185  -2009.7121547251963  1         0.42355931999463514
80.92831631747629    -1254.363386016693   1         0.2702139140684413
-5338.9661943084     -9762.037487902937   1         18.398880828653354
6074.5034182770805   -8401.302356656186   1         0.7501619652815273
6397.192776398343    7739.791451875475    1         0.5023947736863467
-2177.7827997161758  10212.613222530626   1         0.9578421961288991
384.87416396825756   -8492.83749420998    1         1.1156213868044755
9046.339061584713    -240.26238347355093  1         0.18432474044887864
-3361.9745905340683  -4703.688005913636   1         0.5529087801388265
-435.09634403532556  938.409704153258     1         1.2134541002409218
-7775.929232557719   1546.0083472994354   1         0.16168263473515146
6188.035476369112    -4923.564007011448   1         0.7940391594445677
-7650.511765280861   5080.987718126113    1         0.38765181479792177
-7417.3863185437785  3282.6626202214393   1         1.003683555521168
6109.144774211348    7686.06820093995     1         0.3795277007144461
3375.083622555083    -1586.5120822614372  1         0.728125722325927
8095.297743087472    -3622.3861185356814  1         10.31520619444721
-4265.53341483031    3147.4032588765726   1         5.489744424822782
4494.631279580182    -2061.157750488346   1         0.47622155603532645
-6436.344334541808   -8225.992251132084   1         0.5562742028376578
4533.799838907412    -639.8199335138344   1         0.7463147713396008
273.1701604798345    -8136.860246815571   1         1.113292304405543
-1126.8206991677869  -8745.998845411252   1         0.19891669362845985
-6359.618970619587   -1788.0994242823306  1         0.47999761577596245
2786.7308564377095   -6991.776009681441   1         44.61115623476522
-5395.173336063123   -10607.182855576626  1         1.2326695018068639
-10859.78818650725   1083.1460932993969   1         0.3383105242666211
-6343.467221943736   166.50647669524076   1         1.2410938418892865
-4492.500103543346   -11603.850992336194  1         0.8575283863118431
-7302.473224861388   -6253.504716516655   1         15.108104219264263
1952.1034647814663   -7860.484248296931   1         0.5659706115136709
1800.1796244459367   5151.219719288699    1         1.1182565244220168
2055.127834709387    -6050.126072418223   1         0.37162624246534437
-9491.58497544401    209.64566346850734   1         0.8852947839948546
-5426.534874452547   7926.055541104829    1         0.7810950295123963
-5990.4822331578     -4711.81710576936    1         1.0925545296631676
5434.138661022513    8150.435918645319    1         0.8575934924582075
-8354.965559603841   -1492.6156376637732  1         1.2058860841207466
-9351.126559507482   -3514.214980761165   1         0.6809426931604173
9501.831532788037    -929.098902902731    1         0.8976769358318704
8067.419997994136    862.2423653546847    1         0.8593836473617761
-1986.0898410908394  5964.3191947697105   1         1.2343706753842205
-3065.4827662898406  8462.0378048896      1         1.1699814137010867
114.18223117987509   -9085.97285723249    1         4.401991866994815
-4354.359842046912   105.97697161465756   1         8.252523787133097
2394.3486751437104   3723.10609874864     1         0.8797901725345187
-5580.59585015241    9782.993611798976    1         44.505884486380175
-2655.1611218854614  -2091.699814735044   1         1.2048879481025816
495.0519658729043    -4017.376753971854   1         0.22401515705039568
-8262.225371735422   6855.38341529901     1         1.2294473592763095
7108.990858825974    6346.676997939098    1         0.2969825853504173
3646.584138293375    -3312.2237638523984  1         0.32783993048775045
1417.2935292379045   -1845.5535868503985  1         0.8650860198844366
-2930.739848672017   -7456.535591006252   1         0.43944761029549684
-2175.692779256083   2832.1777355668937   1         0.33981821782134736
269.1396338390634    1342.6708355688108   1         0.963071151395843
-7638.2306791335695  -3972.682602009834   1         0.9463725360646302
8263.506114705833    5723.292292884712    1         0.7029400849820268
