trucks_count 5
drones_count 3
customers 77
depot 0.0 0.0
Coordinate X         Coordinate Y         Dronable Demand
522.6271840498031    -2056.837565297166   1         0.9005633685742217
-10601.72331589843   -174.04100361643347  1         0.8546696545365567
-14512.289611069267  -5011.068492464827   1         0.958709037067438
2248.6784057311797   4194.044471016108    1         0.1481227021570889
-2313.7833889772814  -1775.6156845690023  1         0.7389756213803359
-5552.740696632409   7049.312093568985    1         0.26204814486555916
-4132.533275573023   -583.5108210024135   1         0.6156125841796231
-3092.6369701307685  -5952.703049710911   1         0.9556769613241474
-1560.7777768394446  -3453.704705016242   1         1.1816264528135105
-3077.817294730413   -7929.025466507352   1         0.2218092942181125
-6117.769576309686   -8676.029962548058   1         1.0067776717604695
7213.140472362528    -6043.60080074608    1         0.4775515834792091
-10174.087619122809  112.7922993020893    1         33.74495342552177
-9177.871760485585   -5488.515907138506   1         0.5327520894590264
-7849.879688823514   3505.250519705396    1         1.2263223184724419
-10096.591972144737  8134.074249841391    1         1.2196227825418144
9847.318582246522    -3468.491279117215   1         0.7345362593245911
8338.841968852461    6796.944507333993    1         0.2440165269161523
185.8472991159891    5870.292570722803    1         0.5536921823653329
-3782.3730144353644  2585.891641629784    1         12.726345717236905
8139.58025696799     5281.931954544683    1         0.6401868448174826
430.7759630551118    8318.845400042605    1         0.6195668341172643
3797.6076873089596   -8618.998992869409   1         0.29769962472320144
-1665.585469912626   8009.697775293285    1         1.164489393555982
-2894.6665512670434  9196.033751058822    1         0.9560923813011705
6944.4929589506755   5228.316406633975    1         0.24425629653469325
2359.791314001347    9544.969764316882    1         0.33956004895643094
-1022.6446792393685  2362.6279076646997   1         0.5230778727747672
-5735.713991125011   6933.320962380639    1         28.60390333487735
5083.456180155803    4803.174160291257    1         1.1901946553480829
5326.313971654353    -2254.6001120170286  1         0.4330495829314236
8709.56427568658     5255.644517055758    1         0.9717914631984599
4542.455659740173    -4586.292915873053   1         0.3497216596212203
-7448.317464680407   6905.958719835657    1         0.4473027057679403
-8633.600311620063   -1142.5354818296446  1         0.7161623797716806
2297.081818732123    -6621.559884901821   1         0.9184512296985533
1520.358213149862    -6989.749909245486   1         1.0206902025630937
1377.1597882322603   -12757.532563572258  1         21.089585312104642
4140.337241157038    -5331.432475950342   1         0.6252559148201221
-1984.3138091513072  -7100.838987287209   1         0.48297902054393793
5202.308103300169    3921.3369216291085   1         4.684243352102534
8199.599097881981    5502.880058136886    1         1.009015054368759
-4502.230555628477   -6412.151455837951   1         0.6101234312804583
4265.670530936567    -5740.164542097741   1         0.37453947733631643
4922.621605743226    8308.709160581782    1         1.0515870520514112
-530.9799196493552   -1456.4989842062398  1         40.30970267368028
-9866.0190042474     11168.379753809399   1         1.1864748324133523
4770.117652004475    -2063.473531285119   1         1.194635148592667
6867.560007496459    9777.20953141547     1         21.653974020235868
-975.4272187018931   1294.3791664605462   1         0.1414944999753051
3682.556429326616    1264.408340224647    1         0.9931397545839907
8862.589960023655    -1161.4797592820214  1         1.0256113654296208
6511.871709492778    -3744.042560429271   1         0.5558042547631676
-2588.992582391434   6143.684862607209    1         1.0428104003375633
12822.816270976475   2780.614450279647    1         1.0854032001477543
-9124.12889476486    -1473.0921270940062  1         1.027551114809951
-14342.153406057314  -14083.805655487407  1         1.0076467388885544
7852.909834687396    179.98391441803207   1         1.0465115327174548
-6588.434805231429   -8569.02934354366    1         1.1935038955554969
-451.152669252312    -7138.261112613081   1         0.8137901269476273
-6137.233058723848   7041.218292025814    1         0.4471040246154693
-3877.9469413453735  2627.5126770237566   1         3.062336924526826
-2647.3491323492644  1289.019058140171    1         0.7203258815190469
-7084.18486230535    3740.9813222935054   1         0.8911229807667477
3666.803416957523    8211.126805574402    1         0.47473092299904807
-13437.364611266192  3814.014162594014    1         0.5094592850652683
11096.971746211117   8797.885391364709    1         19.501959825641503
10065.315174063964   -3730.6472664265816  1         18.98391148861888
-2732.0912689164707  -5224.295557096417   1         1.0667861084563826
573.3370133466401    10109.609157507177   1         0.9451027213896164
5014.394227004478    5596.2996051154      1         1.160150362198009
4654.9723135346785   9158.356227957998    1         0.4723280890327597
-1328.0533112783555  -7899.222302600613   1         0.8015584913419708
-1567.0681665573522  -8180.768510006002   1         0.5073780873441008
-4030.2010484429543  -10114.290587544048  1         0.716820634827977
-1623.138052534244   3203.36940918889     1         0.25119111309819864
9816.443577558779    816.1998712935515    1         1.2272076783724912
