trucks_count 5
drones_count 5
customers 43
depot 0.0 0.0
Coordinate X         Coordinate Y         Dronable Demand
5962.077852608389    -4651.20122130372    1         0.9409152083487062
-7126.931707177653   -6760.172892480142   1         4.285389027503404
-4497.667963166465   1015.9078874564443   1         0.5731173955820741
-5792.147498334889   -1530.1097914940624  1         0.11659446794727815
-4514.9045297831035  -9221.366031948824   1         0.4725784551065837
9344.54305140394     2153.3059796093926   1         1.0680495151891571
-847.2030002966831   -9453.599677403397   1         0.9872268991417604
-3321.0031507271333  963.920358547545     1         1.181390204990768
1115.2624747698464   3296.9841483252517   1         0.6067542143100733
-12710.496960862412  274.2657960333636    1         44.008023281268265
-5766.771996044772   -5332.528760100229   1         34.56537521585243
4049.2696347204833   718.3237629351136    1         31.598982313944017
-2125.4267760570656  -9598.036078539393   1         0.11181265378239531
6561.162863407592    622.0479316334835    1         46.958280573339366
2136.5447500967007   3264.1213701152033   1         2.32680734543598
9130.002248128018    6088.26452225562     1         45.15290767900218
-7697.768370547603   3000.9590080425746   1         0.5120724719224979
5659.574428298072    -3185.2379608158853  1         47.985234281211476
5547.953957436388    -2815.603265412239   1         20.5499665330095
-2168.402438519259   4987.758686215324    1         1.0714321653094183
-7464.706787491834   7884.8389177407225   1         22.27854526169775
-885.9792927725177   10213.15820922032    1         0.5438738862827963
-1540.6694522081289  -1663.1270002539331  1         7.719696377873305
8961.09070190751     -9010.009870063666   1         1.1279220081697336
564.3530942591015    -7050.372308720761   1         0.3877057996381075
3149.4842055885956   -9587.523878668644   1         0.4354583365509679
9770.15374073708     2935.562490356564    1         0.1627269674956988
-7669.241993037675   3494.0457911648887   1         1.028353816350621
2227.346211678032    -9767.207239524592   1         15.185483108103467
-1195.0857647146506  6938.602486556823    1         1.158158236101308
3097.916617776158    -2751.918532764588   1         15.955633423326438
13068.352449901606   -11659.491407183912  1         1.0356611366136899
-11271.000762299205  7732.1054744959365   1         18.218711493339903
-4349.241559084951   -7119.953610127674   1         0.8184254603275293
8020.509569431562    6865.25343664848     1         0.6580156814758106
7980.762216715581    -844.6233505257912   1         0.3378308152772236
8957.124928430158    -5902.950780918765   1         0.7987637285236656
7159.160160890534    -6982.082370676658   1         0.6457268023797966
2477.9328391510126   10422.692844837668   1         0.254952444533957
-7125.27109137656    15190.235914917674   1         0.23459428654238215
13529.907158502792   -6525.932483475663   1         0.41675969247043365
8986.133474692191    -2816.1946186239916  1         0.11859921550535793
6340.980432975052    8361.72328138289     1         0.3446612915336976
