trucks_count 2
drones_count 2
customers 23
depot 0.0 0.0
Coordinate X         Coordinate Y         Dronable Demand
-4101.199554611082   8675.307735951135    1         0.7308173298988692
13285.935562583643   13334.026638235548   1         0.7923668199919254
3195.0034082173684   3112.2795394174204   1         1.1409108900186002
6460.84970308676     3477.011437853501    1         0.9091156826351484
-10264.355821950237  -2672.269737884907   1         0.914972221533811
4032.7861713965212   11752.136488890646   1         19.218051334929374
-7897.671393466431   6155.784353642631    1         0.3954687992466749
-5367.023347552657   5514.498700977374    1         35.28214278546394
7430.690276078944    7683.412757428667    1         25.279907657338374
-8580.12358124161    1078.3154614811292   1         0.8363603653782905
3120.331476648032    10036.424407421488   1         0.7359169690697177
1269.199143247888    -953.6341208870771   1         0.6794742485775296
4517.236941025672    6461.339544236413    1         0.39192050430676517
7897.077594466409    7041.746714824804    1         0.16136452895840372
3.394994232542558    -10106.489642820701  1         0.9270588180498617
8255.012376056737    2551.4521638817023   1         0.10141155993564496
-4431.068419263144   849.5416911071126    1         0.42436162495391316
5927.412950619177    4192.603058876469    1         16.914847734473607
-1470.7148869374569  10303.6914692513     1         0.6775876249007662
-5105.1774059175605  2461.3212398796477   1         0.611963247053967
8645.254793834622    -5980.520780400686   1         0.18168390001227616
-1789.343353811745   446.0814849263683    1         0.9829649818238108
7700.289246747466    6953.010973903589    1         2.01217413680644
