trucks_count 3
drones_count 4
customers 65
depot 0.0 0.0
Coordinate X         Coordinate Y         Dronable Demand
7339.329156399484    -5785.1745466113525  1         0.10789683938851893
-5052.919377288974   4487.584412215981    1         0.43956959589691413
-6920.194689174459   -6119.297472350585   1         9.616256017714774
6188.7516367549715   -6838.883962793234   1         0.9818780332360438
-6618.8094312705025  -6820.206659952074   1         1.0302802091146765
4482.822929309271    3799.510901627882    1         0.4392976980298824
5254.448404001045    -4971.656588932256   1         0.5182661273948801
-1230.6010286804799  -3807.2872631503815  1         0.9237343687470694
-4680.323424097855   2961.475269588486    1         0.16383063501859146
-723.1806235624339   -5372.992321886974   1         0.46527874028635374
5480.518010640388    2035.7940699442927   1         1.1353972204791434
-523.493184062557    -6775.366480031071   1         0.12574968907135609
-1380.1434283731294  -5487.652962832046   1         1.0277683862054152
-95.61790471706745   -3975.0896006252806  1         0.22966088160015846
-8207.800908008732   640.6807025304757    1         0.14728093607442494
-2442.635037050127   2371.58017092826     1         34.06481548024082
1357.0021820457175   2310.2555437189912   1         25.65430969890615
-2561.2972877853517  3651.254294493307    1         0.38350913077459536
-7995.74959976585    6102.075649368174    1         0.8552641891196721
2436.752464274678    7935.270097243111    1         0.4678274231212125
-3750.780125953667   7493.917044787557    1         0.9402636965270371
-8089.943965920811   125.30298277764709   1         0.1608992850062346
-2805.520420106024   6704.198543102388    1         1.0804137585557378
-5147.96295834182    -1279.660369128098   1         0.6810994797753968
3216.8955435416756   -625.6880562305741   1         0.6929992961984334
-3037.740321160209   -369.4487076224881   1         0.777857994388091
-6154.863587585603   4822.542594455484    1         0.8431204480418755
5915.50878480487     2827.22515841321     1         0.4162034424783675
-7668.891761682542   6984.244616002574    1         1.1742448686012046
1017.2052096336034   1860.264317471653    1         11.378658640128986
3121.089693630475    4094.5373086888103   1         0.5103275914192338
-5428.645812893593   -4545.615825795418   1         0.5732688822642971
-2568.3070616058567  8246.800595913695    1         0.997338105813806
1525.684361456562    -7831.22463508903    1         0.8147099465242804
-5744.108687397147   -3827.867697418824   1         0.6064280881145292
7488.435638129598    6403.994627894678    1         1.168840720639394
-371.42230806362903  919.9578289858736    1         0.3559092720230672
1693.4604954053557   2965.322400945748    1         0.34990512358608816
-1860.7933390314065  918.5485681447753    1         0.7779798838761816
3427.0858152224487   5219.251393093497    1         0.5677815925781012
3158.853968282495    6787.2849448562565   1         1.2449590128202563
7020.22506635706     -954.8080728153817   1         0.7826496462353195
4146.394304114984    -28.09570897433423   1         34.62703511513889
-5549.158090457615   1949.1846495621232   1         0.638786967419555
-5669.343566179975   -1658.0275296844743  1         38.45920397587178
7462.842616740516    -4712.558101641554   1         0.5245659176305065
3622.8578032121186   5397.154269354511    1         0.6686957278039117
2811.7066766349435   3998.182981408332    1         0.9217076932246552
8276.208985169173    3926.372107283353    1         0.6648353083101138
-2103.818387915543   5172.790387932953    1         0.2161343516459102
3892.2267772915      6092.435775680187    1         1.0097259255092705
-5715.276854581776   -5960.503981137572   1         0.9255378847447338
-3092.919324742789   -2363.592986012032   1         0.23204139964067977
-3653.485755125738   -5575.865791050148   1         42.92076133696337
7376.145497953097    5646.443011081719    1         9.115707468876124
-4964.470475013184   172.14639354959624   1         0.6032029525498492
466.45098164324423   -3061.132665777946   1         0.43620813452144036
6720.698578136859    2835.4176596290317   1         0.45220491553725617
2196.3502375640146   3559.3822685850173   1         0.8186606700485103
6569.4101442006495   4229.622691722693    1         0.6534547751043569
2282.3764899411167   -7073.500494123964   1         1.241486679599138
7973.6043270224945   -7181.244186811331   1         1.077151064079298
-2547.1379931822025  1827.041867786133    1         0.9391114050829342
-7547.381826723417   -2598.6959822619615  1         26.005771138897874
-5551.47456358055    -3915.643740796715   1         0.2099766660335366
