trucks_count 4
drones_count 6
customers 100
depot 0.0 0.0
Coordinate X         Coordinate Y         Dronable Demand
1841.3366218868778   -8761.577946436764   1         1.134840279632601
6032.395985392996    4009.4069965555695   1         24.81402965110642
6797.320641988753    7774.001819470995    1         1.1098153905731125
7838.095561468357    -5081.395524279097   1         1.1600527338679643
112.9795643539266    -4533.287709030582   1         1.0278021949926295
4702.337369115342    -2141.5136164819164  1         0.6677875675646692
-3457.4513634355626  -13456.842708132797  1         1.063854550794278
5813.935088229619    4643.463811091547    1         0.9316619715041239
-954.0775317420959   896.3135799721514    1         0.233662248905964
-4378.536965011445   -3316.2650046063163  1         0.5919392407573141
-4403.892378871377   -2473.986809046096   1         0.8981357324214307
4539.923231306561    2768.590367745603    1         0.6977227073631982
4049.9488197191376   -8618.037986474514   1         1.1130868232753948
-4396.165601982837   -1762.7747410174666  1         8.723102392808004
-6643.246410050006   -870.5833454325166   1         0.21637962310629644
1540.7530735749056   -3209.6513171236993  1         0.8587065420606282
7480.098895019116    571.3842878380125    1         1.1685946538741343
4629.167308621226    6363.278454657879    1         0.26303020571122515
-8403.176149258803   1053.4977077110843   1         0.24382477142856668
-2875.783019114458   -320.40624453063174  1         1.1171422738430163
-5567.120188186839   -2070.713660873343   1         0.9649284892480833
7215.950711207672    6419.09862093181     1         0.6123748602784215
-8698.81274144135    -3646.8708221594616  1         0.5531881482898664
7812.236805611428    7557.385236495412    1         25.62394409530997
-4641.220251650466   -13854.505560670485  1         16.685889809494036
-8787.258489492411   -12570.007865940494  1         28.405819290616382
-8165.2771319250805  -2810.051368974759   1         0.8449098437483542
3783.8809475892613   -5669.18262412201    1         0.11073901994832414
3426.0029677830325   -9522.386290045171   1         1.0186500346604175
-3548.1843879341804  -9710.849687473445   1         43.928881531058416
-421.2209945645107   -5628.750759204612   1         0.9716058944803689
4691.655261306032    5039.6465418535345   1         32.81654267643585
-9610.6891856356     4025.617860395475    1         19.275617418072105
3064.844659148179    3461.229570399324    1         1.2103996476791248
-3420.520704604732   -1027.0614702970295  1         0.6426694522255898
12517.570309897123   4939.605094658584    1         33.72604830829314
10138.018987954132   3659.353037607502    1         1.0305538133980323
-14508.324911877738  -9461.084865544271   1         0.5769168802729349
-2224.9533181497663  11215.215730765414   1         1.1915907793936324
-5079.729808384016   -9859.409285818498   1         1.2291547959376656
-926.9276264743876   -5746.184744874405   1         0.5512679875385715
-8771.415045097856   -5281.514579371107   1         0.6748090458691218
-1205.6840630832894  -7795.002294566501   1         1.203078706264512
4864.715746145011    -2581.5976612888667  1         0.6997483286871399
-5866.575223633576   -195.69454886735295  1         3.2269996420504126
-8013.893048161607   -1450.0657407101046  1         35.48338166565795
14140.514133227773   -4456.16005375705    1         13.993966673277749
7269.930176422168    -2504.6645166558205  1         0.18348960314495535
13448.809638737754   -12622.841929523416  1         0.9499254849827699
-10817.960320322092  485.5624816197891    1         1.0458172188448915
-9111.152792908708   2896.572952042387    1         0.4689450131926829
-9463.996599715147   1717.2555749361097   1         0.6717407368908439
1156.4281289287883   7750.695357703942    1         0.17682950124665775
-11242.481535969466  10243.235809771208   1         24.8542993771858
8507.537178041403    -882.4960538165468   1         0.35091603726301124
9947.374076632159    -464.33166245744724  1         46.64281830981998
-9485.818415358146   -2903.992563247591   1         1.127717426884362
-8851.59853465137    -3256.8858855561834  1         0.7857943460196904
6559.741773011504    778.9833094928355    1         1.098003818123606
8380.280487681835    2019.8427813447038   1         0.6729225334795977
-1851.3373692882624  -10353.45871344384   1         0.13201155988388824
4666.690002325717    -3453.348921886482   1         40.1306578736972
-4786.626104865001   9094.00320177875     1         0.8116558217402646
-9865.901512926896   -1899.71969399995    1         0.46329240896288726
-6762.880226192968   -5227.4405341941165  1         1.1749331468796687
-3505.352945898512   -9637.54452438344    1         0.8342049975375714
7581.5205814118735   7475.9834439346      1         0.27423048894440194
-3979.644946863833   7036.129929432533    1         41.16852867216403
6226.6469993542405   -2315.789834441856   1         1.174442980755722
3897.0254915290093   -5903.065097948141   1         0.4934246126838202
-9431.3501000057     -9601.141188452235   1         18.066430151487445
-3698.334034031898   6763.624761003423    1         0.48035806425199545
-4504.308151762481   -8994.65970617369    1         12.689895665439439
11761.846874023386   -1460.5263359888468  1         32.115140497163466
8252.147545164078    -4404.275618003249   1         0.5961544331991371
-13308.283570690668  13569.205632745472   1         29.90041329817407
3323.2395592970406   4046.583589721871    1         0.6303450724344672
-5249.026624560205   -6649.29540025474    1         46.286413862760476
-5213.993412016232   -2261.397096762476   1         0.5271881581858889
-11580.867082481345  9959.08641392        1         0.9150203535368453
5800.727177099958    -1369.055001184425   1         0.2617754090152188
-2099.1215645751276  8974.898439265438    1         0.2930207070805383
-10099.82619094275   2310.0891827742507   1         0.5984592587455448
-5184.4251547288895  8164.561666895507    1         0.8484983531598674
2063.002116123451    5189.112055869885    1         0.2931712436277762
-3140.1981865732164  -9875.044668203649   1         1.194626344737434
10153.435575459464   -519.5627024155283   1         0.2305345951243944
6925.673578741637    -4830.274306240865   1         0.5028600786774374
-2598.430281577607   6929.952260067623    1         31.78359965026995
298.56777100463506   643.5425995128239    1         0.5541582472231248
-6537.466603194731   -6196.389400722656   1         39.46708403956795
-7930.2099049046465  -607.0813823762322   1         1.2271568374979542
-6595.46116040545    -7329.7883638145495  1         1.1308055808327275
-6531.176234716085   326.6237589134083    1         23.270372901634875
3017.4799102831785   9653.127073129916    1         15.665371402366315
-157.88557547446     -3716.049490525419   1         46.295693663867596
4139.562882418232    -9740.093288187429   1         0.8608889772522528
-5497.985333490395   4571.580115588121    1         0.13539075544633314
-1131.3050349873838  -224.76682832777576  1         0.891665678471225
2572.3052707214792   -11291.96864901742   1         0.37670108055224927
