trucks_count 5
drones_count 6
customers 91
depot 0.0 0.0
Coordinate X         Coordinate Y         Dronable Demand
7014.056131214649    3866.6705079667972   1         1.012235173930457
3488.8777193552323   5738.884002362687    1         41.3232841030481
5736.796825629548    -3204.3279201272358  1         0.17244050187509702
1874.5781060549282   -6530.48343563995    1         0.529250023165327
-3089.9699457642582  -2479.2309211636384  1         1.0474971712826666
-1504.307161152084   -7027.246038067769   1         42.15234507203102
-996.5024003821774   4229.881606566948    1         0.20478685305981553
546.8610256180182    6600.89191747125     1         1.168102394954011
-4420.01870072966    2206.4188492991884   1         0.7423652276522232
2346.845096707384    -5563.183667625291   1         43.10060319971658
6005.998664010423    -4993.714725666462   1         35.35913642409327
5704.109934516531    4891.631470361651    1         0.8567389731570748
6736.335305873675    3779.5087500237164   1         0.6454437758065472
-5136.3629829439315  6855.311506137641    1         0.5182377646727707
28.894329548357696   -2794.010448485284   1         0.7610812158142596
2999.099608241288    5482.749117656206    1         0.3485410600653509
546.9326725612063    -2316.6655396086067  1         0.8849916525084637
-6639.591305599414   1494.6867987237365   1         1.1581965824457836
6693.388480487423    -5030.760604668003   1         0.40789245326375967
4372.498989546845    -5194.459248459529   1         25.12303121274302
5551.841101763453    -3639.3677531950975  1         1.0187871024005477
3511.03921401983     -3723.1676571787875  1         33.93217172935648
3156.904462677983    -541.3296160058759   1         0.8501336893889238
3446.4789561890207   -6554.742980889036   1         17.249987532084678
-7090.077773097722   4706.42532073567     1         1.1724401376901912
-6409.118450132745   955.010118075858     1         7.120255247733589
339.5203853380483    -1956.0817078358282  1         1.0211617857544808
-2502.24677508849    -5420.256377845324   1         1.16452322733614
-2731.3835504735366  5382.350641773976    1         1.1896533585827562
1917.5039507864767   -1474.5038572579133  1         0.12474384378377577
-1339.3053520163842  -795.6316974625493   1         0.1078562378482683
-5628.575417523382   -6761.990269373127   1         1.1956463485199158
-226.27576232631054  -2510.505315098263   1         0.7356747661601353
5897.016808916296    -696.9738260229396   1         0.4887945437131911
-2609.6998331679997  -7083.83186316112    1         0.6398639747130337
-146.42690838326303  3690.9847534475225   1         0.5811568742712613
212.8000112562981    6846.898277562493    1         0.5119415352848999
-6835.58011925617    6938.248756748191    1         4.780421198018708
-4081.145781742741   2140.8050872178724   1         0.2739528773196249
6320.168134869638    4558.363490392447    1         1.2415193745554909
-1571.9269903325046  3157.3705855711764   1         1.1286059678149447
-2836.600084936674   591.6711852986006    1         0.37127879083573045
-883.8856662152315   2526.48663857649     1         21.139676912989014
-1580.2141066157571  -714.8118312229642   1         1.1733586334955477
-2559.40670481536    3934.51431214914     1         1.2289228320741141
247.85146154681973   -2296.6445178868908  1         0.48175779922607775
-6923.889781709297   1390.4620726936396   1         0.31282505556693785
2317.897055197531    823.1822329106371    1         0.35543619970440044
1340.6247637468903   -2423.027418847951   1         0.78740471591631
6593.229509259225    4555.310629839967    1         0.4490684621967832
-5935.456395430154   -28.34947856364288   1         1.0697267985943055
4395.709455127028    4722.041883634896    1         0.2199307192076836
3794.436385259085    3305.067024967033    1         0.13953987698997958
-6617.105293808061   3509.045665457757    1         1.0141994997887234
4061.0187954509147   -4479.786134935837   1         48.4819410823128
972.0962005971209    953.1905215331607    1         27.050319265468108
3390.321723237328    4485.009923801639    1         0.22209510663957688
1776.4227722863252   6919.614533524033    1         41.336723105142404
-2531.667730066586   -2447.0212846917448  1         1.033798290208604
-1070.3395559042767  -2165.7703650228573  1         6.264935299383307
-6744.663817947462   5151.145574649592    1         0.8130219242617837
4801.907687027419    83.26919675231102    1         0.584454640223409
5768.264654965307    3148.650345586695    1         46.58159656579197
5961.0419915745515   -6083.378047917654   1         34.39821821517566
134.35877169672858   6150.910716432974    1         25.685836568613944
4882.324845998655    -7093.515393417445   1         0.8689847929028162
6580.108013946813    -782.0197693439025   1         26.326801271258077
3410.865053424806    4569.345045842133    1         0.5320439849288349
-7089.422087535391   6826.512972074209    1         0.39295165851092884
6510.231216604455    6209.681594912413    1         0.25438321088638416
-6846.252554127921   -5705.479560443984   1         0.37008210229287475
2111.329136800224    2271.196362209192    1         0.8762517689363168
780.8603188909402    -6757.886298880086   1         0.8420074148922636
-4725.419770853363   3771.0980547499785   1         0.2902521214237525
-6154.8839373339815  6608.010628577332    1         1.071725127989116
4928.899797745959    5779.146421446601    1         0.7520616950766436
-439.2342814729209   -6166.993792095381   1         0.7981010667995762
-1420.5056821021517  6030.643355721286    1         39.85818447766638
2107.2558883383863   -2573.9458809424345  1         3.2432389053641364
1783.9857311950059   5290.108244703068    1         0.44311530596937065
-198.2358435587147   -1220.0088570186153  1         0.4714432949114755
-2385.9912705300194  1032.4773498335505   1         0.1706699884304652
-1923.524100353884   6847.554593029125    1         0.1602291951844823
-4098.790367931408   1827.058430344174    1         0.6895775263586751
-2147.0790482420944  6784.898620348782    1         28.931850807343395
-6049.008274236332   -3141.7839855776074  1         1.0948587327363044
-7051.365878157333   2509.4720612995734   1         0.4600114663783401
-3671.3063160667025  5853.523507069425    1         1.05983181203697
-4434.664917373343   6513.1106698123185   1         0.5869556047989258
-5701.747506930683   79.94742540562113    1         0.9602365215333168
-997.1266818281046   -2120.2995504074315  1         33.001282044858186
