trucks_count 5
drones_count 6
customers 99
depot 0.0 0.0
Coordinate X         Coordinate Y         Dronable Demand
-14773.155669474228  12821.202435271149   1         10.995782212229495
-11448.337687562123  -15330.24129036388   1         1.073272152029961
4259.001090458296    5807.356270429861    1         30.7743009551904
9634.579615798908    392.67133969380967   1         4.36331593259946
-7676.40748327313    -1968.1533715471815  1         1.0403410137680678
-1579.7752085763457  -889.4603876322101   1         1.1416529581709256
-480.7046603186922   6242.700971025442    1         0.5432020730874948
12193.898444209852   9148.752914074263    1         0.7569407377934247
6453.61368736358     -4980.379969041556   1         33.08476710993716
-16718.643880745167  4437.045076007362    1         0.6260383944431966
16168.549939562887   10025.383298841247   1         24.4970669581423
6108.852510789605    -7178.677164553133   1         0.4355035582421908
-4683.761309598546   4586.334812153326    1         13.469814015508023
8963.05063089342     1594.844980267651    1         0.7692136657560772
-10838.977668417654  -1484.0127790886738  1         1.1992904388113754
1325.8803839533946   -1921.573115799769   1         0.34591428765700105
5036.865335276587    6920.65197395811     1         15.133481921984995
-1657.1202637262104  7029.382902161724    1         7.124168574827277
-2608.701622458068   -9153.980809590028   1         26.62461525897955
5241.121255777068    6336.961202992128    1         0.9555833489108014
-5671.129591653153   2924.606462006029    1         1.0275172289436285
9328.848844616194    -223.87650790708847  1         1.0916379273754484
-9574.680513251078   9600.17908647261     1         0.47934618350458413
-1734.2616814932233  3256.14736418459     1         0.5371340966796562
-3858.559374784215   -8459.593087081616   1         1.122681976620766
6947.084035218517    -5319.284878806936   1         20.298816460258827
6924.620160647925    2385.122110912964    1         0.3049541815163427
4114.03208199232     9116.37493834646     1         0.933114048328024
-9866.298444897626   -2143.879038790585   1         0.44891494570601553
-7331.693040833891   -5335.480417646813   1         0.8065686333671755
-229.37233389530593  3207.6266139762483   1         34.235856273935404
10034.514011903535   -2925.0083108500166  1         0.376398835229675
-10728.43324576597   2140.646502357034    1         28.744940519113534
-10580.159623615573  -1422.5748894975477  1         0.8986012632476549
2564.858033182128    5965.869225833235    1         20.68630133406429
-2111.333484918485   5560.516852782986    1         20.4874033306813
-1611.0367436180313  4426.382921891396    1         0.7106521780704509
5052.690033647212    4696.229129782586    1         0.13029603995099784
-6424.619160312038   -646.3874424963315   1         1.0056287299596671
-7428.745475441959   -6229.955961293376   1         45.56409035140044
11261.884887698074   1927.8150990120812   1         0.4527620591386353
-8799.47721654687    4030.6169581799736   1         0.966393105486342
563.8879530094982    10234.420613192084   1         0.7924616631545004
10013.426459020979   -461.72216602329354  1         46.670308122586846
-4424.689882372949   -5891.900098161081   1         0.18319191439807964
6039.401960545567    -1892.2507004436293  1         42.75204808853695
7297.810025902384    -6596.99511012741    1         0.5310704176667429
-295.9652403287373   -4604.108155592671   1         0.19107668758488433
-7630.903713094164   -7006.231747711049   1         40.92500147458149
1684.5037289791633   3685.230337644638    1         0.5688437937046202
-10432.658035763612  2819.030787015839    1         0.9268063713278407
-5475.253953619489   -6450.875630007442   1         1.1004852890425123
5725.034338166198    6584.205638206604    1         0.6583437245890833
-14212.462350487342  -7956.185986450833   1         1.0310827941365768
9456.486817000412    10886.367341076791   1         25.812090256683888
-8908.059961112118   -1276.0196075637614  1         0.5462597253953163
5048.787714211654    74.54136238434734    1         0.38196952596694345
-5467.7677987490315  -1619.1398690267924  1         0.18704633761602316
9514.728258628784    -17552.488871998765  1         1.1287273920226997
-5083.218242805758   6107.576117078666    1         40.9576299281921
6901.547904330132    -1391.6718058042925  1         1.09066636322859
-5015.18118356083    -8019.565778133116   1         0.540076840066174
-926.4643200875855   822.6459051503788    1         0.24356251749058327
-11355.832986325539  -17371.07858245324   1         1.0790772111894158
6509.433985001121    837.4054078318919    1         0.4347065728758418
9535.871777560173    3331.9966843361713   1         1.6280200943709837
8971.298079800476    -3026.817067528365   1         0.18166924547676516
2638.146165810433    1028.0607437820086   1         0.14500603762244715
-652.1503158386731   1653.790172905403    1         0.4290677382631124
9440.992350968789    4311.08008195125     1         44.432427409692856
-628.4196955078739   -7851.667494060873   1         0.6883685412736296
2228.560421604756    -2488.4670555640364  1         0.2872799657554672
4896.388290257473    4946.463465627282    1         0.757457526884232
-843.3909702701849   387.21052602667555   1         1.1185798611465347
-6684.231949329155   4371.917028465251    1         15.681396550550645
2501.1759705399777   4808.493648545391    1         1.0893552936405564
3076.600410934759    -3034.763509022445   1         0.9852086649739206
3908.7664669019755   -5547.902593989605   1         1.1254126117458942
-1537.2358983117806  -6671.925993631199   1         1.1708417381875507
7103.921548338917    -5877.368776040125   1         0.5981829041284712
5567.486561012605    6808.528127554115    1         0.14009027089109763
5089.3962782325525   -9319.134469392693   1         1.0565660827698906
4038.969607151968    -5831.647156666559   1         20.525059819438443
10571.117152310095   215.80972645630604   1         0.9209249367180247
8431.876137169413    13002.008607559994   1         0.24876744817704288
1766.972987451813    4213.198372461921    1         0.913808648041624
6190.16081791861     -7407.522959448568   1         0.509456761631178
-8448.949889854965   -6236.995962021574   1         1.0253526231609724
-7438.459756460195   5827.491350872196    1         0.40233972708495747
-95.12401998215064   -4003.628819434827   1         0.17952282681342033
-2522.473839956826   -7697.949735191527   1         11.354913485921598
-7145.460816523483   -5832.765989384715   1         23.96845189821604
3967.1245151856297   9543.747164524315    1         0.7370001056778531
-725.1018071167017   -4870.246745086891   1         6.130844534341062
-14226.26823947081   766.1225838978316    1         33.869306745935546
10125.452108530331   -954.9160493273746   1         0.8362141132306072
-17240.186094575707  9309.036340629194    1         0.3510979808792333
-6697.210180449237   -2643.0230344889105  1         0.5766366114281941
-3487.203679403786   -1821.914444458012   1         0.24795385966670552
