trucks_count 4
drones_count 3
customers 71
depot 0.0 0.0
Coordinate X         Coordinate Y         Dronable Demand
3361.1892368169383   9756.297689533638    1         38.93795476541367
-5582.140538465537   7242.962295900522    1         0.5947742608025464
-3241.8996265629794  -3268.1772879583837  1         0.5410333338465316
-5716.145313102694   -13651.188952614197  1         1.1426059171966172
508.47883911865296   674.2054916330559    1         1.0905218671958414
-3110.128617241836   -4013.8652630000497  1         0.5285752716028902
5830.981872903504    -7810.674946769294   1         13.360574779561167
-8891.845223880646   3418.801416288817    1         34.88794865421467
6078.599000549027    105.80050338021468   1         0.2746691430485222
-13409.249084755693  -4104.909198544059   1         11.257014837438357
5867.381855208476    -1874.6537854226626  1         0.7961539409934771
22.590275390121253   -9712.204894778746   1         1.1277722514119046
-2347.03896590637    -2195.7380145368943  1         0.59347172705649
680.6097898780553    -2853.2833423209645  1         12.743708476883342
-4958.123365029893   -8190.783863444215   1         0.3882168769605009
1453.7645223660145   -9217.562368629833   1         0.24967631540549895
10847.695662908498   -6689.31514608563    1         0.7959548690105951
14553.44899653701    -13146.838294262274  1         0.9458060778408602
7599.078227543606    -6821.519857920055   1         0.47550183399950063
-2858.0359700351405  -1909.4909883804737  1         0.3172463223410238
-7103.756262548462   2060.6912593850543   1         0.6298000084667618
-7115.297183363641   -4944.99252837384    1         0.9458351595348676
-3520.6878815149794  -7144.937750474536   1         0.9948602647613197
-2961.94032699896    -6257.040692664717   1         0.7386724020036761
9868.373311203335    -5524.026253333293   1         34.692386277898855
-3906.5381936697177  10204.841532627495   1         7.538415485363273
-3164.028986649951   7330.892426991195    1         1.0579793443447778
3789.706856261791    6329.508647025477    1         1.111954948227203
-1077.214761782967   10319.047718416496   1         30.05184269690513
-10907.697824778663  -593.7168573087788   1         0.7791415071648152
182.52100259252057   8120.534447421769    1         0.20774930086418575
-7604.80971578064    10492.506313584263   1         0.8629037624642963
8494.360787329166    2640.258483793366    1         0.9652835663340015
863.6456734064941    -7274.0046059410815  1         0.3372484456582613
-7992.722369379479   -3594.9481532322734  1         37.22162744694893
-663.1970527407668   -1173.6122180260495  1         0.3569388310388393
2662.0187730344264   6590.65294848368     1         0.6664047306032088
-452.6517969929579   -10125.46163128086   1         0.953341376980348
3855.638056957054    -6318.767362282274   1         1.145134810972822
-9894.509151997916   -3713.373883440768   1         0.19905952942310737
3829.2926147277203   2024.4458280648987   1         0.5103919757747437
6360.925177123348    -941.7767229582282   1         38.49497091712834
-8005.466359231988   2382.2689427041373   1         46.36293810889774
-1797.6391521731832  2739.5263871694633   1         0.4073293447679215
589.8785401197432    5921.562284703571    1         0.9373318081434535
-6513.16537711753    9885.657219425198    1         42.33694824046075
-3866.958407842374   -6700.550256135413   1         46.21608610872473
4572.859792120218    515.1803349274377    1         0.8205449310063123
-6333.218833433      6021.533194709855    1         40.45586933465253
907.5312497218785    -3172.3659713784878  1         0.7763555617142285
6348.195546878012    4078.0146320388053   1         0.15649443088031653
-11472.887821979068  8723.382115737326    1         20.40135866552815
-5406.157189515734   -8055.7139782026625  1         0.5235265347792596
-4707.571199205301   65.12791943108076    1         0.7440798893749554
15205.897898627582   691.3982801947041    1         48.71851231668679
973.1774773001647    -627.5222307282849   1         0.3946958748208047
9585.266424850563    836.1570248290934    1         14.836471164976023
8644.68677179588     13826.281850252495   1         27.401626749599195
5827.639097037877    -1290.5709508025452  1         0.8608909905978136
-1639.5514918798035  -3890.752147886793   1         1.1758877845370193
-2931.9741947272078  -1169.030486683521   1         0.6176717753456871
-1922.8617880390368  -8977.189955507736   1         1.1810476438607524
4064.3470438071427   9297.277176006828    1         0.1953639339623947
1518.951932573266    7532.188475154378    1         0.3431476686710747
-121.05955142467948  -9737.779862921016   1         1.1100406619911936
-6104.93571422276    -1664.6757539452074  1         1.0834602733584577
7507.135410540179    494.6668245408632    1         0.7857577497870091
4885.167360264625    6200.197561660221    1         0.6685598323060287
-1558.7813589520338  -12152.273630303147  1         0.9506629240470895
-66.24078658179388   8290.863837185738    1         20.811225335352887
-5522.057328665713   -4438.020601113343   1         0.43084910968751866
