trucks_count 2
drones_count 3
customers 35
depot 0.0 0.0
Coordinate X         Coordinate Y         Dronable Demand
6734.15323202592     8317.798258221816    1         0.20607258517570184
-7676.899761378905   3287.10046815777     1         33.640449228169516
-8516.561694549418   -295.2621182318881   1         0.41095615142761466
1747.8028558719564   -8009.590041165664   1         0.4440773898922804
-10679.755346232765  287.44728442114194   1         1.1920502582240953
6840.5542494795955   3736.0643199532697   1         10.66589442299746
-779.1599148651467   8960.771220457309    1         5.859088123712721
1834.6006606992469   -10090.101654073595  1         40.52669657512394
-9119.21319139283    -3564.551838016013   1         0.1908744734976851
1270.0025137078949   3270.4422821734547   1         0.4135945419166793
10250.769364342303   3729.9846299297305   1         0.15534079208467466
-504.18803660399726  898.2206066240722    1         0.7620097721560549
6965.766976825385    3802.773989493556    1         38.755488951589385
-10536.790787288643  8320.128110945974    1         31.603004481021635
1548.775966684023    584.864227119433     1         1.196101634531172
9570.15041738867     4441.090516738484    1         31.579004620438244
-3391.243757865724   26.98161573705159    1         0.8662295080745347
-9635.235839494624   4983.691515746941    1         0.8654353264945935
10275.967788407961   -3969.7259630472317  1         1.1622787650543276
5938.817311804795    197.20839105634533   1         0.5928217621324725
11207.891505909261   -2113.8573739673575  1         1.1182830341543122
-9957.093928625703   -1799.9577188941012  1         0.4476644447854915
8626.97368424922     6684.515572633144    1         6.163398128669093
-7735.417843618025   -3614.3174493172755  1         14.401713459127775
5076.926841126347    -2255.4608372077364  1         15.417660275306456
-9376.666556725273   3541.336793278881    1         0.5976875353598665
1735.8030462755269   -9722.200015643335   1         0.990033746088057
3093.8729240729026   6090.0642307934795   1         0.9266192799180121
6322.493551770589    -2143.4170009946483  1         1.1968209892913204
5294.447267765353    -694.060447706997    1         0.6706519197442018
-11183.917532752146  -5975.544416208058   1         31.134997113442015
-9387.30633201367    -2221.9860718816153  1         0.5182378999671529
494.07081036798456   9468.533536692423    1         12.748407710844829
-660.8099150727048   2634.93427230387     1         0.31733632666766
8841.570597790995    -229.04870464215244  1         1.2179961031462707
