trucks_count 2
drones_count 3
customers 30
depot 0.0 0.0
Coordinate X         Coordinate Y         Dronable Demand
-15669.39792678855   9451.905646457744    1         0.7629753880840607
4672.237403639185    11583.66499303163    1         37.69963738565215
6674.738667605894    -5543.888266154651   1         0.1902785941975776
-4550.879431655631   5124.368485205026    1         18.711630309129337
8814.690614513147    1804.843308963751    1         0.45099523876162906
6868.180191536642    4381.0612125999305   1         0.5680582260816166
-5160.703898337411   7070.479192167029    1         0.8945989144347338
2147.2302922520707   -9846.995516848241   1         0.615289732320719
4627.080261274008    210.4888353667484    1         10.450337541494033
3232.4311197900056   -250.73370046739058  1         1.0593653574484376
-9663.275121488732   4500.104843537151    1         0.9673602916715404
-1922.2611375124475  4302.499770624133    1         21.21865056348331
-752.7086079851165   2077.8504441995156   1         0.35177512840873326
-2727.49296403337    -5731.1895400664125  1         0.5939809215917121
7257.885004211556    4591.606693563372    1         1.0880373339329408
709.0742178071221    609.1600704345018    1         0.9096115158200596
-5576.265418433305   427.2264159403864    1         28.109813274381647
5481.434723421779    -1703.5329129976492  1         29.285076517233914
-16310.214015011928  -4417.586590621455   1         7.166526759502997
5798.521891452316    8100.319326047167    1         1.1473180305724
91.48605572563525    -5609.105796032601   1         0.7202403381293286
3292.0423594450285   -2678.3509745677006  1         0.6945518115487759
-2812.5353560700755  4811.388828178319    1         0.646951680948228
-8412.111044213807   -2550.660263590163   1         0.33874036140122465
-1570.5761334710414  -7826.297469193101   1         0.29587721173300585
9169.803500094968    -4573.4796718426605  1         11.84692045878187
-3944.6211726379775  2128.0061884596853   1         0.9010079624592598
-13930.92146985203   887.0598972038533    1         1.1628511725575876
-16.957963319833034  -5782.787476057361   1         0.14965590815909552
4245.370288716992    1637.1515544197212   1         29.52110062035045
