trucks_count 4
drones_count 3
customers 75
depot 0.0 0.0
Coordinate X         Coordinate Y         Dronable Demand
-4557.13648905146    2392.9574183283466   1         0.8241492259168697
-3905.0047000949103  2934.7958546846394   1         0.515311517569746
-2180.3901088623065  6756.766713288551    1         0.37532137669112386
-6054.367552374214   -6267.597584440113   1         47.311026567915896
-578.0157168815349   6327.9385308978      1         0.2555284448797692
-7969.001333049259   1845.719069419003    1         1.2415915650489104
-4588.9545816883565  901.9816049307032    1         0.9664353822214623
1844.3801764379723   -4948.359447111609   1         0.4704248332410298
-4395.499427033394   7439.011325254847    1         0.3856759543759677
3780.566865816574    -7017.485313344079   1         1.2431682421859345
2609.5542572634545   2690.567265647292    1         0.8930915985105373
6659.1151252836535   -1273.2813979797045  1         0.39539706660010077
7270.425136834733    1299.901181443438    1         0.2766532443658476
3235.2279125337736   -164.07867841158185  1         0.8977353947039034
7361.37282819099     -725.268018798718    1         1.2092921992273278
-2751.7667966740264  -5521.8957597094495  1         0.695170202383387
-1771.929374148311   -2940.300355730853   1         1.2267668688457167
-2952.5759654060985  -5226.76018583847    1         0.6414649626022352
7735.5769333329445   -3777.167445136606   1         1.176942184904094
-7214.027464538543   2566.398885408429    1         1.0076078545931195
5710.189127554153    1673.9877332880767   1         0.3212645983705587
-1576.9766650328515  -4372.098781265724   1         0.22240022898795958
-1776.5618244474524  -2807.1057818218155  1         39.317971445950064
-1277.5031295096978  2628.8285519881733   1         0.46729165375000037
7909.187225916846    2206.7839329382405   1         0.20346493055567358
8347.18937318011     -539.8777669994533   1         1.2379333174868654
-7556.561851603832   -7285.730974073812   1         0.575614618939335
-6120.724878556203   -3654.8736011205865  1         0.5200928857755809
2744.9095036161293   -919.3210183207664   1         0.18223684961257341
444.4277126803193    -2201.3582612756586  1         0.44491015120406296
-5285.646290063633   -4715.2712562297265  1         0.4638138348333717
820.6175600273374    -5651.238855799764   1         0.9092753931330207
4178.640904133914    -5608.745138724216   1         1.1408206811309711
-5269.415575431571   6629.984892841073    1         21.83831259299084
-2590.5478863577237  2818.761866456929    1         1.4901983886787042
-3760.6410108691966  -1500.9935084460851  1         1.1002147517269525
4929.447180647014    -5661.710049747613   1         1.1083422800220601
3018.4906177600355   -7154.140842836241   1         1.042910388819911
7633.6721997886525   -2980.2648049927643  1         0.5682670869128266
-7868.268052405294   -5899.845369190678   1         0.9736658282005238
6106.516337070612    -2235.0306173972704  1         1.1015835500305131
-6708.573110513102   1105.5745579519935   1         6.685739302810933
-8382.81528538421    -7048.173501140077   1         43.16558959187998
-7358.607288402343   -1990.6629785054577  1         29.95705195797012
-8085.3318858183975  6544.129058477038    1         1.1342226221090461
700.6438151217893    4131.5939937359935   1         1.2322554182916634
3895.439290251276    -2267.395322307576   1         0.40368230994501775
1995.2048715546237   -1305.9406817788065  1         1.1931745173421324
1798.0665869925742   -5586.1194866297255  1         0.10978906986575514
-4334.67468752595    -3227.6080975726773  1         1.0312873388117543
-5637.814889151605   -6504.971490072954   1         1.191205197919392
712.8720824505909    5751.366537992309    1         28.791610471549987
1564.7849506825626   -5978.711759220903   1         14.045653488255173
-4392.121874831572   5439.880344307779    1         36.92071764848342
-1495.7969666800848  -4330.844434651145   1         0.4962645894416633
-1833.0833062392398  -7944.3185145863135  1         0.4687110071445133
6508.478068459982    6745.251277197527    1         2.1791389685511886
3761.9803459448344   -7256.715229017599   1         23.361438031673668
1219.6253827060425   -3032.4414903547613  1         1.2140668767453857
6291.576567294449    -7433.413411060608   1         38.66066644055112
6289.748316539231    -7507.433692441957   1         1.0943607649981661
-4710.29789621393    -6560.8529466951595  1         0.22163393093432987
515.0030182628755    -3453.9200880255758  1         19.22981344188408
-4460.263517932475   4241.0823672306415   1         0.6094129573634631
-6912.580685753705   633.4438731540656    1         1.0919012918397584
-6512.033883757417   4433.416435204061    1         0.8568854389937498
-2845.458160028642   7925.194702021612    1         0.40136301921609907
7627.585821977555    -6644.714904364891   1         33.66107148090843
8017.002258176106    369.1893463291177    1         0.22295816150662928
502.031312314747     7598.933221622441    1         18.83377887654857
7488.954758267646    -6890.05745666898    1         0.8809425797966643
6891.955691352997    -3524.314166657044   1         0.37274532384820847
1390.744618796057    5831.063720383489    1         14.706648759444521
3664.2368201125337   -4385.124933458406   1         0.3889756255769208
-3356.7530859626418  -3407.2097343446685  1         0.11808483185643975
