trucks_count 4
drones_count 3
customers 60
depot 0.0 0.0
Coordinate X         Coordinate Y         Dronable Demand
1976.7860495391776   -9275.997624904236   1         0.17189262315927786
-4555.724774125071   -6433.187514166571   1         31.78623677474616
4076.826769315216    -393.52188004648883  1         0.5640740928246751
-3860.016449685037   6707.38569975802     1         1.1211972270437074
3628.368028765505    -5734.488237053793   1         11.737659007674706
-10587.673812384872  -2278.633781587388   1         0.728055772868401
-3022.8344144260154  -4806.866926177308   1         0.8359119270682766
9071.94010882524     -4545.321635811714   1         1.011543868387138
918.566095169893     -8549.156056443182   1         0.9756472561504951
-9068.854331605105   -2088.597565462011   1         1.0679526386066858
1795.8120781577127   -3626.314142069972   1         0.9863035796289321
-3628.453518218176   -2619.768409908853   1         0.5332601267366254
-8429.877128500784   2757.0939275894916   1         39.1501382792339
-3427.560646332591   12884.52140751345    1         0.2834399255656821
1391.2624336087658   -9244.235342144748   1         23.924030536572904
-4236.952570444012   -2223.4252722105557  1         0.5855270804171233
-581.6414080165255   1103.5675019498046   1         1.049503485118374
4162.181753783748    -3268.690658434179   1         44.25794260651908
-2981.8319074209294  -2938.0089088780223  1         1.144085465423258
7447.430387471375    -3623.830080183795   1         0.7249780886496862
11272.146953743719   5481.2085013041      1         38.919775511935036
-6907.943895034306   -5110.375427445693   1         10.9224695698368
3907.071702134072    -10095.897028024538  1         0.1366091966007132
6469.738140225791    2830.87383929209     1         26.792210711469107
8291.581986526837    1762.841773877526    1         1.0189679528415827
-9154.140103535492   378.47057277380145   1         1.0194412267288648
9024.848109646879    5341.278019580888    1         0.12151762877820341
-8768.46866437961    -48.25142178440662   1         0.5477359957252049
-11961.237261236613  -9733.095756485898   1         38.54431354600576
6959.27674804636     2274.2220417820226   1         1.036089428431459
7465.173856391408    1301.40802792029     1         15.438228416808945
10395.545964896239   369.6526047941348    1         0.6647210687124707
-8362.741556075782   -2863.1936743900214  1         0.6139385580772455
14398.38008971635    -2213.41044077476    1         1.1300057539279906
-5016.008953048572   5023.312444261789    1         1.0161063420221705
-5559.297212624926   -7900.713328345595   1         0.8108606757917572
-2016.2536420646013  -5774.9344316122715  1         0.5997545965890847
7045.172245374962    -2711.1612043314226  1         0.5835123827285987
14.232685255481606   6209.720391383244    1         0.9475930907996368
-4955.966781140197   1391.9095767445274   1         1.0824572966967119
10365.483685485386   -502.4916173596301   1         0.5670601153103483
-2559.737753395519   -2200.2499592817408  1         1.0655032726259368
-4797.378313401591   8471.076813508562    1         0.8073351253264416
-2062.3921055232963  -5191.1019727575085  1         39.12699460184767
1816.8935689067594   7849.234489987132    1         48.2493313287366
6946.285127221916    2709.746055318363    1         12.732830876108892
-4127.935003956606   4249.658073959999    1         0.18575443532109415
-3177.689154483402   5869.679250528506    1         0.4687265838339577
1066.617676195573    -6418.389429041278   1         1.1670769007770683
7097.469760880685    1055.0557457155815   1         0.5905425459916603
1438.8584437074467   -1274.1957339651437  1         0.3356864162794605
-643.2114219871194   -6312.695832206452   1         0.20508691673533935
542.8894340039333    -14399.689810648826  1         0.8198895688176884
-941.0242809675253   -3445.818561189848   1         0.13809151016478488
-10453.948728694788  -2587.817672569172   1         10.598720351572835
8643.166618090561    659.4130830743272    1         0.9446149828594709
-1559.228574684715   -10073.937727661825  1         0.3643329964262819
-2352.934038093981   -4011.0877861652543  1         2.5869521775098563
1892.751539655067    9405.503379704214    1         0.364765421450282
-8480.411311338135   773.6714056986332    1         0.2314172824282737
