trucks_count 5
drones_count 4
customers 100
depot 0.0 0.0
Coordinate X         Coordinate Y         Dronable Demand
-1513.6697719990632  -8305.957136438376   1         0.6552375240023808
9521.154198071843    584.4834956069076    1         39.41520660083744
8153.809032702202    -8264.258450524872   1         39.800319078646815
1680.1046759506619   9074.971663398517    1         0.32709196516139116
-755.8168954707986   -775.84854922379     1         0.19252083223397992
-3807.4633690027213  -795.9907056854364   1         0.714132792351398
2671.9454323824234   2055.979567236945    1         13.630663484866451
2584.796306111394    2370.4847473666755   1         0.141728663839417
-2460.9557275351463  -9181.437153992892   1         0.47420207629228683
6839.960801045507    -10162.417678929596  1         37.43503639313696
212.74292576689618   -5097.897216701273   1         1.2154776174614506
7912.38795157727     -2534.4945507831912  1         1.102252020286651
-9469.234508867441   3382.8992515451737   1         0.8999470443723303
-7264.274032349177   9270.620207108723    1         14.745704905847346
-8573.31120656689    4259.2440010773535   1         1.0138412318379495
-4419.867815623853   3801.130144048149    1         0.2762426731146587
-6609.3701571613865  -2689.8831216063013  1         45.697272239933156
-2657.0128240119593  1681.3460363393658   1         0.5970167741681861
368.67252786428674   10195.670073268073   1         0.16245234156346816
7490.915712069773    -2978.3573521954095  1         1.1779727444213715
-1317.1931787669193  9045.819777964934    1         0.6616793511773031
-2119.1422777324897  -2051.9437740662806  1         0.11309619908303536
2777.7201038297944   8329.866826733867    1         0.2925635131607732
-7112.351496280921   6357.643588787929    1         21.392627303292564
-4173.507644296163   -5090.413072073532   1         0.23259931613525947
7021.2707559655155   10255.033262123461   1         12.318156412401816
-3627.369136682037   -2767.4529744062593  1         35.506780863343366
-5942.0699598801     5402.399177872368    1         0.25824880978522197
-9465.139881917086   3674.1237535108303   1         0.6553005540910455
-530.4311913704802   2767.4963025590446   1         0.6472270589706148
3270.0872686264465   -9817.653426217954   1         0.7240927095482353
3440.4049128222287   10004.531336949423   1         0.7235199215624459
-6746.6247827827265  -2313.488145666519   1         0.69853417649432
1627.143489394487    4156.4169036709245   1         0.49855857124290737
-341.7321399805415   73.35122467405529    1         27.457602835724543
-4984.597355061541   -9649.752969949344   1         0.1792445729162346
2381.328145220403    -6276.06544688973    1         0.9788724386723343
-9108.229960706436   3581.9615926549136   1         47.31489757103609
1000.2538693302577   520.7821791717652    1         1.1783047143758694
8237.661702996225    -5853.070833579982   1         0.729067639386746
-9593.212344020347   1448.9586960892275   1         0.30447825779031656
6902.02055723221     5384.453239091721    1         0.5586013984758408
-2407.474296151388   -1850.636567887663   1         17.718869438046116
-3273.2632430642707  -795.8109602577897   1         0.38222371338406125
-8363.78396096127    636.652404979497     1         0.4227126153395966
9384.206934667927    2314.38391230609     1         0.7922168284931654
-19.3807824688924    -8143.423919766619   1         0.7459899405203196
8237.99664065703     1518.05070684179     1         0.5753695052810819
2181.7899898712885   -3818.5340316644215  1         0.6896421587354418
2138.27990328756     -4911.1912369769625  1         0.3576893534990011
571.5648035277953    4035.412589140437    1         0.6482723065573056
3401.238648935447    116.43067500510048   1         0.9439727825882027
3008.674886021985    3625.3167933626037   1         0.5279714403839193
-7217.246968343359   -3636.782791296726   1         1.0818062293478095
-2548.4478717406055  3804.8841820986295   1         0.43672210623555086
-9368.742279140864   -488.3732266490267   1         1.0616646843306368
-2880.5745047572113  7244.574635358059    1         0.5709824573254878
3078.326613101925    -6702.782076432508   1         0.7714349250305995
-3987.7579004478885  -2348.948825936472   1         0.15723961299145997
8527.016904488099    -5665.365715621789   1         44.042280659550826
-4696.994711390616   -479.7525132523994   1         0.3263005171084304
-9961.751902355276   -8166.307983363964   1         0.7524516627312543
2021.1974016815982   5075.913553030397    1         0.5934040155386459
-593.8283755803131   1248.0000341758096   1         0.4999597595452676
6160.681303259837    1929.934718560438    1         1.1538374902250346
9203.965716112309    694.8513960461132    1         1.1756858475526009
5680.128489496103    6061.790073824722    1         0.9560426752855566
-7920.1884644106285  5632.421212623916    1         0.1863401796516576
9458.898456208828    -3606.5423348005006  1         4.326427680260878
5103.039389687414    -3111.4720331680687  1         0.4265782722453866
1206.2527976307433   -8467.442464907796   1         0.12479510135757547
4285.642562412389    9760.795813634275    1         1.1736341226462874
4898.66974191545     -3166.3033476160317  1         0.5318648333284759
6695.176214744975    53.60667564834172    1         0.1265880791380848
-2755.7581207498133  -1049.498461081166   1         0.11706738527443677
-938.1455602284557   6183.022625255155    1         0.8812222417203659
-1125.1148559785802  -2714.4115720164455  1         1.1020171964914856
-4755.111338593881   -4950.833104056337   1         0.2865029745944013
2100.082654890378    7962.188499829453    1         0.7534095583736515
-3102.57637109837    9505.63993478484     1         15.816826010662803
-1117.8685013507836  -6718.5295813516905  1         0.7780015008514325
8135.159791039559    -6834.028764466271   1         0.5289461612982855
3787.737635532733    -2193.1311429658326  1         1.0659114150338067
1631.713742082265    9353.015451506466    1         0.3747088781248884
4050.2529608888017   -7207.545725082704   1         0.172388101111559
213.00999791780882   -3039.604877601921   1         0.8196341360788948
9297.02857961512     2439.84547082511     1         0.528444278636025
-7573.126880555483   -26.763093557650638  1         1.17663269792857
-2138.528168646767   2037.6237002528285   1         1.2062845962234716
-2145.051001388289   6316.851769206347    1         0.6053283914803256
-1055.5081947537842  -3439.2762864321608  1         0.35120280471975185
-8586.67568363211    -1011.6366541658897  1         0.6560037310375065
8951.792444000137    5050.299159513601    1         10.555868668460644
-3584.3024096773315  -9658.720234667284   1         1.2316831185617034
-2748.9434336946574  -1860.0306079447976  1         0.759782148546742
9405.273537013345    -4670.670011704077   1         0.2930163921059996
690.9508916152922    6188.213058130581    1         0.9897557027200985
-4115.947186065217   8703.138407834344    1         0.3224515659844949
3997.5724008982156   3538.513981141249    1         1.151306372658985
-4163.133834437685   5069.628208163944    1         0.4251872311265813
