trucks_count 4
drones_count 4
customers 55
depot 0.0 0.0
Coordinate X         Coordinate Y         Dronable Demand
3089.4060136716516   107.5493418738284    1         0.8473243860152123
-4899.287587120056   -6741.371776480534   1         0.47473490752774716
-8829.450644916578   -3437.868871595597   1         0.8101255473014539
4583.4071127074785   -9734.125273131804   1         0.49825581223314075
7503.427533175481    -1951.0991245091532  1         28.691841294309384
-9738.499734636838   1041.286434270013    1         0.5860688246642152
5811.3920010962065   -907.0051693456186   1         0.9810474131350307
-5081.727425771354   1684.678815253057    1         0.28084235092904375
1182.105766425058    -1542.4527138034914  1         30.22254415387714
-3419.2419329496865  2510.80324137655     1         1.0136673226721278
-3314.3148398461667  7428.907884897134    1         0.7150732738446742
-6803.140098517844   1930.4937736882027   1         0.9366851574550348
-9394.722844308426   -1872.90612769254    1         25.992262051050588
6141.07527702176     3078.591565214857    1         1.2137673610236743
-7118.103006112991   2693.5687694098747   1         0.7055256240563609
5147.91582842076     2766.013722162868    1         0.20247756442009332
-596.0691277276175   -390.18270605796835  1         0.9323074152136518
3287.6180300948054   9517.292526469198    1         0.1551877846357641
4507.403533727136    7508.617112988205    1         7.288563817767292
8276.254371375322    -8223.28575391629    1         21.63605469495776
-5032.796223618839   968.6055908728512    1         1.1947121781742305
7357.279457386265    -8085.5227873627     1         19.742722645908284
7458.780889206766    2633.9125783367945   1         5.09430767695965
-844.6312133054034   -4332.463710547273   1         1.2174233208175964
-3240.703308027438   -3978.269374077007   1         0.6557757211718741
-483.37943535481526  -6021.520929486454   1         0.8913804977835977
-1925.5036082860315  8323.83677316092     1         1.18768001155801
-8274.893304964276   2372.7163661314353   1         0.8941898251099691
-5772.254261291702   11507.965622846943   1         0.29862666697413154
-5037.488383116232   4384.05916439341     1         0.13793046753690508
2394.5938577120614   8673.760602508808    1         0.7985151402537576
5983.534575877437    -5935.628685859407   1         1.2033128455145186
-4101.442186353005   -9069.210305926159   1         0.22386396504800068
-2995.0417623993408  -5690.799373809083   1         0.6661863184954746
-4131.103622314662   9141.596665184075    1         0.7900062683267685
2521.600026294349    9954.168898676257    1         0.6864108988916087
1846.3430074131782   2549.7097885250946   1         0.4613724679199963
-6464.72042519163    4620.642384982471    1         0.8399459949738345
-3841.526628620775   1329.9764267947248   1         1.1956915248477202
-6739.981287149555   4168.516629835518    1         11.344199104365027
7573.489181780666    -3287.235498689916   1         0.5911131093134347
-8977.750765054307   -5148.049177744574   1         0.7403476706395458
6337.5566586961695   -3661.042472657955   1         35.10313101756631
5399.036936551589    -4150.117312914823   1         0.8902163546098918
-2181.923088568467   4872.442688153704    1         47.419024260796206
-9282.80297361156    4914.523334783642    1         0.837217855693893
6353.334535146142    2746.9795516390263   1         0.5201635198662371
-10017.694685524286  1304.3751742972363   1         0.37438834352483275
-8561.656745679247   -11124.922330978308  1         1.0957241219304066
3650.5944112569027   4777.657653018639    1         0.25358254192926527
8777.506284892273    -5900.706176184735   1         27.913004312722915
9225.115469684808    4177.084575586298    1         0.16701713703339738
9636.796734827501    9306.856178319009    1         0.9080927936230562
699.8836382749728    -1741.0662164575224  1         0.8393440862357954
7353.815333208506    -4858.1189024457735  1         13.715851919261604
