trucks_count 4
drones_count 5
customers 65
depot 0.0 0.0
Coordinate X         Coordinate Y         Dronable Demand
4819.399698110206    3454.8147850268833   1         1.1879069234782076
5864.538789011777    -5444.056162655045   1         12.289557641663665
5183.744621811523    -1661.2425255675398  1         0.20041859313988758
3960.576439635406    -1968.8564675417656  1         6.162818952487406
2559.9373821373038   -169.65814938216897  1         0.6496788395189005
9262.510680013655    4275.092615926501    1         0.7284142263995089
-3874.8475701623097  7307.082050767479    1         0.757802060647302
6651.232931253884    -4213.240787789958   1         0.9882939083054112
-622.3031500829592   -3964.101960772944   1         7.470353121800708
-4114.9631970667315  9216.761234827734    1         0.6438357618631319
7907.024112413149    1728.890171786115    1         1.1625092306217435
10490.201806770958   -3597.181961575903   1         0.38465219469140743
-4704.782196350109   -2259.191891464161   1         0.10737607515516483
-4905.734581771854   -973.8681079374385   1         21.482117923033197
10574.18089584557    11175.558005496729   1         1.2327671481238696
-9876.07513948591    -1614.6866981641483  1         0.749203759966234
-11069.987993250103  13645.42774103046    1         45.235098909257616
-9845.650199628122   -1004.7842137263251  1         0.6907833208851379
411.86389727019736   -3355.811794175654   1         1.2398242954241712
4444.942691861093    -5793.505399893136   1         0.44496877156059345
3416.667195365752    -5824.961230260684   1         1.1011762141458767
5926.464777543279    7766.45144158296     1         0.18389189075227874
2307.2685145676987   -16510.452657680227  1         0.11726025412351478
5110.962121556071    3330.5408239692297   1         0.31169858677406714
6769.838174550121    -5294.861097489722   1         0.5655014332490965
3254.591372613298    -7539.544259717399   1         0.9387276283562533
-1406.1406774549112  -2477.810261328903   1         0.371881230321073
-899.3089206151981   -2610.964873665401   1         0.6538791015504655
2902.9892817054733   -7367.0015041645665  1         18.9210290616876
-9184.07975771936    2560.8584711312947   1         1.2460692153088617
-1091.0391814215907  5369.091242437336    1         0.831680218537343
3423.2026041601057   -4713.285761284291   1         0.4684902409658136
1238.4877560844798   16913.975021426442   1         1.1597254637196595
-1762.359703047967   5730.660184754785    1         0.1563494475708835
-9222.448950003312   -628.871091993089    1         0.47246411733746363
-4993.340355385972   -9193.727627664097   1         1.0853192033979024
-13022.822066626471  -15492.173398020439  1         0.5794741708811703
8364.770539222074    1788.5829686572338   1         0.9280729738181911
-5345.933071532743   -3540.790299344609   1         41.02108779315754
-1998.6471095447532  -968.0898949599481   1         0.377256848337267
6058.427811398306    -1038.166364662355   1         37.42896505453507
2299.927944123208    8353.527430886013    1         0.17192407215213235
4696.725031430197    5582.255786792683    1         1.146739881308427
-1077.2359874541469  1708.424879606816    1         0.4879507835349838
14858.429793184645   -8155.670190797015   1         0.11933424159185821
9278.035580340209    -2176.3473544948743  1         0.8483036723925457
7562.8748906579285   6934.55768087699     1         9.681437250271102
12897.8509733762     3526.613174359307    1         12.041273172707163
-9342.710782587132   1352.0191313891019   1         0.8133426648973
5066.999874820556    -3922.1035194713863  1         1.060778330129799
10553.78087896396    673.864552362644     1         0.6546457827826673
-1957.8681211592357  -1855.7018663857762  1         0.5938261044551923
-8913.812961649757   -1985.5273963139682  1         42.68067661352693
-5998.140607968601   -5456.361092442679   1         11.364381562007019
4021.3863824529267   5972.975073488811    1         37.44382634165301
3720.815897004157    8820.832591806891    1         0.4954800729336063
6422.91526684121     -14262.193941123083  1         1.2452580435375342
2014.0217561547734   -1161.8703832477809  1         0.11203194060653783
13838.030624099276   -12279.353547196952  1         30.50206697277881
1376.1004829838323   2723.181464256339    1         0.9047170808461188
-9449.279627638696   1898.106557050269    1         0.6324282934991551
563.5487302255569    -7372.507312613778   1         38.97069009394349
-13860.40309938182   11663.826111967497   1         36.39112295250854
-8648.266128385105   -4081.7897995814183  1         0.997492758041762
8255.057735892533    9492.626766735877    1         0.8973540631833453
