trucks_count 5
drones_count 4
customers 56
depot 0.0 0.0
Coordinate X         Coordinate Y         Dronable Demand
3675.6085124376855   -6557.832654173177   1         1.1349847803025683
-8303.585043141806   2005.77474918068     1         0.20019643464952563
1953.1288696386505   -484.6408918026835   1         0.5177160273926895
688.7508588121325    -2133.1207918253976  1         9.656794402133482
2790.7436040084176   -10172.023637024251  1         1.1114205252980975
-8321.342838584245   5082.230301872754    1         0.8041403824247803
5451.392147391071    733.4598421044586    1         1.1415860891753997
2399.436239452589    7903.155870388454    1         0.4994154905176672
900.8632996134534    -7263.085951198538   1         0.5832394384443083
-4573.253642437372   -8761.098830643597   1         9.353574384606897
3066.2513643575244   -30.842929581042792  1         1.0217052749488111
3099.272400474881    2217.075661925271    1         0.6753960329566934
-10030.525376971525  -1980.395370702435   1         1.0961793085912368
8953.872567648998    -5049.4529179235815  1         29.11945770095554
-6084.409449160527   -6435.002235748978   1         0.3526843787304266
2271.015208786569    9198.003340688483    1         0.8503018463793238
3934.3822841816436   2242.9425899766716   1         0.7452842659724334
-2521.353762960963   -6128.792300686817   1         0.7758494748123013
-4186.200418798585   -2385.8554698532535  1         1.059961638752867
-4222.157363780624   -5442.043988494489   1         0.34935650583963473
7329.324864794817    1811.8807080182237   1         46.94282818475265
9172.328939766307    -8088.25041648918    1         0.4141550424678162
8665.692033155463    1043.6065050725551   1         0.3444303325174487
-6776.849060041137   -5305.632570533832   1         0.8568507146780701
7091.104885107501    -2053.796335167272   1         0.3090904103202874
-6330.827228918994   -2697.3834833103556  1         0.2694720649330091
6217.9788551714155   -417.1672062151421   1         0.6709828640216179
-7205.367156878197   -1916.6122705511805  1         0.3890267629705979
-2112.516707037795   -2280.409065744731   1         0.6661303105352675
-4088.9559300967835  2602.515521142121    1         13.572313665540857
5622.391206263823    6198.297030788894    1         0.8130512273757798
-6735.7488108195985  -5212.281859161049   1         0.34425580080576573
137.92579547261585   -7092.267619676027   1         16.847287249668305
1617.2409204877322   -3788.5983253445806  1         0.34237414525591214
5823.970094501347    -3995.2083547878688  1         1.1927668025946179
6323.09030534275     -9130.373416412314   1         1.020098503103624
-8690.326953536725   6319.192475571274    1         0.9966947040373912
1395.095473539203    4339.639276724331    1         0.7056548531343334
-5130.378811176725   4750.691902475008    1         33.28078885573337
4105.726579085765    1857.879213645466    1         1.0464986000889944
7810.281312297042    3098.9786678828063   1         0.18928849864779146
3957.1999324385847   3055.942410538554    1         11.490095092242447
-6668.625689139114   6813.216458199262    1         0.29068940911139907
-2947.904073708678   8992.315024339512    1         6.694810719708068
8899.087335160546    -1795.0025763445312  1         1.1546959046080814
9328.8613518167      -163.46144403190604  1         0.9548150602642215
-6695.870215159471   -843.9999336861133   1         31.381060426589123
1552.0262564642787   2507.6183072648446   1         1.1978125810265967
-1860.4359177966257  4251.899683720173    1         0.1094752428951543
3890.414717481048    10178.68979835345    1         18.892763450424276
5282.819119212338    131.21705220564263   1         1.0434375642966653
-5811.389132439548   147.75818316509444   1         16.292018748297494
6278.096426084456    -2389.4720274635147  1         1.0809308638371258
-1992.2363709218675  -1362.3768352244585  1         0.21959865754019833
2036.9709380898994   -7847.510839394548   1         0.7150465124061329
-6150.1936344961905  407.79494553700533   1         1.2025733743051485
