trucks_count 3
drones_count 4
customers 56
depot 0.0 0.0
Coordinate X         Coordinate Y         Dronable Demand
-4544.628409859909   -4739.375491089788   1         0.3482185950030331
3863.8313542307537   -4535.524924607593   1         0.5235840594678769
4721.850085493808    -2446.986979334865   1         5.76417407011706
6414.857833620074    -1493.1513231074043  1         1.187361911948708
-9814.463073134693   1115.940407528695    1         0.6490309040814324
10188.218452614496   2495.849768126279    1         0.8163512301183288
3917.9119763339654   1438.2965061733114   1         0.9729024805557501
16023.512040024041   -15978.798571283589  1         38.01802429693178
-5000.887233452919   2495.1806090138725   1         17.557553850469795
-2410.9995578429566  7813.913167361057    1         0.3300406794398258
-4147.762674217617   8900.317025211212    1         0.14958337521605553
-1576.2484033587443  -10294.932356330462  1         0.9912230274877034
3576.77215982119     3348.528976472808    1         0.9356386844509047
179.60650914097178   4913.978695394653    1         0.13132079001721106
-8121.145401073474   -15412.145413514127  1         0.9006915507149617
12916.437031950492   -8997.405999016019   1         0.6642760805446023
-8827.125029895838   2338.495227781071    1         1.23887759096187
-10516.00278537822   2060.1778017424026   1         0.7759810124312723
-3330.261912412807   -2280.0222630134813  1         0.9095633334831792
-128.2081991469278   -7218.48054035241    1         0.8540970389273093
506.3623354510832    5997.881221579748    1         4.127149979681533
-6976.201581225676   -13423.617346252231  1         0.365080868070643
-15486.89492905198   3207.2102975706985   1         0.23835953947489458
4482.902822371645    2695.13606599379     1         35.26548128703706
2595.6256637895776   8830.971157400509    1         0.8600094757508565
5807.995284198033    4763.527274050008    1         0.8905093278354936
-9933.680952654187   1876.7580794329258   1         29.16327647085836
-456.09392534569497  6576.866140075672    1         0.22144363814241674
-8532.825033819385   -5565.588562617042   1         1.1478308487882836
15831.530464056836   12464.875006473758   1         40.87723187717069
7010.482922532542    4483.9619436309995   1         7.4058402306528635
-12528.619865417204  4667.660341755709    1         1.1867163067459725
9805.541005668014    -2947.5013595563505  1         0.1538830069012102
2408.6322558340175   -175.2511905237245   1         0.39018460940790856
2626.7149916432068   -5968.995257026939   1         0.4150583678463413
14695.150177178057   -3509.2797773091934  1         28.903118490749602
6839.8926687407475   -9298.798355040199   1         0.6426390267278721
-4615.415102544743   -7052.153054529026   1         0.4214808376094765
-9487.401374253493   3739.163104945184    1         33.87293053857998
6580.461511396424    -3751.7833402084148  1         0.3001800325620841
-17057.120669300046  -4184.596877451248   1         1.0431501321443157
5387.340821475544    -6189.008376729247   1         0.866679024920302
4626.911205216715    13810.327497127117   1         0.22091679199267206
-16213.454032061565  -7575.270579691778   1         34.80973603603123
-7674.463906284015   6953.736508013876    1         1.077338442852928
2226.2534066446865   7066.1305766933      1         0.2325208340523
2769.5330391376797   10451.070965800642   1         0.5981189625796838
9414.848383002329    -4339.944938369526   1         0.6837728788941618
-5007.7038799850725  5910.691322711426    1         0.8711003506361419
16098.954112439184   7413.7113115409375   1         1.1281529910072507
-15.237822224247086  -4123.992486425615   1         0.5936885452015852
-2970.0961261765497  2823.559698097437    1         0.9084817775387097
-10729.723059242044  655.3574367933564    1         0.8169747733006306
-2993.1185357223535  7139.663254286051    1         34.217803589083026
2744.1174270311258   -5699.149922051003   1         0.9252310885537774
4530.4404119228475   3934.5626829134503   1         0.19970608435843648
