trucks_count 4
drones_count 3
customers 61
depot 0.0 0.0
Coordinate X         Coordinate Y         Dronable Demand
-4450.552354195828   8423.560414361193    1         0.7631641416238851
-4847.9454502629915  4456.834738428663    1         1.143006898535355
-6209.771930065034   -8045.383189217086   1         0.836330404362369
-5773.136055244911   -9054.034778531808   1         0.7803864643713511
1092.490301847876    -7825.513000918147   1         1.2181444289442025
-3052.848656896947   6790.401466029457    1         0.3772802331782338
-8547.299101348695   3295.206907980828    1         0.2057314876106326
-4127.218716478666   -4628.513024057474   1         1.1867318989852553
6553.028964924236    -2732.5310780073796  1         1.2931904931103346
8438.687245567591    1603.8191624077454   1         0.5163837652384385
2663.637155213444    -2177.4829704949543  1         0.40620254043536064
-4823.762609541454   -434.51823840437646  1         0.8293926970682567
-4021.4322486845176  9010.108581660512    1         0.20137921555899654
1622.4852842565888   878.1118599919163    1         0.41055008490443845
-5523.072970702685   9021.429034971949    1         37.04432152831761
-8948.206446802942   -2553.6007867894555  1         0.2813629975244767
-1663.488386801559   -5571.242809039375   1         0.23620119134841075
9530.232031568044    -9786.141537915388   1         0.5517605395156109
5462.0572049592365   4431.532417939946    1         1.0931832619672472
1466.6143288894252   364.7844978494463    1         0.26076493475093254
-5353.433234820025   3756.1595968175698   1         0.2565429032420571
-3008.441417928402   -2536.5371788151033  1         0.5497534761079093
-3792.274715143555   -7139.985278221513   1         1.1603694256624573
-3393.6248237782365  817.6423016935706    1         12.68525608864462
1701.628442268173    8574.473405755727    1         22.03293352387656
-7336.041441143469   -7580.484882093268   1         0.9547993816308542
3246.6052847693873   -6974.305879496852   1         0.7771413993118834
-198.29807067214824  1114.1729059635163   1         0.9861849224522535
-1307.5876237933205  3222.373344333314    1         47.62605244231593
2872.8790504845833   6895.53021892874     1         0.44632254989851605
7367.078769924931    -7106.9974661511205  1         1.031072305795182
-8756.854278637918   1945.7850425068498   1         0.4992295688595203
-4093.3225091965     -7619.527772890104   1         0.4670904376318078
-9560.350202660118   -4694.215097084008   1         0.11067331916911888
-3444.0385483577425  2705.834928001176    1         0.5417440440781546
6660.058126389727    -3355.688389724372   1         45.42828180236765
-6935.061987004616   -2812.907981346817   1         1.2385068791112712
6722.326191716612    4419.058737737123    1         0.9914128711137538
2548.3542857092943   -1685.4887524687522  1         0.9916960913153999
738.9072354729187    5237.493169612016    1         0.7937548787486224
8928.756829831776    -200.7194677858237   1         0.3068272944227607
-6431.73465347915    -5260.956290684113   1         13.748957091540792
-8670.309766436341   -8234.229525607108   1         0.9887752026757832
5457.558919205188    586.8727628755311    1         1.0630051642764633
6415.806070100218    -781.1903586869364   1         0.5844075975786355
-3279.7638414675075  -411.5911764812971   1         0.13944925840184313
-121.27506733773589  7993.121496637887    1         0.5033951777067536
-1784.2662906050218  10110.718590959072   1         29.902464978290546
5993.928042249806    7477.794056425251    1         0.6131805140643867
-5861.125534787393   1953.4894537704126   1         0.7199774927558314
2509.947550283384    8292.193173398651    1         0.645173671360854
1532.456746583231    6009.900079750173    1         1.821370629036275
-4677.605883436706   -7507.1214446722115  1         44.82151090785121
799.0183916281039    -4230.410132799652   1         5.792183846615672
5688.928114373599    8713.387505872004    1         0.8771768400661335
-3881.418241124479   -5906.844957122852   1         0.7443506379819892
-655.394130800025    1535.8880581810513   1         0.2117770504027352
5028.5344534294345   2346.789891587329    1         0.8677887784099518
-6643.4753431176405  5400.347708919799    1         1.185832140944706
-6209.324734812908   -2919.670297036447   1         0.1215424023967496
-6455.842629762211   7658.322920840343    1         0.9327516060121499
