trucks_count 6
drones_count 4
customers 99
depot 0.0 0.0
Coordinate X         Coordinate Y         Dronable Demand
-4816.971295133194   -4277.469473203735   1         0.20530530767414104
2025.164917854437    -3059.8121513665033  1         1.114163207350657
3236.78896736531     839.5682527183204    1         46.83352378910447
3287.3119349242634   -2941.877821051199   1         1.0846076284258364
2996.0249965471494   -6851.551994529883   1         0.1505787519636662
5588.03153828393     4007.7184240780666   1         0.7260092487378668
-7846.38766004673    -219.18990849379395  1         0.8960480553202399
-132.9886857132306   -2188.011415620762   1         1.1201690266959625
-3063.3968948941338  3848.076500123233    1         0.6096433546749064
-3671.041688826452   -4908.600972934973   1         0.5032023277709939
-3730.7211455743286  -5877.592849694304   1         0.35270733012323574
7052.983131208931    1316.5551775780718   1         10.895277883496094
-7598.097169159193   2140.7348244988652   1         0.6980479057631472
-5643.3568876487125  -5798.356779186042   1         0.9431431105376717
4554.457439022988    6743.925963886448    1         1.0016466707189084
2277.949815536333    5894.833825023635    1         0.9217467570405157
4160.828709928428    820.0357972084179    1         0.8434510379294746
6900.704916085368    4069.44674629266     1         1.138902246377726
-2211.8674979398884  -2375.039115192186   1         0.7301712539621202
317.585149666273     3270.5768363383786   1         0.7210553562788367
-6133.4514944001185  -5741.228057465549   1         1.0461726658635218
-5453.744745895424   6307.33954390761     1         14.362025456187695
-7760.757199518308   -190.88820406911327  1         1.1058963801793593
-2556.988623959691   5115.869781033112    1         0.8813782627876587
6963.046443627429    6123.345701967085    1         0.3733830804524306
-5511.571519623202   3982.561442454124    1         8.854705100141704
7686.660835793838    -7001.381314831162   1         1.0701683973345573
-2833.843769430521   821.353527180743     1         0.34951419037982934
-6371.44403939507    5046.367809313961    1         0.42223852400756234
-3110.0546660383925  -2833.066758185673   1         1.0412219101024816
-3920.163002910351   7956.387391070995    1         0.8954666510771416
-1350.6514430107904  -7533.262715465327   1         0.35457472387137123
-4553.865750044405   -919.6408260071594   1         0.9328672740665476
-6945.159197563211   4191.509412289159    1         0.12935412386739065
6085.844128408897    -5954.769957447899   1         23.48299572211448
49.74757587199565    -4390.872944444521   1         0.2771527586669627
-4026.961666851263   4382.448133818451    1         18.336210010986488
1498.0990796735398   6364.656313436897    1         1.0305723197176506
2288.9819214147806   2795.8515592934446   1         0.7581698462128471
1214.1649895504052   -1804.772091360332   1         0.8104204069716444
2290.51702921932     -481.48736309994865  1         0.3410171890716531
-7333.543996757308   -3350.341926118617   1         0.36504936807168986
-3164.765037444456   6667.627949834177    1         0.9464409675148179
5226.896474341425    -6415.74520015195    1         0.24956434420539725
6689.63643412121     1444.3130540571474   1         1.1314495737893904
-3010.5786636826388  1245.1411901823749   1         0.7613476771261907
-5883.910670313416   5008.018527032176    1         0.7490006596706913
-4002.845145994511   -7632.379827339816   1         0.17735261510850686
2391.8784915461433   546.9282482584499    1         0.9218638338256945
5694.399773680274    -5026.340729791171   1         0.41443874015344195
-761.1719355035486   4392.587266710162    1         0.311298207669537
-2825.6461576591264  2365.565989438021    1         48.55432310281912
7413.923741410297    -5277.965677500628   1         14.812755697548324
-7852.482741180906   -2821.3892293850317  1         0.7852880816167237
814.4225951608029    5416.062896591228    1         0.593456771478655
-5201.582710997502   -1080.0365758363714  1         0.12404355844648388
-4739.531793153072   -5901.436770169982   1         5.657940108555361
-2386.4957181699288  21.56646349729871    1         0.34395970325908587
6372.194547249121    -3019.482833526399   1         48.11224551024206
3523.19746821809     -3465.687256306256   1         0.30063524713704004
2280.239790930322    5346.541145116858    1         0.3761241872008162
2818.634292042337    -6397.372176664877   1         2.9118358840409373
-5090.269383115259   1168.5219961420935   1         0.34614126351220026
-970.1166270880029   8025.6043616959      1         0.3713226570989391
6532.231682898093    5805.14464620762     1         48.65574635794542
4384.628870028597    -1926.3326915110397  1         0.492010782870684
-5200.363293055519   4695.886200967649    1         1.150782527579961
-6673.944942201893   806.4892285098176    1         36.621674052946425
-1504.9762786703195  -3419.4393260088964  1         0.8649367480837374
-5038.541311411219   -1844.7888635082047  1         0.7304759649000259
-3234.3534933225687  -991.3015365217894   1         1.0957135714362018
-7024.597099790502   -1591.3254267086497  1         0.3132552330378193
2567.134936821836    2044.9027659436838   1         29.89046542314104
-6177.089354265117   -3275.7041572608887  1         21.014092174003096
-7368.0961421389175  974.8103593158717    1         0.244398695803105
-6758.173013745392   -3940.805454446839   1         46.26271033305121
-3907.627232055829   -1315.7426270117999  1         1.0266987388257085
1579.439664249776    3852.1185210934514   1         0.6503054134249486
7533.630857249248    -7472.991627069582   1         0.13912309250814844
4209.430474887032    -5219.159178566705   1         0.10237923771764924
3897.26032245579     5745.378479138242    1         1.1858280959185832
2687.215539963108    3622.3584958313277   1         44.44505586995238
-2109.4122572049437  6862.552985012209    1         0.48341510066509397
5108.672823315195    4129.696821466341    1         29.50678081941555
-3708.8541549274096  3179.2785285575915   1         1.1178172105834803
-5295.52362907225    2993.3337495990345   1         0.5084106778267613
-7405.898154701155   3263.2613695730515   1         0.3483095658535438
628.6413347393144    -5857.010060258268   1         0.4240302471814694
-5413.386964059852   5691.666339044259    1         0.5636240769491971
615.8772433302423    -4763.005478002823   1         0.34455854021249344
1893.6314906691896   -333.5087548972342   1         1.1851972530561767
3201.715943623913    -2931.865931044926   1         13.56944020441586
6633.012889654257    629.1727606136059    1         0.3044150909161235
-492.6132694126247   -4785.0714737875105  1         0.4826398016514587
3696.1891553720084   826.307221114988     1         1.235479972512728
-89.07581601617609   918.9604579792177    1         0.7166680905746644
-3836.585582551445   -6860.824910787116   1         0.1715884578685035
-3028.50347788977    -7586.9072886483245  1         1.0496665434732715
5555.267289260225    -1339.4839846433672  1         12.224199763721852
