trucks_count 4
drones_count 5
customers 66
depot 0.0 0.0
Coordinate X         Coordinate Y         Dronable Demand
-6442.938925493124   407.3806428939605    1         0.773097434587397
-3951.027529643217   -280.94446993562474  1         15.47177991112645
-2398.680046020008   1502.730479431972    1         0.851700887506856
-4112.624200918252   -61.57369861531889   1         0.41623757194747
2810.017447400563    322.8439669397289    1         0.5966270274896192
-1396.3901063298667  6561.692959910146    1         0.5375258536946755
-3021.969819097573   -2070.0343176466913  1         0.7871336763723746
-6504.077271644993   2984.188891533849    1         0.1874095150760432
452.756632037086     309.0847647212989    1         3.583775995524794
3049.2966375350993   -5695.314523368683   1         0.4040111784244501
-4189.954358228529   -1856.0691847115577  1         0.4835146746768978
-6568.247032592463   2046.2127669733782   1         1.012979958106548
2693.069729393359    -824.8263363377125   1         0.9128708610814361
2695.067503862561    -753.6110945374836   1         1.0113705707072194
-6106.129589721561   -2792.720033516819   1         26.008130476636047
-1704.4743771349795  -5459.043631460432   1         0.7790885019405789
-6875.934666631647   -4500.449129494734   1         0.19810991235260894
-5818.47740448284    -3821.2673340327706  1         34.46705937921196
4601.409216646854    -3404.910670702664   1         0.8133049206404452
4787.11120902109     -397.96376931307555  1         0.23235776010028997
1189.7639950441094   2905.7821390871654   1         0.8939421252465686
-1584.0872157176727  447.6065887887553    1         0.5319683693539429
-985.7725263000251   -4797.192985847131   1         30.76792747104736
-1695.0449168588523  5087.283181451824    1         0.36448403197893053
-4309.9401410007595  -2762.5812825194566  1         1.040899076201699
-3136.778913446372   5306.01416461105     1         3.0177621523067906
6267.971608242553    305.22841160522785   1         23.540546535797752
6103.782693306934    336.8419768981739    1         0.34460107297984166
-2306.7686792415216  -6045.507390644972   1         0.20875394899750133
-6280.754903024938   4194.580874472582    1         0.3253917903743201
-6152.358081815091   4789.865220317959    1         39.910144937465596
2602.6271276222624   82.59119596443816    1         1.2450881883129243
-4154.566600327487   -1667.275172997739   1         0.7699723517078092
-5613.45834263747    4598.250584610527    1         0.7826351054343622
-87.52617149260337   5548.292451693443    1         1.1299286777356619
-5016.4496760959     658.3604679748788    1         0.24714628761208968
-2654.7336678947995  3728.1061363598183   1         0.5996610751974275
4167.651720483144    1797.9041047814478   1         1.0132382757285139
3847.786017232617    2383.478452119156    1         0.7022833983876711
-3635.047469069538   4816.511340255106    1         0.6962556324443482
-3163.1086914670886  6468.050175552968    1         0.9486709862457693
6401.876439738668    -1865.283417028298   1         0.2935221132404583
4708.063600530785    130.92233554833987   1         0.8538777299629772
-6534.70512793222    -653.7187521495061   1         37.62455267812159
4369.286281935974    5077.142840461708    1         0.34897599811545754
3920.4918165135987   -4174.801559083591   1         0.707368363767335
1547.7446313543533   2687.9089066367815   1         0.7981389548773857
-2740.3077649467186  6358.172770981905    1         0.744106919947399
-765.2080663833939   3986.8742363291135   1         0.3446530066537643
-2462.686020547213   4228.904636959768    1         0.4999143559807365
-4912.941153250512   640.4022534076374    1         0.131046506301007
1847.1759561136184   1399.88420117849     1         8.59375141075784
4561.083870327031    -5454.276747884235   1         0.29161550313743645
549.6195465246565    -383.3516030573328   1         0.5068656786083167
-5966.67634290947    547.6694555360227    1         40.820207031647364
-3819.2972327820075  -2957.9374160802413  1         0.16873940989153338
2754.1926309134124   -1328.3768488698997  1         0.3261663136768671
-6717.070049187759   2010.4322174881406   1         27.484764291684662
-1929.877909355864   -3160.3138519088866  1         0.47798503800864667
-4048.2155040986777  4621.187420669456    1         0.25158944406846895
2864.2096574611824   4714.064427402945    1         0.39789095243551464
-624.1005451851388   6014.703097175223    1         3.1972762358107083
-1722.2508741672912  -2925.1729153481465  1         0.8391585049575114
-4828.336170906181   -319.2060062048886   1         0.2838350551535015
515.390300817736     -1294.778194021705   1         0.13795394374089748
5870.528992887917    -100.63800558131186  1         0.6310390272055518
