trucks_count 2
drones_count 2
customers 24
depot 0.0 0.0
Coordinate X         Coordinate Y         Dronable Demand
-3869.5387159144393  8329.039768517636    1         0.5617032860162356
6774.021904694374    -3621.6260701375068  1         0.5395259105399978
-8043.158778207003   1757.8281037609697   1         1.225007087617039
-2470.8746096032314  -4435.000425260255   1         1.0563522062375363
-2725.587759191032   10527.259101862002   1         7.929157786871803
4958.550137774596    8194.608754763258    1         0.3972242479546402
4611.227058630678    3293.1064766168583   1         1.2432702084005611
2547.3141283054974   6462.70398282898     1         0.11093354371250284
-6057.969929189933   8335.445791690892    1         0.6121627212670058
7707.504185548108    -3067.298110204857   1         0.45381440091927117
-2803.8589130442324  9014.220917823808    1         0.7733332167648028
5265.857461668734    -7137.33306144916    1         0.4308132680941773
9878.276075092086    1358.2320965668441   1         0.7511348700062285
-5421.253888082066   -7543.263955863118   1         0.37114346149292454
5530.733855960818    1603.9356359131525   1         0.24276271902926302
6806.521749693726    -10246.970839324606  1         0.21967769183845748
10863.188601452921   -822.1140721384859   1         0.978001651718808
-623.9941980690251   -10845.423034691115  1         0.24856421168469295
-4475.038823778894   -4551.967736946731   1         0.6205138466445477
-9588.549139113573   2486.4775682524796   1         0.8192734303356015
10502.093574084734   -10786.37923257538   1         0.3986033451195885
-3465.0042198410747  -214.78373513598197  1         0.2223396855162159
-2147.557581145029   1094.276624152223    1         1.1472951388885702
3380.10616112189     7774.484145150145    1         0.667378457887458
