trucks_count 4
drones_count 3
customers 72
depot 0.0 0.0
Coordinate X         Coordinate Y         Dronable Demand
-5830.212140414641   -2847.219410157747   1         0.424484790327909
-2558.3250814845474  -2156.7113794737274  1         0.9720660858427177
994.9788344626468    -10128.677888426502  1         16.133041611376576
-7728.379171546464   -272.0897200095598   1         0.29071610765571476
9158.083335346266    6574.332076095052    1         7.472396916137831
-1314.911309737386   -4385.876910254122   1         0.5735970832916658
-7174.026969014711   204.12156607923615   1         18.269542259264266
7746.688825703406    2169.2993950877612   1         0.35075953742989885
-6238.52594536073    -3257.9741488717705  1         0.9529979818979764
5690.488395137662    -2453.555974031613   1         0.44020590437162377
1016.1289296853167   -5676.168389892403   1         0.6013982833573415
7326.787217982412    17136.01830751905    1         17.689114705206133
9718.931593618276    -4873.690643785848   1         0.7430257254856675
13189.635527153288   -14652.035641425457  1         28.41387467668178
-6699.075658732488   -6087.208288387189   1         1.096942268715537
7989.770996100418    10206.022310668151   1         0.7498049077766437
7916.548143596144    -6579.464981400988   1         0.49826588866850297
3205.226970592439    2824.512427102992    1         0.6257986499636187
7837.582576348118    -3453.551318760082   1         0.8401173043968837
283.55505893767986   -5273.357814677844   1         6.593743098873351
4098.9619354980605   5060.998922105276    1         0.40447965484626447
17956.129950658127   14748.901949106483   1         0.6288634032082171
10286.83434054245    -1344.2432019636592  1         7.899302712459285
6776.335755953161    -5002.06753101116    1         0.15769367926117697
4950.4823642492765   -5018.179283255396   1         0.4824205171469004
-6022.885543816917   -1810.3999120303902  1         1.2142552893952017
-8210.967250001173   3085.620264156597    1         0.8418556680790745
-2759.465445378773   -4386.980986910542   1         0.4605221087630227
-7423.834627543247   -4709.988022344667   1         1.1407478945391623
6569.226479942053    -6813.221427466286   1         0.19718803061228776
-7208.160927760997   7619.571585040145    1         0.501700775970956
2421.025237165657    6510.559513144737    1         25.546849777065024
-4990.819374636467   -6778.120949121006   1         0.2609815117002091
-10153.847128883803  -3597.725403288422   1         0.314185076310513
2703.002665871504    -7568.353332406244   1         0.9824683060747509
-4309.387270177473   9074.846668352815    1         0.1477574283940915
8087.364197812864    2130.6666517179265   1         46.580614249314856
-9775.809007765181   4666.974315049101    1         17.961664646581465
-8531.764953365506   1152.372281911661    1         0.9957078979153934
3161.6118848278247   3042.581106409734    1         1.226629374556147
-3437.8660102373087  9845.976585312748    1         0.799080022159486
15193.000123836566   4929.361769047689    1         9.701712022855242
-514.9209054677485   6255.648903165242    1         1.106754236360964
124.6610422866407    7923.981246095611    1         0.9833467620466049
3829.313702980615    -2761.205805487089   1         1.221178812647036
4847.030157409325    7538.5381959014885   1         0.9001058490676006
285.83116367900436   5656.819800118521    1         0.9594096986753694
8550.58983604344     1748.9790735492331   1         0.38887990594972754
12534.124098653785   9972.801360760244    1         0.8051797999028036
-7986.252162535867   -6117.362271188187   1         1.0715200820469717
324.6461225865281    3110.0157452697317   1         0.7968548366223596
4458.129771575404    10380.073042594944   1         40.74510807254852
-9318.998597266482   5108.058262024296    1         0.6143918018128955
2393.845592887177    -2700.892182827268   1         23.88128577985764
-2379.2770286093287  9853.047064924642    1         44.39808301095673
-11140.03229090011   -105.19696508303241  1         21.560325327611167
5595.979779247089    -3880.274479740225   1         0.8188113687109794
-6322.191687976412   -3330.552190046955   1         0.12369586491189441
-7570.2102469596975  -7560.174241326408   1         11.005102243233042
-1085.1274273106148  693.1296948937476    1         0.42657598795859974
1551.5059468493387   8141.7241917706915   1         0.7670855810620024
5781.9489186041      -5400.127768025456   1         0.4481718992152208
1572.9538168628096   4596.390153748175    1         0.7528953646674559
1167.754161139208    -10356.487421054333  1         0.903290280575359
9889.785047594682    4122.13505824234     1         42.49261978164995
-8296.119418556149   -6754.079166430661   1         1.475563607118497
5753.82672825833     -6250.407751253735   1         0.29419719520875237
-5124.403939407067   527.0498308438968    1         0.7920775086345957
-8125.099235073294   -2267.6991753648226  1         0.28055880023048296
5867.576929170865    -6358.76981504287    1         1.0682975048712897
6514.787947363002    3889.7343255361316   1         12.886865164874227
-9235.818796151256   17257.660008442785   1         0.21250061757889938
