trucks_count 2
drones_count 3
customers 21
depot 0.0 0.0
Coordinate X         Coordinate Y         Dronable Demand
5632.799433605565    -9101.651920142342   1         0.6645670225434737
1827.4829681453302   9641.106301179854    1         1.0575899406051978
10127.863827510448   2309.8590881986247   1         1.0334551871706845
-3854.338875192246   -6905.697547166271   1         0.4076085777077135
1191.4588153706027   9396.617731452388    1         1.015705235127932
-11480.810208404757  -15665.902848580496  1         44.767748789158325
-10567.746258922423  582.3102453369842    1         0.2296510295088442
9213.501613630335    15157.495560854222   1         0.5690336071899829
-2921.052458568074   -8199.545613902534   1         0.29252524537091684
-9359.494598677175   -14742.854960194838  1         0.5972774672515656
4674.061070952135    -14238.203994097843  1         0.366630138520354
-2067.87040449273    10179.200788462767   1         0.6604284389072894
-2810.94400859376    -532.8996725940224   1         0.9479720974592221
-1421.183104110891   9266.539702873984    1         0.7037402881495741
-5317.381347618331   1967.292191853232    1         0.18422634009092986
8893.68711140785     443.33238956135335   1         0.9965228824943916
1525.3752391994597   -2851.108089813234   1         0.21586789079458651
-7779.545199547857   -4018.1098121726595  1         0.4317695550194398
-5620.802323504117   -6814.392997744488   1         3.699268134503015
-250.1267818892841   699.0128743098692    1         0.9499001347011335
-570.1470773006658   8896.209578536153    1         1.0734512505058973
