trucks_count 5
drones_count 5
customers 100
depot 0.0 0.0
Coordinate X         Coordinate Y         Dronable Demand
3336.8518802197154   -743.0917343591293   1         14.14835792032192
-892.1043376203978   7915.545721471327    1         0.7122802214402554
2357.6512281162213   2365.7243096714974   1         36.879977160444156
4751.427087180018    -860.034981333693    1         1.0021543748910149
-1512.4008727261644  2255.3648587136786   1         0.2406107363446886
-7561.447399882452   6536.662194915951    1         1.0329251503819425
-5324.217412680061   8272.288564751621    1         0.3663548564494634
-5638.925871629666   2148.6520755376177   1         0.9153277035348316
-2907.5660390234484  3664.386014482676    1         28.978002259982304
-6112.5607502340345  -980.2192302810865   1         1.0525018633145076
7833.268901876771    5979.454255167076    1         1.1635900653919082
280.58857283036514   -7209.063593112962   1         0.4760757477338917
-4550.716756446746   -4578.158712395996   1         0.3471528193232754
3800.0193438445244   5760.055479976373    1         37.65550934105376
-5747.508312806054   -3388.376071253125   1         45.82711758101139
-2384.620087794895   7905.435819544188    1         0.7116002329109035
6027.035482425808    5.016600650091277    1         31.95948235599232
-4841.118181456014   -6922.45552301854    1         1.1066246874271495
-3950.2229809069413  436.31318868967935   1         0.5394253141350904
5573.08022540363     8566.50458828865     1         1.2198372764536343
-7438.063697297705   -3208.1164871883884  1         0.7895059431660827
2847.963651810931    -7001.401385737854   1         0.4322905046209464
3321.2129776884217   1953.8080108134468   1         0.8543192740333361
-5711.65440425285    -8675.41387610291    1         0.18124470196436754
-2545.270928276246   8821.504469808311    1         1.1080524965214078
-3820.9779673401895  -3284.881552467061   1         0.33028572902114955
-3517.3816470584275  8315.236913527748    1         0.888840329469674
8092.539939613517    -170.32498847701305  1         0.8541708065598403
-5489.638349230862   8940.33847221235     1         0.5843849937787321
7858.626807024388    -6030.975550521456   1         0.4946519799339628
7422.05954369509     -870.3510214980308   1         0.15052159506309312
-4539.235108538859   7009.253190970454    1         0.4138009588702277
7216.615869205273    -3546.810603510549   1         1.077940485429144
8390.578071273025    437.3526921175071    1         0.21841979919199783
8700.021930684314    5907.055547505214    1         42.214297952807414
-5862.137564182394   -1184.6249953225263  1         0.45380747042077474
-6233.777140448991   3317.9088345572713   1         20.992413425106285
-6718.966203680576   -6913.649524841652   1         28.32795819657815
-5058.077750047405   950.8428331056039    1         5.207682764828019
3299.4260888451454   438.61872313941956   1         0.22675014291133813
5862.390262501032    5278.236315569942    1         28.001884305815594
-3041.6155441546402  -2832.76158925642    1         0.6144753197393571
2190.7385235196907   -463.15266419110156  1         1.2375397310024498
7341.921262384389    5715.798657357416    1         0.885218194284888
7182.989441419108    -4742.927052169565   1         0.37411633088728447
2651.760257963073    -2033.5368067794118  1         0.187550050846289
-7496.865966392016   -4249.750166530676   1         11.274755990803035
6458.612187309827    8044.0215258124945   1         0.6182431355976014
1084.5483335723502   -7997.640259808592   1         1.1939150563009555
8168.55644984527     -7261.361170986564   1         1.1709656205495178
6625.324626395612    1074.31147668208     1         1.1997499943495153
-8997.772953304258   870.9682582590284    1         0.9845710645478951
-4631.128848680054   -3142.9575366575086  1         0.7652467727450144
-4118.794860365578   4724.603087335584    1         0.8287716141956598
6944.267522280217    4448.161537029029    1         9.522746888223992
2836.977665393814    8384.287395374       1         0.8359577322646619
-5804.658246212369   -3736.345213352728   1         0.680951436178121
-337.9753543701779   1001.6004781436488   1         0.12239369541845083
8611.705503220659    -2641.439057192167   1         0.5736549681062072
8412.56023986404     -4814.02352945536    1         0.3110302671159494
3981.1736243210553   2401.357577685694    1         0.7186567165231438
-4624.9067809765875  -8592.170378752686   1         1.2371459545888375
7030.690940219245    8394.911418936206    1         0.5186141279891616
5374.6102500280485   -7435.533220545492   1         0.6155911115475663
1682.018002482677    -2467.631562452464   1         0.42005955239327875
-326.9041003271759   6129.783790097907    1         0.21716344208089924
641.8889680315897    6354.012831909694    1         1.1906467150727569
-8317.959036183693   -509.07668538911435  1         28.410874524738823
-3316.0717517818675  -7407.285189149291   1         0.6922800488923109
-434.54696788380613  -891.5685749236845   1         0.2798508823989774
7289.395538498727    727.6764007522896    1         0.14534613983564043
-8963.950490699284   598.7669299176487    1         0.8278387834391164
-2364.6449098389935  6882.396479448016    1         14.905229656693537
6750.119416757378    -5589.499225233357   1         0.35257163038053685
-6464.0076073894425  7266.3096039352795   1         0.7072188344065629
-8435.003994704648   -5990.724673835997   1         0.8747936126086635
3031.679229938496    -7605.878650756659   1         1.0086195064821495
-2072.958413402115   411.25244460915457   1         0.7955429306785792
-772.2371501225167   -6607.891525659094   1         1.124768576143826
-789.9884616308209   -8106.683238500921   1         0.701169232105056
-2718.153035135471   6228.4530984925295   1         10.983659103006266
-6239.696972812488   6710.227466855011    1         0.4076650399835908
2866.2231142065816   7439.055745269938    1         0.4060787562118152
7605.861128116511    2919.495139335539    1         0.7778386889273039
6927.098249831743    -3692.339997264941   1         43.931352201219426
916.2522150564369    5540.156126868162    1         0.42636865447451
-1847.9909404832092  227.12495320496933   1         0.8885674201354778
-6361.594458823592   274.7648426336135    1         36.825345878647774
223.86710034104      8608.440394320687    1         0.6376857041114958
-2167.469076879277   -2595.0683807255828  1         0.5884764415501591
-3764.8532097135335  -4764.238692925596   1         0.14276924682388006
7888.297331098469    1861.4718483410727   1         0.6123818433226943
5198.339794471881    -4153.635961262229   1         28.227373130557222
3539.63478064393     -3736.7975225837918  1         1.1279725956733644
-7945.470600191047   -3040.785215053671   1         0.28574297563839196
4747.298944722259    4502.359754187663    1         1.2452228783528183
1526.6127951270657   6750.007488811221    1         0.2839616725896137
1828.8151157030409   964.701601960099     1         0.3100737418970565
-3753.9323246671743  8266.28190244602     1         0.2797077144549202
2038.4159914506563   -2964.5844010982323  1         43.455037016553916
