trucks_count 3
drones_count 4
customers 72
depot 0.0 0.0
Coordinate X         Coordinate Y         Dronable Demand
-5167.018496602268   4085.9458575758304   1         26.42681357544793
1278.803975134319    1144.511223578849    1         0.7325936396836749
-3555.9007648701154  2950.130800956657    1         0.3172061591892744
-2815.256673126098   -1325.1832487433458  1         0.8306075532897156
2611.6841450947013   -1766.8648062944621  1         1.0770635798386432
3976.1097429609745   -3138.0899312757238  1         0.4058313785758233
-2106.6187987595654  2943.6250448119845   1         0.41773539006317895
-2816.294142292428   -595.2428178116119   1         0.9629561438948216
-1969.727140061717   -569.5143138649455   1         0.6025099205585729
-407.6704044517625   -110.56639615291876  1         16.67312998485464
1503.6717648071317   -1857.1156510388646  1         0.8909597251412801
4290.819898010817    4858.569065678552    1         46.65822496853418
555.4590270723652    2913.604963359362    1         0.15968852249308801
-2357.2945675261567  4035.2084489859153   1         0.5745275755843391
-2108.869328507889   -1927.777814088      1         36.10172337724706
1272.0809436204984   4159.3255165493465   1         0.7493313178000928
978.442632584254     2766.0846172172173   1         0.40779790641110636
5056.330337464747    -4793.086278379046   1         0.5782232816907692
3601.65008814998     1716.7769420299858   1         0.9744818593369006
-5366.279975147387   203.84750763567445   1         36.278576770214855
4292.265280284735    -3910.6054786919194  1         1.1878034574557816
2951.0507000535345   486.25607632085934   1         0.5809900013769074
-5280.458469120523   -2893.9302658551883  1         0.33103925403294737
-2279.7210479899854  -5172.482918223344   1         0.7583565616991996
765.6902420347458    -144.98431510595657  1         0.7883633999569171
-3022.982014326864   2983.834975620796    1         29.51464617915631
-547.6620004381818   -3647.6285667871075  1         0.9011174502286591
-507.4557277709833   -576.4526278864508   1         0.9483577353201552
-1121.9257788290397  4620.96324788605     1         37.664185927116215
4928.12569237308     2769.1647505453097   1         0.6001968236748862
3046.5866717035915   -4151.692200646443   1         0.9746766253309731
-2549.224970769273   -3252.8407504399     1         1.093556077748987
-3916.002038079666   -3495.2215696807816  1         0.5318467815870223
4767.16588998126     -4271.869787825203   1         0.18231183824483208
-5144.55535400141    -609.3300035791019   1         4.906678718429393
-2762.7024961737334  -4062.5406774802127  1         0.8927364329400125
3673.2418282079343   590.056031247451     1         38.38590331587052
2910.6708907758302   -4479.730588220856   1         0.19496785279843026
-5317.935638587121   974.0909543032726    1         0.9275374555517979
-867.8385957453775   -4983.762463059136   1         0.14292346177951637
1972.608126764748    -3716.174630240803   1         0.25607134780491225
5249.7614297551745   2012.8894212679736   1         0.4637376038762864
-874.826887170102    4324.436149384341    1         0.4181531273403992
-46.820472698706     -2504.282787405254   1         1.1526998394689223
-116.41507421538518  997.8729096279994    1         9.728589997337112
-3348.547289864956   -4305.446866800866   1         1.2296108910396615
2974.382688266467    4294.40953161979     1         1.149480062010544
3910.9362649860836   457.15711032361446   1         10.715244057375875
-565.7513182023085   2006.1441713142694   1         0.2039313223917329
3075.590010006237    3033.9060358569895   1         36.22897036125937
4828.699363384094    -1408.0091454610479  1         0.3328381827004226
3778.4822419467637   4225.029339850291    1         1.1170745329574603
-2451.391342022489   -4890.440459721342   1         1.0493243484438197
5304.971697771999    -5261.250062918121   1         0.19745626986838072
3982.6075727016027   4911.586425046488    1         0.7273579727780349
-4911.6852655571765  1581.1441394311      1         1.2222001156064488
2053.9455284910446   1267.5459350228832   1         17.05416837681346
707.3279917899953    -577.0355698235502   1         0.1062264556679496
729.6917863260041    2238.955476501017    1         0.3526702181590492
-2625.6003076553166  4706.59421342496     1         0.19490866705500295
-974.0187781131872   4152.564324246948    1         0.9902923574379014
-1733.9172493576707  -1496.522263937083   1         0.5426523348388028
-2210.9720656930485  -2210.6501629524732  1         0.26790364191288596
2556.947741343931    1217.1438559642465   1         1.1587710407684038
5312.398164906136    -5079.516441005943   1         0.5213080363534326
-1303.6375121719093  -3289.9968660287423  1         1.2142383444257434
987.959945190516     5080.529710495099    1         0.4856857997658153
1010.0541483108973   2149.0375192507568   1         0.7122484197652308
4019.4172316348336   -1015.2826087276869  1         3.5787905416687646
3578.7758743713903   92.65114894449744    1         0.7527478814872307
2159.0627283235326   -4287.925216632644   1         45.05283007464008
5350.580238471853    4681.87156900531     1         0.10209220290230991
