trucks_count 6
drones_count 5
customers 99
depot 0.0 0.0
Coordinate X         Coordinate Y         Dronable Demand
-6050.314030354472   -1904.3560109171503  1         0.8447399530104176
-2114.8626033962323  6107.9570928374715   1         7.538106445174984
7315.032105203548    114.81581833362117   1         8.581669083800039
7698.089222600897    -1187.4110584536452  1         46.054632974331106
1884.338778164135    3819.6889572829027   1         0.7162782635552053
7797.67576387328     8626.584582738642    1         2.4080333047867475
-2346.3546948925195  9467.532350179406    1         0.30667422915782755
10015.64170914895    433.9831873529298    1         1.1268917845411885
4055.554070526023    7189.680705911087    1         0.4554758749443022
7697.062688941915    7605.709820617075    1         0.6900363260692964
-1635.978645352041   -7534.9467507318095  1         41.46045175824511
8608.758345978838    -861.7852277758772   1         30.482682401565665
-805.3090283679784   -6819.565749190612   1         0.11547962672738346
7416.852581849927    -5325.066411203143   1         0.5568228451820783
244.44635796825423   3860.8752341532218   1         0.7119623676893196
9904.059541983195    -500.3780096962043   1         0.6836363820421639
-1910.7599456659777  461.241246660806     1         1.2063975147227497
-5204.605815999969   -867.9028238445213   1         1.196748703362619
-975.4030531599818   6517.150643101964    1         20.277181129321203
-2117.96398915795    -5498.56851978661    1         12.422652485028708
-7483.320265378357   11124.823829508628   1         0.3368355126209913
672.5823740583946    5913.795274348538    1         0.8561550766350124
7696.809559829602    3318.871196202929    1         1.6320406165218289
3882.1330535528014   -8303.37803808839    1         0.9133764300752109
4322.213887396016    -11654.863978595688  1         0.5696822940123227
-8172.793627125738   7289.063672217666    1         0.9519812924760286
-2317.55585623246    9887.463565411585    1         1.1923497079979977
-558.8431785626944   -5476.304043492054   1         0.8063479892183667
4379.898228357643    -3580.9469233358313  1         0.8062358988933318
9786.918168761373    3650.0016793872373   1         1.1013127293154703
9064.553557875963    -4237.760250316207   1         0.3225696856250283
3261.602237313352    3775.6778178875056   1         8.865825445564994
9725.000459931773    -1231.3863503420164  1         0.7214786116959556
9007.618256485934    -5168.155267011771   1         0.7268051677012308
3343.856485747294    756.9651858076559    1         0.7291390186506381
4760.442327155542    -9197.31655387524    1         0.7061208547446538
3999.7059902585734   4262.310150265514    1         1.0717117447682554
2621.596675697322    3234.86066580455     1         48.72062396188276
-2441.9948233556206  10014.88642491974    1         1.209246109982155
-5003.425342729144   8886.866634603994    1         48.03487090763121
13344.846350355825   -11514.725547928334  1         0.1480782840130695
-3312.5253267709704  5472.878266731974    1         0.6139733871298234
-2735.4043530566487  2645.172272240634    1         0.5030757762234649
9978.066077960175    -1436.7040100250606  1         0.3260814755816571
-2756.9039362309154  357.4437199129191    1         0.7490098526795704
7679.0560027344745   6173.9672433773285   1         1.1472269015261545
1953.0241857493406   8103.385595995179    1         0.3043479020391131
2501.2070694116833   -3938.0151199798815  1         0.1211529429270962
-5459.750447814868   -7311.798700196113   1         0.7013141734352395
-9433.154271524298   -2406.0692733149426  1         1.1639776322911033
-5798.0325481009995  2783.7972533549005   1         0.15012574132814127
3513.1987187269456   1067.0380359364883   1         1.0875493628765711
-12854.17535829451   -61.80953729871362   1         16.821970019299016
-2890.563305874034   -3200.0232343178827  1         0.9732136271391473
-7581.555645806616   12412.941863334583   1         0.31290613152714464
-6694.935954682499   5015.805057854848    1         0.1199227143046776
-6707.377232982817   -461.2673155669501   1         0.9859099539035082
-11338.79715711181   -2821.9100956976163  1         29.512830936870856
-13158.85732291551   12897.46508599246    1         1.2335923585858741
10052.566499727698   1327.011123422592    1         1.2232290952034375
6322.3441504440325   -2591.209958568668   1         0.8239938369887099
-8485.738885341134   -1995.1805764131318  1         0.7662447665923167
-1018.4634438618754  -9696.948537053891   1         0.8785638431341097
-10566.214220815293  -1660.5291969891957  1         37.225477485697965
1286.3596635777922   -2759.347734540308   1         4.207759339058031
-3324.731137020281   9508.776332657026    1         0.4204973307455919
4617.538216833339    2923.0582550914614   1         1.1981713767734492
-6736.688561942878   -3402.016402979828   1         15.152973866227924
1220.2565400438493   8808.435567716282    1         0.9972358796390762
-7055.161574852865   -1202.387953146795   1         1.2085736830438716
-2032.672203356572   -7463.426058600022   1         0.6950161383211603
-10714.08081453036   -2134.564768674609   1         1.02784108036801
-5637.734411418271   827.0655912280714    1         0.3981891588553452
7318.391571844849    702.3341449495861    1         0.13414317370771367
-7195.4068569894725  -2422.4331624787915  1         0.8778762347596807
7744.362547746185    9573.33068000644     1         30.085179607674917
5400.586306700384    -5573.172573926504   1         16.677649670308796
12714.727807779009   12074.186088573852   1         0.968959616994164
6033.301104675136    8177.852770128498    1         0.834875218811053
10567.21810779148    -2319.925419029572   1         24.808342134754554
-1036.1278646799146  5082.6213910423885   1         0.5878479077301996
7690.982814699653    13407.775308139548   1         40.576689651384584
-3649.217481892922   -3482.228179607328   1         1.17200081870105
7999.214914078254    -2126.9689233706276  1         0.18150707533133914
1438.4361008888925   -9624.800335083104   1         0.4499546265761162
3871.4208541037724   3706.331073959549    1         0.8008437593991568
5309.356946550373    5967.286733674291    1         0.3814881206567048
3527.707240470119    2877.592163928844    1         1.1895639829504625
-2369.2469012230194  -137.7233979452886   1         0.3544508140750471
5013.841068927196    -7272.295929506299   1         1.1607821439392232
-6451.8148476372335  -3604.7629139323117  1         0.8276837008291905
1667.5076603273144   -4893.573947780707   1         1.113409580106188
-6054.038392717333   1629.1943786416264   1         1.0901309977192695
-6772.698359256787   -7481.07852478708    1         0.13375225096058044
-9910.308827023478   -2903.1600524259784  1         0.14303650672231538
2704.3543547134777   6126.112578444398    1         0.21576695160610276
10318.25677780333    2508.5981208879816   1         0.35046296759328843
-9052.549150507879   4906.158619306794    1         41.439324385466584
1578.1595639496416   5857.224237457826    1         0.1498263587402813
