trucks_count 4
drones_count 4
customers 87
depot 0.0 0.0
Coordinate X         Coordinate Y         Dronable Demand
-2014.5337361198945  7477.214133882551    1         0.48397939940833823
-9300.882126012437   4441.556276553087    1         0.9925209006295765
6293.120071497825    -4080.0565637840864  1         0.9458258671775353
374.125468231523     -1934.0841694274823  1         1.0373159196275499
12527.324133750206   267.3460735833978    1         0.6580725539650963
1299.9079802185538   9177.28035324056     1         0.29331571252974303
2892.7922800639294   1562.6289564240196   1         0.9083513472337282
1795.8075169915971   4994.616564438426    1         0.2169864633490427
5488.959912192469    -7456.02828056769    1         0.5016859771835727
-502.1262587854049   -8623.670134652584   1         1.0608012536553664
-3428.513232432282   5863.705194117902    1         0.8219859915553855
-1658.69453671602    211.02818535113568   1         0.6068933852614921
6091.809593199054    -3039.660353794584   1         42.1711885218178
-332.3487398978603   -10403.096461615753  1         1.11269936295096
2457.3302082410837   -2086.8694450027174  1         38.374250690177114
2713.56625997585     -4503.325823056263   1         0.22958249169045516
-3647.1401116862157  2430.7778365009895   1         0.5746719809869151
-3813.055583733736   -4969.833283680616   1         0.6247666232750902
1313.6051289450759   1943.6408522973027   1         0.20969642179402903
-4342.01147369141    -5935.786827483054   1         29.381604131392635
-9319.124679158444   4409.317765384771    1         0.24046006699182165
6140.279556039623    6528.013496108795    1         0.5485841444463792
6295.250405200271    -8652.911061174025   1         0.16140058593000184
-6018.248317685262   4501.091349474171    1         0.6872108118849555
-10499.025058106663  -3070.9653853686727  1         0.16457160949162095
7957.421575269006    887.3577690654199    1         0.7847048654546739
8685.376874262149    10657.962722407667   1         37.054556250443206
-6792.5780115482185  -73.80767712135382   1         0.34304007574119944
2813.2530384763063   -3424.7976692943726  1         41.00509691532031
-7403.393141935545   -6931.788517990104   1         0.6484340368422706
7650.580669253175    2553.754810445895    1         0.7074202646849447
-4027.9130339371004  857.6189627999428    1         19.118489158520582
8720.585854027431    3975.098270273897    1         0.8413239944843014
-1939.8113543081604  10692.163696163461   1         1.2216533313241782
-1423.8114632386907  7369.58229097262     1         0.2514333895170552
8904.483597999624    -2385.064418094725   1         0.5630244754265741
-6620.781394786747   -3903.820220397722   1         0.7932756829985553
1676.2217410577719   -6619.873275259851   1         1.2144375311223863
-2208.9195088291144  -2927.821945362025   1         0.6029756482095721
-3902.2374311119274  5792.641164534143    1         0.9508688501001809
1068.0373173612504   -6164.613714956763   1         0.35949914416403206
-8644.023552682464   9509.578326377936    1         0.9100075072417326
5588.611395649189    -1334.8476606051513  1         0.14112043109109396
4102.110778580118    -8321.39641830584    1         0.2592627340458794
5473.241286792424    -4159.004488508982   1         0.45410460255191665
6388.178256213193    -8103.255039559204   1         36.32422814199751
6174.723315592123    6438.52522519789     1         24.26201405127168
-175.62791781859912  -9050.251200354434   1         1.004741814413896
-1825.9941325183145  -9868.9915347236     1         0.7381523226073001
5825.375029534013    7393.684511757161    1         0.7151350016515176
-128.60561943608494  425.34972231815686   1         0.1258512541487718
2234.2582354264596   3607.481596399757    1         1.1935706904074865
-1603.7345141089952  8085.591456620273    1         0.8306539394572666
-3643.7307802381656  561.6603132732362    1         0.3516163611520837
4008.6583879147724   9655.436562143053    1         11.513699879628282
720.6371492611715    5652.927666283529    1         1.163984384982788
12603.81811771833    -7124.370255477402   1         7.702449204726172
6795.043893255641    6507.726702679141    1         19.90871987325578
-920.4618738268259   5954.2118694192495   1         28.412844308872828
-8287.002202627687   5893.61234883534     1         0.9278005184963968
5654.335063563697    -5969.861586069952   1         0.5899098887563584
547.0952255470438    2259.9071175834492   1         0.4026078295324441
-3376.5796106807225  4655.852617582116    1         2.224761166343069
5864.777531747784    251.993021293129     1         0.5528224639386298
-6430.783455444201   -5276.377163323008   1         36.3397907433669
8211.537158849129    -5193.5306880841035  1         0.835508153748107
-6617.951151708678   6319.795715217866    1         0.5184801855904824
-1742.1706534773348  -5890.132733419686   1         1.1319414566666488
8889.997869041568    -12515.713970960733  1         34.12970159103471
3121.08898326829     3524.7222158288564   1         0.31381459665467365
7623.492810211318    -6176.394466692172   1         0.7603539278164503
-5933.638360815397   -987.1340304863458   1         0.910538954431874
-6749.673408733984   -7305.457754418203   1         0.6418067280887767
2697.7478792283914   7780.590917821421    1         32.53820497758166
-506.4608977307283   2850.0602452057237   1         0.5558609326653786
-6175.832094933799   4548.467914009445    1         0.9286707172634631
7581.072568424164    5281.54202811044     1         1.0691318286424363
9251.09541149857     -1741.079412046362   1         1.2059945146220974
9535.833679275162    -253.1238563909032   1         0.8623706419485881
-4321.313940810453   -9756.825807745798   1         0.7592428758832659
6695.11233438912     -7287.819394880655   1         0.2857074805999195
9122.89006438246     -3877.8752414934     1         1.0745836638547666
-10863.310577084883  678.2986138784978    1         1.1052426273817875
-7818.244635965527   -1952.7738772542268  1         0.25845503419314797
3816.9028539605865   10130.503868977254   1         1.2020859663047883
-5843.834347746241   76.03068812477068    1         0.36629257291933337
10604.600326183752   12422.984496846975   1         4.925030910965933
