trucks_count 2
drones_count 2
customers 22
depot 0.0 0.0
Coordinate X         Coordinate Y         Dronable Demand
-6721.904460842898   5507.903704097542    1         1.0290903093146506
8495.132159259603    -3625.093041930665   1         0.2147710079054616
-6305.0467434197635  -4593.869027869918   1         34.942202978906494
1274.579050718686    -2577.491489493374   1         0.707199483591881
-1237.7566697595103  -4637.42785614073    1         1.139303444417936
9818.417037640924    -8360.305715838535   1         42.62688301700221
-4848.600924307214   3814.9797940707203   1         0.800256972975809
3782.174092513161    4506.78731535823     1         0.36961670315772555
4670.802099317165    -1121.8531124891522  1         0.49709008391504306
-8697.942852675995   753.366235223957     1         0.9161669476168808
8127.774583727724    -528.6868279711756   1         1.1784378146896761
1025.0080074881034   -113.29257952982812  1         0.7402433674966218
-13998.34458483881   -13746.334862370153  1         0.7049135995090197
1317.9398997824512   9674.430503640726    1         0.670339476457877
2525.1911982829097   9798.139055501317    1         27.94763890228371
-8525.469473526935   -6322.457804732935   1         1.0933214146435468
-1028.3830096693384  5275.213633698584    1         24.41131706230549
-1115.1476826100543  -2794.8047178740444  1         17.762446228776284
-9284.81161097664    -2557.245577908794   1         0.7150367671497238
3808.150176290594    6820.623742232962    1         0.21451528516924456
-369.88606467301014  6372.208011919072    1         1.1008406569842466
-9673.11397796449    696.8050274058534    1         0.6917292524586756
