trucks_count 3
drones_count 4
customers 61
depot 0.0 0.0
Coordinate X         Coordinate Y         Dronable Demand
-4392.689320662101   6425.752904104959    1         38.76653325342094
487.83848671528824   -6354.9922115293275  1         6.784914834703099
9238.409148855704    -1577.2081517983963  1         1.2304268765370097
-759.8948515982829   13550.825355783858   1         24.96829455693602
-7527.842510867311   4093.9071461903864   1         0.3121729217850523
6742.086834349461    -3314.6788964630273  1         0.3367460467630734
-668.3467652778448   7794.067608650176    1         1.050201333633733
1630.3430099414472   13518.630841547947   1         3.8487902557033586
-2667.348988299258   10022.289519424248   1         47.56369576385215
-2726.4339863446244  -4369.59019733864    1         0.4367770277908738
-2522.1491745933195  10626.618779764016   1         0.604597672067138
553.38901266017      9276.811710961898    1         0.23051429125528375
8315.427659868321    8573.378844310864    1         20.378623306218184
1190.5383938193554   8805.085229332497    1         0.9287876610596013
-4220.398992975987   5057.067989230386    1         12.263491070914013
-7784.726347523632   -4587.493495481611   1         29.8207568169508
-5849.7983077536865  13673.552074498886   1         0.9148258876721467
1370.148562535461    7112.456461306441    1         0.15159204804348408
7617.252068124608    -495.47486141529515  1         3.4669191618752566
-6037.7956219345215  2783.962424650029    1         13.695501776940834
-4014.068746814313   6576.220840422259    1         0.17036185217011457
-6805.887760022759   3648.0129545358714   1         0.9730325754738786
-471.91735326924703  -5924.073126413289   1         0.8010064644758856
8921.396459441317    -5753.658261657885   1         0.6694010148208517
8341.333196877229    10143.62276622278    1         36.58977038475777
-7093.173066986825   5832.196627964064    1         0.8265104277382196
7314.929543579736    1075.6575227996013   1         31.936972055086066
-7434.607975847757   -11931.311270619106  1         0.4432219279812136
1404.1166017738055   -2024.561276507218   1         0.1473282571033089
-2936.051577345254   9388.315172416305    1         1.140169334815304
-8469.967796465713   6661.4495921026755   1         19.92295319053235
-3285.032311167565   9460.60615388894     1         1.092319949853225
-2086.380908969746   -7452.90881514651    1         1.2134045781874585
-11925.183737408373  16411.829743011276   1         1.1201558979747104
3238.713997463739    5692.820965686318    1         8.991130957299106
7671.934633388682    7959.845150817022    1         0.624033525214093
-2479.763885026117   -4447.04832737242    1         0.8122208970080426
-10600.880825019198  -563.2109869157915   1         0.5598366681970156
7521.5272590352      3082.2021654033865   1         0.4424114178927113
-8690.292780275433   5145.035145573578    1         0.4822981636221251
-7758.268349797724   -6060.948308790831   1         0.7229284369980556
-9092.812516717058   -5949.577002644428   1         1.1165331089322872
-2727.5345704347483  2901.449156050117    1         0.8351934648812233
-7817.384548312613   -684.8033828293155   1         32.959419984564924
1067.3651970435499   -1887.8915006946863  1         0.17966888785315246
-1730.414799403043   7854.890733093921    1         0.7211152948454873
-9179.082462300103   -3593.3561450413163  1         1.1283656616855962
5540.238490932786    469.54594548814373   1         46.5349415008749
4535.400271520312    -6637.030520871127   1         0.3940035063092061
7874.6446838519005   15916.69554600077    1         14.969499315845438
4461.65822108742     5412.200642613693    1         28.87913667275511
-5923.136398153976   -784.1092290491015   1         2.943849215850968
-1784.1331182626582  -13661.97965463092   1         28.973314654543103
-10147.876388095732  591.2333894387663    1         11.74858123710411
1078.072387188576    -9417.842382473022   1         1.1854579442885214
1737.9975619166753   -10548.625119570803  1         1.1795501803800628
5370.8337125748385   -1932.9502255743323  1         4.470799014503406
3762.4608014219675   5268.490099945543    1         39.14436043699389
9582.890840847267    3657.686579735152    1         0.45235882083892065
1867.3859659169907   -1298.0356361292206  1         0.7233747783269724
4678.969302432146    -1763.4543083756016  1         0.3699902147098155
