trucks_count 3
drones_count 2
customers 34
depot 0.0 0.0
Coordinate X         Coordinate Y         Dronable Demand
10100.979162244648   2116.500284323179    1         0.17689979009862244
-6079.133372209255   6330.228157234996    1         1.1364281174295185
-3564.3540067345257  1912.3266616917463   1         46.44395076061405
10079.421749781464   420.7421301297335    1         1.099644154078683
-4330.55993589827    -6482.985263445758   1         0.798689078720127
-5822.05169553428    5980.001974772753    1         0.751485178076967
-7066.922758897043   -8036.978912703786   1         13.224261166158715
-5022.008677146018   6106.069338967462    1         1.0021899766865736
-72.78975270908803   -8657.90980180258    1         0.4359184444307046
-8464.816793566531   -1413.9294078268576  1         43.08173759330584
7869.835083840836    -3480.658473404177   1         0.9816647884131467
433.7129534492572    1210.9670280289254   1         0.8919116655443013
1511.7618731284185   3190.0339838496902   1         26.538339523556843
-8114.897040869068   -3314.2741507123446  1         0.2352215709241196
-9643.28763632474    -487.0843019739099   1         0.3026999161227213
-6223.802601676577   -3481.927775378547   1         0.47429087885873145
9547.362189399792    -2772.1805686962753  1         37.42163309717936
-6687.935404540203   -9954.89426013063    1         0.8449732602577081
-4909.776296801942   8501.156722687347    1         0.7750310286297964
-5128.7953011070285  7066.983665885453    1         40.02762181060144
-5076.723356982241   1349.0423089199894   1         0.7559042989185237
2711.302362347251    -6723.938286513293   1         1.2228425328751915
3946.9983839445613   -2935.3170162067227  1         32.22581531858579
8145.692130198273    6422.562432020041    1         0.6963438433060549
9751.23472668731     1443.8456392972785   1         0.6432428458278706
-4332.525141720577   7895.828670019455    1         0.15709917753276892
2591.3129421835274   1830.4344800985969   1         0.7919380226497479
6609.567765188777    -7471.0524112049225  1         1.235659864577008
3681.3303368731285   3664.7977911740345   1         1.0205640018000846
1727.7408741629783   1037.7074400182519   1         0.6701079703807473
-2792.282058533248   6291.887303086975    1         0.9897682020444871
-9039.38481574065    2449.152569577423    1         0.7922165395644325
4003.9166084548933   -3197.703695695074   1         0.3421024113296306
3874.860094422214    -8149.275493085548   1         1.0089792311387502
