trucks_count 5
drones_count 4
customers 76
depot 0.0 0.0
Coordinate X         Coordinate Y         Dronable Demand
734.0579209292027    -1574.2062712638412  1         1.071269564552953
1110.9479821636282   3106.9744473243013   1         0.24111921338652537
4658.073257486404    507.07083534236284   1         0.40498085945614604
3354.94017759499     3639.8864480236275   1         30.984222528642693
3756.107174655131    -1399.1171125759768  1         0.43732924194954037
-828.7021272444458   -546.0773479905247   1         0.26099973288556655
-943.9484707832025   723.8900477916764    1         0.3343703066171107
3997.9929867122055   -4684.26951563053    1         5.6734972330916955
1856.4194829149824   -194.72470188389138  1         1.107625701834828
-2010.5627879086767  -1422.4451420448574  1         0.883057229906131
680.1545158078407    -1010.2008387708875  1         0.12970700822391
-3480.0522687418947  372.15514041143683   1         33.36008484073697
4532.705272276055    164.8993092341898    1         13.84415748020688
-3272.2549461608855  1123.3496963767377   1         19.883446781022297
4308.276839950481    1914.047490122872    1         1.0888869210869336
2737.5785859407674   4698.5248309621165   1         1.199622365908958
-1267.5636712796331  -2502.5819551745803  1         0.9370497054128305
-564.0075468687828   2120.6526556562903   1         0.46265624942145356
4864.669097139277    4343.297620057344    1         17.192986286368072
-291.3587582105389   -628.4339515493009   1         0.5596154450689573
-330.3750063215323   2961.554466384008    1         0.7759142776388372
-4162.491451896859   -3333.7976298782014  1         0.7674966596718614
-4710.407805696133   3883.1090210342004   1         1.1260539507768716
2163.895973225304    3314.8314839877803   1         1.0148144561253039
-4731.944014092336   -2231.103420697778   1         0.9761353814886208
-1516.1884831817918  -369.1029232745876   1         45.33024544567053
3724.2652387216235   27.651611369480932   1         1.1209474555027283
4144.031374592555    1361.84886355402     1         0.5268899695672212
-3124.258023008328   915.3394640979311    1         17.115508020671534
-4246.000010398308   4450.391826587095    1         0.5593299424210016
3323.0398947213166   697.5069327613987    1         17.243060436605177
-827.472739478408    1872.3617734405416   1         0.6645507478081881
-1957.837728422569   -4755.739143048006   1         0.387522967040819
-84.0621077886991    -2778.924106809391   1         0.4868353768759649
2213.2109246633768   932.5235536507262    1         0.6943887704097502
-4720.893597344108   -1715.2350403019207  1         0.29271197692291673
-4204.030727045481   -4491.397448631625   1         0.18710267886420193
-648.6820773054849   -4181.840094234488   1         1.2096576465926239
3627.7317898912247   3827.6105675424724   1         0.5450410962189995
4363.150390221162    -1100.9601616190748  1         0.4815779967059809
-506.6217080401479   -4428.598087530047   1         47.02659461510068
-1185.1304425179565  1215.446089314809    1         0.7329501598491841
1860.6098576271145   -16.341941968062     1         0.7145377246686705
851.4148759064025    -4331.079690193684   1         2.069714830426313
1629.8912074059429   4244.101612336412    1         0.3397850894400871
2801.2506783325443   4410.255527540253    1         0.3596189825544339
1526.2409097572563   3335.630885142996    1         8.86086961900223
3620.7019777080322   -3352.5985672517154  1         1.1799138019659887
3749.683147665549    3463.5577048081495   1         0.5082945526876194
1778.7341815644586   1379.1543946183863   1         36.60050315948992
2557.993841833842    -2009.3919490946225  1         26.474272370064817
4566.490900573157    -2997.8236922961623  1         0.5389514534217555
878.2668660381752    1173.736182253464    1         0.703627254155058
1894.0572641640867   -1787.8323670136492  1         0.8007180239663613
-4759.829139615617   3415.7380849828287   1         1.053886136725601
1652.465177795243    -1463.0556960735541  1         0.414492822564121
-340.1145213066766   -2236.225567455088   1         0.3081323121460782
2638.185919295923    -3035.2138891131526  1         0.35427393701223664
-1028.4314907544276  3162.5449046183785   1         15.947341433698753
2794.3589138510597   -570.7763871153863   1         8.144931623434255
-1403.0625023585114  -2813.900320243022   1         0.5444329107833598
4675.420771740642    -3554.173890399989   1         0.18459365881959638
5013.239769733242    -313.8206900035017   1         0.1841280279145282
-4146.717873541799   2309.034093561266    1         30.447282030766853
2968.0798295927993   -701.1671471312555   1         0.4175165068220883
-2638.6405587849536  363.9230900564024    1         0.2878142748241248
3739.53692796571     2906.691625748459    1         1.003991494112531
-3087.377400691015   2727.923177295517    1         0.7902118761839934
3593.841876784364    2314.339470294811    1         0.8831799964578044
-867.9696673453182   2083.1968807267695   1         0.9108466215751574
2377.338799123305    3159.3967040651833   1         0.8136713238314773
1435.6491537877462   2476.9860359500367   1         0.5486492811452669
-1022.7048764925521  -3991.56939019922    1         2.095633234085774
-3873.8036190369903  -2642.0759300306063  1         0.9253348221040467
-1545.4100632037892  -4682.223813038778   1         0.7947332094792757
4587.590490571432    -451.55399516634543  1         0.43710416286953124
