trucks_count 3
drones_count 4
customers 61
depot 0.0 0.0
Coordinate X         Coordinate Y         Dronable Demand
-135.8502308599355   -6320.982392460444   1         40.403270315951346
-1040.4610254039892  -2227.267177671018   1         32.773044775291126
-565.3627494839393   2031.8263536317354   1         0.2926466239869344
1044.4249704490094   -7719.738632426052   1         0.15894765509452202
4309.6186544677485   -6365.030731521214   1         25.281870236185192
-5207.675458116913   6364.285248411823    1         0.46133806750442186
-8151.837985480495   -1958.1729743820756  1         26.932777848004687
-8112.6092789035065  2569.959082401351    1         3.144551255109547
-2886.8158343519704  -3305.532498132424   1         1.0718404184103176
3436.800267136095    -2433.531832206802   1         0.9405684342830123
3453.982119612536    7356.112597191078    1         0.9417390314206245
-725.094718304578    -6521.9567449992965  1         1.2040894852994057
-1393.7786996242514  1900.5814506409843   1         0.7665058395554133
7600.242389251277    4814.22105709019     1         1.1887934118196155
-1291.2936058355492  -6550.398220456284   1         0.560807997345104
4751.846718329071    -2556.421743408381   1         6.744057335891578
7367.019370851942    -8327.045640984506   1         0.3270185851582019
221.90093506131234   -6515.818566763437   1         0.7073324942720867
2566.960334921907    -279.2614097792614   1         0.24885313567739759
2156.3072344011343   8292.059939891105    1         0.9912483144204546
2265.9373813224806   -1777.562316110933   1         0.38398689853613266
828.6890959694518    -1255.6555145683249  1         0.5727054806231627
-2176.2415208765715  -2516.6042470814436  1         0.746469745538946
7970.391235957565    2537.568822080623    1         0.19024218019121092
-4855.693628751552   -6243.009524762043   1         2.119118995847911
-1577.7615123415776  -1146.770225707882   1         0.39326218891621567
5920.086958174111    -4718.0817941606465  1         0.15804936418641538
-6680.576223898189   2617.5558601246007   1         0.24211664654994067
-5664.324381981099   -866.8761103072098   1         0.7594199048241624
683.7353055102785    -7442.935173929618   1         0.17190088619390642
-786.8507490040878   516.4525829270494    1         0.7992854919739288
5177.0096099438015   4331.521034582463    1         0.45655938180592925
7609.560666948259    -4736.52374735705    1         33.25004450502127
517.2928091973058    6098.624393236628    1         0.6522805694494893
-60.835724772973506  -6650.755983215834   1         0.8213296017812501
1992.7880440943873   1083.7784628665527   1         14.403067505731025
-8103.320547934416   -1443.2882035764278  1         0.1576777067872453
6111.827924426338    5250.377763137604    1         40.61968513264711
-218.4202897139068   5545.5112399369555   1         1.0171310634410422
-1598.2864652461376  6833.2187298716      1         0.4257938609777042
-3980.2951464776656  -4294.438462354807   1         41.106533671223545
-4740.834265765284   7590.360217824471    1         15.480468457034513
-579.0788453739008   1615.8274517739164   1         0.40476721260597914
4151.354408290459    5487.988542826581    1         0.9237808613688191
-161.35317831872385  -914.25593551807     1         0.9803764260033603
-2081.7719738901474  -1524.5854680904263  1         0.21536859179780315
3945.528714407285    4649.2582132252655   1         43.31803233947173
-4223.291812934169   -1360.5034667243908  1         10.092704606778717
5622.785417406813    5950.871675502625    1         1.089332927591482
2183.4198748620224   -1151.0598994390211  1         3.2886069295772926
-6410.793100848819   901.8213791174803    1         0.12247477856980767
-6163.104091981324   2493.7919193940743   1         22.147834880179147
1312.959312942196    3756.528337599099    1         0.5910584855958559
6782.2002958886405   -4049.4642958703776  1         34.15499929983269
6739.416582374387    6299.60472615089     1         0.4646138485836576
-4105.983902340013   7026.170314866706    1         1.1584967161990025
5088.165368793656    2616.511018604765    1         0.5039255010679843
-8023.3150454924735  1680.5661215196967   1         1.0399300628483652
832.2188711651703    -4055.2998659417017  1         0.12161903724898741
-5415.44208677244    6192.16911436309     1         24.039997513243506
5195.188223872163    -7060.997545705082   1         0.1507932041991448
