trucks_count 4
drones_count 5
customers 100
depot 0.0 0.0
Coordinate X         Coordinate Y         Dronable Demand
2756.4692456180433   -4122.050183768997   1         0.7032329615216774
-156.1349753100667   -1879.4290539270269  1         37.642912249508285
1442.102435042233    -3542.091613595234   1         0.5974837186369167
-2070.2105058980264  2640.641714992016    1         0.7410829398697657
1683.066630526769    3060.1400130042443   1         0.2637608481821091
4624.3498033693295   -3439.867544651636   1         1.0319456739601454
-5001.253852594861   52.82708353555781    1         0.13054994178948626
-1478.0642990460512  -4130.539980312607   1         0.5979288285820809
-4520.769132366461   2789.426626790092    1         1.234757768921207
-31.837825732997377  -3716.3099343929384  1         1.2179898953589054
3511.6375181719804   -3851.873276799611   1         34.44805033719311
-4168.006983606904   -3511.569974935424   1         0.15955981866875296
-2739.1889410653     1025.9544336446925   1         14.357404342339553
-3206.180813879261   539.1453171999444    1         22.68624683389528
-4786.4142057967265  2859.758925011077    1         0.5384101607984393
3086.0496553936155   251.7744226302284    1         37.82439274095201
1391.9916881499676   -528.5300011445896   1         5.517905988664515
5004.933676643464    -212.212156129711    1         0.23589691601328272
-5039.065751658725   -504.72884000321676  1         29.73758608303721
506.92198021191      4246.810015410436    1         0.8307728306049034
4676.49108010005     -676.5009351811989   1         0.9006741038198264
-2463.9960517487248  4348.565086935503    1         46.70724334872607
-672.4714566774169   3888.081947315381    1         0.6276724652865936
418.0532886926671    774.1094022839956    1         37.881036639276005
2971.1427528851227   558.9057872592102    1         3.3906967480246455
-191.63996153134948  449.6752176741357    1         0.31851630137696185
-5065.095179145753   3587.2215692522864   1         1.1907896594677652
3717.5498605356543   -2113.1516920312956  1         0.4947103757378033
2785.9131739956606   -3656.321300785137   1         0.6726958032288483
3073.9654487799153   3313.1796499348106   1         41.39066456380739
4574.725051490634    671.1869277615288    1         1.1928861446211028
-5007.469967524066   37.13426620330787    1         4.1149625472611095
-2299.402951623174   -1256.9657627930358  1         0.3257452295019128
-4105.2678825338535  1691.2179525554486   1         18.216610717212205
1704.0609927989303   -3835.129990270594   1         37.38601709338897
-1330.373985765473   -3160.2224537440065  1         34.845350750897204
127.64361654330605   1416.9443968094247   1         0.16346367437108159
-723.1424446814291   2592.674441883366    1         1.2248496297844402
-2454.450401201675   3844.8413253138006   1         0.3483495048083911
-2884.59254929089    -2371.234236200496   1         1.013402485383925
-3596.855145835215   -1847.68293455708    1         1.186947201238414
2795.5279044327017   -282.40966279126644  1         0.3413403521361115
-996.7385230720702   4809.804701198425    1         0.3823846700202185
4446.031708822387    -2212.658882968523   1         0.8763532618757081
1772.7900479248603   -775.1424408732374   1         0.9046947132314108
-4862.262548526896   346.2491448931226    1         1.2114136264106699
4949.864662406935    602.2494727312398    1         22.229802187783015
2541.2620718616695   1035.56577482396     1         0.3608730959864491
3445.311905894255    -2848.5729607432854  1         16.718581827462078
-216.12763190288186  -2456.930681335595   1         0.24308858145105727
-1604.4745827371905  -3912.535771506984   1         0.5326159032352777
3494.198900642754    3922.861162457879    1         1.100735901984472
2275.2221546430865   4574.470422870984    1         0.5918039033442988
3780.177540909166    -2683.895265870459   1         0.529697024775893
1659.5862832861512   220.77339493248803   1         6.741274446853773
200.59724032934514   2262.991874242974    1         0.4943796574803353
-421.2418236728372   80.07291777047521    1         0.3250305936507379
2942.4253430519466   -4105.211476726028   1         0.13613678995943404
-3328.2891749729083  -3064.528830516341   1         28.451014947229275
4887.795022284734    -642.2133283667104   1         1.2453454992166495
-1722.7508404687132  4576.395694819014    1         8.010714599048544
-18.597257141736794  1926.4026763281213   1         0.5331444583992733
4637.01471877648     -3925.1802482851026  1         0.13165469407048233
-698.6768050090892   -921.0970879466237   1         0.2913322272431492
-2478.202128176094   1832.4595406784265   1         0.17056443648320344
-4501.927036281317   -4862.606589035882   1         0.20300904146693088
4321.43889821607     279.14753617395235   1         0.961740621378545
1104.7612115028303   4498.047036471868    1         0.3339341535781287
-1841.562671460576   -4101.384570549735   1         20.186593191139274
2762.05838685559     -128.88760421401497  1         0.7057135417295184
2904.196076755936    -1897.0702186673586  1         0.6912742555617456
1785.488471630736    -3454.5863950328794  1         1.0712613068564238
-1658.3926433260058  2573.2546721907897   1         0.7244598903413155
1675.4098213271216   -3818.620376833748   1         27.905679675179893
4260.241946793891    4389.54197949167     1         0.3595345976026919
-3426.933567718561   -678.8876225880467   1         1.168350891852838
2695.3179173476146   -235.2251388136974   1         1.0518331723102738
2678.096512030742    3770.515839529848    1         0.7616374377200348
2591.9694943258273   3901.5147454500693   1         1.2238122699296525
-424.23444275673864  1604.1701399733493   1         0.5175353349326045
2401.902801726873    -2852.728004158285   1         0.44403521925160105
-4920.218509053007   259.92077917886087   1         29.290162104440085
1454.3541979414279   3040.1776097701104   1         0.8521812216216781
-1585.6450732817877  3613.611891368182    1         0.7609767072766622
3737.3971867087107   -1391.1218036725386  1         0.8666134530602828
3734.5514250298966   4731.970334592866    1         1.1564732794882155
-2249.909141381283   4054.138165876664    1         48.7331954065303
-2241.496006726719   -220.75136309709342  1         0.32867417905055674
-3756.0161416292153  2483.499093994435    1         0.6733086609451315
-4660.786346639431   -2155.7592662280904  1         45.6922058690438
-866.9498491079519   3133.216259116002    1         40.50523566615416
2896.9499272703288   553.7817909244513    1         1.132543807194646
347.3945217873835    3117.645373316582    1         0.3469649310219536
132.89653212008147   -676.57621500468     1         0.4648646600534089
1694.0144770187599   -2947.8125239396795  1         47.602148149112026
199.55721159933003   4057.2223425372476   1         0.91622489769554
3344.541884633948    -4048.239456677272   1         7.93423375204728
2863.9586073077926   1953.332738686272    1         0.6654046420044408
-2043.4927888506534  2639.7291610546968   1         0.47952696318339205
-3191.447017062945   -2492.4851265545276  1         48.4620519465845
