trucks_count 4
drones_count 4
customers 92
depot 0.0 0.0
Coordinate X         Coordinate Y         Dronable Demand
-2514.4675517288747  230.77852191014833   1         0.5769347513798807
-1473.8290974459005  -1848.2597193443362  1         0.4168220770967882
-7351.187065258439   -6794.144517775214   1         37.83060366815447
-2510.0174968826927  -1197.7940813098655  1         0.8666091155653461
-1086.5082006331738  -6894.638667849928   1         19.32398509073739
-5395.393001956258   5711.862896864159    1         1.2393999865032543
6256.5065213643875   5111.2742054616765   1         0.7133543037232426
4129.612589655226    1148.4975599061872   1         0.45601062906515
3357.9204545363723   -3256.7521736036974  1         1.069942828496879
-5892.122966069385   -5319.423423279032   1         35.02748796515873
-6062.243096304912   626.7881226961686    1         0.4820049487789255
2221.239180575911    6067.863245551498    1         0.24473114012747085
-5929.277827558793   2371.5447220593587   1         1.1203470962907658
-4275.012971642046   2932.359370350492    1         0.8359686929248668
7416.354979466514    495.7295754255216    1         11.979176820299637
452.68285910530744   -2016.2986827964146  1         0.27541700240497846
-2496.6491387963774  6011.897576204216    1         0.7569155850516958
6214.915478035484    -2391.2598790766347  1         0.5297968298538149
-7017.952605237881   5809.723448053975    1         0.737608435385542
7282.685083758673    3704.3130252035717   1         0.3354639050942261
6698.680756003527    -1948.9871106074704  1         0.49853091640492775
-4757.103126120502   3005.1956896989514   1         0.39406790407883163
-6325.640829332722   -2089.338459534113   1         0.9185758921360314
369.41651715495584   3985.5222684885302   1         47.86732250206529
-1894.507080675459   5219.5713639496      1         1.2221179824120454
1135.528981852145    2506.4902964744924   1         1.1611144062996372
1564.910117379493    -1166.8585071383156  1         15.548817055905449
3065.6253787179076   -4044.2295138901727  1         0.12805373594222588
-5152.7088300640235  230.07848310219933   1         0.8071972894989189
-4342.267881132927   -6177.3535133321175  1         0.9560307212059632
1508.5552321272598   5604.069585021868    1         0.6859920181792045
-4998.545571668933   -6187.953641270817   1         0.44026523282005825
-1338.0636509577064  5383.310796527527    1         0.6518165766804134
-4678.68705882752    6203.433985749431    1         0.6892278370350023
3998.2697109649253   3058.8813774051337   1         1.0074935472060895
5028.863163251478    1869.0347038691605   1         0.6485895292830343
-6824.1361961308685  4464.098960889616    1         1.093553940610488
4840.518198555787    -2683.200491752682   1         0.48092491264133197
-4766.596881489702   7214.093009831773    1         0.901739423849735
6078.4430341419675   4481.007516482128    1         0.9957816661878848
1301.8036625968687   -5959.592380453787   1         0.1736529456139307
-7315.7126445599815  -3500.314617561939   1         0.5229779354365324
4579.800175699383    64.98807208149968    1         22.606637911421952
1369.8215027339445   -5586.950719577799   1         0.3451510944969757
380.43819629993516   -6859.152543231394   1         0.3413744759176195
-516.6801610787865   6177.905667175867    1         0.4960940747028917
-2118.9537147966957  1978.1593767201175   1         9.44732167685774
-6893.154028119013   -4487.271933276084   1         0.13534528476939497
4855.020393540278    1127.6081182137852   1         0.8311502927580746
-276.6713103364938   -3656.1925382336576  1         0.46939963477362356
2081.1993775218248   -2608.7391253231845  1         1.2335277259635655
3160.780590870029    2558.7456435385643   1         0.2948318599437529
-5606.6239258102105  -63.476793391491825  1         0.28950428471658474
-995.7786654347565   -2332.529557763183   1         13.096775627627515
2312.792015748634    -2005.687595067623   1         0.9094768709732134
-4367.829901864771   489.02625869669185   1         0.3744406572017339
-4288.2263719494285  6725.775788014419    1         0.3445573258209522
-4591.355990827322   1992.8816794424793   1         1.105283063749137
-921.5499561608949   -5386.899226131199   1         39.18753888995362
5244.9665634369585   393.7136248458984    1         9.348263124601964
2334.033525696752    -6572.271653444957   1         39.27183624007813
-3129.8129278754986  -6511.565912882947   1         0.2889245697387099
5435.364499975457    2462.818158131367    1         1.0273012136406374
-2974.8361126937634  -4426.453124777382   1         1.000567191051465
-5607.721142004106   -6943.270186661852   1         0.6520024452086904
-3903.0669266767895  4685.213354669005    1         0.9884880006192925
1633.2674934739705   7148.536239073764    1         0.34184707332928777
-4336.5424701093425  7116.312367510207    1         0.29064603218859336
2018.711167778587    -5626.503487258036   1         25.616332394335984
-112.16904607658216  570.4191053185914    1         29.2124881974488
-5257.5912195739875  821.7789957546241    1         27.246461994325212
1862.161094255676    5643.87781777834     1         0.11871308355435901
7221.454764482481    -5011.562076310633   1         0.9979163597436759
-274.9984116760834   1689.2886615629304   1         0.6896308666790991
5486.318561668976    5084.828496343447    1         11.796218431139438
3755.5380823760515   -3942.833679182709   1         21.93719179807153
-7203.955605644116   4148.2508660150725   1         1.1126286783261339
-555.5415237892985   -4268.1198360535745  1         0.7985755341258535
6467.310625771437    520.2235593797393    1         0.5546409223416909
6610.924999686167    7109.6185489778      1         0.8750044103211149
2180.52382322838     -30.214964419290396  1         3.972198496307484
-3090.915864690549   -3320.900521230048   1         42.27476446163213
1610.1343189611118   6146.783522958023    1         0.4415684616590275
-3061.3873981984716  -5706.988244085829   1         0.7717585318626817
1657.6656679003008   7019.93652813215     1         0.24720889190468653
4314.997157256965    -1019.7885515867601  1         0.3897400415373411
5758.031422493424    2203.7346462018972   1         22.19348762961306
-7160.460014215215   5129.485199773446    1         37.17366072234858
-3537.8193458395763  4883.915388012623    1         0.8122655518784654
-753.603312111841    -7024.669648387182   1         0.22990143555901021
-6068.931101985746   7330.595797418256    1         34.41470164886201
1796.8334211039726   -6738.158057387646   1         0.862033577303088
