trucks_count 5
drones_count 4
customers 70
depot 0.0 0.0
Coordinate X         Coordinate Y         Dronable Demand
-8810.589416550627   -4657.608397852596   1         0.6379257792424993
-9407.49643784245    5106.682639739997    1         0.7903429236267203
6407.669063795788    6434.678263645327    1         0.8619215241213881
-7045.967993094772   8341.911935932381    1         0.526695254221471
167.6617259214654    -9615.45081418376    1         1.0035825344002531
693.7801684910119    -2873.4822334754117  1         0.8537749292401293
-28.598089092477995  5051.799520279631    1         0.8541010055381763
-8180.178395691969   3346.0215496162737   1         0.5140113353903899
-8164.333814535679   5023.0235108903025   1         14.899100327475121
-10798.010247107584  -3229.1646464985097  1         37.59001154953641
10208.714275253145   -3287.56946773339    1         0.47716483257311537
9131.935533531248    -5583.737379591125   1         1.180927829306343
-7110.475505395598   -4988.715346334295   1         0.9825712533647849
3122.964595399213    6630.889303261221    1         1.013748521762537
4761.182915234982    -3027.9905817951903  1         1.0403018202617902
9972.363814412598    -2334.5001025771135  1         0.4963787053469009
3279.386342514432    7413.760312294802    1         1.0502049504767565
-1966.6042877297537  4246.728933160651    1         1.0043200311298341
-6403.1233309581185  -7179.625550579133   1         0.29608930834753633
-8032.379550096305   7355.058587737972    1         0.3580598039375734
11245.697172003322   3908.2079554097672   1         22.569067287383877
1804.71689184949     9271.825362553707    1         0.6450418824287789
1728.9931800122845   8915.026752215725    1         1.1230658423277484
1296.1701159352087   7169.346798723394    1         0.37600989468801305
-4723.007199657297   7586.61956502028     1         0.8357414825825215
-4079.113565196419   1940.3419404737579   1         0.29252944386317326
890.6120570952738    8026.229561260567    1         7.037922080267611
6544.67303115478     -2224.3606198832354  1         0.7105672591572512
9027.166994408264    2219.192734690334    1         1.1572421759840155
8158.272222355283    -5935.291491591855   1         0.44296019180135937
-2498.639195881182   8518.869470482445    1         0.6378614939571614
-3130.990302696237   9182.056986681158    1         0.5351619688993073
-7604.647401616044   -3099.0804632386644  1         36.83511450562269
-2400.9643662406465  -5318.530698460408   1         0.984525549727597
1838.4939252926793   -8773.255512103016   1         0.9734660232785417
3983.846902235015    -1039.4860423379232  1         0.4097888300378857
2095.1072443901803   -8991.958766594224   1         0.2822000111012701
7379.769634556625    4380.6457446077775   1         0.7857648155842032
-4257.235349914299   -1398.7282047080819  1         0.78784812671216
-8319.984397806937   2734.0893232349426   1         0.4366938051961129
-3068.4512954423017  7490.970633290941    1         0.19127994780759416
5836.313596760218    1154.1839435562845   1         41.160545482157524
-5519.151227635378   2229.5185129739225   1         0.7336666148940263
-3779.0944501825165  -5591.755356570606   1         0.8489491176288678
6405.767235105353    -91.90839563778523   1         0.9754988259339638
10745.92139968276    -740.3624592262573   1         0.8524002638208004
2989.7618232470563   -6542.256444601671   1         0.7737045921387247
6512.0227255031095   1943.5234688993132   1         0.7115690364602351
104.84705693460772   6524.661138674796    1         0.9661273735649368
-5336.247606161995   369.2037871187371    1         25.97460085462415
753.3112593319745    -7711.266836725149   1         0.657282964751117
-415.2625338662287   -878.6150583651375   1         8.504131760360533
-6944.3528079538955  3988.8491607808596   1         0.7846822901787657
5865.547233223301    2672.9028353742588   1         0.7751442851825805
8843.52254691352     -1445.9105009331365  1         0.15122309374381032
-6293.660398721635   -4240.549818410838   1         1.0349316224555525
1885.5607755498331   9389.261700522216    1         1.249554400361796
6848.972623299069    8815.24241535817     1         30.384993902544927
-6658.0196567052735  3579.0100492167358   1         0.2579569537708494
-1499.0615781303454  -9488.59113680153    1         1.1088528290202835
7370.811483397349    1542.4676181908817   1         1.044960216811004
-1790.4858581666806  -10345.091715412662  1         0.9723112008632288
3709.5006601823193   -8990.368975365724   1         0.4550522025519813
-6496.903309361961   -7817.753160796514   1         1.0801667802518846
-9238.70666271207    -3341.171165774472   1         0.5167828879057811
1689.6746799229704   -8716.188745179428   1         0.3434534844918828
-7931.187612395743   3900.130063128585    1         0.9390846434667314
-6873.861657315855   -7438.985316237702   1         0.5936201405983138
7315.72785261856     3437.189711996936    1         16.22537165298457
-383.2159928821659   -487.8666466629956   1         33.83105021127557
