trucks_count 4
drones_count 4
customers 80
depot 0.0 0.0
Coordinate X         Coordinate Y         Dronable Demand
6378.530015009803    -3093.6168796789025  1         0.31427712495025306
616.2100456060463    5572.478810125487    1         1.148846877954267
-623.4565452677701   -2393.310043765995   1         0.25557992115782857
7679.174957049454    4582.854378208837    1         1.01668054418659
2433.684058933805    -6495.729688941345   1         41.93829009387503
682.416520396405     10775.972401901197   1         22.16990699194628
2997.804031541067    9698.829415482647    1         1.1128126118136092
591.3773628045219    -6372.866656396987   1         0.5917097464576687
-1609.846694106012   -8814.617567166473   1         1.1638075237607521
5097.623515630996    7740.586502296978    1         31.385803709889792
-9446.107097931299   -3763.5057601043995  1         0.2864105373339759
-5538.7000042125     -3405.955085387422   1         0.6465444048875089
-2942.913324969241   776.1351717459878    1         0.37835732572888137
-2380.535007286615   -7611.816284890389   1         1.1401927411957662
-4214.852321415373   4542.738808218775    1         0.8740875247537421
-2933.3871705823312  -7248.616526417434   1         0.34954064649224104
-4185.982879686513   -9667.349844988981   1         1.1191421792742204
-10616.205319521927  2768.435276972941    1         27.479606504878756
-6201.269161580166   2744.068245200052    1         0.5692018626641224
-956.5859097303681   -9515.903105165366   1         1.1311057807059839
-10141.914542417968  -4114.875077974861   1         1.0325839689942482
-9651.449196251877   933.5161354723743    1         0.7250483305419385
-5461.042925743473   -1427.959125549675   1         0.32529958643505985
-4343.832257673306   -9237.010484568378   1         0.5910063094011148
-3830.291813573299   1289.5337031151398   1         0.36633593947894916
-2211.2578523088036  3032.2557755196585   1         0.9808513778266318
7259.620947682737    -7464.2450144282075  1         0.7662934516551688
4964.123366730203    2185.7275046202776   1         0.9109385328179904
2479.9996171745624   9484.398390217182    1         47.71001618168621
1794.310067189083    -10512.4850480763    1         1.0145703066742022
8353.678122406996    -1735.4417491000818  1         0.28634616651947276
-12403.583008965106  -12859.300360721854  1         0.6898989869678211
7042.280528541993    2181.665012011003    1         0.28976424070703327
-196.46108036758858  -1084.9856345170883  1         43.680601570503754
2842.518022739414    -2975.4360303256517  1         1.2270397223360054
-10383.326755378679  2603.4413228363987   1         0.20115219536794393
3144.819198134855    9110.701206104688    1         20.636307567537727
-1104.9355310585597  -3325.3613344607     1         0.5472920214061507
1278.9647336052017   -9374.827558985962   1         1.0380606101538714
674.47282182644      -6352.339846545356   1         0.43333177438544845
-4016.182846256382   -1579.1982761152722  1         0.5074392405863568
-6725.7889569746185  749.6000140338746    1         0.2082540649771334
-4094.460940933208   8032.453219324886    1         0.4265262038481856
-3304.4173962624727  -1029.8444487037004  1         0.38226386877619445
9517.255441230047    -2579.183586969      1         0.8162850031307339
-3646.3530525494043  6883.004317038178    1         0.914733245533984
952.6273900136331    -4028.2123506164808  1         1.2161152527403398
5503.6734186841095   -3482.5709484221347  1         0.2663522492372852
-5522.890788995747   -5612.050049099008   1         0.5506228540407528
3803.5684239280254   12147.827509093042   1         1.2412862766930826
4745.210354869281    7317.098115879487    1         0.5971065253933072
7884.683927684214    5.446481572475427    1         0.6679594262042625
4638.918628778667    -594.607600446192    1         0.25258305965125044
-8869.980993099038   3947.2427820763473   1         1.1553804794164961
3586.12700172926     -4146.981191757804   1         0.9576937355901263
5770.519090093113    6622.356331032504    1         0.6705672598601574
7961.383435729984    -6423.103330543134   1         0.7645394117024301
2601.3259256132355   3575.134227475667    1         1.081926731050246
-3961.227810784363   -1454.0053511414171  1         0.7729077949044214
-4173.458864963185   6974.414372601475    1         0.914484891641689
3394.5797564701284   5591.365847868547    1         22.245839605417387
-7045.379381588044   -5718.505861048491   1         0.7088162510543633
675.2011516270868    -3497.7079412111702  1         1.0170235804831045
2135.8304446951115   -12873.082046106829  1         0.7347280204839516
127.05507960136524   5763.065473330456    1         1.1699424914949357
2991.447629715501    2783.688467944527    1         1.2246887663745045
6704.775958518522    2154.90542519338     1         26.523697186820648
-3313.578670218124   193.63454533941132   1         0.41382890632019687
-6714.057208589369   -2815.8297800744926  1         0.8872250475689606
2607.0544213577596   6306.0003103926565   1         0.38957168234618744
8258.067347317987    -2796.6958310485375  1         0.5817989316219279
8314.479932571057    126.58480837898962   1         0.20069621523758413
4768.425770385467    575.0109018939586    1         0.31741232880199277
-11935.383381368365  5863.851782780059    1         34.27148933670231
2840.642358674359    4727.219943076619    1         0.6859844364280955
-3515.3946559472715  -3110.686414428813   1         0.7524340868131828
-10420.994459565269  84.18205642455986    1         0.6180053336040615
-610.1109106771197   8880.171556954941    1         0.9023624975587468
-2292.9579564104693  -3043.3503849535014  1         0.8707675069717744
-413.4919444780393   -1213.370855902074   1         1.1556424647806294
