trucks_count 5
drones_count 3
customers 43
depot 0.0 0.0
Coordinate X         Coordinate Y         Dronable Demand
2264.412251491849    8026.260884145233    1         0.1732758811373028
-4487.90492970562    4812.049848981952    1         0.2060298019397192
8281.29067939516     -3540.7628524420493  1         32.718197092071
12183.223708996225   -6074.312058034884   1         48.27298591516995
9126.724982768164    765.6855797139885    1         0.305868481169714
3645.673121470277    6252.841679110149    1         0.5860944266246183
6180.465816366993    -8384.747628852516   1         0.415487444443422
8089.998831177503    2633.1223389974175   1         31.71084870538357
9729.463600155905    1446.9838245135074   1         0.7917699756036859
3957.205657610112    8269.335917527555    1         48.611993738995785
-776.8799918585864   10140.318991055072   1         37.06850141804972
8986.970061184837    -4106.09326337897    1         1.0926538312295984
-5582.541119449832   -7383.55444995766    1         40.32470425760783
-6585.762686972705   -12878.554506960092  1         0.6012420142681854
5473.373198679015    7985.459400264857    1         0.24590759622541045
-1510.8101494202406  9796.055374508567    1         31.47406931836759
-1004.5703774440028  1104.3534942172755   1         0.8255693277668307
-5674.4512506321635  89.03333443303097    1         0.9496380901388525
1396.020876082153    -2769.0358613614467  1         8.684461446636725
-1662.5606038035703  -5458.271266311711   1         0.7023949506812632
-1534.6518704478801  4632.422197942106    1         0.25159232624814215
-9334.564360966828   -197.08515761822954  1         19.216984200573766
4904.696016631206    -133.72278305500345  1         0.1509441928150351
-506.63350098253215  6320.291159709404    1         0.8804715421820151
-6287.2290410226215  722.351638509337     1         0.7278870519524945
-1216.6730141615567  5770.367680914769    1         1.0262621073033023
5977.614449206485    6861.869259143481    1         0.6357951480070098
-2438.414764836884   -10221.494212823476  1         1.1050298672744359
-15702.157526280378  17952.489078444287   1         1.0991571396291697
1086.1629519656271   -1305.5470887760785  1         1.0439835339063204
1813.854099684603    3454.3745768967333   1         0.37147818650052866
2912.8101652311025   -6461.114591454928   1         0.5975393091787905
-8583.955004702542   -1713.0954565355728  1         1.0384159720771784
716.4345465271118    3693.639750008       1         0.12309023797627756
-2318.566201264959   13612.793911643723   1         0.6695834428409801
-4556.000124392911   13737.619255091002   1         40.62050369109236
-3549.3301711704003  -1084.3344850912213  1         0.14282804428900336
-2824.8213163554547  5712.923871155201    1         19.429933704424492
-761.8555814668995   -7327.419161286619   1         0.3571001926520546
-4339.18203088732    -1607.700805098271   1         0.3099872732381971
-2652.314828538504   -1794.8169027364183  1         0.5145393522951539
6403.376838893617    1534.1678980573286   1         0.2827204573878909
-1383.0131019197916  -4268.836079031617   1         0.6455446399736449
