trucks_count 5
drones_count 5
customers 47
depot 0.0 0.0
Coordinate X         Coordinate Y         Dronable Demand
-5567.3741161947355  -2930.762191857158   1         0.34764973969132573
2545.1172121510044   1571.3834714759705   1         0.6651527535647807
5617.314723118193    -5909.735121292748   1         0.26981485480363
-2993.9701866637793  -3840.076755832778   1         1.0342018697007556
721.6995205753765    -26.868777608733517  1         0.42041457018215356
1106.938054294097    4337.340010598213    1         1.1046395683493972
5562.358677291619    3039.4046689507086   1         0.31701664166564236
-1614.0650048556288  -5628.72433224726    1         0.5816154169218962
3849.5707743333282   -53.138178894930235  1         0.14519109514424275
4038.566520896955    -5197.931057715874   1         11.519737716423775
3635.6119839151834   -4227.796427857779   1         0.34716766120108056
-4464.66421573443    4281.874495165848    1         24.93566959067774
-1664.5966781335223  -6657.87166000084    1         1.103921466874195
-3384.811751591257   -1812.465432494396   1         1.1601508101977143
-13.902198063834243  4515.674860618458    1         0.2620774383246256
4408.879846669839    -6279.1457069727685  1         1.19683238325538
-1090.2053184128958  -2158.767297125001   1         1.078692805784338
-2909.393965261401   -5865.770747484515   1         0.9763162442714652
6734.982367897841    3140.2874207087953   1         0.9980715660560329
346.045543887262     -6779.574038864371   1         0.7126077859908885
-1241.3674481739813  -6408.093310377509   1         0.12471967954677442
-2910.6134624129973  -421.7511284404414   1         0.1673502890206177
1794.7022561911403   -437.72694559665695  1         12.04689048943976
5718.488837582131    -3154.9366948390348  1         1.0778660615035582
-1191.432421904243   -5826.878498740848   1         0.9836931861884515
5067.961606003342    5262.783733477998    1         5.027904363450064
-2576.8091201109196  5819.631238021943    1         0.9277250050337131
-667.2580922163177   4612.519658581644    1         0.6954683849479155
2327.32058265734     6424.600334409136    1         0.6586908151590971
-1642.3473188780174  440.1113372221805    1         0.9489928601616411
537.2947751749676    -3398.3859853594427  1         0.5468606228425547
-699.4471748018033   -1892.8153526637605  1         0.23996097774724612
-5937.964960352602   2792.9051656053975   1         0.8833909387461516
6455.053044494023    5533.976656695695    1         37.83032346093066
2966.789368719288    -747.6433183948477   1         35.9925900832154
6296.062389006662    6515.261649766434    1         0.948314219092059
-5600.277135774733   4502.779785245226    1         0.32398612934014404
2297.6494278640107   387.20020914909065   1         0.719639580102992
-5386.707570758413   -4791.355624098715   1         0.8573509702437107
-3032.4520944623487  3600.043971904668    1         0.8988135968475897
3971.1325085392305   -5563.086585073832   1         0.36744919085499184
-2285.875990179582   -4629.438394863176   1         0.8149878675035793
902.6319685261469    -175.95264585013228  1         13.477561608220379
-6945.186507203052   -69.69010904705787   1         32.749086150541956
3308.951919897425    -4021.5259269218054  1         0.9077432386682369
2440.539257749986    -2370.991677684223   1         40.867088204061865
-3881.457620387824   -4894.45195294458    1         0.18763297391362474
