trucks_count 5
drones_count 4
customers 100
depot 0.0 0.0
Coordinate X         Coordinate Y         Dronable Demand
-864.1105185318156   9795.040759849682    1         1.2106413215929661
-1019.7493446973854  -6286.645128554012   1         0.1464689081843247
-9198.921328718925   4127.67648320584     1         3.804408158419837
5181.993899597019    -8702.922736156437   1         0.28206349995994995
5665.098455796929    4375.515340827459    1         0.47217978192714694
1557.325479229617    -4749.973250080134   1         8.353734938270138
-9810.20089515033    2527.516296792896    1         0.697465573264515
-2506.7298597796353  4130.512954823335    1         1.1983180102778566
12474.870124670138   -10259.153278927126  1         17.34369976182679
-1875.9240159381225  -3632.851608668898   1         0.6414518939256365
-8180.014827396853   1384.7990472094148   1         0.14163605756482198
-5871.515607103533   5751.395672446309    1         1.167284300370527
-5295.755892395957   -6250.123101028827   1         0.604544442096051
-367.2380937526276   3285.615385345427    1         0.2544588693218489
-4792.327359182024   9448.25348258369     1         0.21427243263075266
1943.5179851940086   5146.390853867305    1         0.911924535929909
-9564.680179019751   -13070.787668955076  1         1.1271562018038406
-520.8227930281587   -3504.5943288243625  1         0.838632071849987
-2830.9082349874598  1019.6054729237824   1         26.760043792126602
-1255.740398203262   -8388.920736655316   1         22.55523402802402
-1347.3446720325794  -9140.005034782518   1         36.04970848972337
-1330.1360212680258  -5573.92153935516    1         0.13903251907028613
-9777.487502934788   1606.1258400289666   1         0.8585866979671494
2881.195344711919    -8470.022083782695   1         46.120385823875864
-4051.138189270073   -10067.369308785966  1         0.21303284851058357
-5729.66584648335    5802.276178620075    1         0.11058425782132979
2140.092321201717    8598.76634840514     1         10.908804552714933
5411.1042477934825   -5730.916828975602   1         43.71445654218466
10051.038588537438   2783.0340456506283   1         1.0854702824180074
3266.0883999993302   5784.712225365795    1         1.0169068505219248
2064.2638449657716   -7041.308448861184   1         41.538549036516656
7195.913309761007    226.79686559973692   1         0.18348052942069779
2935.881626509536    7830.136682834181    1         20.14376795731841
-8234.19523441989    -12697.973515801952  1         0.42044516236922425
-7026.208856157068   -4982.56644717339    1         0.7492175958834842
-6806.9674449828135  5600.27115438925     1         34.58406518000406
-2018.9993220515873  -9760.181781663987   1         0.9085269553083853
1419.8780896146407   3294.979690546413    1         0.4203316048999106
12134.444036595327   -92.54058499231178   1         0.8904707349878089
1032.8214610848634   1093.6115610147451   1         0.27622872603919013
-7629.907811768121   3237.0584562434965   1         0.8426922619567043
1234.2628232800218   -3670.6912967495045  1         1.120318334170618
-1223.0107152950402  8284.95347703433     1         2.350963287967665
2222.6715463711894   10476.415629167182   1         0.7440301238632412
-4132.707183323016   -3635.0656164366414  1         0.72215563957278
1478.1332784569463   1786.0244891371938   1         0.24658789130727293
1890.0709111796714   -7.233462865153342   1         1.2037012901684503
8624.69994230133     -496.2481604073248   1         0.7737868583025408
-7519.414547922735   2558.240383367677    1         0.7103345275459824
5806.424102084362    6313.8161008995885   1         0.987992389399608
2974.3549374516438   -6848.196092002204   1         0.350042123251198
13345.06116576901    7232.4912948945275   1         0.13832908660258186
694.2889378204169    -8319.451775424264   1         6.5831865341937625
-5088.8244180064285  7421.202189095568    1         0.13639937286370218
-3737.1177814378907  -2505.875592413148   1         1.1208839754267526
-4243.820282588504   8693.513702581942    1         0.3811508680098352
9735.536432708172    3203.999669226974    1         0.8126708752335491
5979.002044398325    -7766.90416574312    1         0.8669173774993872
-6241.098194871733   -8799.60001701535    1         0.6012422101393571
-11114.590541480218  -4624.987712478018   1         13.655586645348738
4736.276484639457    6762.646536852968    1         37.98511930112402
-9814.851298897456   -4571.973169736926   1         0.29771279008882034
-7702.958789617151   4449.6689437458845   1         0.5392206341289381
-7206.854818107409   2653.852119301106    1         0.4021863667955752
6082.687630785895    12091.034757257468   1         47.27329027140882
-6841.165005046261   5287.411350716077    1         0.4124559453054959
60.91459861872569    9078.471001737376    1         0.15545908700701
-5037.253908483833   -5850.490206698786   1         0.20331875183477166
9445.09927713159     794.7196350312505    1         0.794148790195785
562.2746072429691    4658.506204193699    1         0.7621722946364399
3247.2357211715394   5901.141738189384    1         0.8164658898310518
12697.991778704534   1469.719908740024    1         34.84032474670267
1883.1367876333068   2600.4864789741623   1         0.17716015219387235
-3578.6915839134276  -8129.319548966901   1         0.40642638363414585
9200.982026194883    2533.012282682965    1         0.5173779206229457
-10677.192529447448  1085.5519482210907   1         0.3553471219038844
-7223.958171397625   2311.0428391437335   1         0.9316339360560993
-7269.3749704719285  -1130.8937245313148  1         0.9057904419426746
-8595.531097576924   13160.505836534132   1         1.0749607952486804
8394.794708882713    -4020.225420819397   1         1.1044539638460236
-6904.955461928497   -8226.549096942766   1         0.16350583357882115
-502.4749242189449   3340.321289110145    1         0.797772315170963
1827.7699996309166   -2216.81334466816    1         38.99992311419076
2129.1802720225824   -1373.271084880129   1         0.8961564831029059
4973.843961723835    381.82381222484406   1         0.5688128453444753
-6262.635722512289   11576.329570800259   1         25.86438052035283
6230.151852040946    -6961.149341263565   1         0.9811746402242342
-11490.44961335386   10358.509579323825   1         26.622534341029958
3870.951707969876    -645.9671577956628   1         0.8799840488021557
2013.9238036660352   -5245.480336178499   1         0.619123042678005
-4050.281870717076   -2041.3331711550113  1         0.3799259355511099
9587.875057057794    650.98019930483      1         0.4106739383224496
-3658.09170222417    -5225.508110214409   1         0.8722989451087422
5548.113669028718    5667.539561961508    1         0.7114295683204814
-525.3339946418834   -7732.312238032554   1         0.9778341097819169
-4648.76660104051    -3520.855744952613   1         0.3833388198958423
-7793.923302075248   763.5679315382789    1         1.09947719644651
-8103.591254357941   6547.562912052579    1         0.9645786510903029
-2003.601812593335   10184.197132482162   1         0.211705734807915
7152.781586419211    -7810.421723361413   1         0.8637139653542691
