trucks_count 5
drones_count 3
customers 80
depot 0.0 0.0
Coordinate X         Coordinate Y         Dronable Demand
3108.4996210486643   7320.566610270582    1         0.6423608247159132
1039.5037514587514   -806.5047001398789   1         1.0423762182472658
-4797.863986609426   261.1103293609268    1         29.934307599232707
-3194.5106123564133  -916.9962765728077   1         0.9853668707200757
-935.8320445762234   3777.4496189542683   1         1.1919597898925083
-5178.609106308623   1378.7154883727067   1         0.7502091379288938
5580.259773257869    -6320.800642365653   1         10.535285222072147
-630.0437531597237   -9028.266517919446   1         0.5302106417643708
-3773.5544411485375  -10012.703993173782  1         0.9716615648098279
8241.798719262933    549.353648785691     1         0.4653693147358736
-3078.1954793868895  -1695.4138739055434  1         1.288969278544323
6849.379571810221    1122.6431977034397   1         1.2307905447400926
-4354.269153339966   1292.649854450377    1         42.234943162399944
4841.842054694779    -2003.9454357889983  1         0.24053928923444057
607.1246248011012    -17583.59890996275   1         0.5344369448052532
7609.937026083269    5099.518414395016    1         39.807149914888335
-14913.950100388618  -6950.69992054383    1         0.5668319964186849
6689.800524042129    8039.951631340115    1         0.40833614866626267
-4123.762906869941   554.2659064613449    1         0.7340189549862234
-7981.066742824695   6575.337242184919    1         0.23262710949569687
2119.352145308956    -15882.241910476427  1         1.8674026681942286
-4981.937851558394   15275.257664187084   1         36.14307819311183
1115.6136964676393   2791.9876440906683   1         0.3506280154501499
-4774.653729139909   -8355.557643938202   1         1.0745343288760396
10533.394337904327   -7979.064836562173   1         40.277538979965364
-8572.655782863632   -3424.462750931621   1         10.503819875961657
6820.223312630242    -3655.7646336319744  1         0.18094752453416596
1724.8778587568218   7080.335269430994    1         0.6283807113944373
2807.8921565264113   -212.45873837088186  1         39.83512855512038
16336.636717076879   -1518.3166159170942  1         45.883463472412316
-1965.4151305840387  2232.552199548987    1         0.9219371457787701
-10074.25614051777   14556.608877355156   1         9.408052833271315
-2345.5445113786973  4978.876794257685    1         0.2717742655270897
-4.810584838332563   -554.3142049555137   1         1.2279038438056404
6610.066639626143    2923.7721642606366   1         24.558353078232265
-6157.73600659335    -4131.984974709581   1         0.5986621318703911
1241.0601073415864   10600.430477796168   1         36.66675705736622
-3358.89112759979    -9798.090483076332   1         29.53430132668138
6480.6993140340055   -16537.018650080347  1         36.53266531126539
-6738.337718386157   -2757.240784637949   1         1.0713818924111018
2908.293783509898    10054.845592277208   1         0.5112572152714092
4557.079344309464    1610.42078733862     1         0.72557410440998
3839.971438938672    9892.900697159774    1         0.9906623804038555
-7208.612543495592   -8914.241992404826   1         0.8396645561944045
-13488.030234119826  3596.6327315509116   1         0.7912165631677556
3357.196930334435    9201.36454709175     1         20.269422480172548
-1350.6286006079335  -12536.578969576636  1         25.17112079426016
-3156.9460629640485  -3528.6785276176424  1         0.806409947091258
-4016.105962540322   -3202.4424209759227  1         0.9140182604698937
-8275.060684870597   5247.11237041754     1         1.2418073648091315
5704.087778052639    -7780.068143223919   1         0.42256850445482375
1799.2174565470773   -10044.088282619861  1         0.25454522061350604
-13484.509477382391  -9646.581374901085   1         0.1513717854402545
-4230.578215160941   1758.43292187969     1         1.087483763097351
4935.076587750519    2111.17290204799     1         1.0289952663769013
8541.462610484296    2246.358811431444    1         1.2210465790558453
7569.313266873851    -1479.6213822011389  1         0.3182580427627442
306.1860268978541    2085.265765270456    1         0.5135178416635715
-6644.680002221703   7884.687438265792    1         1.182158986348599
-4514.879074736563   6271.90430774653     1         0.35999126223582034
-764.2125612032243   -4962.4488601161665  1         1.2213811403346329
-4368.440878014681   6133.138167048054    1         0.45677580391120176
9338.13407858611     -8830.055194814526   1         5.6304094087848116
-9549.288447174182   3060.313979015446    1         32.1362166982585
7998.897072758915    -5324.027582175602   1         0.4703980034831513
-9482.97412306657    803.6288124900188    1         1.0841121275861036
3965.512173353042    -7193.206403867648   1         0.21914925437893096
-2494.5572359222606  1090.6857378906498   1         18.92324350322023
-7624.086873840723   2407.3162032132423   1         0.4440409531068694
-3994.2204259279924  7597.739469401278    1         0.9556524368976063
-229.73317662173767  8485.088313178761    1         1.2094966167090089
-8919.52156290935    -215.51721571077897  1         1.1401934927732988
-6911.637324042959   7934.55289845671     1         0.501696469205151
1877.9695175019247   -2560.7700605785053  1         1.0093997039593818
2837.8534912033465   9774.525255058059    1         0.5415966394647943
5125.824286485207    7385.734092839873    1         28.461528262814944
-5852.496237156946   -266.31489885761766  1         0.617187935910669
-5575.061765762027   -5936.837586314958   1         0.6743804428504188
13578.789471847958   -11282.3047181053    1         47.34134566790873
14338.034908660688   12859.369824605667   1         0.5808374509443819
