trucks_count 6
drones_count 4
customers 97
depot 0.0 0.0
Coordinate X         Coordinate Y         Dronable Demand
4132.975571512774    6371.614017022535    1         0.6682238477193416
215.57309934995519   -5364.184817000653   1         0.9042618276220215
-1405.9690179134293  -3394.934490793791   1         0.23616128880944767
3343.051107399107    -2978.241624540344   1         0.6033483283508132
-177.48148469734042  144.85522032767585   1         0.28967604183629064
-5025.363207502059   -1432.7814075044646  1         0.6540983769630678
-5559.787621518637   -2969.5354284755667  1         35.91907167237259
-3883.2993571510942  5652.698171066602    1         43.785842715202975
-2916.2167054445686  8445.350248470395    1         0.30784653715306926
-297.9392208503783   5885.204206768072    1         14.548222386359292
9364.101091444523    -4566.254318105352   1         1.057034656434744
1678.7031649310507   7888.725195926344    1         1.082567396031418
6935.424455011608    7954.409904349064    1         1.1222136705088341
-4931.627532620114   3707.7421592185474   1         1.1562773608435517
-7989.107297503865   -4585.512174213567   1         9.171944861202807
-4797.615442369894   -8083.938274475188   1         1.0233248547678666
-1980.3908523518712  1903.293402952863    1         0.4076060221569169
-3164.0896321061973  7196.909894804735    1         1.026488909194064
3418.1206640631813   1419.8120604349588   1         0.3239844346870614
-4480.1150487358     4591.379081183774    1         1.9105461817987464
-8649.78151779348    6579.67551566        1         0.3496070474210837
-5690.57980743171    -3061.219233698782   1         0.6984055883459177
-5113.679353960889   7627.544086936968    1         0.13320041255976736
7080.34517434457     4471.259963026793    1         0.449606593593989
-6435.810396267713   -6561.743854900312   1         0.42886050149795496
-1144.5518092387192  -8733.259292591456   1         0.8761489736541466
6963.973292942423    5339.492098568466    1         1.0909123533995162
-9235.904951860672   -3749.782459432062   1         1.1653358222067676
-182.00800149937814  1332.5553696827415   1         0.7876414267265244
4268.846459829527    4907.312586328066    1         1.241933521747273
-691.9125746223581   -3279.1790191368927  1         0.632526673511694
7006.198200802182    -6746.107882241516   1         1.192454437453323
-9098.014771704697   -4146.860651491712   1         17.684838879123483
-7539.405523921635   2894.7456361598784   1         35.716621442748675
2994.9101471502922   -8652.923891899038   1         0.5775727416711814
813.9925590530329    8512.953113665744    1         0.33340116231896433
4276.970767958545    1609.8483446855685   1         0.9736034666475913
-1876.0239825915203  2437.2196799915296   1         0.34217989747951816
-2980.224458482743   -6339.084946587713   1         0.2258063370788256
475.8076942834323    392.1557345848687    1         0.23346701204878798
1635.044097268167    1329.3580753334393   1         0.3619428453362117
7395.5976045323805   6197.004113953788    1         1.227716664598131
6015.156119766623    -4318.526137815523   1         0.6794495100611999
6181.164957206816    1320.8545467938122   1         47.21918311564601
9198.498139822275    -419.1446886674466   1         0.2884189466491185
-4644.56567494155    -4719.756613224182   1         0.4661110288650956
1002.2547155943619   1355.0658666683555   1         0.8873873867959864
379.5241922409623    -1994.2973852667346  1         0.24248759620475469
-2319.3898653447513  -9509.558032436578   1         0.408521309921271
2810.7306510680937   -3756.668586510995   1         0.2572222489020999
-7710.601434659183   2643.766764700311    1         26.577570185638425
-1639.9837276109133  1037.912394058125    1         0.2216937088090991
-808.8132398176846   2131.8102317062603   1         0.7592624454989265
1366.0717316463579   -8987.693711954456   1         0.997694283833524
-1437.293833052578   -4296.655710555226   1         35.04594593513261
2205.5711036877246   -333.9671584493552   1         0.7462586098871726
-1261.2029416798716  -4026.790608174951   1         0.9438791707118519
422.9899609075387    104.28462612685883   1         6.1949186638541995
-9514.926458916014   -1097.6717433383224  1         0.19802994905947063
-5032.853052857785   -3265.652562051835   1         4.76451985140156
5502.003564707405    -258.8500270185506   1         0.854399521993484
2187.7651229666426   8004.749333889084    1         1.0927646565581546
-3701.9592572255688  2843.639049605932    1         0.7876580821707322
204.05781529811702   -7966.1792829696815  1         0.5239457078116498
8505.086520534156    7861.741794420594    1         0.2648914009640274
4551.854713675526    -4505.982922951914   1         0.5231902334441979
-2568.2212814868362  8274.576573971108    1         0.38560587677211
-3059.773910368918   -5307.024559133558   1         0.8850961264099243
1718.1677409960207   -1575.8134847298234  1         0.8810568910308202
55.008415244478556   8565.782966984183    1         0.10027522621617097
-8853.289729500253   1840.8185558700714   1         1.0208032701453376
312.0452364548122    -4095.109860813327   1         0.17257045045096572
-7186.368866934679   1298.349176751523    1         0.45401769009404047
-2937.901950232526   4208.076304176554    1         1.0412256116240646
-4551.120067294666   -3910.3405826010994  1         43.422451670403746
-5781.942247726226   9092.047146676321    1         0.8489929180654833
-131.1308145983312   -4540.2797363384825  1         0.6365682184245562
1456.9940165071112   -4929.329247659363   1         2.7283478583221137
3831.075914897043    6774.696959931864    1         0.7598757000770883
5925.24196940233     1390.8090751804211   1         0.19970630936405154
7082.287896973242    1726.7458420021278   1         5.887616338561274
911.9841625479961    -8129.5243315367725  1         1.036303512055169
3708.1262415955384   9537.203432443443    1         42.71797683432828
-7529.341209987842   1415.9310292566347   1         1.1674901981588184
-8262.166620128162   5249.142968733895    1         25.32673585377198
-3088.281003777651   9355.873180126035    1         26.526974842880847
1759.5676616372348   -6076.678123365875   1         12.740152593159076
-4215.743948511134   -8341.563397882355   1         0.5638917807320429
1108.5790975571508   -1912.7961217474003  1         0.6053455207658411
1079.8815065336025   -7128.410045180078   1         9.744580956260984
5985.779262101636    -1176.6435764411513  1         0.7974370020743927
-8202.189046072097   -1019.799383978485   1         13.74711222723815
-2568.803143508067   -4841.222298829581   1         0.37157896931732937
-8649.995530194505   -4101.755061420975   1         25.139380342347216
313.6110941896007    7465.984896510967    1         0.17391466114698897
3039.8025572653073   1750.8218783964592   1         0.4243861839597973
-2757.042562935566   6059.391388042704    1         0.9907778420941833
