trucks_count 4
drones_count 5
customers 75
depot 0.0 0.0
Coordinate X         Coordinate Y         Dronable Demand
2334.5305968945663   -3330.282717439684   1         22.423241969856534
1018.0760542959337   3063.834303040256    1         0.7202195848395093
-5978.979706756919   2030.3798965048252   1         0.43296401508678284
2928.616564199163    -661.8735052187994   1         0.24795880036938858
-5511.994687042713   5179.031375908862    1         0.14414150522565417
-7190.083090621025   3205.365952702593    1         0.6008185193069958
5066.329444125902    -6479.417429652166   1         0.3288392034800669
5450.460823735738    -7681.719652372727   1         43.20258622746625
3731.4038137715665   3437.2119977034727   1         0.3543497100949946
191.48549227068796   1501.1508876967735   1         12.682113452304552
-2553.71972792594    -8042.783631931553   1         5.011885332696913
-913.7114659982208   536.9087672404518    1         0.4706402716554984
1845.8934219731914   3739.6887655200867   1         0.41375890032130436
2710.8243307869857   5403.936252251186    1         1.0735702017046418
1417.7797314078127   6929.520542609394    1         0.8083718795114776
6457.250026892167    7102.20284012148     1         45.20020744474407
5896.9914636799995   3658.7783555165847   1         0.6185113772534695
-4381.397462327046   -1991.280309953464   1         0.322684386967414
3087.1067649007346   2624.046096526045    1         28.421731558197145
-8239.388489889327   7150.094663537801    1         12.054122003141105
-5327.552280923931   -4028.149305461118   1         0.7194204521050862
2521.269865929088    -8009.424178666273   1         0.9238507232455028
2345.6444378836604   -3714.449436922353   1         36.30116336076197
4288.509964366855    8047.955948003135    1         1.1503536413231665
7985.799040545595    -3178.1180469597657  1         1.216952729396375
-3343.623342849871   3557.8244405683763   1         0.636520721171247
-6484.308367202528   5148.448868471362    1         1.197377530009233
-7638.68647217234    -5448.238528431102   1         0.6118782302596432
2860.5985856625834   -242.08651572959644  1         0.9535987755310017
2006.5460494070178   -2687.158482040486   1         0.2786542615025952
3046.7752433918554   -2785.574838637507   1         0.598427467999472
-1844.8213257322495  -3873.6645735767706  1         0.18182530520796691
-5561.154867835408   -6608.550417209138   1         0.5541313322162518
-347.05514420051077  8186.767015465368    1         0.7745629079400501
2169.674723719756    -21.325451413635164  1         0.10493414732507561
-6110.452795301739   6755.9369835100715   1         21.18423224174501
1246.4243283359726   -1331.4407354376979  1         21.478585313141927
2359.3245712554176   1837.1803145873332   1         1.189463004264675
-4884.815388183133   5146.770625917012    1         0.24652738324838874
-4331.87656435068    4763.635678562388    1         1.1181516162827487
7960.631585688396    -1905.8076722783362  1         1.0716956539015592
-7428.656687192574   -295.25395854401205  1         27.516665948242753
-1315.3768359719618  -4646.453553924548   1         1.0932607128189662
3228.0621972368185   -3859.386057524236   1         39.31470795174932
4333.277310660849    -4872.75890078521    1         0.9391254546045948
-1136.1553634934799  -7888.756034972518   1         0.4670488345349182
6988.549484923637    3573.905485508117    1         1.2396224160690434
-6103.911603926457   -2110.352991088562   1         40.03005359352614
-2028.8113703705599  5114.285277988474    1         0.9915221230132885
3431.6098806240598   1648.5989942539854   1         0.31014945102112634
-5792.130632368705   -7333.623050175909   1         12.316327388919618
7929.508426176337    -3538.9563050452352  1         0.7012406969954793
7540.000086380851    -5142.953409466338   1         25.535635437423483
-6569.572509819472   -2016.0817456421637  1         0.7626865813164809
6792.515306845608    2796.5692072136476   1         47.86342393463707
3773.327609108794    5845.536558921427    1         0.9018524415933773
-2394.3015993354697  3338.793879119343    1         41.93288534693841
-1021.8651440804632  5216.138826748994    1         0.3197312445657937
8157.946877258193    -1906.9110280027871  1         0.331384541408943
2325.449049180325    4376.809120363418    1         0.8384231492297285
-7313.178996878583   6713.553843489042    1         0.759378740297561
301.48920552790514   -3498.5907684575877  1         0.5532791346991491
-41.96556306957313   3180.489923413187    1         46.582137370438005
-1513.9319592883367  -5192.178972768666   1         1.068767998501429
-2134.951701149059   2475.3216640504916   1         1.1799064899495568
-5230.422961388721   902.9696697886418    1         1.2109617935619235
2805.9313114002807   -2931.2772066023044  1         0.28643937090735516
2980.136507552926    -4744.444819341614   1         1.2278463037895908
1961.5248485168781   7004.638423786547    1         0.5227063686620513
-7598.662034926432   7245.941277971604    1         0.7567743572862612
4545.747278051884    -1046.5006608445408  1         0.6964550563538985
3812.375621175048    5523.985097502413    1         1.1673983935544165
-954.1354898400147   -4313.765367178654   1         1.0477732017409618
-1730.7835864351373  862.9973414008311    1         0.5739024591396054
5009.656736534129    3470.699444874496    1         0.7882515785699482
