trucks_count 5
drones_count 3
customers 75
depot 0.0 0.0
Coordinate X         Coordinate Y         Dronable Demand
3989.7409340474196   7250.858774660022    1         25.6261867953623
8038.598507900926    -4200.464213799766   1         1.003082378123607
-1.7898749609608904  7746.1010588230565   1         1.2190116484438034
-1903.1398344656675  -9985.109331875194   1         1.0184881730747894
1803.171336670793    10775.926201260316   1         30.274834111567493
-5162.223910021776   -3046.356014685318   1         0.6134918661414875
10151.684970829396   -901.392878121471    1         13.711572981275669
11979.017053858963   1854.0352009687667   1         39.64647772221304
2517.1131837225425   5616.08768982322     1         1.1227673573275223
-8575.401267889629   11376.626036864622   1         0.5529698561444648
-2900.974922925629   2919.6095984726517   1         0.7586888631764197
3086.811397389562    7029.509690417985    1         0.3574895870794266
-9626.497590138883   -3676.040379488173   1         0.8965998767964112
-3952.891683082061   2924.4754814516086   1         0.9397595814763757
652.3647487797462    14364.205889969955   1         0.7122411492178132
-3065.8759763365424  9446.019978437049    1         0.5315580104836627
5387.96083995932     3407.5810209427163   1         1.2335843125506472
-11721.134370420106  -5616.420910037867   1         24.929629909312425
-3775.3905407264283  1375.3398640440587   1         1.1794262554159285
-6162.703166488392   -4498.9765488513785  1         0.9662793206617226
10318.326403597523   -32.66037622501118   1         0.658296611462398
-3588.995943490663   3751.2801181227574   1         0.29790671340087005
6076.64262461717     2496.7109464201435   1         0.346426430192768
5926.554715347962    -4001.569278142469   1         1.1497948668527176
-4503.032960693997   -1822.8386802067794  1         0.47569161668945403
6921.598091732909    6084.656553183673    1         0.14983434732788573
767.553877289937     -8487.853204155695   1         28.482593158181352
523.8120026092244    5283.187217938211    1         0.21595196956268348
3009.5258532655926   5916.018831690106    1         0.7416344016611628
7289.456992617079    220.76107137411245   1         1.053156112355664
-4384.452205207768   -2571.3773543075313  1         0.2978070722052584
-6255.918945404767   6559.691245925205    1         0.20968571145377848
4886.466565857668    7598.40747593472     1         1.0692386386131612
-1048.4088071397616  1629.8111735051002   1         0.4925044500641743
-7055.528892270367   7402.596125950024    1         0.2577017167690692
2484.367503312285    3525.222624039606    1         46.965087104167075
-8282.1103953763     3854.1356190683755   1         1.1802723900183676
6393.305586635411    -960.0822628405325   1         0.6082751817930594
11373.017195281634   12021.76103245396    1         17.624448930158906
1378.976878869546    -5668.177770666669   1         0.6202225849867503
-2669.3900034686335  10171.334462229355   1         14.715013659892737
9089.558492518592    3718.331181641081    1         0.1331076326752999
6488.012046906134    -2176.3879300508315  1         0.9259118496249795
-2227.231232967166   -2850.0828999417427  1         0.7894263641409626
7800.400223664502    -2481.00453856741    1         0.3751535296598616
-4057.6034955645496  7758.238969509656    1         11.089563636205348
3441.939846535453    1412.4526011208504   1         0.869036046925689
9551.175671260873    -1650.5924683770718  1         0.8192541247888065
2770.122497180776    3016.485237536391    1         0.8096688365201256
3074.175047131906    -3933.6184420109134  1         0.3664118452952573
6231.648591870144    6802.034083612412    1         4.762590940199969
7001.102694932258    -3153.3064310222685  1         0.41961364852679683
-9174.901567257397   -4.215660533757075   1         0.22872332192434788
-1592.5022415958397  -7161.034527646452   1         46.55459958252954
14103.654531011125   1753.4865234412919   1         1.047236244692197
3494.263016184337    -7288.624833888722   1         0.5244450723759334
-3891.2320465647535  3808.7193725294183   1         0.2779493260492665
-2990.9962264764586  4186.534363988002    1         1.0755572356463605
-3205.494369678144   8660.601850346684    1         32.881666460884745
186.11941328322973   -5379.350392637569   1         1.2022986701984644
-8407.39177758312    -470.80635768265745  1         0.45860175237737344
2186.2161487031617   640.9143016264127    1         0.8965677903220776
9559.470068829838    2258.6491507429528   1         11.846516822061934
-5883.146520262133   -4714.678799029697   1         0.9350345053309764
2882.0686565728797   10506.046768716744   1         0.10533755632446555
3078.4647629248166   -5423.524700965363   1         1.0579562409195105
-9208.389865172063   4107.552512735939    1         0.8608153892490448
8564.746243954727    -5128.69534892149    1         0.5238216704225187
-2194.448406082968   3491.5156157200126   1         0.8527103754367776
3010.9666012589482   -2124.7045228085553  1         1.238767233725678
-10082.650274485608  -3345.1061592938754  1         7.675917387862921
-2091.7355125082872  -8350.77997811466    1         3.4913025198529777
-639.3156176115492   9436.247173732947    1         0.7027403696476394
6586.292203968563    3026.296518675818    1         40.359980898912745
-5467.7716986337955  -9103.387351845373   1         1.1946012210703547
