trucks_count 3
drones_count 3
customers 25
depot 0.0 0.0
Coordinate X         Coordinate Y         Dronable Demand
-1532.8024649447075  4358.581763947779    1         0.16408266581716544
-7529.585563550148   -4875.522170418138   1         0.5610220561760032
6683.545496788186    4937.915335096567    1         38.35504785561669
-6149.965511191183   -7540.607156388479   1         0.49775497167518445
897.7057979211025    1685.8354517628231   1         23.984258450886134
-5618.166777022461   -2225.2551624728662  1         0.7239074063467305
7121.4781228672055   3629.2186283469955   1         0.9051293018320107
-5139.491944876706   1231.704998806251    1         1.2026182675833372
784.5871469887229    -4677.721676406102   1         1.2091321294371147
-2862.4532327234097  -5952.883648689419   1         0.17583445560381478
4523.9545585517835   5808.707942283288    1         0.6304294030362523
-7846.029520462701   -4511.531980591411   1         0.5695734841016047
-3105.367369144204   3891.7125917947274   1         0.3501873751718213
-1697.6642695829446  -5711.95241671386    1         0.43362233987312404
3891.931744299577    -803.7814377755286   1         0.773760735735226
6781.391744069698    -6765.374481296212   1         0.43664703007449923
-580.5929845438029   -6862.170050613659   1         0.23130843485282265
3711.6706253363245   -7367.547286460973   1         0.7168793382381429
1181.775641737172    4084.447521610388    1         0.6912381994750534
7109.107480187253    3901.3954905517166   1         0.26618144531332255
3517.5403387617744   -1714.5638886838108  1         4.401371291261048
-624.1172440867886   70.8083206885658     1         0.48634377651486527
5839.747274226619    -6270.907240845553   1         15.662242525276335
4795.218179148373    -5696.92221817614    1         0.4086858579923871
2823.850690492076    7089.851797682139    1         0.9768959149471999
