trucks_count 3
drones_count 3
customers 48
depot 0.0 0.0
Coordinate X         Coordinate Y         Dronable Demand
-1584.575245996682   -986.3261032447208   1         0.6741579412487502
-6433.587563866139   -6621.477925779671   1         0.6790729268226954
-3008.0820371257914  -463.527648145888    1         23.96387848257786
-388.8791358091429   4638.326782788372    1         25.4537013503622
-3979.54186273714    2422.764758307515    1         0.2929305915148923
2114.1427240588787   -6566.589517691069   1         16.19962557075784
-2961.081249809745   7033.262242689062    1         15.88925016348601
4840.235742009288    4620.942141437198    1         0.18874104882219725
1172.456785274702    1676.1912101329558   1         1.0858319614733498
2172.4958558911267   -8088.830807538051   1         0.7082534575204918
-6753.701710808899   5462.030884709182    1         30.79094541453574
-6523.091130514644   -5261.71837513202    1         13.36725791864508
-5436.628080983902   3167.2735841735825   1         0.7356324376658613
-7934.179731536295   9277.216673331237    1         48.120407166757154
219.80856536173155   3891.0767278209587   1         0.7000254689223101
2357.0100738951883   -9858.28796574961    1         0.6088818552352053
-2701.2840509374532  -6840.435714152398   1         0.8104727432905454
1592.16963008649     7812.6895193125565   1         13.637787584443759
-3251.5645787457624  -6477.789149996708   1         29.3727719813998
7945.344279898469    -4118.637958144132   1         16.375638161757124
-5001.152898525794   7827.4808736849      1         0.6201293570777342
-9349.22443009403    -3929.559153029564   1         0.8307888939417651
-1570.186553222879   -3112.1168273487315  1         0.9168015011769899
-1765.795252786953   -671.6550367047204   1         0.4463489370663333
-5198.635198477565   -5969.172181087883   1         0.9287623916414046
664.7630128670882    -8230.649427225877   1         0.20343249723338863
-5638.6501539855335  -1326.720491812469   1         31.845238959663735
-268.48150789697013  8274.417406278093    1         0.827436557313656
-4148.284478600657   1892.0572852311632   1         0.2879671616060987
-6464.659274596268   6848.852865572903    1         0.640074345691216
-4156.248479456356   -7711.4749262836585  1         1.1499117280540503
-4078.190744913058   -9937.762439132872   1         0.28028096731327146
9870.937860207163    -319.8650768944791   1         0.13974065085056006
2367.846739084527    -6103.781648956604   1         0.33557523971437697
3411.4585977881366   5855.73356721858     1         0.992297567437735
9362.342002181102    5155.408451961682    1         1.0480927179311799
4592.603896551047    -7056.606683479011   1         1.2437776577437543
8020.430280273896    -3677.1064591687946  1         0.6133936040509115
9123.970690058022    -2436.8633582727266  1         0.6157337867955157
4287.911230894403    6553.235694495763    1         28.347737723029443
-5304.521586638775   8900.498669392784    1         0.13600721538391267
5460.835379002621    2103.648068105603    1         1.110153295323135
6060.401956154274    88.29710912372502    1         0.6768442287892329
6158.618236627695    -7489.660831147016   1         0.7759935457864321
-6589.229532800405   4888.697143786272    1         0.1895230126140117
2798.300497166405    -606.0647077760569   1         0.3984255813613198
7449.963328104919    -2727.83890593442    1         1.036030332048671
3259.130813026632    -5029.281857426269   1         1.0650742693614903
