trucks_count 4
drones_count 5
customers 59
depot 0.0 0.0
Coordinate X         Coordinate Y         Dronable Demand
2418.224215011494    1361.7573553975196   1         0.7926974906442887
-4175.69380704026    579.2289892248734    1         0.9257694672324164
-4360.72274343752    -2579.0445659233856  1         0.9093318485570788
-4762.424836326433   -54.345119551895536  1         0.7530386987531097
188.44484663277854   -3510.85739902942    1         0.6697572917806801
947.648343303224     3007.020135514712    1         0.8580253626518995
3810.1215909778316   -492.1053474274011   1         1.1420266615167538
4866.680952167447    -929.1832970345893   1         0.9929362086329213
5010.288508470914    -843.4082112846693   1         0.2883538667621194
-156.31305728793268  539.8638407879516    1         0.14440210019959962
386.82438110208454   -2407.1624741436563  1         0.14480249168138215
280.70051657079705   -3458.3365449633175  1         3.2304742420805828
-4624.420994421408   778.8601023441051    1         0.9385764793065984
4833.886472534641    -3061.255404331433   1         1.1145164912447092
-2832.957125304585   650.563694200688     1         48.1127259770718
97.58761792385394    690.6319801637519    1         0.22059063148021507
-3312.6879256583497  1094.9310080604055   1         0.5204019270949845
2092.33623762536     2170.149618066769    1         1.1074313710849808
3212.117125517452    73.28984091836186    1         0.7231775664158103
-2242.9290173859954  1775.7972774415816   1         0.6397070939621767
1726.3381198659588   4737.163138504564    1         1.0200792615173795
1410.5784725466763   1439.8913105489223   1         1.2283160235178827
-1521.5040552486191  3829.454955034465    1         0.7911550171197848
1497.549635114764    4806.273373844439    1         0.5616900400170499
-1249.228764201064   -484.33470790719497  1         0.6109612446953113
1262.7703920439703   3854.071859707897    1         0.7467725783213853
745.5385368270674    -4093.055422992972   1         0.7660763826388859
-2864.293087480273   -2095.7344640151673  1         1.1872524821734407
3656.0077083340716   2162.8316639633153   1         42.668416154103575
4277.949752302899    935.0791029500342    1         1.2386623287374028
-401.3293801440782   -3150.586219013929   1         0.42897656928720407
1835.8874684576997   3750.049996253084    1         1.0364261273972986
3892.0712056524917   -5203.348291383912   1         0.3771897664166318
-50.84994885559504   4172.007791365407    1         1.2056036265850412
4931.054488384116    -3505.739446310323   1         0.2144526133006513
-1040.585260061644   -1603.842652486257   1         0.43860802070779203
-3825.35996461005    4065.9186865575352   1         1.0988061507495663
3522.434034742335    -1754.2190420769025  1         9.063660654204428
-1452.110729183762   4096.226674971922    1         0.3343268557952611
2046.957960902581    -72.16900886522964   1         1.1998514453497664
-2990.233913728052   -2617.514032627137   1         1.0376693558200556
5108.60766462471     -919.2530458862038   1         0.6497418073717531
1445.253007093951    1880.1756508568308   1         3.714002543589513
-2332.036974021475   -3753.5998388669786  1         0.677279448592466
4161.518465412894    -52.60228627053276   1         0.10967849432569561
4652.432006931669    -3199.444255046073   1         0.5491110786403297
-4051.0567416594968  703.2462765147037    1         1.2287699936972576
-4394.911097975053   4607.793536887877    1         0.890391736358885
5157.30948759167     2972.744120160524    1         0.9674536126253996
-1018.2016305119778  -3960.6311451890488  1         0.4415667280163148
-2539.658433074817   -1173.0659228753761  1         0.7436853219868627
3858.0165776832305   3110.27598188799     1         0.7834758516096973
-2729.3029894336087  1159.3330159512018   1         9.60985121444378
-4738.328094585458   3604.3730514641566   1         0.8833688712843764
-1513.45019422717    124.90491245149359   1         0.7727041449727994
-4993.1830403109725  2019.3296224735502   1         0.3442687575936373
-3445.7251535314235  -4478.137839504625   1         0.5959068549737473
-2960.555600226481   -4702.481614801466   1         0.9126707239828172
1809.838985053361    -3068.8829181389965  1         1.0569125205993488
