trucks_count 3
drones_count 5
customers 75
depot 0.0 0.0
Coordinate X         Coordinate Y         Dronable Demand
-6373.301379275304   -667.9003354329213   1         0.34830747037810267
4692.195700329157    -759.2305609439527   1         1.026094717114524
-3865.4876086087493  -8914.87291989256    1         29.831541888872998
-9327.858819568062   4913.259218168807    1         0.2086323066687754
-858.9544992542343   -3758.22209754163    1         0.5605236799045356
5780.5357729421      9165.333026210033    1         0.46511567336506787
6056.1247570394735   -8826.040303526222   1         0.9108025664794356
-9566.274764777841   -957.8213820917883   1         1.234739268791539
-3875.9208683221505  -103.57702765199186  1         0.5319462641908268
1881.5822335178589   -1567.8637054208402  1         48.831953989969804
7576.279550419841    7509.992232679071    1         0.9990359102783716
10188.493582258896   -2474.0820501406806  1         34.86475515463344
-7652.853067755388   -6651.677145908115   1         9.453942025355229
-9967.986936237792   3241.071343047439    1         17.94111260792649
-6571.033586170339   7014.18310145447     1         1.0268921341538486
-6197.766954102907   7733.359960368752    1         0.34863542569072126
-5351.88212818861    -1467.5384289324152  1         0.42772531932911384
-4881.541585166354   3075.6500857814444   1         0.1725606002299756
2537.0992423393304   -757.9396785489599   1         1.1404748339401185
8183.454703857921    -2987.205650208618   1         7.29522899451936
-479.7451757561157   10565.290898562682   1         0.12197124141181409
-8665.62792836825    1141.2036319857207   1         1.2190034754022387
-442.3579064659687   -6098.9916998077215  1         0.9773275673213256
-12460.157513957516  11572.680694831422   1         0.9897941653597133
-9261.519672343597   25.791569216107746   1         0.7738592024663374
2630.450324090033    -5279.039665168563   1         0.662745340918837
-1186.2843340809366  5658.876363504501    1         0.6109763761237718
3830.057331393894    3627.5146350638624   1         0.799185733993187
7936.205128300753    -8943.755626278515   1         1.1868691064362131
13031.866715909939   10281.817318671412   1         26.213585844032075
-850.5593135466515   2227.3489277759136   1         0.17200738532440785
6065.288665163034    8692.139419092757    1         41.40590469442443
9035.981395730372    -1205.7536762290563  1         0.3100725167865449
1503.816568272936    3906.9713889562117   1         1.2408823028582667
-4623.967743069226   -2386.2691474064936  1         0.13172348795117497
3786.0202171306278   419.612147266265     1         9.680376873931799
551.3445036330116    -1561.494108683555   1         0.29350520163217286
-9096.120724204737   2909.1403832968085   1         1.0354035682494294
5898.6987338860545   -4383.171902368326   1         0.8571123444188361
3430.108662933296    -4798.330971341159   1         28.922423258701752
-9088.28339186969    -4122.552604692758   1         1.0241387718694597
-2696.841121947442   5913.391024293876    1         0.6959769491313519
5083.737363369883    -2390.518834998941   1         0.8249715886398934
-985.0022055267275   7306.135141637429    1         0.1794291791304716
-4199.835399752234   -7880.65209142642    1         1.2201951912739823
-2228.0476757992137  -10040.935146231575  1         1.1270487059444734
-4885.2059364932975  -12234.87139945992   1         22.506446020498313
-2962.690772406701   2624.624834521036    1         0.5296331590330725
4790.738569659124    -6963.014817140588   1         0.23644617794716535
-12923.731870990048  -8828.922706792499   1         36.77621120638711
7530.068044386746    -5447.895673131011   1         0.44235998407242416
-10105.591525871878  -3067.8964259332383  1         22.33126470469125
-6816.487105542886   6243.709827551036    1         0.7623158123314193
4590.963169635192    1722.7931210871507   1         1.0906371725326358
5082.6719504530665   -4237.428305057916   1         0.597733525994083
3641.7107519459887   8939.15082477454     1         1.0664985057397114
11580.496140680902   3770.2290748604755   1         0.2788554466230537
8637.115460477406    -10011.959061095204  1         0.508458888209605
1430.923342891823    5547.748226208213    1         0.10247915997749553
8376.683961782674    -11741.269255607162  1         29.93742532365377
-5728.386186176028   842.1515305810693    1         0.9642450510030317
2505.525363281606    9561.077582049653    1         0.7255428334073921
9067.675352348328    3393.287935422457    1         0.3033767517264942
-2978.650639122081   6985.074050582193    1         0.16239665707673626
-927.7448360509479   1787.7430323677818   1         1.2164403531347925
8059.91887902549     -5083.368681738731   1         0.44211128845764625
-4989.563337621002   -8726.811684491986   1         0.44503003928826756
-5621.841437342862   3122.673587897436    1         0.5762630402665808
5656.936342287679    9248.641562564413    1         0.2070486652335794
-2497.052083030171   3138.095947671462    1         0.752273526596176
-1563.6094471741694  -10211.323693706225  1         0.9901060801143883
9725.727025856606    849.4888366051088    1         1.1810495400309535
2963.0794185386812   -6782.4842230381055  1         1.0650617166302105
5679.279394935824    11738.234227734134   1         0.7430405686876181
-1544.7560269158946  1033.706886416991    1         7.750767956780447
