trucks_count 2
drones_count 2
customers 25
depot 0.0 0.0
Coordinate X         Coordinate Y         Dronable Demand
2011.5706297377424   -9401.919280873462   1         1.1559690071992448
7573.539391847511    2878.6833948883086   1         0.7502533360786579
-768.1352074785063   3077.6567727388974   1         0.9457324756569492
3959.989421433873    -4882.386043116185   1         0.8767219453191869
-7651.60798403064    6430.9776623027465   1         20.89252127254001
611.336368612181     -2802.403610788089   1         0.4108971300150587
-7465.667699210209   -7815.189456718791   1         1.1449253895182567
5292.0539267457225   2202.8823167166893   1         0.28743992640639615
-1289.9095841703256  -7056.347711107921   1         0.6650744002094339
8896.214686065961    3565.1219463068905   1         47.7152461512691
4445.2463070291105   -9673.989105549159   1         1.2131920434806178
-277.53349310347807  -10143.506790641854  1         0.7627254283254057
4631.712208500649    -1057.078229120023   1         0.9354088453978182
-5493.288233397751   3318.4292711780936   1         0.9355627765652343
-6800.496493765925   6463.6727537194665   1         32.54639649359576
-4768.849563986211   1671.9354450831136   1         16.47720627373409
-2625.1141341438356  -10382.56386783038   1         10.42126407599794
6296.1130473182175   5729.288451963357    1         0.775449743249259
369.33907837899187   -6770.92630859684    1         0.5867359633832288
-1116.6087946155071  -2452.9419966969804  1         0.2967703872173856
-1595.226931882837   9896.043215648446    1         0.4277620932683459
1213.344739111472    2242.4151115957347   1         14.581596617830149
5967.861136997854    -4415.326164892846   1         1.093463516865286
-1137.9159196482813  5530.657986725016    1         0.9324652318657303
11133.569935450534   10558.651921484805   1         0.359990407748476
