trucks_count 3
drones_count 3
customers 54
depot 0.0 0.0
Coordinate X         Coordinate Y         Dronable Demand
9721.180764954352    8429.930979117184    1         34.875734353771676
1253.63678774254     -7419.918621552528   1         0.5953365187714412
-0.4689703485728387  415.23490509031035   1         0.9418926858011111
-2597.0462051123045  -5272.544890840477   1         27.05647808395872
8979.893507308654    -5510.245037168267   1         0.4268239416357452
-6794.164215593635   2353.7028427488076   1         1.1469071552595356
-404.1224993744214   8840.058180233658    1         0.21614361346991404
2108.4872397955596   1309.8565195402953   1         0.4054894043038886
-2522.539051673044   -6719.795761803052   1         0.19207439604698995
128.24958644875005   10496.002544563984   1         0.24829332619659306
4867.973998803144    -1241.2111556480136  1         0.3084167494352026
2783.903038905572    -8477.201467052042   1         0.8136510360177908
-4632.159381857469   -5354.225504732314   1         0.8365464374695499
5547.139432001345    8181.490126598796    1         0.6756945943217023
6429.335243992853    -5948.857306448486   1         0.8346017977047993
-6895.298613742142   8438.055410374456    1         1.2184491822743193
8688.888220372131    -5054.054186360815   1         0.8691403796934866
-4766.135807940578   -1165.0848995333006  1         0.6157062066860914
-2378.1586021049025  -10365.075571856554  1         0.13885278792613592
-5447.681961905419   -8557.15158597864    1         0.4410149240715665
8655.511857530986    1384.2725311423903   1         40.671029932761606
4590.805026271077    10299.447464769233   1         28.595646687262043
5264.29228846962     -2734.2992229248357  1         0.5527905141846172
-5964.284904395518   -6507.985469165053   1         0.4829110886742164
-2442.8282240933727  4932.422889425021    1         0.3377393313545862
-7545.347259219535   4047.2731922744088   1         0.7346882944111202
-1955.0503702584404  -8754.784463165208   1         0.35493742707794007
-8152.33640777489    -31.247704783660595  1         0.5217653921732867
5129.2171856617015   -6882.20042672899    1         0.40816584774704756
-594.333508350513    7370.109197243129    1         0.964687312506053
-7585.084413532437   2220.9096402292507   1         0.16817597573532483
5922.914529970298    -6612.91987385328    1         11.038633266444908
7583.292549994258    409.83668947953265   1         40.78781203984158
-8204.563528860945   4733.821619764043    1         0.6420193729557836
7572.572463824052    -3965.1387678463916  1         1.2316359520543088
3336.939048534604    -3496.964930676532   1         0.6049098532408794
-531.921145276012    -10604.659515500634  1         0.15151221459270225
9523.832530259673    -4289.950432886965   1         0.6574311868743804
915.0990340743368    3686.5872839706203   1         0.3704478096614747
-394.7940059902344   -9199.567066876822   1         0.23104367850950797
9850.253325816895    -2634.966467788956   1         34.97073126582951
-720.8019100112649   -9345.847644082736   1         0.17872776657120276
-9809.562936981525   -2223.8956256852375  1         23.927321285802044
-2298.0056683692123  -9510.75863353182    1         0.5503804382356148
-7260.572722324902   2981.0634963179896   1         0.7295876389672391
-9638.745039335437   1154.000884360663    1         0.9016145716711084
3395.2396691034483   -8828.26233354079    1         9.318119847824226
5084.906360548004    -1894.3583852401086  1         1.085043405972135
2957.898694418842    -3694.4656668200055  1         1.0683410362390615
-7078.317653626367   -3492.117326475872   1         1.0564508601200258
-4793.85881128875    5686.710462333202    1         0.8043399292049914
850.6698520048898    9610.318621364502    1         0.412801806646118
1495.97145714024     2327.9130985585603   1         0.8841757797694858
1583.6550191732476   4115.598832647577    1         0.302616729448887
