trucks_count 6
drones_count 4
customers 85
depot 0.0 0.0
Coordinate X         Coordinate Y         Dronable Demand
-5342.877782337247   1051.1726162039495   1         0.32698673743993656
991.4438652197273    -4106.745270508537   1         1.1211227231761858
5880.786169381326    1130.7718551869084   1         0.690142639178081
2711.2914779196626   -2444.4663085750817  1         0.14972452240530504
-588.1802039133478   2440.080690983336    1         1.2402189945772646
3053.694150753745    -544.6757554648293   1         13.023605144060081
6280.803270674548    -2825.831055627621   1         0.14588968590673576
-1208.4286772811577  5654.850789714369    1         0.4061097843989423
-1268.7912749808747  -97.45718066201698   1         30.771549803170817
-1910.7106623502405  3433.84721971462     1         0.8762783888174593
-1268.5873264099946  3966.2255561376605   1         2.782989141336647
-1496.6261817247885  -6392.093101554102   1         31.10517760112513
-2504.3350350105725  4100.87644179003     1         0.31162625660792986
-355.625798489839    -1393.045849855955   1         1.211651370589968
3956.2045605520884   -3333.7158050554995  1         0.10553688694562892
3291.0764302289576   3881.5666032598856   1         11.930844958930566
2118.8830241380165   -3708.2233306199137  1         1.2381025201700848
3996.70492851002     -6370.726889151387   1         11.19409794774754
-6699.2333891880035  -6035.448765608691   1         1.1441473437494973
-4318.682572536029   5385.650545181417    1         0.6071366461726936
5870.710835855283    -2220.4237283817947  1         0.3461080259517638
2687.8954918685085   992.5279709444085    1         1.0425432121087999
27.150838518907687   -5426.712331093614   1         0.9659386574464386
2322.514751880761    -1721.6231486437505  1         1.233948037002011
3918.081526013804    -3631.9015941669086  1         22.982256543838293
2255.4254297649595   2147.9177784798953   1         0.9378378110136694
-4331.786689924384   -5357.494400105295   1         0.609406194247492
-4756.045430585934   5177.8535635944245   1         0.22415240426105043
-1979.4061579464596  2546.358047225549    1         1.0340493889829345
838.9475729887872    -3573.6509819609096  1         1.2192660186554918
3970.336592979846    -1980.4397193314726  1         2.2451033080042544
-1204.7288003374238  -3935.8461322544294  1         2.7674043984716876
2985.4303542307753   -1455.2681850576164  1         0.8016250663847121
-2514.676259925816   -4117.35965393176    1         0.4751426005723203
-2484.2983873200933  -2754.347577094307   1         0.5663250951115949
-5091.903076515739   2035.2318193262329   1         0.13616020833444917
-4027.2181642562077  -6655.278077597827   1         0.27716254056122014
1518.2879370447506   141.66676577303016   1         0.5087303195668299
6132.854000860894    1380.6792439160156   1         0.2452250991630876
5703.980129536406    -1091.5272352655822  1         0.6647340073469036
-3453.9403875927883  5544.678792249915    1         0.9757897763277285
6226.489808265193    -696.6686476238468   1         0.23879040043437547
-808.2241235086776   -1159.4133102413002  1         0.5852574579536097
6815.763518234411    -2859.69126524518    1         0.5694024799749045
-4352.232450576618   4978.787651725       1         22.035025558742856
6453.522761781557    -776.3576095538433   1         0.7020880270329328
6736.600179291774    1284.5835378330003   1         0.2367075238813266
-1063.7110653418315  1963.164852450239    1         0.15606878054428622
-422.0355550469898   -6749.496268969081   1         0.970969762228709
2222.4926570510243   -1212.121337507171   1         0.7209406428090995
260.3583505133272    -6813.265149877259   1         11.06356882879108
953.4051401366327    -2628.6404818346723  1         0.20057789303142837
-1859.3519931311487  -2085.3162502321643  1         20.295605035793212
5906.620953752537    -1955.4112957241573  1         35.03475229163334
4701.101300491646    2505.8320736194482   1         0.942855178663977
2778.004718362541    -3989.677292990248   1         0.3720053293415184
-2347.7879143132495  5562.505915044141    1         0.44297787409200684
-14.725303834400574  2751.1666054740576   1         0.704758150732702
274.4211629572564    5528.235984925433    1         3.048128945839494
-6060.995348477879   -1240.6495183219927  1         0.8717628450564077
-5551.301003397313   -5162.890370539798   1         44.797784392725916
-5586.002249206878   -2720.9629408171018  1         0.19186779458559572
5005.261232125111    -3577.9408911743963  1         0.7598110251580119
1281.8201013838357   6327.855529884274    1         1.2188092493420999
4544.792130448885    6368.530962859702    1         0.7159058777188623
-6748.107934224029   1771.7486478894414   1         1.2067615542202559
-2947.611310933407   1353.0865503512148   1         0.9195894737150806
5396.028563605581    -1091.523163473341   1         0.8626878108098369
-1462.3282079315607  -1653.6915563578332  1         0.17348542358039476
-3911.972567293803   3742.9752046306858   1         0.42618339390293924
3600.6051709017206   4005.634526543153    1         13.51995965178169
-198.80126154098684  3377.0035694837284   1         0.6753032462426358
-401.4121080371224   -4707.602082840398   1         44.621874168563
2136.775818591452    1710.4131061046098   1         1.2083028487348517
4192.254397576632    3004.275881531721    1         0.685980557756143
-4377.841851144339   -1228.9264328065792  1         0.9538510485354159
-6327.630142103801   574.4991052253783    1         0.11251270876531325
5514.16630937474     -2146.323705428686   1         1.2348044563310512
458.48784286974      -3730.692857920481   1         0.7692400116556839
6436.12045915504     -3901.145917015562   1         0.8948564785106045
-1363.3861055665145  -4463.6599446197315  1         1.0903213882066545
-3106.4723806939173  5745.166735693505    1         0.9822917245553053
-2728.3315220189234  -5615.43783416749    1         7.6575295513325035
6303.7925879997265   4928.890699936347    1         0.8818738479224038
-6751.96259038556    6839.08615763252     1         0.9829397151886955
