trucks_count 3
drones_count 5
customers 43
depot 0.0 0.0
Coordinate X         Coordinate Y         Dronable Demand
1110.5079185224797   -6596.797703753973   1         0.42015757011525856
8920.628411166388    -4270.536971545013   1         0.18012128638558317
5056.830242570046    -14921.755527268866  1         1.0055922520410152
-5474.098317054736   5152.8113814974995   1         0.7740087705393249
-5517.190157983326   2438.4802395978622   1         36.10109107141345
-2470.2324760232204  2616.8311114812236   1         1.0391544372495924
-8734.74518241946    -11504.385547265474  1         35.14286179065941
6189.419078001919    -586.6421137011332   1         0.2310793960073951
6428.553837552322    1103.002798982627    1         0.9046760900668425
274.24594056379675   -5857.296995738547   1         24.997189738113292
212.4338344490511    8931.041867862152    1         0.23799500631051496
-3800.830940629015   -7380.6877427657555  1         44.44852854571249
-2485.3988857309123  -351.8023393706135   1         42.74644480280986
1565.394928159074    -1603.781648005622   1         0.15780573841274412
2264.9004161027187   -5635.294320818004   1         0.9065099476993626
-7738.741496677806   -2655.6538488598203  1         0.4483838689391022
3917.6430876806635   -1538.5254482209498  1         0.4283269855754408
-10530.432722984946  1410.8664457866294   1         0.3429759422655738
-4097.8307261831105  7048.118156510061    1         0.5021530186790228
-8228.198295515685   -4418.608287277892   1         9.907015785191092
-8310.276250687446   -3547.4180558343865  1         0.1373465549762928
-7607.674495410956   -6895.263297493478   1         0.21352440066114015
-3534.644107512145   5081.213271570422    1         0.3999897776636391
7463.886537830092    6972.077835802083    1         1.2493910147047593
-11794.180176059988  -13576.876052799915  1         0.6152061016348225
-3782.1656823624107  -6498.9438236344495  1         0.2520604334645682
-10215.791907585912  3625.181269355633    1         0.7231179187144943
-1574.480696381406   3584.4772018672684   1         0.8895526496099915
-4516.238986542986   6414.952060382401    1         0.9674692984144955
2621.3085659299163   -6280.990388415088   1         32.773893004928716
-7499.8300391831735  7960.9379597595025   1         0.6812850978188253
2146.9283919756735   2329.9573341259375   1         1.2109694142242338
-7415.486301303577   -6901.762368214072   1         0.10770195122934034
3105.4938192420973   7887.414005636839    1         0.4297785816472762
-2882.7986061906267  1424.1438942633201   1         0.3449262186250469
-19045.15064163844   -17067.04814282817   1         34.81482912399416
-9089.494613518422   -1215.148500035203   1         0.25364889522407275
5409.737535807048    7337.632858149688    1         0.9276004022931846
-1723.629945168153   8878.152697279047    1         0.8512304813550722
5948.190804489975    2265.894277770165    1         0.6223277571229242
-7080.166278809159   7383.150519323085    1         34.55495503218876
1335.2554509761426   1348.2691821542032   1         0.49505462633682606
-1417.6884488310254  403.45633090988275   1         21.659874201012265
