trucks_count 5
drones_count 5
customers 41
depot 0.0 0.0
Coordinate X         Coordinate Y         Dronable Demand
-894.1931055134394   -2754.289909596743   1         36.80096746370268
10341.533168619575   9837.241886950866    1         13.110452508137058
-8693.457705944797   5479.8059396934905   1         6.0740228272029935
8577.221102317266    1962.68681767859     1         5.384431642983312
-1262.1198344801926  7797.864381784474    1         0.5983024566974403
1726.1329095692806   7054.256373584719    1         1.2254105516583909
-4571.583282053425   -6563.738440933678   1         0.17486095004786145
-3940.6103259336546  -3416.1915899197297  1         0.342567887034866
-5625.371886543831   6691.552298566742    1         1.2363895245497345
4274.101712982008    7031.94891346427     1         1.1708404532320866
-2909.8534578853987  -1281.1862776561136  1         24.833103502941945
6368.082309018598    5353.977176631873    1         0.8204705220705725
-1199.622257200173   -4925.034104733539   1         0.8984158062559062
-3291.7011274858983  -79.22618410852641   1         0.5023434845675914
-470.80979752374543  3670.0878059029574   1         0.5550013612841398
-9527.085977018662   1469.991172453839    1         0.591353419936774
2663.2794471224047   -3142.609612084366   1         1.0008073829896578
-7926.226422240559   -3799.6873923531452  1         1.1540748423267486
11908.131647759936   -10488.978546011434  1         0.16576056050486465
3677.891874010941    -2651.416800372657   1         35.44993052355194
-1385.0308903052176  -2727.9212928035404  1         0.8927672604261264
-4486.3280660134715  4658.255392159405    1         1.1542640955005536
18952.95339280086    -3057.967365583052   1         0.4624557823589325
-2918.13235394771    9929.754600538678    1         1.145132075995974
1838.256362426637    5024.594164259303    1         0.6520053107477356
5319.136691927308    -8078.159937534958   1         15.412024084783168
-7746.70835949758    857.5701157181504    1         0.13551686304969934
-16332.44683965332   2176.375654682328    1         0.7865569541879108
4265.824988014065    -14905.470012735717  1         22.90107742606489
7347.47216681577     383.265245313219     1         0.976542028306943
-7910.609378637349   -836.3661934234223   1         0.4580378000238763
119.78047701260407   3533.827899299861    1         0.5149551715442385
-7653.467677421067   -1267.0539077347241  1         0.8795537168357038
-2221.1208734659444  7149.424816682707    1         0.4451193472751934
-2014.2925016836164  3510.323728535968    1         1.2287754301004525
7098.745448141194    2253.0743913392475   1         1.105254279515897
-9421.942471900149   -2052.9876180930137  1         1.0021088410162633
8203.40124013588     1831.9175644296265   1         27.001211212297193
1177.7770271717854   2155.7469592306047   1         0.5317145277299911
-4926.813106466605   -8385.211425759724   1         1.0771421830886996
615.5988296269339    2404.8615613642005   1         1.23916724651954
