trucks_count 3
drones_count 3
customers 24
depot 0.0 0.0
Coordinate X         Coordinate Y         Dronable Demand
-6441.019804005296   4210.139023717609    1         0.788502835344168
-1351.3227341773795  599.8113546621113    1         27.40424122367605
3963.8558205739746   -5316.648288782168   1         0.6453795988366615
-184.02821003348345  1115.2035233611878   1         1.24571651594253
3975.7827627268443   -737.9292856471193   1         1.1525891138301148
-5673.148241566931   -5564.4678328525915  1         0.31128391157823604
-2480.6168222456904  -5431.801933299827   1         0.284639849706919
6539.654527423687    -1331.7548239991675  1         0.7583395443217708
-544.9354051989707   4750.254573518301    1         0.7734578619742966
-2677.1739480641604  3677.345346874434    1         0.31607134775537427
-5237.340191249495   -6114.1449681749555  1         0.3847442611321883
3725.4717327422627   -1548.7934739974405  1         0.7779528933348152
3362.6278385193864   4571.758356813141    1         30.99538466277233
1718.5303058622203   -3128.8714793361246  1         0.8121390107326032
5671.561335454084    -1438.8350061958247  1         0.7329438841217857
-136.24581361434844  845.1522382362783    1         1.1829965891168557
6462.308402089962    -4778.130654217232   1         42.97322263268897
-6359.034099801881   -2558.0352748586565  1         0.25829509415570207
-6298.312989182814   -742.8255939805995   1         0.46321417877951576
3370.2791851392817   6345.823473930779    1         0.25248406163505677
-3873.4995274846597  -558.5250283760251   1         0.5548289887355374
-4934.760272817445   6349.839543328483    1         0.8633349601623114
-296.35162706964195  1284.566474731556    1         0.7737962236234364
-898.6920307240796   3511.9728243432846   1         0.10523258457982128
