trucks_count 4
drones_count 6
customers 88
depot 0.0 0.0
Coordinate X         Coordinate Y         Dronable Demand
9976.871950094823    -3024.078921212231   1         0.6767930755469725
-6199.102024830188   -2650.0571389222105  1         0.8983482246477879
9474.126266329258    3709.8540243944826   1         0.8436297823632136
-3075.0361161919504  175.96301839464186   1         0.9799021649491251
1270.9268520349588   -470.7615061754427   1         0.33433025984004994
-4647.55187937163    -9124.011079299838   1         33.11988722772347
8615.027508290203    -6516.252123896149   1         0.1486979201044598
-1129.602302942392   4399.968485927622    1         0.6919827640766639
-1956.6613003739712  -9717.212626259969   1         0.706811295237352
-9005.125039036131   4755.119531407868    1         0.1781126184617512
-2057.4681801430474  -10464.032521604286  1         1.248863459839494
-4185.642691968969   5344.231161939306    1         0.5063652842178585
-83.724655649639     8466.194874655836    1         1.1294788848285207
-1516.888475200851   10750.961013861921   1         34.85659021144754
2196.7051651693146   9327.588077427887    1         38.573561710597474
-4721.490307803557   -3138.6676143146647  1         0.7240462039061916
-5340.0929800842505  -1289.5926775346102  1         0.9306113987118722
-7318.786159280769   -2413.0237144260523  1         0.48700218257574424
3901.6657919874897   -2924.4203187241937  1         0.175275116693711
-6871.725434538837   -7172.239002606205   1         1.2333201268345486
4553.901440141242    -7518.665429990844   1         0.7235892165193752
-10400.307444217948  4.787995672946829    1         1.0032835409935508
-9364.882515114998   690.371036022339     1         43.656598960966406
-7436.973933832882   4045.6407933775904   1         0.3932187953638966
-6981.304791392699   577.6576934330999    1         1.2428256415736145
10008.866374525234   3335.984473414675    1         0.6578605072482967
-1791.0616040282619  4511.102114821343    1         0.29725183950531797
-2008.6792923653297  6680.420514185777    1         0.46587828045373714
-10664.174659963677  -1807.7342521390967  1         1.053475165762293
1052.497484335171    -7635.712268044714   1         9.47820667244667
-3152.0387986238193  -9177.038959843218   1         0.365707121303106
3893.702348705612    4775.270943385754    1         0.15724901050924373
7372.020283721114    -6428.522691510526   1         0.2626031296276221
6788.122410963741    -1334.5194985104688  1         1.1937150871710134
-285.80392056430173  5343.384215645456    1         7.98096039330026
-7599.283610095371   -3893.237355342577   1         18.072389162723855
-7443.194414267551   7414.22448092176     1         1.2407385103033353
-11828.355418878313  -8029.553395067158   1         0.17932921226467308
10477.74778197651    655.475255692269     1         21.174486278320526
-3357.228747176995   5570.105811561523    1         10.517774156337481
12032.894085739052   7629.598136375374    1         16.863442259823195
-2176.767509323974   5318.399315234187    1         0.425187230753845
-2065.235620948059   -2768.522714863126   1         0.7100187489636095
-345.2325170565618   -6031.7657943699905  1         0.9197774005869394
4467.271642504814    3525.4953196706324   1         0.16496751834585327
-9805.82274741229    -6245.606775357476   1         0.3618022008307311
732.2662048452294    10877.49168095965    1         23.41027844417206
-6206.630640423877   1175.3274902447647   1         0.25151821582193135
-6162.536684290265   -7333.540059128459   1         0.367591154737688
-3683.7234219470615  8790.960313774089    1         0.4521671067380233
-11736.519088052599  4338.59893993886     1         0.3696832104342922
8862.93902612665     -1651.2818669447856  1         7.53542775914585
-10923.749186736599  2690.526763119771    1         2.4756711285532997
-7589.738753715738   -11909.132453802482  1         0.6869468810572695
-9529.585648796035   -583.1268826418533   1         1.0556544749699086
-4931.459516443065   -5501.770397743542   1         0.8609466967295545
-2691.0252720232515  -7947.058991609702   1         0.40953664086931607
4755.408423252644    -9229.020477483058   1         0.9213651111419021
-8115.676931236179   7757.496723686054    1         47.140971642248836
-1933.2702892796062  -2962.460447627331   1         0.9511631794031342
-2831.384632715343   -3875.682776116774   1         20.60747031013903
5369.557281599154    7830.21827354707     1         0.45433893165239714
-8280.576322838102   -4281.61066239907    1         7.0236390570238
-9883.2226409272     -2964.4193209869004  1         0.7111144137950187
-165.7467596889309   -8222.220284051882   1         43.729655051644734
4293.117343912734    3588.829844705657    1         0.5345121602670837
-499.22922975646435  4440.871859357852    1         0.9975757682081757
4889.749128463972    9093.129393945634    1         0.8763186141635837
-6746.787330845771   -5448.125393293375   1         1.136086642488728
1749.0908705264865   -708.5959093569472   1         0.38358360197709085
3806.0088103315306   -5769.657877043015   1         0.7841487476706365
7686.447044975911    6191.447307664828    1         36.47605775883172
-10416.856050814238  -2439.3114814537184  1         0.9670231421625981
-1758.3498741558396  117.9980687212086    1         0.37151515604901353
2353.670993341639    -5497.6661115131865  1         0.3035411788246787
-4959.047188304385   -8662.631474773912   1         1.2461028837549575
3030.834620900315    -5711.681551403833   1         0.9329889188795076
8315.776284227635    -5510.801939706439   1         1.1689218836697897
-8110.197675424764   4743.356583121935    1         0.5421775823222941
12105.7790963642     3787.5592853354483   1         0.21172572902742315
9303.23660430355     4756.043435354158    1         0.1448360517287769
6538.921906597349    8086.4174628157025   1         1.101531738182424
801.60920032983      -7783.648064672177   1         1.1184245269897426
1071.740651692271    7187.35533452721     1         0.11503732418931265
138.62937280595926   4855.085495991265    1         0.5022374836465532
9735.218295787361    -4191.296106122684   1         0.6703532449500301
586.9462645984295    -2651.2610231560247  1         0.41724647995247877
10110.003821777127   18.022832232128504   1         0.8306923251310545
