trucks_count 4
drones_count 3
customers 57
depot 0.0 0.0
Coordinate X         Coordinate Y         Dronable Demand
-1999.2193357403917  2300.323139597076    1         11.613176876392938
-2950.990401271515   -7259.504147318513   1         0.8100910119775814
1141.5552483637182   6426.146576965031    1         0.2893041929039393
8249.953678306047    -5450.874546317658   1         18.832084354638724
-1758.964474249931   220.1300888126723    1         0.3654718421672394
8373.505355710564    -1929.883677308937   1         13.337918142286947
10233.043521461677   13568.364744681381   1         43.44685056373164
7334.502899566372    -8012.328513064624   1         31.43592484290627
374.73452015461606   -1583.1207004471737  1         0.40705187038621715
8012.861036042963    -5337.180018140076   1         0.7673069118106667
3595.755938253529    -2034.378645287543   1         0.6998473688027248
3456.36198286157     10378.115754788734   1         0.47102009527093924
-5730.888611598522   -3039.230329710206   1         0.9538067969980945
-7320.655469260687   -13178.465424305668  1         6.430239948209244
-2517.917817421752   -7248.575272610351   1         0.8899584905954866
7446.01940278312     -594.5317462936861   1         1.1672407925971007
2049.6954744160244   -1133.0401026631637  1         0.8185875582538519
5283.354369137831    -1545.2477463645996  1         23.02002118516753
5955.453719766073    6458.009466864464    1         0.16210217985971156
-5508.261447810522   2251.404585617163    1         1.1794029627545857
6783.635662297535    -7695.880772426746   1         0.5743981219003544
-3704.7099922006487  7093.600701781829    1         0.3544377653698574
-1236.472091524755   -8913.555981540612   1         0.8966780676967089
1180.4948748730988   7122.85146100466     1         0.2444845503186438
-7195.504897492705   6037.420009867705    1         0.7126686939899599
-6008.880633412263   3067.6096210999954   1         1.1149773283154158
-6977.937547780388   1090.8483994119758   1         0.958143954875557
3801.4935448047927   -8565.191603942141   1         24.526782482069486
12760.66061897816    -11595.823685380274  1         32.08278521643892
-617.4899316670577   7316.971501479393    1         1.055733185262923
5331.933026878745    -1237.2758714330218  1         0.4862838400928774
482.5951317719817    4132.501702821676    1         1.0615954655261437
-6713.53327029488    -7446.930688390782   1         0.23775998407873303
-8403.944054516323   -10458.655888496527  1         35.85252786945816
121.54629665620799   -4345.256987082057   1         0.7742046788010025
-7891.349367706307   11.313256378282274   1         0.9245929571009439
1826.160762191945    7109.658663221284    1         0.9121270056577636
7217.907128770833    -695.450728220134    1         0.33667564880595335
-4600.116324794664   -11846.688068543326  1         36.738607041627006
-13278.36196354996   -3880.9517315822504  1         48.13451646092173
68.7648765992278     -3706.597845553469   1         42.20684381323242
-3006.0420959272237  2545.6045262076996   1         0.968690217364514
6641.675230507318    -648.215784451414    1         7.427232796651348
-8243.637715003073   -1463.925839609207   1         0.44660390354155355
2997.2635879367185   6930.258415140528    1         29.832157872355488
4232.973073372301    5313.94666926629     1         24.741904185629913
-9586.272845142901   4600.041218278355    1         1.232820545306451
6139.269840733954    -4053.4549350804664  1         1.1070296771399912
4827.620975333684    -10946.45889081648   1         27.708238142884564
-6509.95025724996    6741.226158864791    1         0.3323375889716197
-366.73030640390243  -10191.455416253704  1         0.7564657445540044
-6758.326187998426   -1588.722971515742   1         0.4651313145186893
-8192.183182307148   -2205.7791062072156  1         0.22654491984978686
5723.9942836675245   -1356.42719844533    1         0.7776246582797715
6844.884843785069    -2464.5345068071974  1         1.1829491845306572
1259.3285275661447   -5194.526073294291   1         0.5247553731234494
5363.912313808652    331.6717589976676    1         1.2255355854329797
