trucks_count 6
drones_count 6
customers 93
depot 0.0 0.0
Coordinate X         Coordinate Y         Dronable Demand
-6394.726913922113   4885.611921000552    1         0.5252931173004276
1650.061828812044    2530.462287104079    1         0.5932150191890513
6615.6579562564675   -2787.772785693808   1         34.469055000818244
9.428107170687326    1028.007970762199    1         1.056487191220949
5319.175753398622    -3751.4558332227543  1         0.5598244926221004
-5829.126184794953   -6728.04147082033    1         0.45999921238202757
-7243.794000386356   -5727.030816780733   1         0.4173344251754244
-7144.766865526834   322.29375832717614   1         1.1613785109097208
-2169.3965204744477  -4567.768423598499   1         0.9354284802761883
-320.69764529516164  -4304.713677778885   1         0.5392206954324524
-2256.4260695557446  -6204.796881512228   1         0.6194156923990084
4758.53381307349     4708.32212022201     1         0.9666064208300412
3468.6686716727854   5878.676714872171    1         0.333226032007909
2924.863358765093    -4331.773354940541   1         0.8650273271040381
-5841.283736586602   1644.2464835516364   1         0.7132413399023333
835.1474894787286    546.7837978275668    1         12.166579924217839
3650.306926490945    -6531.122947726718   1         1.1778452163919262
-1171.1534154562614  1187.3227876673818   1         13.272135608665657
7102.190757439065    -944.7659780898796   1         0.5710635871603935
-6770.575635047307   3964.2303801533153   1         0.37011902097775984
-2840.518959649144   3816.4979626699023   1         0.9904531211621653
671.2286722672618    -6946.854993016557   1         0.5806271615532987
-4080.7355870409274  7092.863832088785    1         0.9226058196947909
309.80883746033135   990.289167067077     1         33.457101298858554
1172.835160670209    -3671.8304103409882  1         1.068479703207603
-2294.0952134616455  6205.97508496025     1         27.469188905616935
4525.768496801258    -5132.4533235395065  1         0.4127415127875014
-5409.828472306956   -4405.962423517276   1         0.27892136792792016
5696.310345601723    7171.543406745386    1         0.7404571762832046
4295.117217420857    -982.9029504255268   1         0.6504070473317256
-2592.3912923157827  5952.588546147538    1         0.8333132166699606
4899.954228247713    3304.164930795163    1         1.0599336104066273
6743.397333505693    3577.6499502531497   1         46.9220986702238
-3409.4692691548     -1307.587815809163   1         0.3135651003106935
-2719.5263274192885  -63.298607133083024  1         1.2010299480321953
4151.912395190845    2721.540082415461    1         0.7539102352291727
5421.411452874772    4994.3726612481605   1         1.0753638661638774
5701.908094223609    6429.260399233202    1         0.9421589971986175
627.9583598133761    -1295.6119909449915  1         3.011302022915368
-3376.556511300936   -3430.4800900721666  1         34.92170747419009
-5763.986336479244   6111.378633747736    1         0.591438222931107
6606.978685727812    1238.0621195934727   1         0.5239077534651053
2855.7736814303425   3077.9199357073903   1         0.8978007742415754
-1938.9131911852035  6762.518455073359    1         0.8138327757646593
6728.389795917103    -1425.173826318807   1         1.6207844120973263
-5665.3767692545025  1999.5664269051795   1         0.7808590277485183
4971.256924194933    -2074.525242296095   1         0.7828016465456923
-537.304161109553    -1611.3123982207267  1         0.7370260752350776
-6757.570192512195   514.6876829934553    1         0.8969961780386628
-4217.48319827283    -2753.7007269849387  1         0.3216956258092707
-6354.516362862069   1814.003901522995    1         0.8444290490534752
-6926.752463357728   -7143.355298749834   1         1.178463103835153
3772.665855299426    4789.4409566719605   1         1.0021565088213482
-1968.154198311882   5665.311449370344    1         8.890721713229077
467.28443432569543   -1100.5716665515963  1         10.242989185693222
-269.988351873062    1564.852603059983    1         0.25970235561391086
-2338.9842202661657  209.98812949829738   1         0.1738019759131934
-2781.2575785631693  -5277.826387185235   1         1.1187863801950195
3881.586598922658    3866.3080534812048   1         0.6439428674039029
-861.6689232915372   -5387.946173426225   1         0.3255531605420975
1131.63325571546     -1973.0766732741786  1         0.17058395084637604
-6251.33849084152    -5720.895648360956   1         0.4092105673719374
2354.747587181916    -3725.465330841258   1         40.22852077013812
-2511.239694707711   1074.6834916818045   1         0.3810619317162175
-3105.5601821468063  -5023.531271862818   1         0.7202680579019379
4293.321952994299    5949.623387572535    1         0.6465836371176991
380.63890049176877   -1789.2368095247255  1         0.8850148632599241
-6986.999546328595   -4036.0986954747727  1         0.8562207608398734
5015.161133540507    -4012.3000693845015  1         0.9453181525720528
-4833.448857940265   4049.368464699095    1         1.075096780705854
6397.119944406934    5647.912911767539    1         0.6932307374917231
5346.695579372483    -4832.21453675661    1         10.106444642758026
245.57079215936335   -4162.801365591025   1         1.0625911988785257
-4705.834268216142   -4741.886831155492   1         0.14563077521478562
-6980.893521228432   -3094.9762356366946  1         1.0096971834468318
1499.0837121327563   -7304.459595304622   1         1.0146235686698977
-1358.0304057688663  -2784.2379649816166  1         0.7061133295691862
-3565.943211957275   -6923.208935835046   1         0.22701223119468947
-367.88701098099546  4759.373906424315    1         0.66413573939367
676.0858314652111    1882.1401365285656   1         0.17931326314222606
7290.491031746822    -6477.83537619705    1         0.4259746549614496
576.3113877655733    3379.9776057892086   1         0.4632991405498753
-5473.079649038399   759.393953752627     1         0.9034935223362066
-6094.725827693007   4858.654022643977    1         1.081632008130675
-2601.890633687044   94.31867577005674    1         1.1589013212493942
-4786.750631596821   -351.0262963355473   1         24.78520760186983
3022.2038631910877   -5300.065168319375   1         0.7745936557249903
-3932.330059540529   4199.387388358335    1         0.8703316881741917
-4763.696207788398   -431.5144362997987   1         0.7517316041565496
-3701.9830380471835  -6701.08729898272    1         27.687733014174846
-7066.233111370359   3585.1897621769594   1         0.3414344273962453
2912.8408730123865   1732.6646277167076   1         0.5101085440052916
7161.6891909784335   4029.413355359324    1         16.488921255146515
