trucks_count 3
drones_count 2
customers 20
depot 0.0 0.0
Coordinate X         Coordinate Y         Dronable Demand
-1404.9993800205284  5718.709194188996    1         0.5012195067382796
9815.014221423313    -2199.24145853085    1         0.34428651440385927
-2583.975224510081   1680.1503231996044   1         42.97086350800427
-6150.295397938128   8016.966630343797    1         0.5925958679354449
-96.6714395873678    -8294.820985560284   1         0.8381186187268193
10.299339183210495   -4796.653268844836   1         0.4180576882116095
-7706.180964716889   -2521.34205488078    1         0.19804291682030686
2741.102639847153    -3245.7832236848903  1         1.148758891721233
592.6988590421622    6021.096457768182    1         0.1080182824042123
-4188.802982677575   5079.371848390721    1         0.8538380540403279
-3792.688459899035   -9156.100137795984   1         1.0317468856138126
122.32878571903989   -369.31386152226145  1         0.8465404134441268
3169.763984608808    -9855.261075839237   1         1.0306075998606978
10152.316182172115   -1589.878810632495   1         0.8121521169685377
3009.5068914264775   12851.230656025793   1         0.5099663105319902
4451.691473087437    7268.893329733425    1         5.353915464223093
-4025.19023804867    -8076.964855673796   1         0.7691164015001419
-7329.735491091616   6812.963795568336    1         0.3121411044643807
9252.993860268263    5790.502512561849    1         1.0061775081393962
6875.24357821041     2994.4524702136      1         1.4489340109101783
