trucks_count 2
drones_count 3
customers 31
depot 0.0 0.0
Coordinate X         Coordinate Y         Dronable Demand
7284.010668116393    -7583.119910986348   1         42.61095014605778
-2034.0777820838732  6893.385553963462    1         0.6180525205253881
11729.15547512033    547.81061753639      1         0.7614136234669405
341.1004811418752    -907.0080039190325   1         15.727499846595558
-7831.516439485038   -1544.4277631852738  1         0.5367742108517604
-518.0154254688168   -6165.012101197905   1         1.2292907403841575
3995.1753248157943   -2491.626460649836   1         0.6669816399166952
-2701.94038958875    -10140.879234381813  1         1.1825165536136253
-2094.748848162378   -39.86403766984925   1         1.056188734424425
1872.335620409546    572.5553120788193    1         0.8750836722388758
-3813.86020880408    9736.091770174022    1         0.9260624880401429
-1409.085498161233   -3566.659189828557   1         0.70118642336846
-10215.006663610237  -1801.9371342441818  1         0.6243367899143812
6958.584004379483    6836.236568828129    1         12.13728057310189
1324.1583605030382   4497.933969792372    1         5.97458427210643
-2110.6111799710375  6291.178446157289    1         1.1588935135288119
-893.9650147163184   6389.7795534582665   1         0.6423574650463845
2772.009214244094    5529.460279042012    1         0.7643005053438968
5753.308186046543    -11576.385366005929  1         16.836907843734252
-314.7433144892629   -7135.751963857839   1         0.9400557588833182
-2182.397114447076   3052.727998866973    1         1.0052889280077049
-11477.660864484773  11408.418751580091   1         45.497482834398426
-3578.406666999905   3394.5232851383653   1         0.93696022410069
-8473.30641934787    1209.6648731279488   1         35.76192001505159
-5407.118178737886   -1824.2263537095723  1         0.7551025852048422
-7001.214584200889   3771.714710384577    1         0.6766645602045053
3596.1917958641234   -8065.334165588124   1         0.41410592451107986
-5641.630492950207   2324.7062704862487   1         0.15156333790359594
5736.177137891415    166.91980714291108   1         0.6174231784404641
-3521.953760945541   -8452.53885345344    1         0.6441895908431523
750.8078645373741    -6717.389597098597   1         0.43800232184070254
