trucks_count 3
drones_count 3
customers 45
depot 0.0 0.0
Coordinate X         Coordinate Y         Dronable Demand
1864.5231780808358   -2951.041758760485   1         0.29370671536470916
-10903.638803883674  3847.862832577812    1         1.1056642503546825
3172.580286964956    -2066.8464126812455  1         0.6215880538286114
-3702.640898666105   -2689.247758063555   1         0.6056636197554004
3005.660161762073    -1866.1285789555716  1         0.11286086157508525
2004.814638237118    5114.627326410536    1         0.19635409688520877
-4813.238160176545   6851.3956646216575   1         0.7072157752257288
4197.634101654363    -4942.145710076672   1         1.179480802300146
-9114.882474434358   12409.025102475869   1         20.287425865229793
9305.372343809759    -5113.026580780945   1         20.838661138447396
6504.51019178623     3610.630555474385    1         28.8120742205271
-7541.191429565923   -14489.929745200641  1         39.03867018172845
-8502.013585188193   -1473.8987912321677  1         0.8113315759068273
3716.2623420056216   -5606.702630579849   1         0.5801568611149899
7526.879168127431    6407.901145680924    1         0.1929643463660039
-1346.4672870471277  -1520.9693285961666  1         0.2703782877647647
-1940.7624290612212  -5986.615809973857   1         1.206595712237052
-1790.306008508612   -5145.719783629781   1         0.5496666491847583
-16472.140839172236  -8720.016698061192   1         1.1481993002306783
-6991.295569804672   -16501.11426206473   1         2.0301175493749337
4774.710535665137    -10055.635667116203  1         1.051684213849237
173.17289122927951   -4602.1735061052395  1         0.5557207731254469
-9444.56011467317    -3667.799270080545   1         0.5336147553013236
2300.621141198057    1876.025402511821    1         26.18327911152135
12683.70926672663    15655.67922319809    1         0.8488935669531698
5156.422175491731    -1171.7540836523806  1         0.9819864872631353
-8060.949905426565   -3596.397749430171   1         22.65196415294024
11660.8017398126     4001.8366919256405   1         34.6552307525924
-4416.11981858586    9444.546896400938    1         43.55304528780331
-14771.63914895901   -17584.616950878157  1         1.2055877661461671
-6044.096976125294   3457.96263312605     1         0.9443693323155727
7739.921965372836    1044.3589097325676   1         0.3405050520623607
14693.869084991446   16955.01624030549    1         28.05575120631116
3469.102004101647    -6536.150368893981   1         0.3879086286217386
-455.43318204129974  4501.469466880554    1         0.747635670526232
4793.116736767797    9403.175321356372    1         0.2059201839293993
-7008.084716071515   -5432.9330164616695  1         0.4098458890390658
10183.750527373662   -284.2164933246156   1         0.14196862865360896
7614.891958296727    -7634.416140542938   1         0.1832961036488933
8143.403384022207    4157.021490425376    1         0.2229054162407138
-2935.290786359899   9493.952433304554    1         1.1007444942334825
-7225.64295851583    4557.044034559393    1         0.8403758814727997
-8561.793692031819   -1748.159918971407   1         0.7186223069414478
-5180.3812102837455  6067.403105478571    1         0.8753071784772846
7993.761102671783    -2557.3916891999256  1         8.201844515414017
