trucks_count 4
drones_count 6
customers 81
depot 0.0 0.0
Coordinate X         Coordinate Y         Dronable Demand
-6461.283888291717   -623.3631705175659   1         0.3495936203130018
8182.310525140978    779.6657283712173    1         0.2920409321948515
7202.07742807425     -10745.483903709315  1         1.1819945831415313
5104.20174004082     136.97248323668728   1         0.5459510731470999
525.6231535943327    -6991.646912668542   1         0.7877460274756549
-1905.3444054590623  -9250.63079793596    1         0.40956002152674464
2391.62556748749     -5828.719438037409   1         1.1363668882165106
252.13601038893498   -7417.9814991994135  1         3.106295459438833
5033.362652742551    -8275.127222962683   1         1.182912975011471
-377.85283052916674  28.11468209484113    1         0.9291355970032126
-4591.9671251375     -5008.5209116581345  1         0.17159813841848148
-5888.065581706695   -5302.870764434328   1         0.8263891036538151
-2280.714799714711   -3361.5983070660864  1         1.015225277478275
6892.55509800302     -1427.5185899958378  1         31.561150745469583
7772.8890742429      -4693.182220666254   1         0.7203598523551649
5348.8552056436      -4037.2500363342515  1         1.2083081123769466
-5814.166836786599   3751.300379116329    1         33.5319928512732
2519.3032557861134   -2209.9437686190067  1         0.3191380285171544
2912.179709675698    8464.719085574256    1         41.49499603950524
-6678.21861195174    8085.763522594048    1         0.8547838456748041
-10245.867795234813  -1036.9930948471958  1         0.32392440182365995
-9210.18728072244    789.8927058446152    1         1.1477461678754397
-4173.1208446183255  9311.338661627105    1         0.48470737860496127
8181.515572115637    2742.868893904335    1         0.4728165276314743
6426.132950001337    -2054.3607799666174  1         0.9722243884776264
-9606.192929961548   3364.044905171859    1         29.80162796399213
220.5351580219646    4678.101860847264    1         1.0547647535006845
5643.123403149779    -251.46223161192376  1         0.8597654102568276
4784.13650015974     8048.162282636013    1         19.677570565299167
1541.9324428304844   -6290.550011726733   1         0.9576292733144943
7729.688485701905    692.5094419947782    1         0.8077969951807449
5519.695923932597    9757.387649891463    1         1.0787190277430725
343.98205139345373   -794.0728142482003   1         1.2289151997729226
173.2844353774771    8100.400274749405    1         0.11611156017175785
-3842.8516202336964  2793.1732028979322   1         0.7174939725208013
1498.7501600098315   10015.925411990376   1         6.132145760120115
3505.8099884880285   6965.179392066351    1         1.1126624983742195
1975.3255240160254   -1575.343901213189   1         0.8230443005868003
199.2914676742722    5642.204613022685    1         1.2062721080684662
4438.984583738795    1386.0514958712722   1         0.5726379066241019
-3697.332401741407   -12677.583395727643  1         1.2142377983878767
3035.9469907011917   -9854.838700783808   1         0.37480294783806245
5483.420839313792    -6181.836114829937   1         0.48415889047167415
-638.8618040305503   779.8156728567257    1         1.0639510293814063
-12312.965871767185  10919.286843831725   1         0.20602609816982204
-8039.345135578761   7076.772455866897    1         0.6918906180415496
630.6211501313264    1919.1326938212496   1         32.549376249120286
1084.6662887409307   7624.570925056115    1         1.2210773439712075
5635.909013769247    -4174.876643315937   1         7.0248626004267996
4827.822755415704    -2502.853134794801   1         0.6624191151378892
-6049.63663153027    -4751.09147007154    1         0.6584620426561446
-12630.217401307178  13663.77455684604    1         0.7323254196064208
7165.499693630229    3974.7032077061876   1         23.810602174232205
-4843.525040057532   6169.216401478945    1         0.3865514442010902
10019.154601727954   320.4818924572423    1         0.6729583585160034
-4831.557388295077   -8524.910785478818   1         0.6727478796549553
-1276.310691224968   -10577.709157905649  1         0.5478902596589601
-12916.826005928104  -7266.3729937831295  1         37.597397146220864
2066.1891178805877   -4612.408612548543   1         0.23125730445263712
1002.299073078012    5879.49829512333     1         0.6438233536245495
-1808.1483987225924  2863.9966024683185   1         0.7695459343992618
7267.223866747008    477.67354574039774   1         0.6715740887879889
2381.7496325771126   3280.6952662917583   1         3.576896627410449
4411.213602316473    -13427.959375551056  1         1.0950825676726739
-3377.0257346082694  -9709.663975483703   1         1.131876276531777
-4252.777729643996   -8622.633761528932   1         0.5694794992815276
-5942.3787444896425  4276.842201099872    1         0.2108117726409765
4534.320109351715    5298.726852857347    1         0.591496198908902
-6304.106791380364   1125.6026607703684   1         1.0285557399056757
1693.241335071141    2181.2406775537206   1         0.2109100844104501
4126.534903307706    88.45390501493866    1         0.7926842136818677
-13455.858235098502  5143.496006268704    1         1.1757154541297432
-2342.878927808898   -10585.821128517295  1         0.6972530195643196
7106.915938147295    -1068.9585262238909  1         1.0212664173816255
2877.7629628870645   3748.9776932531704   1         0.44580598226836554
-13919.068834396543  -2763.7191190101184  1         23.724954688681763
3547.380721142277    3147.0549553863484   1         46.20763726705376
7317.7082401794205   -5675.27868720918    1         0.5067378174336867
-1731.4183766047533  -354.1711653764311   1         29.550074339814934
-583.9127672739934   8608.783289276258    1         0.8988886666177394
-1459.2741444269313  -7736.133710358387   1         0.8094263194947046
