trucks_count 6
drones_count 6
customers 92
depot 0.0 0.0
Coordinate X         Coordinate Y         Dronable Demand
7725.050826134302    -163.15265294386583  1         0.9714025220624076
-782.878714320431    -7143.22762190154    1         0.5729924601358508
4153.147439390641    -3972.1755437775623  1         0.5785541359078665
6389.655072999523    -2691.849414378636   1         0.14939706446118753
-9480.414007184365   -2594.3596620661765  1         1.187455504599416
1999.0911542351867   576.6433326186276    1         0.7287819073667892
9371.669343266396    -367.55096538759705  1         0.673920135098647
1379.167033355021    -15402.47051566972   1         11.276895854144303
-4198.675177742873   -4334.698271023827   1         1.2397524159146929
506.95979970967807   -8882.839073128338   1         1.1255623735418414
920.4876937613337    10075.347058032168   1         0.17364650032875073
-1762.7314167422692  -10655.072665361513  1         1.2108443066141323
-4393.756302978497   3650.6684525714127   1         3.9697122008308865
-2110.3178688720222  7764.886167223169    1         1.2053301593199672
531.7068411811865    6770.817244451328    1         0.30261870152770015
-14035.88120205127   914.7682737806535    1         1.086307328992702
636.2720739095269    -8070.889253050608   1         2.0113987530543724
7944.242158156765    -5344.742599987624   1         43.51821256633473
15556.692621684764   -15150.89983228954   1         27.45871896922637
8068.497115282026    1117.7097035258603   1         1.7523139534597496
7126.920736166932    808.0633759319644    1         0.9860836682484212
1348.6172076021396   -3390.335339847882   1         1.1096338511864976
6300.9425667059      -6793.354707757046   1         0.8932928349324231
5629.237243707201    8903.713215928234    1         0.7045122915574433
5880.71406494278     1030.6886082578742   1         0.10880070493010727
-5756.410652776774   7313.894241618845    1         0.3525602431254966
-12427.294802894718  -5007.76747247769    1         0.2863535077720548
7413.971896883497    -711.7467415011032   1         48.2839360271298
32.3449019580976     -9079.759213528829   1         0.826406632064276
7962.7371892806705   -2030.943212787968   1         0.7468426317040725
15839.214954425624   -10815.192960463552  1         40.61143422723091
1202.5825572080319   4138.308294025368    1         1.0107657054956374
-2704.144346950082   -147.9568154913498   1         7.8866316465259025
-18541.551807252832  13577.414333579913   1         40.00329168332047
5222.221116604386    1381.6525521552726   1         1.0750064495216831
7075.061325043829    -15022.904949784886  1         21.024398633774567
-469.0275985209523   5165.076184061657    1         0.147922709633328
-1498.3866114567927  -4909.529685772862   1         0.10220658661915272
-4355.224121167145   1383.2463346248696   1         0.1911594713768765
-529.7127605071654   -1570.3358447832388  1         0.23307263541905288
12857.921183641658   12982.76224301853    1         0.8277549697683081
7946.768888781187    4745.751571506103    1         0.525270487245551
1050.9885259721789   -6084.031721517652   1         0.15101453661631195
5115.661576520546    17201.12548834268    1         44.58962769119873
11107.400878082386   13636.61335047086    1         40.24956706577008
9767.944982955198    1276.7863384962784   1         0.2288849639101027
2251.8703755562565   7490.962585834733    1         22.042228850732304
-5427.9055213375905  5805.003125349443    1         0.5113177289308238
10222.193108338513   -2231.5301257436595  1         0.5465732131001075
2743.6570354777455   8843.298835604028    1         0.5606904366892304
1569.033420007871    3416.528414425168    1         0.5433921066981567
1567.0415634294616   3456.861496412603    1         0.11756524333022293
7620.786471865939    -7535.034291700153   1         0.45086968400720606
867.7460625878037    9538.2959258929      1         0.9073991039469733
-11186.882778272997  12486.200431322028   1         26.244429282726305
5647.278050645485    3463.3074492895453   1         0.17590344171378808
3338.189641853506    -9516.182282562924   1         0.16184157256968554
1554.5963278898064   6178.549306158439    1         0.28771870695794477
-3057.5071549257304  2201.08268530872     1         37.621545596113904
-2414.079524980851   2312.7549568364816   1         0.8015526288593954
-7724.291907127501   -4832.160529654139   1         5.771918627231868
-15001.424348133436  -18275.67139539561   1         0.7726253742396243
-412.4293812396202   -7039.67870792062    1         0.33191665383102126
4653.15502611667     8517.102078583235    1         0.8528570001568301
-1821.732503050534   7785.627802913379    1         1.137450775938143
-13780.611765067722  15534.364533327214   1         34.49628042797876
-18475.24311061361   -10700.340284303427  1         37.544610320435794
3659.185842004724    -3965.8005603709735  1         1.0409406252569957
3829.044048233295    -3065.4947548068585  1         20.4886620152629
1831.332463819632    -3540.280032735147   1         0.3622016342197809
5304.604361944208    -8762.75271929941    1         0.3717536206077925
5475.850880865287    255.54280404298703   1         0.6801356976897776
-3357.892198780287   1371.5294980681647   1         0.2209560387361134
-3454.701680592803   7639.863875888301    1         0.564558663637909
2301.4329457077183   12916.92073687552    1         5.474933550539465
-13170.529605923017  -5717.174470943359   1         37.40162443395253
7243.047767222427    -7784.735273434943   1         42.327186154112695
11868.732074205891   4448.313645109476    1         0.23117511083722547
1221.0372522009711   2542.3178892701035   1         1.1176142490544545
7519.164044495222    1508.9970200659372   1         41.39425156620616
522.9249058557689    -11651.32264587939   1         0.1544048909493198
-9683.55132295409    1013.6691513278545   1         0.33256969314578877
-1920.335844828801   1026.2185405203966   1         1.0526901537017435
8352.58723282443     4877.524047066167    1         17.166667234216174
9470.495540158407    4450.6551595926785   1         0.45085210686149024
-112.41439647972207  5900.087338407556    1         1.2185669847368559
916.323258777309     -3987.3205334171494  1         0.1579957390709592
-6627.141940965976   2874.0307412492552   1         0.6490673841494832
6913.828581163936    -4552.403536104379   1         0.4137203604137961
-9728.197164555238   4972.492154724731    1         14.035351036948834
4012.865198933502    3075.036050719631    1         0.5368122002973809
12232.752324387344   1613.839427582643    1         37.1679487337973
