trucks_count 3
drones_count 5
customers 61
depot 0.0 0.0
Coordinate X         Coordinate Y         Dronable Demand
-4562.478812063983   847.2745544968544    1         0.7223531455832447
6795.811925300354    -1366.9003884877998  1         28.158841529874326
-7015.905313184525   6596.868147391529    1         0.8250571039660308
-10262.87017469381   13273.995507039226   1         18.845281508575912
-13373.320458532555  6349.9078838525      1         22.110797464141193
-3880.276103617915   -1778.7856639906986  1         0.1695555220791346
-9411.601958591462   5091.807453373947    1         1.0048589115907043
-2177.8053354539006  -6111.844173025659   1         1.084352036487979
2071.3919933976      1961.6290792246346   1         0.26434421268222347
-1632.735712468841   3563.3951938894625   1         0.8829808549168509
-8040.373195403846   -174.96456660921584  1         0.18890667281866624
4486.398306405457    8587.409367377042    1         0.7588899608160956
3765.3215668777657   9696.479140107474    1         0.2716612734973881
-5830.451369208775   -1624.5966519027897  1         1.237764391148052
-2729.2896772442555  1895.0759203602634   1         0.7975513975453083
-3720.68460556909    -6923.830937214932   1         0.8603046517192218
-7308.940241506289   2755.4713732106998   1         0.4553545655591198
-3038.47252674539    2530.8511663334      1         0.4554683695450187
5535.070127817773    8295.498214087163    1         0.24437914811995512
6710.260972244514    7942.059487823175    1         41.95606426404874
-7416.589154644598   -4482.38213159322    1         0.5573835909537675
7583.18380802679     5757.265513420172    1         30.4421767403145
-9650.596528863043   4352.068100405369    1         0.766818403766526
-8788.748745967157   -1931.099567337584   1         0.6993639781509632
1564.0161233784547   5690.869165730835    1         11.530970168220668
-3003.3712343430725  3534.7773356357743   1         1.0792129948146336
-825.3155909335014   3888.153387475823    1         0.8591946832906769
4549.716891463782    1254.656071914409    1         0.7808889461527259
-3017.6476978564724  -754.7577822210756   1         0.31058223208505475
-7139.936537833232   7138.610093767362    1         1.105052902112197
1560.1624413027494   -7998.63999297689    1         1.1581676978368547
6869.397422859422    -3487.2365521931406  1         0.603712845964512
6924.081143234087    2617.734791581877    1         1.2433056056416123
-491.4067453296328   -449.4351651924975   1         32.814519869087526
-1616.6352748586796  3722.937057389112    1         31.19291126140068
-2335.125071864407   -805.7168784059081   1         1.0407639493615064
-7004.546563952084   8293.357889377758    1         0.8008444698736883
-1644.1046779191618  2584.0294219447187   1         18.88107435326393
-4525.260180056141   305.2026104528357    1         0.5755199715129282
8388.797240264752    -2826.585694308924   1         25.03032744058868
-6200.30591136791    12113.55739895992    1         41.15384433676138
6184.206113613747    8198.904596844799    1         0.27931841780309463
-4244.786242646235   9544.029125564168    1         0.159570748337737
-665.6936997992971   5805.954030671238    1         0.5281040788290804
-10465.650060394997  5166.312077240962    1         10.0849765482991
-489.9836992965977   4849.763682348537    1         0.879140129119713
7946.234840499262    4432.913765542429    1         11.197744972451941
8321.347204943979    -10242.52618756102   1         0.6488360328559741
2472.1908811881817   -4204.143022481422   1         0.3691021877315449
4906.840959394649    351.63891513223257   1         1.022144201628907
8558.38371446998     6749.972317612421    1         0.5596627585438854
5586.275803145059    -7077.049791462828   1         46.270136686823584
-8143.977629463638   3727.7222648798966   1         1.2066948519770404
670.2884909442672    7331.170048251313    1         0.22526479675732114
10841.327339641244   -1387.807927754612   1         0.8087699932347123
7092.027597519278    6710.793879709445    1         0.14204711975863313
-2903.2810479937693  -9207.105920679898   1         0.13505842981083166
-3462.773823162128   6055.360521364031    1         0.13923848756031704
-2429.8515211915583  -9518.47430960538    1         0.7680992779482875
3760.4849589886862   7450.565714809308    1         0.614509867115162
-8360.11589613494    -2183.806972796237   1         34.31626597390982
