trucks_count 4
drones_count 4
customers 94
depot 0.0 0.0
Coordinate X         Coordinate Y         Dronable Demand
-418.79346772272766  -4750.852860971873   1         0.22859546063059732
-7305.472596352732   2977.5661753091485   1         0.6847002171193715
11586.287361443774   11746.94143193087    1         0.8802015830300421
-8994.145342292773   -10901.149776669236  1         25.56590639716231
1249.233364167652    -396.3992071912871   1         16.74234133590926
-6625.477595406831   2087.2112325561566   1         0.9665321003843924
-8855.254456021818   -308.3366418659373   1         0.6600524408633142
-5421.8174770473115  -2147.9019577837444  1         1.0958320647531574
6850.408767321303    808.6722991540072    1         0.3151773329914841
-1679.245828107879   9472.297749308575    1         1.2142728259630282
2615.1794408125807   6396.613182993843    1         0.18942773797932316
-7977.703554448575   2272.0792885236874   1         0.41574812536568806
-8141.38695772996    7962.54551270288     1         14.374182000327467
1963.5159198866513   12531.573148629184   1         0.45242504414451834
-5285.340327697856   -5484.216102101673   1         0.8211672322055537
-6935.213379383902   897.3620656429079    1         1.170102564110186
1031.0338381296879   6823.3607380586145   1         0.507099218874895
12548.161715651917   -711.095764219217    1         37.67734122431871
-11187.532100123179  -11478.59459617133   1         4.8475090272353185
-1956.203640151812   -1658.0511858002092  1         0.19929340493315828
1212.3568790163008   9256.535900035902    1         5.942654149523972
-4495.005962761534   4156.9887570118135   1         0.12599083980361775
-2666.2358042279348  4624.690521962863    1         0.1504937296029608
7304.868630108875    542.1931301836266    1         1.220798182560325
-10082.49530802195   2604.226123685424    1         1.2172437555073736
4271.160064138112    9777.62626442538     1         0.9755495952396877
8955.739641288521    -5728.13008623988    1         0.8166674426568511
-4155.165585834653   8088.712080697009    1         1.1696226168033208
-1327.8280706210337  -1257.814278925389   1         31.42862077720069
3710.8736132619006   4192.844731549095    1         1.1420671891504834
-5885.488610196117   1122.3332094145944   1         24.134139708569208
919.2887487805257    8829.95686419899     1         0.2551180858577635
-857.4692053530837   4310.771162453273    1         0.8004822795423805
2193.057108045101    -5730.857943860936   1         0.7429658735267735
5231.856600523769    -4291.529258996558   1         0.35492923102477303
7813.272469897496    1691.0545574226144   1         1.1680249410710044
2728.1751036090313   -1054.6913747035644  1         0.792514568803548
12353.700926984373   -7619.92253633717    1         0.4029657305069979
-1224.1687106286768  8756.29375149507     1         0.5098845129401024
2736.6761567121525   -9889.986946732864   1         0.2232397970020823
7587.110969604224    -206.50361753046127  1         0.9615027919909598
2109.0240247481147   -5365.0607167527405  1         1.2396586949987138
1017.8505017030475   8055.319502509523    1         25.590888735757048
2556.3955391258332   -6568.0223341413475  1         0.5776028939195494
-10292.619732762843  601.9574003420203    1         0.3587124167592247
3038.094430512774    1627.9034982202293   1         5.971697092655584
2923.902538596473    -963.5051545380098   1         1.0724336500126435
-9297.379126341832   11.989744485472967   1         0.9917950818412385
2519.5187151853584   -4215.915944030439   1         1.004723247182851
-8123.794258962236   -135.59201880650244  1         17.95662836501742
-9119.565026637905   4615.0718748732625   1         0.32980268718782557
6155.300074460005    -8140.251641073795   1         5.89744396980401
6006.4261558668295   -3646.49551061429    1         39.79072603369125
-1941.6964729043166  881.4644772554485    1         0.8463835803405023
6109.221775487414    2164.315338549606    1         0.21920862884271136
6765.074973378679    7539.835091405818    1         0.3636203098165127
5669.846181638737    4752.808161906881    1         0.21235073940931198
-2023.292040768765   -4829.080009413643   1         0.47406242523697517
-5866.632973905345   6033.488535112774    1         0.309939178857786
-10351.823007887819  509.53558038669524   1         0.6918382968485888
-7554.644490360384   -5416.014131635945   1         1.3894351257787103
6062.83615242948     -1383.5977392892178  1         12.551773457707856
2598.561633526755    -935.2719157406386   1         0.2928977163926979
8401.203595549356    -252.04801410783875  1         0.9766983288308408
522.8471311395546    -4032.2334121109157  1         0.1694654963370653
1391.4668210829398   4359.117960616383    1         0.7996874880099177
6958.9335320712335   5643.2910905366925   1         1.0959003682619544
7474.403698840876    1724.704127468918    1         0.7826541854836544
-8100.388241093678   3331.241071212403    1         40.3553382588709
-6321.414318975485   7836.843142498582    1         0.9388962964083641
-4687.410819647301   -7045.589190159803   1         31.992261560486472
8402.831875649486    3286.105627628845    1         0.5816731275761305
-9081.774349704356   -4723.694067532473   1         10.669426772015626
3192.35696758403     -7989.905190222605   1         0.1791232032614185
-7597.589325364122   -442.4290705241019   1         0.4899419044996126
9321.17332815076     -1193.2038443439183  1         0.8296584663413609
431.2248323226733    1274.8763170985414   1         0.31947789111400826
-1604.5230768391339  6162.337486433618    1         0.1574749706954238
-3315.6082921981724  10026.132776029144   1         0.6014412868644702
10793.23310087946    -9101.72125194451    1         1.1043534606299383
5802.659177940434    7451.28546183838     1         0.8466525664229871
1051.4636313350804   -3643.4746229386187  1         0.2442719712294046
6477.466468432511    -1910.5447138763755  1         0.7014250777902535
4267.897842853927    1484.3389515487888   1         0.7534104519878956
-8439.459144197248   -7436.7478210863455  1         47.744962197948354
-4751.645167607125   4954.263813037592    1         0.6897189780391777
9427.157367219646    9270.66288725712     1         13.672766351751537
-3808.669216152848   -2547.6896667688975  1         0.15545627526762595
263.7773941118508    -3830.045713528054   1         0.5741790718166802
6938.884111493065    -2002.965128359916   1         0.5564910004817432
-2990.2459747426683  -8628.080416534724   1         1.042935189221997
1579.8687240267109   -4699.562080348842   1         0.6824041876705084
1330.3883664793307   -5821.1474167589895  1         0.10114321880439418
4036.814142442487    -3116.7758873876883  1         0.5266726363277379
