trucks_count 2
drones_count 2
customers 32
depot 0.0 0.0
Coordinate X         Coordinate Y         Dronable Demand
8192.283958170707    -6081.265088522465   1         0.8923459576003832
-10607.822919886621  -7299.479915384694   1         4.812407617679449
-8589.583451820105   15259.584429325841   1         0.4175083043814988
7900.015324652342    -2416.200578045546   1         35.40354655155956
-5916.424729418931   3580.362377729545    1         1.2228402208743832
4847.243827683021    -6537.180284575489   1         1.1626522637751175
1687.198585319533    1789.2767743431293   1         43.04630559970252
5051.05851157095     2852.3316044556636   1         0.6974766344818223
-10130.295017724971  2247.561259695469    1         1.0004191037335979
314.30878063988246   1641.336622411834    1         12.453746480100865
-3475.270077590161   -176.16655792797928  1         0.797430355254751
278.91851410078743   -6654.885324556581   1         4.30497587889049
7422.655895011601    -5663.777933898256   1         0.7384951857155488
15241.836805204093   14649.554045211415   1         1.2042519554843207
8892.38811394542     -6301.186226927078   1         42.79434667268504
2239.605369985479    5183.205790982592    1         0.9669328424979163
-3288.858649833957   -8110.051022656754   1         1.0153913346809393
8046.289035610473    5609.450420719628    1         0.24361889071897735
1782.017950551918    -240.3887835432759   1         0.4831059508165001
2149.6549510708815   -1030.148292499886   1         14.160646500616744
4655.092870295726    -2541.0820058849285  1         0.11590458726829858
-4909.757915839733   4575.803173904813    1         0.8670767005713025
-5570.951377353484   -6836.790724110245   1         1.0154747122672425
4769.48164170282     -9848.586155572784   1         1.1450888940026496
-5288.386703696088   8698.91015945987     1         19.517849735676133
-12891.964001076809  -273.9162846550262   1         0.38058773056660933
10106.07935185326    11431.979734351673   1         47.29157855162945
-4528.310815310133   -4263.060174449084   1         0.9977144268673609
-7683.109009395635   5137.699570807104    1         0.7813847331503181
6202.191120072163    -8930.323321117468   1         28.384683422621954
2324.376804744508    8190.268006921978    1         1.1943639633600704
9050.90483136098     -3121.4907252565044  1         0.5850772035186064
