trucks_count 2
drones_count 3
customers 22
depot 0.0 0.0
Coordinate X         Coordinate Y         Dronable Demand
4044.818895871826    -576.6010640190439   1         0.10025881644495609
-1650.20933746826    -2874.772136079639   1         0.5397744814683076
3531.6618243417734   1105.6417673280882   1         0.3421807746389135
-4206.407905261161   -507.69323040654217  1         0.44291069732171795
-5227.374095298604   1928.5346522796071   1         0.4908037273721054
1700.077638422332    -1077.319322199985   1         6.049480135032923
-1886.434914074946   3340.970531647288    1         16.105221648558107
-5199.5678021641315  3554.6791194096504   1         4.022491345580508
4391.250239137104    -2033.9361940304793  1         40.68454677793954
276.3532216764       -5282.315694140374   1         0.10773678493512003
55.626412823602266   -4805.921942158217   1         37.68503902717166
-3409.0174210569357  1592.8751937134023   1         0.15526408187366308
953.3548867390609    -4646.891067931416   1         0.36539520279554427
4990.021937996757    4859.959785320624    1         34.60532152003253
-4715.66734863261    5225.5879101288      1         0.5484403484004887
1537.4725491574532   4912.816816346919    1         21.49863014702341
2567.8336511377793   1547.7998918855      1         0.6067202508481507
3258.476173948635    4098.444531288684    1         0.40609336130471485
-4731.528953391372   -2489.6784728741786  1         0.5326210300539818
3015.49764036992     -3619.6748027428202  1         29.996153748921977
2994.151832844427    4172.609124546643    1         0.7719090487330703
3196.8874555578077   4070.75408655538     1         1.1646915015727406
