trucks_count 4
drones_count 3
customers 54
depot 0.0 0.0
Coordinate X         Coordinate Y         Dronable Demand
-165.99309451170893  5464.96754022219     1         0.7613527307256003
7607.57269342921     -2827.4431285783626  1         0.959934497024693
8003.635276011078    2887.4729088052154   1         40.36531621750793
-8243.926998797884   -1437.390749012291   1         22.57483945696268
7792.953042910844    3140.3212120537096   1         27.843908023386206
7354.820398475893    2924.451165696784    1         42.409762074552404
-3263.474477201304   809.3482341826544    1         0.5748350710674155
-7789.730325853259   1471.8184003139424   1         0.22157846079393717
-6227.083259669839   -144.12820794835534  1         6.689261269411366
7835.289025651721    -2970.0465599805625  1         0.6620631772638929
-7781.350030998494   1208.6898429900036   1         0.8794510759903285
-5887.03904744349    4342.530605230817    1         0.34888796789878973
5341.775668442096    -5508.6545991661205  1         0.8241436342570848
-7394.92915547851    5230.0915854431005   1         0.19763925850122122
6757.416764675817    6008.2274207505925   1         0.7336250451690506
-6217.689880039794   1350.3136571226946   1         22.556509203052336
-7235.107375745483   2483.390188506112    1         0.483965096378115
6900.861401088979    1360.4246185091254   1         0.6131593047577738
653.6483617503578    7864.799832879202    1         0.6835787724869299
2791.458847819715    4578.325995567419    1         0.4261769113355669
3604.7811509422313   -409.8987352688578   1         0.48641139231636077
4266.645516654176    3688.1293586388056   1         0.6930355759035548
2004.3103307890342   -2007.1667949664916  1         24.84166003284114
6277.727227105589    -430.70668576483     1         1.085196975342954
4576.8323842291375   2571.4081641469406   1         44.972637772709064
5501.373662631148    4096.208824205575    1         11.462569730724345
7414.534196028224    -3702.949837193541   1         0.9006174600508599
-3168.9583466251665  -1176.6538918244698  1         0.21197592469961546
-604.5775781258984   355.437330625837     1         0.9811754945701116
-1357.0052102741313  2964.5492529457197   1         0.30975849572648084
-5385.5777917024225  1427.9779120215444   1         0.6100442647731117
-1343.0891210402046  -8118.887020044671   1         0.3037352773026295
6773.758523547473    -5768.526394142784   1         0.3391889060766351
1418.6846182455831   -2871.7662109571065  1         25.73425422236315
6141.888130311689    -7399.085398021686   1         0.5994566038115602
6904.748010823678    2271.1522896446368   1         27.54441457098634
-2597.935882922982   -4190.779548628512   1         0.19287839451327604
6956.130074343948    5086.015059507729    1         1.805929650910276
-5008.033858414023   -1019.7673413668225  1         0.20876514757820352
-2462.375420778365   8053.53962184193     1         0.7438144167938522
-4282.013325458677   4175.694434058912    1         0.935563872211677
2046.2777797821782   848.9526298127613    1         0.20336373728136692
2590.8523640305066   54.41092181507156    1         0.16503364352295516
6282.657971464784    2537.6623701682397   1         3.455659637555062
7852.844142654211    -953.3181221732369   1         0.25994499028165474
4499.169761014312    -7276.329622210206   1         0.5219644321427503
-2007.3256270678178  6835.372315245575    1         48.003365659303036
7236.979848199188    4713.643462269405    1         8.075535896116014
-2606.985223280265   -1932.929414970014   1         0.24485654881073346
2465.112503516131    -5702.956245140173   1         39.6141289467267
2146.6363561706253   702.3622170713986    1         0.6830100722020512
4828.8417669213695   8111.499234981157    1         0.16177947538032766
2660.70860705346     8380.907817407819    1         1.072955626497187
-2402.3818046913043  -1512.4394528472665  1         0.3131002217323521
