trucks_count 3
drones_count 4
customers 66
depot 0.0 0.0
Coordinate X         Coordinate Y         Dronable Demand
-1272.4494952569294  2669.279617935277    1         1.2146776574526355
-1022.1684420006776  7086.905141982884    1         1.031089513741263
-7937.84607277819    2971.8186078804506   1         4.985579210176418
695.7994910874035    -3895.18736119928    1         0.6096924693553051
1888.7198365635204   -1453.1099723634159  1         0.16507943729197472
6748.758757684894    -6235.492039335069   1         1.077475707929356
6555.498350064554    -8493.191702666149   1         0.3527331159935222
1669.4305065942372   8356.061262322488    1         1.040719173183861
4349.438473282012    5624.608134731818    1         0.35584143816872005
3082.983252148196    -2116.2604286908872  1         0.6944353922236279
-3670.6727918983197  8021.990812818791    1         0.526380589538479
3510.8777758211477   16.70773505044896    1         0.13671194393944514
-4468.833462865528   -2622.4444942133473  1         17.35061412063039
-558.8077204639758   5700.713590236559    1         0.16703870428210754
-1510.2435688156404  3781.982859147926    1         0.5937817870415161
-4013.017715447546   -4900.759402911806   1         0.7624027292171331
9955.483772009255    3771.3041575016905   1         0.5479120245332895
-4291.70864415403    -9367.742527310598   1         0.5883673171285745
-4510.438432865257   -5468.804625564091   1         1.0381975201614686
871.7002329296639    -4522.2945878173805  1         0.3051445255503994
7529.5179562192825   138.38501940758522   1         44.823651955744275
-8625.137423516504   -1844.896192607448   1         0.15177441578058806
1351.7756495526826   -1559.1764330218602  1         0.31779126793935764
3687.5427046529867   -1281.1386900176688  1         17.99629484025747
1254.0190356775884   4817.031844032063    1         0.8087009175451927
1096.4286479166149   -9001.274445785288   1         0.643575703702986
-1325.6407576688107  -10215.162388920506  1         16.540734475147154
-2361.1625882262665  8146.607474828968    1         9.433016384714906
-5829.444039918743   -2562.874192728355   1         0.9088602981286484
9280.760923314223    3312.2726012950084   1         0.2811400720694745
5927.818679238555    4312.082822911323    1         0.6517435153306784
8287.080947338274    -2985.4991625157004  1         1.2042544188686688
1637.6440777362423   5025.969464709076    1         0.4434295265693826
9517.597247196705    -2896.955516739181   1         0.8798512233253201
-1335.4410444122282  -2681.8487602144187  1         0.7729111898761861
-5312.687462778741   2472.9012259917695   1         1.061334056407358
-4506.642776750198   -7396.833009796144   1         0.6889337179502983
996.0157372331824    6832.067050798305    1         1.1129279109326695
-3606.6284209069286  -5635.945135112911   1         1.0129599635541164
7497.943229858388    7486.564909851096    1         0.7058989208240475
-2408.562436730297   2047.8087832510826   1         4.936686655325561
3456.5509202507224   -5476.386565592308   1         0.753245588416683
5237.220570806787    7449.470858516332    1         0.8236690682143938
-7314.964275122672   1018.0477334303396   1         34.35681585684147
2224.5031804514033   -6184.462430955821   1         1.0097926768191696
-555.1977522330291   -8088.493083020557   1         0.7560319793218349
-329.56726559174075  8116.352128943426    1         39.1014975692667
-4329.56616107033    -1853.1452345523996  1         0.9293513452698651
-3748.721931690858   5995.837587421051    1         0.35194039947706934
-7579.5131934712135  6139.5763079413355   1         0.5896619923559825
-6818.870953057588   8664.633824218781    1         0.4686043014258384
2133.00991876141     8990.053527848122    1         1.0623766487819337
9435.020515087068    -4569.039640399602   1         29.25557032390135
7389.843850347718    -6113.31571427558    1         0.4727688587712725
-10346.015558984333  5732.125591906488    1         36.47057193961864
4108.836628963464    -1829.678268176093   1         0.9012878070959479
-1890.8223204019569  -61.25916217427857   1         3.3238178374093215
6254.753652574003    -1074.774823134521   1         0.5924544150091728
-8313.431335202413   -5847.565645837135   1         0.5375559591023579
-6691.698535343117   -655.611260052622    1         0.7479484579748759
9672.489639056495    1998.0932010741303   1         1.1020127722962174
1699.414935843847    8058.87404788189     1         0.8668441601804059
1854.5854311929554   -1054.630032472871   1         0.6072819107914836
5024.673684308175    8142.097131992462    1         0.7872027233860973
-1812.1103505066985  3171.1601395771213   1         0.22097534990597767
-2164.6440197226175  9654.819759437605    1         31.85809779393301
