trucks_count 5
drones_count 3
customers 44
depot 0.0 0.0
Coordinate X         Coordinate Y         Dronable Demand
-2558.460429239426   -4291.422283693603   1         27.14228012724075
5923.900998342505    3520.1679304793147   1         0.39951973385632455
806.684128695686     -474.77451012914844  1         41.555333488353526
-5516.763616915034   -3705.831915997011   1         0.43371080296493303
3931.1662080590468   -3569.8607628801565  1         1.1091623576103875
5963.154548859169    340.96608200112587   1         1.0609008454149724
-2293.1011775974684  1468.8479482589291   1         30.18005930777839
-1643.567593780669   3373.8928949550295   1         0.43823215766425483
-1881.2039537274743  5137.333827014864    1         0.6294484696369953
-3984.5492572857625  2968.6315222598187   1         16.87889278543686
-948.4164914609      -5533.992730581906   1         1.0218162133680184
306.7188419554627    4046.481934149251    1         1.0057610178698715
-3357.984025518137   -5542.834747480799   1         0.4104923649280391
5150.44938983395     836.2090794677194    1         0.7978200791196357
-3177.6761083114043  -109.844795161131    1         1.2057638280518543
3016.9007853926955   5623.911163007101    1         39.296260887337404
-5531.562251632667   2910.4855446274323   1         0.47840888469775533
-5594.6660576829745  -2707.1304276049295  1         1.1179970899967602
-5637.775607465646   1672.4039185272534   1         1.0972210904538267
763.1692448463275    1510.2215987135369   1         0.8818695464802154
3875.1268719005234   3658.3403323409148   1         1.0491728787110544
5112.117237700458    3261.348088411723    1         42.33647012483285
-3594.503277734183   2116.61156529855     1         0.8612226918284486
-6054.931083521114   -183.16345750486843  1         1.1260056376083152
-4033.092472287835   -443.88463110704146  1         0.3770245970008037
1543.115742970236    2.8463096669890455   1         1.0976654461623836
6496.2435760390545   -1853.6964442903272  1         0.9947435822582502
-883.0240484100595   6199.274633162682    1         1.1086675563638015
-853.0442435049343   1305.0757424592039   1         0.3891658817354636
5243.691021606379    -4391.262118646418   1         0.23249810964610781
2183.7187297132486   3038.8386666309807   1         1.0069220044168679
97.5354356804021     4561.700487563843    1         0.825481767674025
4254.441241942162    2591.3220133140235   1         28.1146126785533
-5241.23871097589    -2699.3210316666127  1         1.1529688366918662
6353.872212972558    4215.150890425896    1         21.94160862428861
-702.0838882474101   -2377.582410371445   1         14.212359523934927
-1943.0197797317962  -4830.767783577648   1         0.22181069212643872
-1898.776668567092   -2148.1385261739997  1         0.6092523096013103
-2091.124237894433   -3494.3087632516094  1         1.0402646164926994
6240.972481159588    -4979.525453586913   1         0.110231520923177
-1608.2371706402591  -3645.031352051271   1         0.45232277632887485
-4045.153245050504   -3184.2379791308936  1         23.908884632148535
-4821.920294456382   -677.9392140751994   1         0.8358577951241623
933.2691127302645    -2620.4788938482047  1         6.232483267650969
