trucks_count 3
drones_count 2
customers 32
depot 0.0 0.0
Coordinate X         Coordinate Y         Dronable Demand
-1185.9929870679966  -4357.798724264877   1         38.507259705797004
5838.589775254507    -5302.275561975554   1         12.440704251258198
-4998.874651563616   7095.452889942664    1         0.714944315658814
386.02860438087924   3444.302784958204    1         0.1073674070699872
890.7300799676184    -758.3885563856155   1         0.24274857740922803
5335.9376083330835   -3522.9075373149294  1         0.8684146743249241
-1262.9202601435945  -5101.615820741485   1         0.9304106040882383
96.19549090109419    -1268.582690537268   1         0.8174684743380791
-5581.380287329422   -5169.4513293933105  1         1.2281915958426801
3493.874874104509    4457.714560655383    1         0.9191310806308799
4128.809490129768    -1522.5269435394064  1         0.43114278431637987
2315.4200712269035   -1799.425570113856   1         20.504190459346894
-1722.6352546247208  -5295.599114198047   1         0.3068223806940229
179.9652630547613    6145.850233701188    1         1.2214916011096741
-6764.21485186368    -5584.1780839780995  1         1.206918660587968
-283.7394506849472   -2159.3455062697412  1         0.7576809618964713
-2546.540282156725   2031.7328538786783   1         0.13306565023725056
-6759.964903755639   5847.119539959407    1         44.140615779179356
-4010.2372585362064  -5455.928817302456   1         1.1320906819080325
-1107.7312162567762  -1210.3235248460783  1         0.9270400197369987
-3485.4694890399     -6470.823746725922   1         39.15641062137468
3284.0989848741096   3396.56897335145     1         33.252860736698864
-3060.243264721027   4684.588227756829    1         0.4274913610216825
3564.3524254989643   -1692.2060167144373  1         0.5485333155149441
-4722.182383881768   3295.0973969624133   1         0.37353787986774767
-5078.509819850081   -3655.626598227597   1         1.1974464291226676
4994.067128027965    6265.433598262578    1         14.614360956451314
-7197.446209279649   -1952.0051625214137  1         0.40279910603260516
4225.127606123783    3918.017255369489    1         42.81511014447519
-3108.727187272002   -3761.2293599261043  1         0.8366310470251936
403.50451364025935   3753.4784136576445   1         0.4918351155412838
-48.19692651188453   5688.1866294897345   1         0.5554973203376917
