trucks_count 3
drones_count 3
customers 20
depot 0.0 0.0
Coordinate X         Coordinate Y         Dronable Demand
-747.0962082237967   -5202.352194335531   1         0.6468382126630299
5070.310064602418    1126.164602383525    1         1.175254471534574
3551.741161574593    -5208.009422260695   1         0.49424370771957804
838.3468204417807    2571.007762286338    1         0.899460497755943
-281.23822222453686  3396.9631585010625   1         0.4379065503367918
-940.1334110495225   -237.95733786040185  1         1.1620361957613774
-5010.038938359206   -3817.0306846402573  1         34.706137187840355
1643.5795417903714   -18.455238777611456  1         37.06113927315266
5128.938482771061    -3469.597795248263   1         0.7768565502336368
410.259047600518     -2622.9568732734606  1         0.9679530769054733
3637.643913054282    -605.4496751539936   1         0.5676290571363124
-1940.4488309640142  -1904.2925927220517  1         41.96310725144576
-786.5479547286734   -65.87933860633395   1         0.618690784366869
4603.822410121527    -419.39876954596366  1         0.6323359414784722
-4352.626744337937   -3327.04223730931    1         34.25666604711876
5001.916089898644    -1224.7358802145611  1         0.7594130862572444
1194.4498628693198   -3569.944803114814   1         0.3743022897945488
5431.817688299796    -1567.4546128513357  1         0.761530826892418
1857.37047226599     3624.7293473546647   1         0.858721372356945
-3963.8888441238687  2336.2244253890367   1         0.1235888377126403
