trucks_count 6
drones_count 6
customers 94
depot 0.0 0.0
Coordinate X         Coordinate Y         Dronable Demand
-8495.442142260148   -4990.224765652011   1         0.7758968836464196
1637.9350781817375   -11122.340031598515  1         0.7576596651833367
2457.9960103421577   -1049.3285402565787  1         0.8413455538942062
4193.453719617231    1403.4275601637814   1         0.4956539090769744
-4912.787030665168   3575.645328290649    1         0.8465215937015245
-6599.975107874134   -2119.8109308031235  1         1.0164549364358693
7846.345358039446    -3291.013461774697   1         0.9798204173133767
2310.006422294493    198.72680803332514   1         0.5298743571717186
-4912.586875460551   5274.603428018032    1         1.2023562190083408
10613.123845036567   1938.12569827522     1         1.24653767101963
3013.551880070771    980.6228197053924    1         0.6794040343329621
-1031.1335404835554  -5518.186677803245   1         1.1753597636153514
-1908.3575286091557  8564.144023633533    1         0.5764755522554851
-4042.7929187810996  390.72090684961483   1         0.3867343124467554
-9412.25188740369    -2751.302422881872   1         0.12644480747409437
11667.761551707823   -5333.579211630375   1         47.492489571076284
6261.009511567361    -6412.631503053598   1         32.40878181581682
1016.7357350188367   -7383.367670120238   1         1.1939479666883819
-913.8725230020333   -3212.921728128691   1         0.79809434440522
8248.81283772558     2913.600441037384    1         1.0268780400652162
1971.1921564378463   -2542.8384626261704  1         1.226379075078713
2323.778565499444    -793.9625505410771   1         1.221510061041823
-6900.5779958843705  4810.875948601654    1         1.105944980487399
2891.7302978238545   7643.709912132846    1         0.14823613134030722
2184.3705473295613   1672.9206942290275   1         0.2454356633171283
3654.121091455414    -7402.152624348615   1         0.6614726308060126
7356.890901206365    -1995.2626115897074  1         1.2434672003352474
-13044.24374827144   12422.142769668582   1         1.2076589879785171
13700.6622312111     -5363.231186326293   1         0.7913133003038726
-3580.69104803775    -2948.0158194651335  1         0.4995625496601136
4431.7595129582      1634.2040844919093   1         0.9996677971695583
-7614.173099169782   -11321.353439350041  1         0.1824898059046207
6787.731319946327    -4911.041467034729   1         0.8733337580119245
68.58807055182115    -3963.0771142374942  1         0.8705250575418959
6568.655699216409    -5081.060713120135   1         0.9672376761438971
-2943.591778584742   8440.876371022852    1         1.0968480504471545
7196.409880008448    4645.622408262095    1         15.426986121193256
3634.1644154086057   1151.8372274657359   1         0.18355052510349226
4107.769691211777    1860.9643525052022   1         0.2896935302734889
6094.734628898827    5922.331898333858    1         41.46200946935501
-6173.124176526234   -6134.1961546831535  1         0.566994188153213
-1751.2017843005656  -7421.910118181531   1         0.982330231790109
2211.323769374147    5266.460033677774    1         0.6271175304968857
-5595.846368250553   3749.417197787897    1         31.688700903335302
-8583.879842654378   -2827.8999921404334  1         0.36959164651304033
753.4566837657375    -5764.142545544509   1         36.498279190215975
-3429.398563531857   11922.520696691998   1         0.46880884196836325
3028.535047525071    -2131.7631043889646  1         27.206346707053594
-9857.573606917038   -4792.268982341206   1         0.3556962706614847
5088.509099237509    6134.896863055811    1         0.6037164962651344
1660.6098257725987   -2198.492684900135   1         1.2300252706091404
5545.430880446119    2329.488689418262    1         0.26921738660037664
-6062.468508271785   -8083.5735221701725  1         0.8270610762056985
3388.1553983412145   -9167.40432608213    1         47.13046024482358
-7000.954467552279   -4127.227370784798   1         0.8407155566751964
3566.494827766577    756.7774173027524    1         1.0056935714714494
4698.964653908767    6608.025614187773    1         0.7542790792259334
3308.0384475360593   -7369.499571458883   1         45.6679933807022
7491.9806190207855   6476.011431102232    1         1.249911146272203
-3984.8807993344517  9982.741698518417    1         0.538958590398183
-976.6358080798939   9992.155462881248    1         1.1107566655185706
2792.825705394781    8847.71210777024     1         0.18927838545734044
3765.4129494925005   -7826.524106479186   1         0.7374663924624242
4573.32074543928     8596.23163839323     1         0.4300302950327497
1616.9525294861269   -9765.820919676162   1         1.0445939098276633
11557.817556845173   -4327.9864152785085  1         19.016024270797647
10332.175352395809   1784.0556751680697   1         42.52053001400633
-3727.081778850056   -2372.5602258450626  1         10.05570734942985
1794.1601302855788   -4630.5032057226545  1         0.5783663068668075
-740.5559829538961   8936.222215938109    1         5.006218377371264
-6179.563141058244   1340.7606295081794   1         1.1469669441362875
-1551.1367594337162  -3864.442158958503   1         0.879696945741755
-10252.87484572023   662.8774312049278    1         0.5638354915347319
2743.735959820375    -3151.640104311062   1         0.7655469301547767
-8154.4165379937085  -2946.2428793647887  1         1.0141037535974864
6904.738717535729    -1413.390307859863   1         1.2129125707912085
-9155.024682588099   1752.6736247097506   1         1.0099091880332516
-7122.061178901469   7503.392586494467    1         37.341186376189334
-8620.4585260723     3909.135514363753    1         0.43238415345799264
-8224.172834517909   7143.629434759041    1         0.6531182088319213
6191.5645090321095   -7038.952735804971   1         1.0998918595483296
-2463.948097925007   7875.4376516852835   1         0.36795268492742017
1978.2945876849922   1141.1008791554539   1         0.2854542716390926
-7972.208341855096   -7235.7075753368135  1         0.8035259315693822
5735.889421308504    8923.80182392344     1         30.16652700374549
2140.399423106464    -8518.48565989547    1         0.5189139787829438
-10127.493234553236  1549.7051219893347   1         0.1623591391500533
2729.79988071735     3085.6196654177184   1         0.41250396758057906
12971.785434743597   3638.941402633249    1         0.870420029232618
4891.602322620627    -2457.4914660653794  1         8.125027166999537
808.0845209027707    -1695.0185785791664  1         0.9556223319520875
-184.77603755755567  4364.443386649735    1         39.49357130931388
8613.970986189588    -5016.039783073574   1         14.139293732555613
-3545.06331838609    -613.1010674976877   1         0.3961555798016402
