trucks_count 5
drones_count 5
customers 47
depot 0.0 0.0
Coordinate X         Coordinate Y         Dronable Demand
7882.22018916659     -2685.3919273432907  1         0.7255852771634237
-13319.621238719203  14655.012701267951   1         21.2619344714841
-9551.627538845756   1473.7412572118474   1         0.34170550552961754
14795.57621322825    15442.725673359648   1         0.1588391929613276
-4848.887848059447   -15910.578949491866  1         0.36546708907374237
-3611.433930663695   890.5435922351745    1         0.17964501440345115
10216.931194040251   -9378.852902961175   1         39.02906597686864
-5062.8282697        -960.073753605637    1         0.9559784638216293
-4107.435377954951   -8187.215896196946   1         0.5168537217048024
3016.3859380630774   -1539.6828254222003  1         0.3405166088671364
12728.513958386091   962.883282543884     1         28.690649662573858
6553.50959577255     9383.563461692265    1         10.6559072187494
8826.877593914538    -8719.841293672413   1         2.9793242220195415
8606.145487062322    -2052.1717328031614  1         0.1700965738538935
2731.4573969765243   -8271.575096052467   1         0.6300119527065109
10020.28622812503    -4179.328742846306   1         1.0175213151873672
13208.131448644774   -11436.851948499512  1         4.709562395619795
1986.6466648077585   12432.86261673419    1         19.048111005760894
-10014.230046995286  -4220.698174001879   1         0.8881341456906545
-8114.125594061776   -922.8289764929111   1         0.6080125484041545
-9845.03477292326    -2842.3036141026414  1         0.5453153922310596
2939.2205387298163   9072.498629064163    1         17.770914352300327
-5275.988644201869   -5647.823733775535   1         0.36610851738841277
-2154.110003470497   -3917.53334845129    1         12.015403405091483
-1416.8712534424335  -5005.122796295508   1         0.5635689683517001
-9232.65079205821    1306.4739804556275   1         43.60935894674009
-519.4144945135756   -10595.211643632625  1         0.1335593192723656
191.19590362304595   2455.410189233714    1         0.33459699333489257
4947.642086579866    812.3879378280559    1         46.363051054690764
-5609.508427327916   5329.973867709927    1         0.6487948532481381
-7752.102430078289   -1629.742682435557   1         1.0463506392559045
3267.5244797923106   7517.565615014529    1         0.6594607815546395
4681.458776219775    7525.177600380253    1         5.947391783153826
-8546.974819954892   5683.673726301607    1         0.5897109750516898
3667.4386063978095   -2533.5722554088716  1         0.7951247980900146
-2702.478065619264   -4439.894446472888   1         1.0916094565226278
-6814.286226824622   -2680.6893676938257  1         0.28801891128987617
-6894.189259603262   -1035.8120178907307  1         0.4229326027913176
-7532.319843999948   5655.050736368216    1         26.790162189091955
3096.217143776377    -4505.982963277483   1         0.29214611361492915
-2130.86208801123    10385.124482070365   1         0.6049825349511798
-2905.1070343160136  9007.810928333784    1         0.6080850954566771
-165.81408941788177  -1614.91131195933    1         0.8727340712678039
-4706.194953314869   5795.1314343399235   1         0.7559145963925713
-900.1196762733067   1587.1660063087634   1         0.17983534651965555
-4759.465446633449   -693.8907622572046   1         0.518799939227026
2471.4711590477564   7505.036340865382    1         0.26423711313076115
