trucks_count 5
drones_count 4
customers 53
depot 0.0 0.0
Coordinate X         Coordinate Y         Dronable Demand
2426.143617214397    2486.21195090963     1         1.9194807292042473
-1497.0974451497439  -1989.137458692324   1         0.9467491751281893
1048.6141782664415   2658.553347438774    1         1.014533984920132
5474.4169387937      -2808.15688058817    1         14.654917220662682
-5416.646340289979   -1040.4026097980732  1         0.3967774575967107
-3797.4833406918874  2928.424270748938    1         0.7644353251619433
1919.8799080836307   3977.249887877266    1         0.2680567969405855
4673.260511557097    -3866.6767499686166  1         0.9395793950913884
-2779.6907025975306  -5803.1495183485695  1         0.8342955526264849
301.4959644585526    -5288.392013787096   1         0.5283366301381701
3169.1459706718506   -4254.141004852268   1         28.08547629567224
5143.424882202221    -1171.8553614767725  1         1.1216091597182374
-889.4059172657253   2033.781151502987    1         0.17850600489580706
4403.251879252066    -5007.042673664365   1         0.3031061550071942
537.9544931962126    4363.600603057008    1         1.1375367543198305
-267.74729128684805  2217.491081836436    1         0.9357742494050707
2704.97282422763     1385.5466486609198   1         1.1685231233321187
279.8519145034705    -523.8362871035617   1         1.160053976360089
-4438.733266084436   2623.192348735848    1         32.522414235489244
553.5493364904394    249.76533297698393   1         0.7901989473844876
-5271.542517694958   -409.41809004528204  1         0.8473933329131391
1396.3644533333083   -5217.807119380328   1         1.1350688225106789
-4028.6329162148395  700.1671890741227    1         10.905159292896673
1914.3338506205914   -1651.2843473182652  1         0.8499586134043391
-5957.499595134928   -3291.080655569216   1         21.76254768326942
1126.807878760802    -5126.746591834518   1         0.416405362772161
326.87735790613044   5579.029466958184    1         0.6241475252355189
3792.040602579196    -572.0224789189547   1         1.0325675097895874
2706.1135321636043   -4992.213205107896   1         0.45961689485131085
1280.5980132003797   5435.476649610528    1         25.701405282135426
-1151.5332328601492  -2988.3509229325887  1         1.1512022419960353
-1475.9911236490675  228.9685539767543    1         0.6461864410770345
-3209.2853767604074  3380.503165249395    1         0.818446037227418
-982.2394487071697   5135.305489627639    1         0.1488777565614773
-2660.7692360873307  1783.6305218889997   1         28.583012078122884
2061.9064825444707   2054.1733454525847   1         0.8941179498056241
-1312.2688993892505  -4655.483551522508   1         0.5844011448280128
-2877.851267251308   -5899.486948597555   1         0.5570006001684329
5371.254373307263    4309.633414128874    1         0.15427323066724336
95.96502860009979    1890.6390990425489   1         21.22730957767215
-4949.18561686134    -1392.830515233791   1         0.737804452173266
-3454.803739617536   -1258.5428680442294  1         1.1779274821138184
5788.167320237762    -1046.904639764816   1         18.02500477310147
4867.91116577805     -939.418973214435    1         0.20623525594243866
-2694.3280882979147  -4443.602186343238   1         0.3590796870882961
-2280.6177257630807  -4995.585452618747   1         12.038450187220938
3960.0661078260055   -2268.036491580401   1         0.7582712820371786
-5639.069757650269   -1005.088619752845   1         0.8041003316473243
-3677.3029040672445  1608.2514916352009   1         0.5551123831776381
-716.4029617645671   3180.8934220313276   1         0.3048507288792684
-4415.592565722773   -4558.579158700521   1         41.75050369223994
4006.230684432836    -4222.182040644884   1         0.6464032575400508
1173.9997344396488   2868.3734317753187   1         0.7370240097934673
