trucks_count 4
drones_count 5
customers 100
depot 0.0 0.0
Coordinate X         Coordinate Y         Dronable Demand
5198.737315338237    7835.842159789287    1         36.29697543360765
-510.3737409607147   -14130.09154337608   1         45.512014524386295
-609.739360918554    -6512.807618180011   1         0.4414341199438776
-3986.2172677158587  1752.552138756877    1         0.35623053461746557
-12261.492878597579  2200.6083322535433   1         36.80107781874933
-4848.4501313965375  2430.326301714235    1         0.3254859823858369
-3398.0570873986107  5961.977229180415    1         1.0357806121358575
8224.647315449434    -4653.41860953972    1         0.18936708677654784
3046.4046031973794   -2990.938781074754   1         1.0995145693651454
1582.4013209350505   7593.323827417234    1         13.716978837196201
-4817.162051921387   7966.078971116574    1         46.31530661176721
1039.7361215025758   -3000.76714325228    1         0.13530434014551349
-3928.933146903488   7402.1840382849905   1         0.7353044377289507
-31.160219800502755  -9007.507596313433   1         0.7995525648093101
-8000.118146534041   4947.405203745104    1         0.16377514624263514
-4983.457272592679   1234.5328244534908   1         33.83044418063942
-6896.181308795797   -10546.7625012161    1         19.048085309856344
12571.62417585825    6114.230205020629    1         0.6569200915208603
-896.1593499897022   -3288.1824137773438  1         1.2132221996252002
423.97292402298626   9186.19955263334     1         0.6465786033011841
-1968.9080186305398  4271.8342820230655   1         1.106976286981526
1111.097475258948    6603.141088086249    1         1.1578229289418638
5273.144300087011    -4562.729404756043   1         0.366938995749019
-1486.7469638665896  10285.596750863695   1         0.31782744149867465
1966.2458687510216   8912.685090527317    1         1.0311843671146608
8511.43278753566     10384.302947269984   1         0.7692388550739724
1825.5888652711944   -3078.5657412347605  1         0.8268934627633342
6626.965481377709    2408.021292189427    1         0.24892209804371845
-7252.664219691925   -3979.8874460044026  1         1.116643730106538
6042.822672466782    -1655.3280733171923  1         0.21818760335347548
751.6354312212865    902.7887804319522    1         0.4191149348717871
-8674.114844853668   922.9645994560316    1         1.221729058803084
977.5327939755823    5297.146346094118    1         2.5406662906488515
-1680.2157216330895  10548.357591889471   1         1.1917949830119667
-2882.867215836607   -7943.809639655909   1         25.529663947659568
4350.157939140092    -2359.7812826237046  1         0.4635112441013227
-2363.2750694994866  8539.177956641955    1         0.8139509882622722
-6077.57419813303    6277.738536770226    1         0.3607691892865659
1384.3192598763492   10299.318692598123   1         0.3567924164923655
-5904.789437289931   221.58685209369827   1         32.26802194204103
-9591.384857252973   -4956.517364791789   1         0.8025613707222108
2815.287544769957    2096.8183221665076   1         0.8584931860061759
6971.873356476817    -7720.809061024359   1         1.2025542469541137
-3875.7877649038655  -1908.1334903073891  1         0.8759614165364472
338.3830571036506    -7766.97612331025    1         0.6744910758886474
1926.8809724338112   -5675.837020107955   1         0.8432967603542023
-1478.5905059103331  1801.815585162142    1         0.8679200041122321
4331.2521891375345   8427.582725731043    1         1.021803596094057
-7203.405576737932   -6337.709571151955   1         0.9172903070319012
-669.3758815256177   -8468.930879959571   1         0.6636014397403788
-13253.017100558118  -9771.860843950824   1         5.924696083839223
3221.5172848609      -217.92407052604094  1         0.8025517420177741
-673.7274073443068   -9080.72256143356    1         0.2807545028918884
-1633.9059995473326  8602.899363674647    1         0.8835260539523092
-8687.685870623469   1832.5343663197962   1         0.8784919021438947
-646.5136078197348   -10413.000752329943  1         0.42111718409445587
-7919.56586614931    -999.0623417539152   1         41.346700609892046
5551.89290513379     -216.91425695151915  1         0.5573302963025925
-8735.67381415582    2952.035803942273    1         0.6243657899084
10001.296666986107   -3026.509206062914   1         36.0726425573712
6412.346051952029    -5971.309175852356   1         0.14584865106955447
5528.655465084559    -13899.972463277329  1         20.642960766330596
5314.154399074754    -11108.992390838333  1         0.8579032068052937
5010.315860939805    -14.910622700080642  1         1.182232203857083
-6263.4523382474035  -900.6294695718116   1         1.0034893687962962
611.2878424054959    5068.74178693647     1         0.17798134396126308
2054.802875882287    326.0589415885071    1         1.1054278113555167
152.0106574349081    7159.689357445177    1         24.1909789424394
5216.6234316104765   5478.990412639541    1         1.19953714811479
-6739.886239178902   -1967.4439524580598  1         0.44739986664911024
-6971.823732191696   44.592170087528736   1         22.460533429205817
1003.0286251785739   4323.90660451568     1         0.16265495133253485
6892.776606761936    -9099.777688193895   1         6.818332791934567
-7166.752715118219   189.17514235085076   1         1.1556856336194623
2123.5396849894764   -6912.136445641718   1         0.49859851431763524
-7584.560308002585   7403.572987031347    1         0.8928912244888036
1783.7508259829558   1364.2822956156033   1         31.23373169516997
-3023.9626265118286  800.5229538554092    1         12.411268635383296
2763.0624241499927   -10115.14258264994   1         1.037200562344108
770.8845445598485    560.6305171210236    1         0.6049058200451513
3583.852661271053    2714.205100693178    1         1.0927734954239827
10121.2562986257     -785.6188692441885   1         13.000519022366284
3692.748356721482    -14557.13597624162   1         1.10016767762774
3550.235928170472    9140.512797674995    1         42.97257606389037
165.3227733427193    11343.967120951396   1         1.0405018672319064
1867.689602702546    3057.4172315777478   1         33.2462145708387
7904.816568411532    -3899.0035676789335  1         0.9663452730720004
-5304.655772453572   -3057.661716781886   1         0.6857780244206011
6737.155775184558    6679.8082447453835   1         0.9514496681231259
-9828.292052256998   2434.7801876867156   1         0.2386773196759297
-12832.346501879869  12312.802397791495   1         0.8990796343113269
-5658.099591593352   -662.0849444421925   1         0.1266991210102263
-1456.4635766138665  -2950.1544112131332  1         11.02834525813756
-6628.203129964422   -757.1455092594157   1         0.3237811416743548
-3864.7638458080983  -4271.420264167771   1         0.5145143402336368
8567.798428305532    9030.859834636436    1         8.242891430825038
1347.9065362910537   -1686.0546765735987  1         0.7451366349076005
988.9826286154199    10697.819850701513   1         24.093175007208874
3397.9729718453905   3945.227578249235    1         0.5016775131556883
241.56180535685598   -6987.904871381998   1         0.9850887787039785
