trucks_count 6
drones_count 5
customers 88
depot 0.0 0.0
Coordinate X         Coordinate Y         Dronable Demand
439.3697999619995    -9861.57475682327    1         18.031344730226984
-1105.0669560586823  -1744.175848290424   1         1.131770371774348
-5018.078046600757   8112.530139870843    1         40.50234728438748
-4462.064031199847   -7129.521409022667   1         0.46813957011718177
4358.977645934802    2041.5338011009565   1         44.831987818486546
5026.792176556497    -3204.147983144509   1         2.3761337667162596
1306.3136100942318   65.07604721023459    1         0.5187307324180639
-4027.0146054395314  3189.7651729795      1         0.7659099153357461
2117.796547421692    -4285.674573793716   1         0.2445661896873673
-3506.7004298040724  540.2580575600892    1         2.155358544153226
4925.643951505099    7199.8554712393225   1         8.107989576841586
-1458.630352294574   -350.7205943386369   1         0.4468114519838502
8111.227471375752    -8802.226193934766   1         46.13675524876367
6006.744022030415    -7238.406799136125   1         0.4284924358296258
6780.4735368349      4320.3671835787545   1         0.19301316057582957
-8416.213732166301   -1789.1044741049166  1         24.042827101464393
-10367.048711447653  3186.2917841313265   1         0.5863203214704968
-1790.728071345924   -433.2395669792767   1         0.7872891052998825
105.20909645504702   9306.20401265589     1         0.23408852632821817
13637.85116111069    -12825.388557608612  1         20.2220160871101
3764.5606218334137   6043.627727967617    1         0.7152221358528227
9481.313104688012    -4925.671155321036   1         0.8444969744798083
-7879.101474810217   -3384.936143053856   1         1.0501342680009715
-2226.0007911595526  883.1082318951018    1         0.859109874621306
8764.669829765247    -6013.939337194005   1         39.3596365039776
541.8772443524714    6046.1147663168385   1         0.4512713294984999
-6706.626667777337   5798.312364915656    1         0.9709609039883325
-6484.744858682515   2434.868336828202    1         0.4458087781454183
-727.2659656853477   -7023.972065961225   1         0.8897846846004224
-2858.6112298533076  4122.85592157085     1         0.4552714618622623
-8598.158842545732   3802.478934112014    1         0.3879919083710952
-6711.058361781496   11524.618445363865   1         1.17083066102412
4542.366292803096    -9408.566329885436   1         0.9092071593879436
-10086.731156840744  -3297.4040586021224  1         1.0732984384232733
1247.9121039581594   1408.399544471511    1         0.8062066518851647
1989.4408432175203   -9935.192058844563   1         0.13382005800199992
2745.392187190621    -9706.382002628747   1         1.0098253916912794
3980.2962062922074   9688.491982067093    1         0.5782690109366955
-7993.656521783396   -3320.4838739343     1         0.6533112003793397
-2705.4942497151096  9653.283338301522    1         0.7183275648864785
-4169.622715138227   -4652.670204012788   1         0.37554159988624103
2338.582386271573    -2822.985648301844   1         1.247238455458276
1202.9224319920686   10755.96671443129    1         0.8322421803258848
-377.6588684553436   -118.21834479228542  1         0.6232740547435759
-4517.6864196122615  1656.4853911048485   1         0.9210180785156677
-4495.264551815927   825.7341280774219    1         1.0190852327403777
-9714.431681395019   4154.332915435045    1         0.8380831812962691
540.5464700315631    7257.284101193423    1         0.31518197345833543
2310.5086175555225   7514.1964297486675   1         14.72181159874385
8594.705836882655    2570.352614552385    1         0.9852226244160114
-10594.373522629587  -394.9703475261994   1         0.7081560274257696
-1949.3120714489794  6751.519351293396    1         1.0710536987923673
8753.618926408388    1459.5108798517726   1         0.3799154290450506
4503.559382822825    870.5277888729993    1         0.7365066985147525
-7559.764974579444   5990.437399340541    1         0.5061944265464849
-5016.68945118241    -8828.932443396814   1         13.421356822168068
1510.6328423637108   5205.165023333715    1         0.7418097640486507
800.3998797643086    10449.18403866633    1         0.5341179478070832
-3743.187589106778   10107.25937255181    1         1.0865333959274655
-2774.4168150698924  -2164.9706869353217  1         0.4983987619792031
2918.5282583842372   -7643.025250053568   1         43.996274136786646
-4687.433490057682   -4258.279276889629   1         0.6770288330963276
-3375.02962726591    2198.972816048448    1         0.17138953375669608
-7260.905145279018   -3992.536526987639   1         1.1357456361266498
-9709.377964932031   3641.7200452943853   1         0.349937343968204
4446.711901045418    1241.9022092356927   1         0.5715100395781169
9066.74885608992     -5335.0519497461955  1         5.198009117662112
-2558.8516700883624  -5367.3203844537675  1         0.3852133073497267
742.1280920435056    914.2246472898021    1         7.699960032184647
655.7159738359805    -1970.4312069073585  1         0.10729684471974091
8133.258090878775    6707.392993766625    1         0.6737815156252013
4711.879171531986    -3825.610879451597   1         0.3124251467438113
6375.996545048069    13603.623520410716   1         0.6992150337575599
1267.930298901267    5027.518757071043    1         1.0532657393576421
7440.8245155659315   -4744.782213091495   1         1.055775410657276
7349.147691869752    4517.570068940902    1         0.642216196339384
2497.9163078925394   6042.289652635221    1         1.0032201488490389
-4059.09449307633    -9984.547982380749   1         0.13953024615643794
-889.7224157330072   -9952.864780045236   1         0.3198296601362666
3407.626117440472    8573.997865467942    1         0.3271037613248015
3276.251430835159    826.9116608067052    1         13.866502582658844
7621.899694247074    6149.41867294846     1         41.27946095424478
-8084.247514273288   4410.729377575227    1         0.2308575610165015
-2189.697801608821   -3886.6766461138486  1         25.573339675563464
6729.127755754707    3830.7784968084197   1         0.7859693525345771
244.44410469522816   -3092.3264483270864  1         0.2683048136997459
9600.741821027774    -2285.9313648748257  1         0.7109177027601526
-2246.7204943737065  -8679.429254610648   1         1.075898987482036
