trucks_count 4
drones_count 5
customers 73
depot 0.0 0.0
Coordinate X         Coordinate Y         Dronable Demand
3182.7372273762026   4625.666780715847    1         12.03413534954729
2999.8435782727483   -1037.2495916747346  1         1.0460519242297641
-2892.163168616841   7592.412346334433    1         1.0833523993679426
-5880.85784750986    -2872.6882844241204  1         0.7806550501698097
5823.194568922063    5466.529543540103    1         0.37001370044474047
-2745.4156120734788  -2386.542121546787   1         0.686550554364991
-5345.419195328333   2008.8704641870759   1         0.3727751806994428
-7374.1036792554     739.23826462333      1         0.2061010197515159
-6989.506928351622   57.90918657920727    1         0.37699202858138336
7914.2900339607595   -7347.7919281888435  1         0.6334666962035448
7796.5781580184375   -5985.412121420643   1         0.8641564682510173
-9.603662377054409   -2085.5909643320215  1         0.4272406079689116
1874.9634899171929   -716.8821593674385   1         0.5807316795799489
-4969.112667360052   -2283.689627025999   1         0.5617735790866148
489.7390529567783    4382.176523440106    1         9.662851833836369
3695.25973704382     2958.7007837717424   1         0.3285811039634691
-2540.0699374876385  -4689.746928897159   1         1.0258844772496936
-7976.97377193459    -3882.71803374641    1         1.2440472353006538
3701.069235153649    7369.508647949195    1         0.36971889093736365
-4305.026262611646   -7854.183806760291   1         1.2433492626634728
-6706.1186472337195  -2292.190861672101   1         0.4391876926112538
5080.315177773611    -2667.333952104056   1         0.5894142799327944
964.0780630563523    -1787.455415913192   1         0.6269679606319677
6309.237127807973    4731.631458018249    1         0.5376505555841954
2956.3105345931117   -3010.6129236030292  1         1.1620839857430498
-5082.9216749642865  4769.578316438404    1         0.8377810803624087
5301.028798845049    -5296.199305813208   1         0.9949432712840383
-3473.7134611698584  7345.55836593231     1         0.888564363134025
624.884737137214     8072.629168425208    1         0.2007089286408369
4463.834457152654    -1843.2237938912363  1         1.193398953810631
4600.375102635859    688.036692525255     1         44.750389934096034
7518.371910463991    -5610.451310081677   1         45.1034886723764
4357.806569209257    -2465.71292563852    1         0.779423392392154
294.00970757223763   1977.0008633675081   1         0.6121762984111876
349.101959047256     3805.0198980612154   1         0.12719042807048037
-1307.351138119013   -5602.316082598907   1         1.0161732825295122
744.7284385703866    -30.82902443146485   1         0.7232369110711401
-2825.962553725315   -3401.5597266855148  1         0.9919330571718523
-5137.170300851988   2542.45792666493     1         0.786254095873598
-1423.3808200545154  3596.581993142823    1         0.10712326687247126
-7712.183544518295   7229.9207124900095   1         0.39472820278094656
6095.789427220018    -2383.245005098107   1         0.30241111054861325
7851.134608457905    -6211.005389153397   1         13.335708860261297
-936.4906515126689   1830.2750709531072   1         0.2591385212376894
5110.263721658177    5796.4362369686905   1         0.5902230827803054
6725.892814777563    4851.489074928138    1         0.18720067072632768
-7635.03867538663    2247.267814316039    1         1.1164185666503719
-6459.598256633476   -3027.4926300342167  1         0.23498579114538626
4018.2232807945975   -7.428184436094401   1         1.2267016416962147
2875.040227464653    -2105.578709141265   1         1.0441373937727418
-4538.184843200345   -6598.498262704808   1         1.0266651785123497
-78.79834557913856   -1898.5079536614976  1         40.52983042720519
-1586.544285206446   4157.195352634417    1         0.4643803292950631
1380.3634445444973   4715.122183738201    1         1.1371401394143867
-4792.124414353127   -7553.328061062635   1         1.031750483365518
-4229.631877191874   929.8243141253552    1         0.4958149330186735
3304.7965518521028   -3914.437473834686   1         0.8066274853497384
3809.5681150060263   -1888.5390092472317  1         0.4168421029644873
6483.983660351314    3161.7303045418485   1         0.4538551853341718
-5021.990427355453   6226.143110843759    1         0.5117323907031729
1739.2240795657378   1042.0240360003      1         0.9677781887422509
5779.045637636704    -4372.674136310905   1         1.118047350197602
5762.965675776961    -5266.677126279296   1         19.154124199104913
2155.9503573260504   8067.526767826669    1         11.866462185498825
-3025.116716596213   -3822.5588621606903  1         0.7070177256165145
723.0388342237736    7940.802236065808    1         9.049497570087022
-2247.534709466966   -7760.809797889617   1         0.9618120632189938
-2678.469395578885   -1503.6962678416162  1         0.15199097882350726
1604.1189022644758   -6456.020336545564   1         0.4823146484764611
-6975.1622598464555  5928.877390308472    1         4.242084635140199
-7277.558649311868   7398.502671262012    1         0.8630880462139547
1167.4268586918818   -750.9759937195664   1         0.993252226069834
2097.203973054669    -7204.834719162153   1         0.5873722947201383
