trucks_count 5
drones_count 6
customers 88
depot 0.0 0.0
Coordinate X         Coordinate Y         Dronable Demand
4612.488616640044    -3254.8407263353383  1         7.503444410334741
4955.140946253953    -2383.926162750473   1         0.6336002894146501
4686.116563271366    2432.931904760918    1         0.3651350591685212
7935.779621619429    -3863.9161490649626  1         31.425950842480503
-1301.5891231396547  3846.5396994381836   1         0.40443613229738296
4259.853423792157    7953.998132904378    1         0.29701390212819834
3999.709245330876    7245.063044785465    1         4.639004893955002
659.9099532875722    -6532.16653375102    1         0.4517083973636272
3636.03082632346     2513.262348693893    1         0.7805909837644999
7546.23765011439     -338.2562309538107   1         0.4049326639882799
-2428.855581021815   2653.9085652497156   1         0.20500126193790502
-3228.8091196674404  -5661.246717354668   1         0.8131930876675802
293.060295112271     -5463.196461691132   1         30.675905515904887
3923.4158752426824   4234.609251376605    1         1.1533265725169088
-4137.2965171507385  7975.13283392307     1         0.7641827107899748
1895.5463416723933   -7758.665521818299   1         0.563375355317222
3104.855690291971    -1690.6977862935707  1         0.41182574352088397
4976.641452440463    416.6112296135017    1         0.34031730906507807
6168.409837330433    3613.6942316572627   1         0.7272335099047801
7682.466284671027    5524.572114267227    1         0.1364929187443203
-1729.7748474544962  3486.046561692313    1         0.2816222689553455
-3408.8214637636133  961.0536300189902    1         1.0228107412618337
5546.838578125701    3762.373279061812    1         0.9512314385328584
908.2974989707903    7510.410850802074    1         0.9648335742505331
2149.1270055403998   -890.8964300520919   1         0.8188191076665026
-3821.908653568449   5808.938483392948    1         1.141677549358409
-7155.5107779970585  847.4724347677161    1         0.5726010767704718
-6087.440814116705   7614.723303263277    1         1.2321294532699198
402.5668793756983    4421.182132367772    1         1.1125707632826185
-5253.752560319172   6888.1205713281615   1         1.0959861266872029
3675.3077579725723   -7954.865229741996   1         23.530366497832798
-7907.908310238501   881.4416770564909    1         10.467072422835258
-4176.28600940404    5731.153184633858    1         1.2061764516452296
4439.130207745122    -453.69574366461893  1         0.9345692700827073
3188.561641234947    -2715.2374072194452  1         0.3403823309014466
491.3218413566031    -1805.0985290352246  1         1.0469281693074164
591.7323999736793    -3038.6700603024683  1         0.6663320809454442
-8338.24008803987    -3035.3835531230056  1         0.7848209299212419
-8088.79378028984    -1068.1288955699765  1         0.5244311979384575
-1077.4395898292437  6563.653081957739    1         0.20865522284028126
-2430.1970049816655  -7754.283742363297   1         32.887185252553834
-1765.8739133242834  2384.7208584515524   1         0.4258386744188828
7219.27468860547     -3319.2455652672834  1         0.6804139011854292
-2110.6356198490357  -4549.889025505507   1         25.575374707249804
-4840.63494857191    -4149.654641867758   1         0.23345797043116018
-8430.56609133053    -2243.1485262011743  1         0.9490214016679525
-1642.3815651273962  -1795.30630780066    1         1.1191788679100096
6101.416498721805    7656.897580710491    1         30.663687390690633
47.17030025070345    4384.708337388093    1         0.19776416122912105
5495.7151440035395   -6141.282131157825   1         0.7764996405405181
-7248.92311496608    -1210.264510970004   1         1.0779830373116932
2174.5865438556903   -5606.431740853213   1         0.47718219959501595
-4209.9836525990295  -8496.961603810678   1         1.0497746261511347
-7877.720721352538   4007.0458177687606   1         0.251303875712394
-4180.317847100645   -1846.9276509670324  1         0.4931407841924046
1851.437372570083    6612.876935947928    1         0.6256496099894335
5049.834048698201    -5058.849426438292   1         15.936380796189047
4238.1997937289325   7611.023481833757    1         0.24822746086989753
-543.9768041495523   8276.634270751803    1         37.042504828865646
-5535.240584708416   -7199.443760407804   1         42.6454351277811
-8365.664048498884   912.5380964635627    1         0.40503799146770136
-311.0660165429514   4452.053351953971    1         0.6139070483659754
-8009.420982802669   -7148.974783387335   1         1.025956101428852
5601.4751429889975   2133.009559501719    1         0.20357859815890056
1902.522169623384    -4234.613772150995   1         15.57163736541427
-3924.388273727364   5823.027414305419    1         1.1364821512230907
-7310.023822736916   6500.522573436066    1         1.1594601498238186
-5101.665107603817   -246.58243571143248  1         0.49930076226741815
36.10338655901003    6126.302068744139    1         0.7740367577222561
-7134.841009519112   -3200.2992917898264  1         23.20716554980835
-4166.609741831886   -3120.7428595056863  1         0.16976512192884527
2539.4505476113854   -118.38754651800569  1         1.0236994245425894
5243.8780953212645   5331.0230777898      1         1.1707093246028792
-1086.8844416713087  -5064.085731715731   1         0.9732814969973764
2843.6396660322034   -7683.420108925214   1         0.2700311271377436
-6715.351791531545   -172.91114166418788  1         0.9726089478419855
-3064.5654522146647  -3070.359262594718   1         0.3118321999588114
-860.322343754599    -6111.916492842693   1         1.191790042213166
6969.538907966039    999.7995455978983    1         0.798362364374481
3151.163197660484    4782.145545782645    1         18.16284832521744
-179.88911616438662  -2343.8285971739147  1         0.6463864590810162
7022.536785880481    4908.607444300615    1         0.16763744941708814
5790.526518115698    -3613.558203040212   1         0.4321082686644375
4564.279902442708    6304.601509320586    1         15.384694444608467
6082.14367437121     -6615.301323295376   1         0.6119295503019112
-260.92859736637604  -5095.7717486332285  1         0.43365086565455124
-838.2405862507951   -4342.335978432953   1         0.5788369562974787
-259.9535924781814   7401.285464737955    1         0.37973736498925736
