trucks_count 5
drones_count 5
customers 57
depot 0.0 0.0
Coordinate X         Coordinate Y         Dronable Demand
-629.1727389047044   6571.4373522487      1         0.11938190203081983
-9531.715833540846   -290.99239114241556  1         1.0581014594688534
1483.7159096067523   2427.283111236734    1         0.6186860067474449
-1602.2279833679472  1279.6234422310665   1         0.42957720110238284
4931.981653752276    4288.633059867919    1         0.7488924949255426
12322.508977699785   -12370.169306170763  1         0.9851421508613987
-1708.553948720754   10600.408156904801   1         0.13859420985240975
8732.110790660317    1960.1095332954073   1         0.12150095801788852
-8068.427642716022   5096.33105206136     1         0.8068235010534226
2159.116482783752    -10450.63238752989   1         0.11778932887157545
10449.362943942304   381.07545155316944   1         46.12047543831975
-6292.557534534127   -1277.2600909797331  1         1.0354417026488159
2041.9083087639003   8478.211960625542    1         18.344836841831906
-12795.1233826839    18906.245973722223   1         0.6647941527806365
3786.048549208265    -2833.828206748499   1         0.4492000962137359
50.49712055940235    -7397.438946198521   1         38.71397503659919
1192.8095599931564   -2414.435349346295   1         26.056038347897672
-1676.2709453476846  5340.091927773366    1         1.2486735836032035
6314.560730373807    8898.195773096537    1         43.33282344679056
7095.9511295174325   -7329.719249960599   1         8.275554182603127
-8264.262470123387   -2699.5159513264525  1         0.9666217698975684
-1563.2049809186683  16319.656416536382   1         0.13189546372303226
-10268.603558965058  584.6567638656351    1         0.7903680374895896
8983.50383638516     4097.86695466032     1         0.5575309451682611
-1662.4778166556825  -12478.228815527586  1         11.702458268600791
-8195.260319041015   -7843.814258503271   1         38.747299577525816
-1619.4592390158252  -7818.241539053131   1         0.563023755183939
149.74988591202055   -3036.0019111696583  1         0.7328858748781808
2820.8322296033734   -8364.8946131881     1         0.8430791179411206
-3269.339196466368   7476.037775859117    1         0.5466318994615462
-1228.8875517719866  -9743.496601347553   1         36.32218526803784
-1247.7399838440288  -677.267662113096    1         0.23507933859466143
1988.1447052361584   -9860.115286690627   1         19.68664540328532
4730.8135610829695   7517.70209899704     1         0.972153574371859
3625.56679943268     -6958.329807547506   1         0.23672530664531
4522.140640333599    8587.987174211252    1         1.1044853737441702
-2496.103837253581   -7280.202596363459   1         0.6045826424456118
-7493.964529124302   6466.044624524599    1         0.3252718711778998
2888.91805519521     -1719.6800875363454  1         1.1132805016012817
-4810.596133832313   1351.8268452312302   1         5.408078611531178
17346.289495641133   -7757.584258167504   1         33.6810329575762
-3754.9325321697297  10124.087723008139   1         0.8392333531634558
-4104.202073438694   4754.873011178937    1         0.6958492730110211
9373.840077966179    1053.8152579036187   1         0.8770053794999579
549.0620926026605    2399.638380588423    1         0.15203716501246226
5623.95857776462     4223.444351736765    1         2.574781684436716
-5251.864506437977   -4719.06778040997    1         0.4577005062345063
-4855.794280019631   -8176.983846463043   1         20.77789747087861
7518.279424307835    -6522.530562439937   1         0.15628442002868922
2540.8623816518284   -7957.4711828398795  1         0.9935144081419927
4710.866065046311    -3005.770018170709   1         0.4746425107011508
-1188.5691773775402  3108.552174494696    1         0.896873707279986
-747.3826849940716   8262.230514487504    1         0.4023902749411167
-9128.102769407671   7325.798563107233    1         38.46933567461971
-6604.334829633292   1679.5160030122338   1         0.3686511686518238
3543.0420881168634   -2308.913759184772   1         6.627221322171155
-7892.758043960376   854.4709193529343    1         19.736440037231574
