trucks_count 5
drones_count 5
customers 61
depot 0.0 0.0
Coordinate X         Coordinate Y         Dronable Demand
-1797.5605070814927  5583.339933196592    1         0.7018088265464442
-1124.6864070116933  851.5113827266601    1         0.9918110111811937
-6539.045527660593   -5790.869809937211   1         0.25095928010776947
578.9867126539697    -5646.794945073261   1         22.03716540567992
-1772.3756777343538  5629.414630935571    1         0.4958353357723869
-2181.873033640365   -7873.991501977224   1         0.29654664691154514
3857.5932339950896   -6844.369531224217   1         13.187007333710866
-8625.917831646299   11624.4795210437     1         0.8923146097013456
-10649.0202018769    -767.2277172780543   1         1.0918457433629698
2856.146032983042    -7065.442246747975   1         0.13950486860513678
-8446.365739749033   5587.6746540152235   1         0.8611860338175137
2689.226281052061    8465.886814426705    1         0.5421504688433132
6684.678656887766    97.7248161802874     1         1.1072597606693577
4594.3748925179425   -2336.400284180742   1         0.7340941659329681
5289.483565600956    2017.4045499617114   1         1.0930842336093138
8650.438336733494    1400.875023213534    1         13.263173046184763
-256.3208179742068   6561.91937518902     1         0.6917903865308692
-10115.825213229273  11867.632747267307   1         0.8035757477570773
-1066.0186494210946  -1478.745981996792   1         0.7985557450546056
-3350.086250479753   -5557.048319383369   1         40.823017601258464
-5210.961469637238   3787.6578509065703   1         1.0308955592327507
-2709.868684104054   3320.8915322519765   1         25.061573393261945
5398.648842263303    -2731.830930608521   1         0.37741113860759545
-5477.601446017295   9415.070631216699    1         1.0224086435191624
-5452.036957062944   -6307.251972492841   1         0.14058347345714778
-10358.153738121817  -3290.906752820638   1         0.7045551059328521
-7576.9309462675255  1637.3119261472757   1         0.9850351331490297
8179.177286521032    -1794.1967753987246  1         0.7298670036663291
-8998.72774208153    9895.12723556782     1         0.800554712276639
3851.1996743475997   4874.7329465267885   1         0.8596835867853716
-3387.948891879272   -5219.605499171657   1         4.132665828519983
-285.4690061330786   1507.2204629946636   1         0.3096885802845506
-7823.13453362066    5039.12689076335     1         0.4825699238623421
-2990.1400085733967  -5778.507522885608   1         23.62348064681254
7481.202414178648    -5941.35041824556    1         36.908940964337944
-11271.718059543222  9236.027344354723    1         44.870018674477585
-4796.311425063408   2808.068427016386    1         0.3502636563750007
-5723.999110907927   623.2357532292998    1         0.23842472266014034
1604.3901269140054   5805.295746223161    1         12.891168640001567
4301.408921326466    -8880.988069068064   1         7.170397215527072
-4804.2615270592     -1360.665411788064   1         0.8350437031390154
-2600.25398741661    -1696.500107433694   1         0.9273880504837975
-8728.42483679381    5707.756832184232    1         0.15104152091483738
10284.199005262737   8294.79426336443     1         1.0426810614549364
-3801.382412582229   -6943.203226459161   1         37.66078543036303
-852.5388465789274   3333.8274165258845   1         26.607528583531245
-5038.387513419238   -9105.074094292742   1         0.5518066969295872
3504.498569311174    -6011.996875468792   1         1.1771153563744408
-3603.355857874883   -3490.856862745738   1         0.33199824997361704
-3651.0616852611683  -9118.35207183993    1         26.104804449182662
845.5263803145126    2171.839839939897    1         0.8301212961276612
-10208.609003072523  421.9935672070968    1         0.17455535890855942
-10084.137079071832  -1494.6633067885057  1         0.5274210453699754
-5374.300899177048   -4743.030306452505   1         0.8842702076828999
10491.37781439836    -1928.5668316467702  1         0.9996202965005491
-1286.2801699684437  -3832.664664683901   1         0.9016422297534245
5955.6929610523      1274.2324901714      1         0.7434843459368928
4385.728296670562    7389.336980956337    1         0.8403158442088093
4817.477400862387    2983.3803922908023   1         1.0491095675326967
-6182.578229950129   -2001.3077556590122  1         0.3895091252817995
2968.747001462162    -6730.356484842828   1         16.7898741261779
