trucks_count 3
drones_count 4
customers 56
depot 0.0 0.0
Coordinate X         Coordinate Y         Dronable Demand
7147.703042396646    -8186.760338064244   1         0.9321863974993416
5161.229243390756    -6918.413841487107   1         0.6229339415210869
-5449.860741015953   6224.596365123013    1         1.142931066007687
1670.3074142048388   -2830.8430481320215  1         0.23130943875318258
-5810.862904698727   4934.136242261618    1         1.2336006066708256
5804.771878696795    702.2077023121659    1         0.5398260857058658
1779.2674871687336   3096.9265548707194   1         0.2618428876444953
2081.5471869516596   -5444.263188329391   1         1.1125099235187323
6594.32321347869     -1075.1461920781314  1         0.6142367828771257
1536.585381742788    -2376.982009712874   1         1.2010592704083343
5131.12904991759     7722.419225318821    1         40.39082400248205
-5782.994748271048   6974.8025446045      1         26.377350271284225
-1714.5344441323723  -7198.719527659722   1         0.9641280891679331
-4507.4258860784685  1273.578051394944    1         0.8637912380556909
-1979.2014821100856  6796.438295466329    1         0.6198938427064493
5328.412530063133    -6851.842096254919   1         0.6969549888135547
-1269.7003672522405  -6471.888502164619   1         0.6723061333965802
2641.4819425517785   4166.443043080835    1         0.29277862196600707
-382.11742168433085  -5981.260945369064   1         0.7862641921460197
-2057.1489037761917  -4541.4759263947735  1         20.64442976721667
-6621.116451829248   6167.931486651418    1         43.27111470478611
-6010.79597590825    -3515.3844693628666  1         0.19073212603788142
2691.5492066144157   -1589.6699737956014  1         0.1768153141053171
4811.328142014863    -3523.18911056045    1         0.8011627055906139
3926.3871335937956   3260.89474703758     1         0.13328451685668236
-6346.397450361166   3146.104890652695    1         0.575568579694728
6230.569085314943    -3554.222809585336   1         0.5280911691290326
-7448.613801669754   4159.816915154784    1         0.23062525015263372
-2155.0797240079855  -3103.671324501248   1         20.75257076798451
4984.247272522766    -1155.2804949744784  1         0.3661347421167982
-5488.645911923501   -494.2519019645865   1         27.477722152233493
-7482.207669715423   -7137.801948749547   1         0.16785072781540397
5834.626130797904    -3668.1432748166335  1         0.14647799246854892
-4701.8245646963205  4950.014825707702    1         1.0196185678615124
-2583.331862391771   1922.1697866043367   1         0.25995494919466927
-4634.17249036055    -6188.857211288385   1         0.9506761981516769
3398.47839862782     2922.2509453096163   1         0.1264499423008842
-5304.577404584719   -3064.8019488111963  1         0.10707639287246094
-70.63240629657703   -4210.560452412137   1         0.10276304675644417
-1331.672110937559   -3500.905086034482   1         1.0834485331335642
-8136.515137511187   4947.519413449913    1         0.72005421688744
-3042.4955556299556  7198.634233585612    1         0.459472640212925
1668.0814890188249   -4706.166130498886   1         0.8987807885454329
-7540.196162239844   1971.6522087919807   1         0.574842251910561
7863.16093408597     6235.154478238737    1         1.0542670638214664
2420.2061981318916   -799.0257025308708   1         0.33118888005027436
-6145.453584576984   3623.8043129949397   1         0.1731085866065059
5529.9446829473545   1628.0151935945164   1         0.585382004444674
2623.696177317257    4396.065317853072    1         1.1126757789117125
-1731.6933672394464  -5745.252974554158   1         35.302457746484095
5.057558235610906    7675.009523538391    1         0.1211265340966502
4231.59296178406     6264.223878221082    1         40.266784466551655
-5585.56249084062    -925.3882106812389   1         0.8264975306074687
7852.578653481079    -6510.4475131295085  1         0.44299748601958544
4678.467921129328    -6652.110889816544   1         0.5820404376747969
953.6524677707921    5809.505773221994    1         8.85159012362331
