trucks_count 4
drones_count 4
customers 100
depot 0.0 0.0
Coordinate X         Coordinate Y         Dronable Demand
-1842.6287095365324  8117.722445039936    1         0.10885988309293702
418.17313111836387   -1533.46896863117    1         48.860309715522405
-8865.806268525066   6056.8350485334695   1         0.271196799692316
-5411.33506961615    7914.018280698982    1         1.226543648727034
524.1650746738343    1283.4543870014827   1         0.5964904341981411
-3584.452689215174   5658.952432668539    1         14.156952639483785
1081.2844465247022   7624.663950161533    1         31.42843092782533
6372.91258193244     8578.432214515102    1         39.58406388827657
-4516.359529840807   -1269.8942355977779  1         0.20964825511545315
7253.051514775321    -2752.073183178708   1         1.1227576261511532
-594.5189626410341   9667.328854796837    1         0.9742008687888843
-978.3904343894222   -859.6162041174784   1         0.7045238559982373
-4115.726586194416   10027.090994664413   1         0.32144171455508364
89.14491189297051    7889.0561735411275   1         0.16077268176843332
-5351.88076311825    10148.46189445696    1         39.071517063672744
-2190.330194343676   929.3278866330421    1         1.0172451967541605
-1767.3838247899876  4594.925954223554    1         0.5984413441959724
-2155.7678974354853  5671.493122237824    1         0.9473561767170574
4351.108678742997    9115.762820007576    1         24.549984704495337
2737.529153685143    -5980.363495837548   1         0.23069291539122952
6605.0820815267325   3095.9274992976007   1         1.239035273536855
6364.979258478391    -5749.206417365381   1         0.5870074697179007
7259.530455565451    6713.908036347992    1         0.9498765544408363
-7580.8185756999     1269.388248663496    1         0.7826424343409318
9255.551893493386    3813.8605087363935   1         17.60710976472221
-3003.3632068990514  5699.402686583777    1         1.0046986130350948
-3202.7016833207344  -2767.8603835275367  1         0.17695732958632004
8682.537205956989    -6120.660959224558   1         0.10654834880235611
-529.8708061104958   -9079.791557078368   1         0.7734055891962905
7111.2140290309735   -2714.372880758872   1         0.12188874371315551
-7128.057042375845   -5434.135574568996   1         0.9444085578433707
-3218.6080879158835  285.4601495852803    1         0.35793966620702267
6668.695561062172    3270.3338020358933   1         12.954741200746707
3050.7317798829035   6150.469719069457    1         0.6502777705691177
-6318.8655469095165  5468.7118153982      1         41.83397366941868
1417.8286554436      7574.093650929926    1         9.321821622275657
9854.474180507974    2383.8861467267466   1         30.96577100507063
-4010.201734152951   10275.181526685617   1         0.5572198015870733
-4074.075746113892   7755.971872769271    1         0.9384942499765386
-3634.464344743048   -4496.310048732779   1         22.803609422257303
-8029.133891701452   -3349.6205319933297  1         1.2385616102522659
3100.7408976391866   -3170.0852279615865  1         1.1142352550288286
-1190.8767933478314  -4284.321776277744   1         42.11657116718204
6945.9785816103995   1522.068672977864    1         47.196164836697086
9920.318234384067    7912.126943338808    1         0.9978207722453041
-6979.79800841789    7839.884282288725    1         12.120294886463947
-5609.81434296826    4040.769517437664    1         0.8946756943975064
9899.19847288317     535.8576002072409    1         0.46625026417050885
8505.45933365589     1499.9866912658601   1         37.97908112760207
-3069.345878287897   -343.90770898763367  1         31.330601392318925
7129.279638912168    -2462.9160648647685  1         0.5098086695635622
-3620.824616779547   270.5765089676964    1         1.1082654391568694
3011.1205974551863   -8088.218021179274   1         0.1500185539317231
6828.371138421273    -5090.158512891697   1         0.1715881267319983
-1795.108066898436   -10490.363366848725  1         1.0780580502291655
2345.9051389253436   2602.066499423644    1         0.618275641063644
-5631.945391311322   5913.250533633       1         0.6277423032483254
-110.56943109436563  -204.82008856963088  1         0.9632463697390671
8439.45235154944     -9321.42075599484    1         24.703432605961787
1262.8146405003477   -8858.20487364741    1         1.2141098616035653
6843.993341010544    5046.337040406271    1         1.3392923189729786
706.1640238560309    -3024.229606039651   1         0.5272029741225895
6501.6258039195545   986.0283785211506    1         0.314655330123328
3275.262470112983    4210.260213383753    1         0.8327344975751799
-2060.4233544672516  -3974.641778183679   1         0.21752649190400875
3730.880121743584    9032.238722132854    1         1.052471389285587
-753.2705293883719   -2557.8478814385444  1         0.7229410956548225
-8157.103456686331   -9302.623734483395   1         24.832017099928724
5604.912666211856    -5424.40692330599    1         0.1694887407817662
-5405.230835295205   -4883.646183183837   1         27.678215855525213
-7919.357248680759   -95.30186423136202   1         0.1144708016750861
-8491.497446557483   417.133496375347     1         0.9679903415364626
5500.290342712818    -2278.7434656069304  1         0.8081174193053609
2065.33857750679     5994.190039384191    1         46.33850327104841
8827.931653129574    2461.6416682520494   1         0.9671762506542303
10565.75626486602    9938.794592087434    1         4.569456384492242
163.60794658898223   6680.932416986455    1         1.2404361881273451
-127.18985836823758  -5180.11520364691    1         0.4411224968357145
535.4161597995819    -8538.94178378138    1         0.32996004654835387
3175.1242125678023   4705.94828110125     1         0.20916119421067164
7208.510761135443    -857.4354729981369   1         0.7579816662003968
157.2067356133069    -8679.877639985349   1         0.650152814096314
7011.211307107996    -4594.169387340491   1         20.36189394323326
-3477.623571385655   -7847.4386011920615  1         0.7140265599969512
-2229.408982902477   -9552.168859985575   1         0.9467729828255064
-5800.802196083928   -8048.845503994744   1         0.3816286799392232
-2672.7097782804426  -2500.9945531340463  1         1.0440248286522942
-6659.998506746465   -7970.572549130768   1         0.8333655127925144
-4257.798830844492   -336.7832264935277   1         0.4137131327595014
685.5154680994119    -9973.546701588913   1         0.9903840943068332
1234.9067928085474   910.5810135997667    1         0.3787085537207304
2774.111651326337    -2463.5839400177765  1         0.6281660249325114
4741.675714363209    3608.5592609556625   1         1.0699218997061415
5717.684824479223    273.07376024463775   1         1.1668698435109084
-118.90895262488812  -4019.244497239042   1         0.16496201650710668
-4632.9982300134     7456.872234305121    1         0.9756970296480661
-4971.324430383629   568.5865109317365    1         1.0507334504900283
-10157.72632153417   -8374.377568969545   1         35.635327335432
1325.944489068023    -10578.186413892136  1         33.78705904956719
8272.445972350048    -3540.7542356842305  1         0.5747290009092185
