trucks_count 2
drones_count 2
customers 31
depot 0.0 0.0
Coordinate X         Coordinate Y         Dronable Demand
3383.745158596251    -916.7821618537864   1         1.2435928096429032
2423.765503452155    -364.75010840017654  1         1.1812201767260655
-9934.297604779558   1085.345010282929    1         0.9642906549378162
1936.2805054881064   -13758.001067784335  1         36.205563130474225
-15375.86935893795   -12247.059747236914  1         0.7894537395028033
-5144.659023230034   -6788.271659681464   1         0.8929418354833301
2927.136995669979    1030.4090847132036   1         0.9958545322789648
-3292.7869976545717  8790.89793133076     1         1.1153691585840895
-3778.8263443033466  -2907.4931413440345  1         0.11657750397883858
5452.8581374658015   -4840.773358682097   1         0.21406533916757414
8878.058508144737    -1447.7865850399173  1         0.16083147021359587
3226.0618071840954   1651.4169804599228   1         0.24593403077201145
-6796.246971774475   2904.8887893371575   1         0.25923770808248314
-1621.490439629154   5673.644454751497    1         1.2063600569627115
5176.509700121317    -69.58867826834627   1         1.2427095503095056
-6224.9096097284055  -3327.603370522373   1         0.9735116786057282
8028.692194724258    -3324.7146251670692  1         0.9460559518589406
-277.66721542663333  -406.3458523505404   1         28.938572074690146
422.9216279621946    6677.934036489796    1         0.6973141140201905
454.6779290663948    -1519.8389717212679  1         0.30401624094224655
-985.4416963222972   -10673.684541341008  1         0.8054120163815386
-3850.0458809501897  8799.377547569944    1         0.7965473575418341
2296.673231907897    6543.441763776119    1         0.5154238005287614
-9257.567738317768   3290.138318701323    1         0.99617273089186
7955.465724355021    -2857.2029881389412  1         0.9640909004322754
-8365.747211780299   2291.915583663804    1         20.85612105835571
-5717.087851953133   -744.7231431620372   1         0.7014064233720824
7391.163975485923    -6679.314938084231   1         0.3416784962001249
9673.678890222742    -1459.7725486341428  1         1.1002846773268113
218.4090153983546    -5530.58174049211    1         41.565659364801604
-9223.064375994594   6650.106302428107    1         1.1618749689307286
