trucks_count 5
drones_count 3
customers 73
depot 0.0 0.0
Coordinate X         Coordinate Y         Dronable Demand
-5258.253423138176   392.7701048092283    1         0.9191315845905459
6618.844045634261    10532.92167716938    1         0.9788581597026786
6333.222253677138    3807.6299402523423   1         0.3852644163745189
-4183.083988155251   -8300.224762645688   1         4.6668742831495935
-3471.9272329644396  7715.060677174873    1         0.9076281387401309
-12011.892325543282  9458.933934477187    1         11.492284425076118
-2107.1140493005764  -3114.753864992858   1         0.34463671225366177
-1813.8663944704233  -8934.431750465088   1         0.8486952476676841
-9831.206908354488   -3425.6727030859515  1         28.39256778537355
-2495.155503961132   869.1444527215635    1         0.1247790157877354
1794.3297939724432   568.0454702040067    1         0.16594965396767034
-8836.3012477927     -13331.203471194516  1         0.6518517873316554
866.0724356628616    14055.020775282072   1         36.234270790643535
5236.972378429954    -9573.21714058771    1         1.1474933158430198
-9733.327610418964   -913.8787911523037   1         0.8632878214045285
2875.9540287819073   -4356.805829678677   1         0.2564661090432771
-9779.603398134534   1153.21777471228     1         24.55037512137896
-94.5138999669926    5755.483884269029    1         0.4148665575739584
-3957.3798320846545  2205.7094063764575   1         0.7639814409985605
6621.849807061908    4245.514448298138    1         0.17544876438346227
2901.3722203295724   -6263.260110957245   1         0.3806859185648852
-7913.158159855221   6441.062780930896    1         0.3646893817654543
-1033.6367351808105  6262.748724764563    1         0.9625682558487291
6590.4190914093315   -1284.3209215752468  1         1.2445444449647285
6636.795010953316    -13445.498617191251  1         1.2099881162864878
-6735.520193625791   7102.678938021645    1         1.0681568475115724
-574.4204972255648   8027.2314343663165   1         26.322785802631138
-6361.251187746467   -1297.6852329278988  1         36.640395410897376
1516.6234631068535   7202.073744063818    1         0.6535860332952641
3843.9013550430664   9977.128555581643    1         9.493927910670855
-1872.2081044699626  -1248.7140079525898  1         18.5419653737248
-5779.433890627294   -8778.626159261601   1         0.864458886491126
1832.6377527562706   7337.728324026094    1         17.840910452269313
5378.666109168867    -8464.475730444801   1         0.48714907787582806
-6573.596796612686   -3913.082027595177   1         0.22774639337526725
-19.124617599314863  -7379.903673159867   1         0.2956758453320709
-963.9470498599409   -8225.270041881116   1         0.373831977846802
10102.840371849139   4216.022029003718    1         0.2819390266772966
196.9615379736904    -6274.783558861124   1         1.175811082658295
-1269.867533316079   -8265.349139906953   1         1.09173161939776
1350.4953406963111   1348.8650152859468   1         0.415500224040689
-3598.3754708404804  1386.4279232316712   1         1.1703266255800695
971.1867625042306    4301.573930369751    1         0.9283607664698393
7036.067400166618    -3804.949299922559   1         0.5255624570192584
2721.738918254594    1053.0376987463035   1         0.19437699719522736
492.6028925279479    -3755.977787039654   1         0.9219019372543904
6453.79651158356     -8194.814375154785   1         1.1543381067591172
2606.9291691115714   4663.731922172725    1         20.25421060501552
-5493.876149505592   -5472.249692818201   1         1.0303519453736028
8020.568273869128    -295.07536547273656  1         0.3680270666859503
4546.572618003047    -3718.0934151874726  1         1.2212880914821698
2986.6327326368796   -9353.008294197345   1         0.6677300032412666
-9293.938429656153   -4419.061842051358   1         0.5126998575782651
-3944.1343840462637  1672.0140838768787   1         46.5562035816689
203.37860385430716   -4105.842849188276   1         1.0939603476852742
4023.036775098826    -9737.6945327656     1         25.8902608814485
9825.267039666407    -2668.7129500495757  1         1.2475219077356814
-7951.30960977202    4390.039434546297    1         46.75995231202487
2576.7370597495833   -7438.685555440643   1         0.8016817981134884
-6970.778421597287   -2053.6692423854765  1         0.8464067972810714
13307.96931809614    1655.0906812439862   1         4.1235723077558255
12231.15858733041    1378.0618128197057   1         6.978743095477497
-9106.527824966322   -1649.6806327740924  1         1.0465543941019777
5155.537870993262    1205.3385276062568   1         0.721959705491701
-8397.133401153858   155.67321295135358   1         1.2161055735491133
10562.856624559321   2036.1972015275169   1         43.57683692160455
-409.40432177224335  -3567.3005199803088  1         0.7872496552905524
7137.085346082327    -7540.032903670967   1         0.7356074110556942
1319.850584355817    -4243.34639190757    1         16.11370099796299
2897.9737728286477   5423.120255993677    1         13.58705200707469
-10693.703921825494  -1963.2213711903862  1         0.3609199943572501
-4685.601645523444   -1153.4542768169977  1         0.594521810803772
-8475.437027688387   5536.517858200605    1         0.6383041751595349
