trucks_count 5
drones_count 5
customers 62
depot 0.0 0.0
Coordinate X         Coordinate Y         Dronable Demand
-6130.959490783807   2085.232615467039    1         0.9856015031880859
3238.6313799975333   -298.0996897764193   1         0.688329083933452
-367.4275298096437   8689.703793053064    1         1.1129760628883028
-4736.051359052375   2753.6477146311536   1         0.6963283914597174
4517.014532797302    -3628.981761452156   1         0.6708314362182327
-8800.368769253748   -3657.8258133391396  1         0.4954370580333337
7164.7894629106695   -4676.39062013444    1         2.791019209976618
-4330.557192044409   8485.00477918566     1         0.7573039590744929
-5554.334645174625   -9340.019327002918   1         0.7635848554528811
-10253.883822771242  -2358.1738901633003  1         0.7328238555470401
-4613.974608585919   -8335.876394274686   1         21.692943543095293
-6566.916525807582   -4833.382891203736   1         1.0209700910669148
-194.904374678111    9151.496810017723    1         0.27081814810769655
-6063.482087255206   -12329.341110191497  1         0.24844258673065636
-4878.8554448908435  4449.683734458022    1         0.9703577747818745
10975.37194120044    -2019.097428541676   1         41.188519593714965
-3533.7969607656432  3471.315257760227    1         36.00275065290578
-6122.4731602167085  3075.8722256317274   1         1.1088467882602075
-1770.274708453718   -10298.28891954008   1         0.10724338240658755
-4607.618928171281   -1101.9009288832349  1         0.3114626909592738
-5176.667717987872   10727.711941880858   1         21.974267848037183
-5505.743448578091   -7483.378214152524   1         9.14790046873815
5863.292892032331    5037.4171956680575   1         48.34080917010553
-3524.0480335234015  1539.5749218992162   1         0.8559166746041481
-3196.7855703455657  -3182.974137240921   1         0.6881505151690767
-1906.8265898864568  -10644.92589136367   1         0.35827626315486005
5518.67013803504     -6672.352683813778   1         44.4593125721109
-9191.123763370693   4979.520929529168    1         0.2314155160476848
-802.8250702139774   4067.6189252637782   1         0.7488531721584898
6519.220159405352    8167.807253596592    1         0.9301296687889329
-10623.217993362226  -2355.6549645790847  1         1.0155511012526972
3864.81716580999     -620.1017440530646   1         0.269788483643993
13925.1385114205     -13764.972441163038  1         0.4684589283726597
7570.398148116229    4469.535258243229    1         0.20633326220054987
-2577.1831719628876  -8923.23223063432    1         1.084817237228308
-848.1730918298362   1173.2972172836608   1         6.369822160145898
-5796.739477875619   253.91764434275467   1         0.42994267336746217
6711.368693512635    -2572.4731466691446  1         0.8981071486979808
7880.891441039552    -6514.3884836599145  1         0.7259153461670785
-2771.6652098338845  -9820.950702837712   1         0.6132846744950897
-8131.461461130942   794.7196053524566    1         0.5625012462094168
307.15869145925615   -5724.6027967695545  1         1.1212115350793854
3507.607223063291    -1485.5396657211988  1         0.7111504317867752
6723.782391423973    -6073.626242789876   1         0.2913626162361431
5041.737800266897    2921.6904869442806   1         13.74540391954977
-1923.720806440193   404.7060872115144    1         35.07709552521938
-394.3630152586902   7667.620713033135    1         0.5403018784590858
5617.802693228969    -11697.559785081194  1         2.476014972422411
10408.376194915549   -4848.207050534418   1         0.12951055408798454
-4668.986738250421   -9094.667679408882   1         0.2473136096698902
5429.334812831861    -9.905915187680828   1         0.947357733245498
-754.1013552731015   5561.16826836199     1         0.7451443143434504
269.0643098506668    -2521.1720624382674  1         0.5184349491265403
8508.911045327295    -5899.137086459751   1         1.1435425360542106
-5169.864036070957   9155.39271950115     1         38.5389623764279
-4929.017067048099   -7807.617611020815   1         1.0117958344242164
-4965.909998160077   -2327.587445026008   1         1.2266747464804812
-1059.0438237582298  -10111.679764759387  1         0.1089562681795227
-1506.8758049813641  -10278.952356882324  1         0.23155839282471558
1090.1393106111584   -7719.5735810520955  1         0.5095229173292833
495.5449407298432    -6604.617918386162   1         0.8603137173065951
1572.051757279136    -7395.798008019986   1         0.8809652034061903
