trucks_count 3
drones_count 5
customers 63
depot 0.0 0.0
Coordinate X         Coordinate Y         Dronable Demand
839.5623682946313    3532.805449981413    1         0.7216590894337832
2577.7152268894083   -6839.385249006278   1         37.5579313045027
-5065.341143132792   -8090.813663594436   1         0.3285688669568744
1987.9781956741967   8872.374149419185    1         1.0827216293781539
6153.595915627364    -18760.79481922216   1         13.983865804850101
18990.688761398873   -19108.526832835574  1         29.560549997392513
-4946.49611512188    9410.468041784816    1         0.2894185608843195
-6089.852670588609   1305.2906703654262   1         0.6945757288925453
-19573.206468933884  -10380.701567685048  1         13.493187052636983
-9158.182741570497   5502.114901922333    1         0.5515091447185784
4405.666366670414    9106.184358286111    1         1.077076691336893
7019.478286449383    -5031.8093464810245  1         1.2344587140838477
-3826.0763138900297  -5756.849107199838   1         13.31371984127528
3706.4600193742945   -4888.406519405321   1         0.287982218847851
-4255.168576662844   6224.19268236223     1         11.607849624240359
-9161.212474508236   5080.761697453461    1         1.076820478462956
18420.201719761724   2768.9873812228834   1         1.0422816617140505
-1861.4901763764094  -1039.7797954824248  1         1.032069553822322
-1611.2113719137465  -3734.1708468953734  1         0.9837764421228691
-17892.736767828203  -6374.795441716629   1         20.708387044652547
-19440.88007755905   -3763.3165018464733  1         1.1773945284924212
-3420.938775239621   5575.969582182482    1         11.700229835807809
12313.116376307407   -9148.02391648906    1         1.070263825846221
7886.900685472378    -5689.51842033154    1         0.17166486787774698
-3120.8219949251175  1442.0627905886993   1         1.149740681527287
-5121.903873602153   1460.4702573610653   1         1.1380298205723742
-8782.368462013219   -2310.990526585805   1         0.22416016129711855
-1844.26910574279    -6161.3442528352625  1         0.44787720548895393
-1922.152855535254   -7786.101755553383   1         4.006405194452176
5137.614366490916    -1414.9606833269877  1         0.8167421701488865
-17677.056120670175  -19625.75810620505   1         1.1170064016357366
1340.97314020876     -12274.262197510401  1         42.80343245336601
-2814.130638849008   -6319.309876114491   1         0.9372061522391799
-12028.40376797966   -5367.993694459023   1         1.0716923583361193
-93.3803054465167    -1358.2803107662498  1         0.845906353606369
7737.220930400359    -7486.825750590182   1         0.7718142251342699
-4142.447978901172   -1935.5093133245232  1         0.11656655313318627
2863.4467260384395   8188.368999655479    1         0.5584023961909007
-7659.790017683832   9626.387181840804    1         44.78694890075801
874.478752244658     -572.2897062331372   1         0.6561303211296428
4410.956456912484    -3752.5088398824983  1         0.2395700499798334
6238.31781723206     267.2525169252512    1         0.36620656626336523
-202.54659309073844  6470.457147113034    1         1.1853040244487967
3342.008508497886    6202.934859986928    1         0.7887957211892886
-1522.8768382283192  3291.7741592512507   1         0.73651997063031
-555.6501166124893   4531.9686891947895   1         0.24452203232559752
6333.398812244243    -4694.370004865167   1         0.7405625570794202
-4306.51564917547    5246.8049744053305   1         0.8427144333474552
-9513.16448164556    -43.998216992598316  1         0.7314305354522228
4948.31895173278     -8508.520714253864   1         0.5194006924618968
-11991.708914914247  -4214.492586552868   1         0.13711862911490527
4257.271769153002    -8469.298012546556   1         0.17212214034317802
-4687.904360437631   -950.0559506957688   1         0.5033205266030971
-1838.085115501355   -7582.717661164687   1         0.3243554273569369
-203.923495549019    9028.11950014925     1         0.9772560131678901
1390.9583953965505   991.1458734329475    1         0.5963630360089168
4385.568425027208    8512.43709500662     1         1.065590232168661
6947.455692001312    4441.891353037785    1         0.8264132095195158
7177.030407008596    8004.651797056807    1         0.6619261927745291
8444.538747528004    5305.612061255089    1         0.24969132808671854
-6787.405019738241   8466.567947852283    1         0.36814631648266793
4754.897537777788    8209.587917510526    1         0.7206288431533415
-13015.481942528142  -18822.108163197143  1         23.89646604910898
