trucks_count 3
drones_count 5
customers 52
depot 0.0 0.0
Coordinate X         Coordinate Y         Dronable Demand
2664.5509515156145   293.5431635285094    1         0.31651159867630313
-494.58289885666085  -3530.332821781272   1         1.1694802231362857
3303.104178290402    -4718.320255742619   1         0.2384291141636796
-5105.7266729586745  4410.953098468986    1         1.2378316500030224
3695.5054901621215   1614.653212552333    1         0.3622669892101783
-5220.211170434729   5580.0337134510855   1         10.232517600968556
1796.0703047817042   -880.3163740640769   1         20.49976905975845
2661.771267316137    4591.10878922831     1         0.9613009071999765
-4338.059913427208   1402.2395095446257   1         0.6575673271811339
-5077.141110743307   -246.59386828651512  1         0.6963714845091263
-33.37653161565533   -5072.527167314792   1         0.36933757055884
1821.4845760537532   -5359.915659698622   1         0.2735053094118085
3795.916004696582    -4102.994524996076   1         43.148247925143245
-5211.472654085528   4548.08641208677     1         0.7709043013683513
5641.389787056867    -3989.521558636352   1         1.2357901701561251
3919.012482537184    -896.7205440137267   1         1.110144743887748
3193.522742442758    2322.845871634036    1         0.40061910536475187
-1529.9736941596684  893.6203843087799    1         0.11758407794438913
2784.1457557490253   -1101.7044117299326  1         1.182440857195564
-4337.132788479559   -617.4884380330959   1         0.18112541880702754
-4585.293920915133   -308.2377329739085   1         0.6879392455203318
2598.651111755708    1089.2938442473492   1         0.3388141288266464
-2820.1634632398395  2295.432981869269    1         0.22568839629626755
-3197.835122903489   2182.9827947827716   1         0.8202138789234347
-2795.8284234799075  -1339.5843000457637  1         0.3583726166845209
2044.7794931858639   2233.8686453780106   1         0.17021550822342546
4687.492986465338    -2412.0598072487874  1         6.0947087764255174
3991.3407540650824   205.34132596605684   1         0.3448410119882531
-2446.0117544627933  -3220.254747669068   1         0.49131508066687657
396.9979919275681    -2301.7800605925754  1         0.23065923588526485
-1507.8475335643245  -5702.625214753748   1         0.5895938079296321
-4317.094746190661   -4252.900142364802   1         32.07092045729517
720.0289861100944    3279.228347027729    1         1.8964281862131214
1392.5256839714407   -3313.9240821448334  1         0.43719056522069255
2763.1154975494715   -2290.683191296376   1         1.1282650147400648
1991.6476757650523   183.62945578886885   1         1.083754358008479
-3760.0414022003183  5143.382303033716    1         29.84023796496356
-3254.6403249713744  -1738.3051467761713  1         0.6902442790062878
-4420.473319120732   -5338.799713393453   1         0.5665106095462302
-2373.3026301082346  -1093.0025961405754  1         14.621292229909484
-617.4824126085157   -5678.296123100551   1         0.1355826119152942
-2964.014022840655   -2993.449364133492   1         1.1479703725007875
-2806.636065860635   4514.541650659757    1         1.1264162942225449
251.72208972801235   3248.4809563106323   1         0.6262563868991122
5576.078191951248    4873.730993673746    1         1.0751621463842407
-4820.786036027511   3959.1492023255196   1         9.946155740088296
-3916.3740650222153  863.2661155732161    1         0.11256600703627187
4889.4230490816435   2849.6599146737444   1         1.0946536503417328
160.68844916907742   -1941.9602252450914  1         0.5743317142024768
4616.58151094418     3517.8513008979244   1         0.8123871833056281
-4341.053389232132   -387.4441416617154   1         0.8960743245251062
-92.72030420997974   303.32083197984184   1         0.24947431365447317
