trucks_count 3
drones_count 2
customers 38
depot 0.0 0.0
Coordinate X         Coordinate Y         Dronable Demand
2681.533178141546    -3006.349980756342   1         21.08407710149083
6474.354671792633    8080.022456515995    1         1.1389394732286475
-4205.88516902152    3589.691328111852    1         0.8913850381877743
7507.100589758288    6044.269627357318    1         28.422412919348247
-5593.175949644894   -6236.995351088858   1         23.1965751968366
-5294.788396825717   -4866.227452812148   1         0.5635286508224057
6890.551849873254    7122.349255387284    1         5.337454913138576
6564.793842292678    8385.040995984182    1         1.106909278335751
5891.744430758543    -3435.0961551435757  1         0.7587810401820928
6660.657573219299    -3434.0305213413926  1         0.9992659272411034
9021.419119856495    4143.076748113993    1         1.127731323947082
-8862.757298507218   4867.977994470411    1         0.33382452444642224
-5781.966615166898   9679.841994266531    1         12.766484163126481
3182.129544772781    -4802.878398339741   1         0.45350839797617226
-8629.566034550691   -3759.791276194331   1         1.0003224381458362
4903.211033495429    4895.342001632253    1         0.5110790069179313
-6777.038904630307   6707.6725070729135   1         0.1724587101290977
6576.007579341618    7659.588428034178    1         0.36748862615244726
6072.397216799333    6424.561477911729    1         1.2716260499411893
3507.1422692158403   2431.9939664302065   1         0.8947402884287462
-775.4252056801216   2025.970920465436    1         0.2908109532553671
-9714.184693911246   4358.175538061701    1         0.3558148436263662
-2777.417121092372   7979.865128752326    1         0.9267480326149959
-2383.430263932383   2965.3508890506378   1         0.6068733521405721
728.115582863611     7931.396758778905    1         47.42316313318653
1472.6552211659698   8021.190902525155    1         1.1017167758238577
-7033.705991577522   5829.230712020355    1         0.4983788722395883
1271.4018298871235   4300.249586790963    1         0.19202212193756216
-1188.5151955598449  -390.76927945290663  1         0.5506892133176593
3699.71703635413     -7235.930344813717   1         0.8407204128553285
-7992.544886356907   -4682.684926585639   1         1.1393256127674836
5370.434528041424    4641.649190561669    1         0.427187953405308
-8545.600841719322   -7888.982836314838   1         0.7692504535819461
7270.227454749673    -306.9137184746365   1         0.4698385235577628
1556.8821239306733   -2088.405528042787   1         23.84277584612841
-8160.280461471042   -4402.829989874144   1         17.695273193136188
2522.60735083081     3330.5464292224847   1         40.8033992542783
3049.613179522019    -5176.629220587446   1         48.56742528909527
