trucks_count 6
drones_count 5
customers 95
depot 0.0 0.0
Coordinate X         Coordinate Y         Dronable Demand
-544.0376181998446   4818.361454238758    1         44.0909528912735
-256.7618040819484   4076.5264748052678   1         29.5583414449057
-3202.730301670679   5517.8137956596265   1         0.324485290838349
-9338.127479638266   1155.539544222859    1         0.1865699793861177
-9759.343629617539   -837.8454032760019   1         0.7066202579063179
-2891.0339740053787  6054.29001223615     1         0.8710560710502532
8799.96069309629     -4513.670818179511   1         0.3134024800783477
11350.132828353962   -7105.042048764998   1         43.23812201203016
6731.673618927599    -4618.8431876498     1         0.9767339813836445
5993.532820455376    488.6089593780858    1         1.1864578375176498
-6383.764198090543   -7699.4722941428645  1         0.5278034362869731
-5083.92597892862    -3385.011334203569   1         1.0549124665042031
-1154.7252265451061  7316.5613652320135   1         0.10934418935805516
-791.6458141439804   -2995.297271381222   1         0.23661591453553876
6336.102953340833    -3799.412542828608   1         0.8706053411849127
796.5196554089675    -4541.049009110662   1         0.6656099182011105
-3927.745707190784   -2617.833916504947   1         1.0433205178575484
122.0774943476591    -9956.033519361168   1         3.2107172728246516
7164.479506859892    -5528.570664402218   1         1.1282579537204254
6645.284462396998    780.3776741950588    1         1.126769126532246
-346.655541889739    -7084.292699827428   1         44.469378426534085
-1696.6637164250867  2985.9378028372485   1         0.48972035616780374
359.48097336199993   8910.523457443927    1         0.2848104380902476
-10465.803984961976  56.393539126094076   1         0.8425553619509462
-9136.771976016464   4130.835755905274    1         0.11523441169747073
8228.327265980695    -1430.5522474120764  1         0.5730050306432555
-9989.82514058576    2477.8513507844564   1         0.2857669924638381
10696.199374137443   8100.863423396826    1         30.549045178335618
-7259.695113685266   6220.200171024835    1         0.16357040872438033
-8230.938185691528   -1073.8173394427515  1         0.5787008435537233
-1387.6204598016263  -6052.748818318205   1         0.37233962639120843
2673.4339005762113   3010.543576233083    1         35.497154218095986
-4032.3428215372714  5415.65603438616     1         0.5221042170570654
5426.398676354657    6538.584687597059    1         16.1519758655009
3934.4180216868644   -2929.9477354036762  1         1.0941476542104702
-7280.256726778889   4959.014648179854    1         0.2366046944867481
-946.8518193316629   3692.1289299081814   1         0.943228844650879
1116.3201536041652   -11148.468984764364  1         0.9394033597185173
3868.2640739146127   9075.514165607943    1         23.10633478309244
8036.416136831008    6455.306800699192    1         1.1005571314694462
3230.511147319108    533.7138632151527    1         0.7583420159425588
7508.97378556486     -9187.294168260221   1         29.520681077947458
220.89041767034465   -2905.542126056876   1         22.8872452236429
52.93768676858998    1386.1042771054429   1         0.2612745642086488
-5534.753897595041   -5909.915523962135   1         0.9362479948594336
1622.613731757414    -1735.2387870504008  1         0.3416105204043006
-1569.7824793203342  10823.126510376012   1         18.405359223550484
4599.586057093942    -9102.02063211642    1         0.9597702948182805
5928.2088287327115   -7817.806665715242   1         0.42193498140292274
8080.803411260069    1084.0493102469372   1         0.17080056726774137
3444.6086658208046   -5234.447004989214   1         0.5248277046824982
9989.917835329827    4259.729930486753    1         0.4810190902071605
3355.5036761560073   3793.1616511054594   1         0.9027253535617078
-5564.6010576832105  -3202.1345528397296  1         0.9307852388471712
-10101.021922709138  -3852.8602342089907  1         1.223486930660937
6911.68374113896     -7880.593893089509   1         33.46137783220757
-2372.986203750388   -6523.342796918336   1         0.29375220866275786
2872.5931959816426   -1756.1972704654315  1         0.7333696375893096
445.1190219925817    164.0515910867655    1         0.9306804304364442
-5891.776035004189   1562.8013756533644   1         38.00800348692341
-114.50155791061512  -3680.492415975235   1         45.182412051638565
8132.726368773924    -2039.80590500392    1         0.22822605418677347
-2158.4542087096106  -3577.007696368766   1         0.39036293990819926
2786.883510946681    -10373.258310211793  1         0.9473304814935317
2971.92987501497     -8951.052471831425   1         0.4707726215916187
183.9617488599865    -7216.181195309337   1         26.60844291413895
-11645.993690892099  2770.1366550268613   1         29.029415037845272
7611.815444768922    7818.61331100834     1         0.8545391069082348
2033.089569819151    -8772.700558826551   1         0.49557862025297583
-4496.434397478195   11505.534831664896   1         0.9814067851404441
-6172.876975008251   2882.273612612138    1         0.9069876737491409
-1066.0494768528033  8273.855129285526    1         0.15771824916134197
6792.3659899030745   -6309.302641659522   1         18.355871054365668
-5.569532903804648   9178.028265693922    1         32.67380782577784
-8934.127622440285   1280.1423620118467   1         1.6927211378178268
493.8841795698358    223.67327371334045   1         18.820209955144428
-8138.30066332684    -1802.5459113546362  1         0.1138741791703711
-10487.311173452259  -623.9920374756055   1         21.2093946422006
8140.970837023064    1267.6410201352064   1         23.71482166169652
4960.0735829077275   650.8247264363891    1         0.24110136756747472
131.25304783448317   950.4087155964825    1         0.5625558694261802
3911.3054262640253   9951.107505845828    1         0.46589815698530024
7337.50275909255     -1197.7835073440538  1         2.142815242286889
-9497.265810708093   -1179.9410921742626  1         1.1891304081241314
-4271.297514503722   3596.4936556608177   1         39.570707619681635
4612.169322901228    -5447.542690072729   1         0.11904284528648422
1688.765398807407    2241.003892596078    1         48.02781901076821
8125.321014051163    1653.0890378311294   1         11.333879220727075
5005.0532206260805   -3556.696535311374   1         1.0382271671666083
7900.228092542437    4952.872020876363    1         0.25684407663716924
-6381.988223377694   8021.320245493245    1         47.46348315201991
4363.7532568487295   5611.681602798231    1         1.10919647936821
-3333.9258492823265  -4962.347164802702   1         1.053405083217891
-2553.221543284416   -7441.3734296515495  1         0.14899564130915413
-5074.462072200711   5042.242887465125    1         0.6107844753586833
