trucks_count 4
drones_count 4
customers 94
depot 0.0 0.0
Coordinate X         Coordinate Y         Dronable Demand
-5590.141375463769   -8845.959042526889   1         0.8516899909311929
8321.770143238224    10483.822225616492   1         36.191379371158966
3806.76110332154     2228.000242411734    1         0.559118620006092
-2351.0120627191955  -8787.776411538154   1         0.521345242631031
3991.0025332098403   -168.37530096029428  1         1.1131082083191415
2451.853609029694    2412.7606100153866   1         0.7159109078943482
-8987.138522490426   -839.4567707911436   1         0.8476718842297234
-7094.443098037753   -4506.942925238868   1         0.15596428434903198
8697.534376953437    5299.531537768146    1         6.7643139739631595
2336.7839754192296   -8344.93228074921    1         0.6346081815633768
-10337.99643855024   -1501.5041119750804  1         0.555911284325154
-1144.8170524817072  7316.427662220266    1         43.34631656329452
9507.503514508295    -5101.313195340797   1         11.409593322075493
-613.6598519933307   -3718.9926218657906  1         0.12146844924115911
5628.197804712918    -2993.400696644097   1         24.438602638606
5946.534632457662    2436.8041647471437   1         0.8940662683060489
-7535.224587662675   -8834.916178284422   1         41.1515379224599
-7708.19943607841    -1709.6835899031187  1         0.6648046227208497
8487.733296348051    -5814.585787052157   1         2.1506199978972123
-2345.93476916031    8792.361123457214    1         1.0822772511162575
1179.1704885558147   -10541.783380126953  1         46.117587699223385
-1239.57212371991    805.2260574257892    1         1.1309027434699213
10319.953685395962   8632.366574604734    1         0.24488005659812437
-719.8309690540561   -2845.714631076995   1         25.849368382086436
87.60177888601103    -1774.0720366114842  1         1.1361555176694953
8173.946323457729    -213.4493932876161   1         0.9277814071728697
1792.8421569264049   3483.0770582647297   1         0.8712520675543295
8061.046226296251    6800.823110092307    1         0.3675691875442132
2960.3948463203587   9451.2055773348      1         41.32673173693834
80.15962556882589    -4923.668748901354   1         1.050451049063736
-5040.519454750278   -6906.272551820805   1         2.0412219521362336
-3700.235132074614   2923.783095397652    1         1.0763949947637301
4067.339778055731    -3594.6166855188867  1         0.32737774467999237
2307.6685511456208   5095.3573570487715   1         0.79281288263357
9000.745512013116    -8928.480184507564   1         0.6492497209073143
-7554.638511149509   -8343.649740331006   1         36.14624580566186
1227.4388118896247   3186.61545105075     1         1.1585513566158663
-6345.62530766986    -5040.552805054888   1         35.099999691957294
3855.7260799008927   8254.314683149993    1         1.015233003936454
965.7393970147139    856.3776839090667    1         0.7313210352807271
-8133.102936771818   3614.554691037829    1         46.99512286476397
1473.4640671769394   202.72613078884444   1         0.43592981092620187
-5859.512560902508   5854.7846228891985   1         26.556927244635332
9858.59421732548     -10691.484731318886  1         0.30374365449568985
6312.888653920156    -7085.364192695862   1         0.8714313936547247
-5755.210650354167   1869.0031536744102   1         1.2459348107798607
-3784.594791783064   5074.2137744675165   1         0.7408048160188123
-1105.9977698112355  -6553.792010687213   1         1.0954188800969438
-6177.241323573537   -377.0467448884428   1         0.6983842430345213
5661.7052490128335   4295.78067063118     1         21.278459975235798
-5972.089739201989   -6034.804899127443   1         1.0359721967904052
-10118.608898278111  1129.0151026884912   1         1.2378801020595835
-9621.780352677417   9553.66677310238     1         0.2340845778598407
-410.2484543244437   -3027.2120796080726  1         0.147479810815498
9997.257865743959    10.739360549531854   1         9.637360115494374
-7184.8020603347295  -1246.3726819005908  1         0.750076702585506
-5396.828679196843   -7453.3234759151355  1         38.588822953336326
-7125.794487542375   -3464.354995011051   1         1.1317220491337858
-4103.552950096493   -1194.9022516158682  1         0.3162779790953496
-3731.1761879991236  3073.6643249125414   1         0.879015555403845
7262.401212923188    4324.273075848128    1         0.9287531223401722
-217.1352044011301   -9606.975931751611   1         33.480588575714464
3655.707196551617    -4760.276355201655   1         1.0667825204558292
3338.002728484307    -1383.094979673966   1         0.49048476283128695
-4751.793557932612   -4747.4881932622     1         33.87460066643985
-7755.0028343621925  4786.993559847229    1         0.8169421647135093
-4499.103754472328   -4483.790353019045   1         1.2179711794144386
9462.70823304863     2317.0589490527495   1         0.9073286446935397
-718.5859740849227   1692.767997757727    1         1.2028268989865385
6460.626892732718    -1582.2514710688538  1         0.19005297343540764
-9362.103780410644   -5275.202070214785   1         0.9139498495794165
1368.8146323693309   2664.0902491872343   1         1.2095623760645562
7595.706361813164    723.3295549459234    1         15.922244758517857
-5612.898967049288   -7388.273780635171   1         0.3397322264547912
3222.8880319870404   -9898.376356583656   1         0.19963390799889813
1130.65075864616     -9938.25816557598    1         0.7692035781975757
7452.02237322486     -2014.4077015367432  1         0.4984335366599095
-1717.1829320985578  858.7762007153821    1         1.1702757510624056
6037.508363606966    8721.153312587772    1         0.8161434119482271
-10115.751078655354  2608.6077942153297   1         0.6325151957674804
2467.0171366263694   -10080.865765712218  1         0.8842248928273773
-262.5598152272269   -221.3380996738055   1         0.18670328705980815
5054.240143537652    -6756.488753987478   1         0.14773834484069387
-4419.693199379936   8701.954915494953    1         0.28515809647260215
-1415.8412541501546  -4577.0323532574685  1         4.857459270276088
4383.4961532244015   5074.593665077809    1         0.2899174669646539
6166.53446738634     7390.495791893278    1         0.7755787522523567
-532.921976056328    2665.8629215203796   1         0.4624690550952314
993.7937031532637    1066.313675163422    1         0.38444623051906923
-4061.771687931212   -3546.9627859407256  1         0.35224877280845424
3313.8383826132767   7451.028843005629    1         0.8342226044644978
8601.115036103702    4720.762989438135    1         0.3949268988774678
4417.471665844919    -471.25173458577615  1         0.9908940195964437
-6098.9148376619805  -8429.526923732987   1         0.46460114916765605
