trucks_count 5
drones_count 6
customers 100
depot 0.0 0.0
Coordinate X         Coordinate Y         Dronable Demand
1263.9661939303262   -2197.7573008025447  1         0.31540769072917335
-5849.408850776345   -3740.958019946966   1         1.1447292208096902
-5202.8503810900265  1799.9402387670073   1         0.8351259225312153
-326.5394079585467   6240.177313892254    1         48.16734456512418
-5175.00512160693    3216.6921372384736   1         0.593816185713186
-2900.055764483156   -1786.706859881386   1         0.301339949600226
5174.73038938479     4283.348839935757    1         0.6180191715052644
1358.1476755066826   -6823.415428546277   1         1.1494282316156421
-6216.7755056571505  -1614.0696108465052  1         0.1413268809498531
6106.625024212976    4405.7156671887415   1         43.09450654321799
-965.3237397664006   -4860.138380622649   1         34.20296137049906
-2761.510029408406   2677.6733018177083   1         0.9126433539203009
-1819.410176747581   2088.901075723663    1         0.9715479724780389
-6018.41740993172    -2084.1275381743862  1         1.0265463347126558
4869.439236104888    934.8291299989738    1         0.11820401193866437
-3750.0902969236845  5164.494563423168    1         0.5661646179908899
4526.56400966162     -1049.7755806780851  1         19.608055230801096
-2063.354808941733   4000.651200006515    1         0.9098080250595418
-6582.405547591441   5964.506863727968    1         0.48300513279035073
776.3320415991197    4991.616801566702    1         0.6635271286351458
1442.0425790268462   2261.092499168284    1         0.4397631593220388
-2394.2601537480896  -6636.559417097472   1         1.1555388492602356
72.44577447342563    2215.511363130119    1         0.5140756839726914
-4546.694717815983   6488.126849595239    1         0.5101015884983363
1744.595231041815    3115.68480030928     1         31.63152304268631
5656.790947449347    3659.63583473454     1         0.5645671719085116
-91.97869714375231   6204.223734818101    1         0.34669749221043994
3301.7298517186127   -3235.1713510332684  1         22.952536403479932
3544.781050815869    -1382.6266324528801  1         1.0233021817230794
-4909.405951987332   4921.615887570521    1         0.5756085595494888
537.9861502103295    -4782.105279576049   1         0.3183628038487288
6718.410094909052    -4468.881690554449   1         1.137588495154625
-3984.176213215742   4525.833278762139    1         14.800471245728037
-1832.5714041171188  -1910.1199745733084  1         19.24258116587792
-1559.8575367731871  -3125.98779136697    1         6.187712531968967
4460.589508824089    2274.4647898016983   1         0.7306388914193315
-5473.468779638347   -771.656145772933    1         1.1057386210636564
3460.2413317068667   1836.1395692584279   1         1.1727504650182008
835.9795346380561    -4489.049820100112   1         47.679889453131175
-2295.277221917637   -4800.338040720569   1         39.642321365106405
5086.539450819721    -5639.034394591581   1         36.273390013120505
3953.172734684221    -5136.293213181497   1         0.13656218606149403
-4209.195282899879   -689.5370882220541   1         0.7132734074763594
569.4101816153525    2642.0611549383384   1         0.1481271139533503
-6044.853035239742   4514.575289363612    1         1.099958837047499
4073.2622503287084   2680.825998352403    1         0.3033728575014525
-4917.376397668975   -2335.528424534704   1         0.6327585038506959
-3048.4179768000686  1791.7327770757952   1         0.6471147152699332
-1014.8682831067911  -4438.213293694436   1         0.6279060899146826
-6885.5927077004835  6145.02252524644     1         0.6135240077027194
2241.1718516362475   -2881.9041443508345  1         0.4446844623074614
6384.741529815835    -3207.4993810760357  1         18.734169124531157
-4431.458213128191   6160.245390005982    1         26.481161613877543
1953.4713158600398   -2510.9096373752063  1         8.229580555959933
646.2208211145515    992.8894836976144    1         0.7998165361016037
-6366.570635302723   1032.7910031273607   1         12.814712446599724
634.4638997032174    -4561.161903315578   1         0.38412864834474325
2910.5502864044165   5188.174488742136    1         0.9339558149034617
-1424.476836395917   347.2823849271353    1         0.9999451962749779
-6042.787812752485   -1866.6873812420026  1         1.0743672167035752
-2199.724772282105   665.5718880829209    1         0.23996059599504732
-5912.3849716070645  -4763.1040160698485  1         0.48207325926498934
-6142.999599229531   2858.0974149152394   1         41.6473541408264
-5122.904138981968   -1720.1251421515706  1         0.3686637608566532
-682.6018394741641   4740.141893844496    1         0.29676182391428263
-1667.3936078707147  291.34033788517837   1         16.16058473480313
-382.7611745936428   39.310891593213434   1         0.763631151221678
1327.2228950799463   4168.435672781893    1         0.9655735090153444
5500.804795755391    -477.51707342867667  1         20.964731532981027
3575.718017752796    6557.127223813944    1         0.4064137475757552
17.166137692434834   -3442.4400100437933  1         1.2173379360562377
3767.391273104432    188.19355487594547   1         10.517483111578471
-5558.801747867166   6230.317111378947    1         0.5907615354605822
5628.635774020296    5718.925327120537    1         0.420591406909668
-3643.008888358844   -5595.838635794951   1         0.5978981493879305
6300.346872260118    -5068.447671295132   1         0.3062752878752997
-1730.437983786608   1946.409863841642    1         38.897087375351134
-3732.6159633648967  -6708.0633315277555  1         1.0769074593597399
5695.935975903359    3580.5896037191615   1         0.43613649926082076
-2423.1528227998324  -3861.3488468007918  1         39.875881141559695
-3037.2030936125884  2061.8091689066164   1         44.57260495949312
-5191.49151349854    -3981.7584831388695  1         3.169566368247006
5903.9461818675345   575.2360160397578    1         0.2813237452031265
-5985.419265802299   2726.0878010018077   1         34.41046664562355
-4129.278321660089   -5888.570775257997   1         0.18652393596750988
741.3625791896502    -434.0907934961997   1         0.7540722411560358
-6515.03669256139    6085.774461213049    1         0.7905468541727046
898.9942399512548    3865.1756571100914   1         1.226585438235264
-5757.8987750156175  5498.878321496256    1         1.0514316861780875
1985.64036505067     -5836.108933088356   1         0.4941105113611566
-6403.532598444472   -2908.5325926716046  1         9.991962593058165
-5366.292712830257   -2300.883656492649   1         0.976155522117608
-4262.343941579783   -4701.872836658695   1         0.8683080421321809
5936.189916105296    -730.9874971965221   1         2.205277973737075
-4927.896085370125   1555.121082172288    1         5.693851657315461
5833.41451659372     -4708.151778683232   1         43.05021627847588
-422.74781843963865  -5014.065151668389   1         1.0434699850389197
890.1270438043011    6216.723083674838    1         28.50602944524277
3358.6055001449377   3618.8740347163703   1         1.0139425090413245
6785.425443244151    1783.3334553991153   1         0.8120210807590382
