trucks_count 4
drones_count 5
customers 51
depot 0.0 0.0
Coordinate X         Coordinate Y         Dronable Demand
-827.9119413534125   -10241.595829655218  1         0.8485668957402075
-10224.635670371146  -1829.3681369665974  1         20.032480642420328
419.0649376596393    -2336.5588650720947  1         0.1063283872868561
-4575.6548974673715  3242.0485740758086   1         12.60565653369847
3817.694744437572    -5127.50792246933    1         0.8961421501204717
-7338.590259626453   -5917.716755435957   1         0.5663374242704642
4492.014106287138    497.7415143971705    1         0.8451958441005354
179.25689744087887   3713.391783183739    1         0.5714038775879839
-132.4919032679868   7360.839191067598    1         0.6127938849284477
3072.3208814604586   -8865.459937653923   1         0.12764070478655215
-10393.256362673197  -34.05253145415659   1         0.1250134782638673
11490.554882735843   878.4412071075658    1         0.11278830036006982
-613.7226735682528   10409.80869660163    1         0.9531047098580091
2784.111934095393    9684.137427368485    1         0.4655278935770817
-7757.9608766081565  -5142.0711630530395  1         18.246750196505516
-2359.4214618795154  -6628.174340133884   1         0.4200558251545383
6731.392342986867    -6402.513344554696   1         0.8599814558943975
12672.42679616158    -6270.25809535884    1         0.3770551898708989
-11510.67190461366   2399.5930903007593   1         3.208321881419379
4874.549199215821    -7551.598464817468   1         32.46170570862857
967.5133277816976    -8125.038907888249   1         18.056767550054396
-2628.961867363836   12467.26459368984    1         1.020044386656453
1383.0148419566685   7544.347796133049    1         0.7614304905134767
6327.768906591908    8323.289588963806    1         44.76364345012837
135.7660668514266    7942.732294221756    1         48.419018292831076
-2752.6603178865566  9509.730105195486    1         0.12639832639603926
9225.428131163711    -896.7027442820242   1         0.5353694062988061
-3545.170821102883   4297.598520083455    1         1.0488435729363568
-5941.212822932175   1219.8195124512674   1         0.34100204804272105
8609.471014691622    1867.595664018896    1         0.9858164977552286
-8106.933259014522   -332.8973980291052   1         43.21265594534395
2658.9191862934804   -6068.112931489423   1         0.3993188422392254
-337.1709398019036   4127.865010710569    1         2.535826283612126
3715.26047591157     -9323.878990978734   1         0.1836940847119075
-6362.14121506226    4285.59161371275     1         0.4764518040445159
-4830.385983530223   -12576.206880083262  1         0.4943464301972976
-4983.1867682159545  -7128.753639631914   1         5.969102330772492
5588.582205360075    5509.829503053966    1         0.9906337226172294
-6404.465021867755   -8274.710814969349   1         0.3691406870960987
4886.128809747136    -7652.130830268763   1         1.0618501249970191
1737.0841190096658   -173.9645241984704   1         0.5240063719013309
-8057.593930418551   -6377.581535213387   1         0.8781906723880871
1268.8325153526996   -8425.471049780519   1         1.010411352986076
4616.076456507988    -6292.383895422113   1         0.2138120916773189
-8752.425944365415   5919.27414628779     1         0.3905179037143637
-7894.871180308131   1726.0982840933739   1         0.9170893295265424
5726.845481300021    -2738.9674392251163  1         0.5720672537022019
6363.854406251765    -8299.296327575195   1         1.0289139515719246
-1557.8980644589665  -673.516039491828    1         0.6274155083518824
-8613.991986019904   -2229.950785292531   1         0.12450879903360221
-8408.091696558737   -2393.554604441558   1         0.8359240486184978
