trucks_count 6
drones_count 5
customers 93
depot 0.0 0.0
Coordinate X         Coordinate Y         Dronable Demand
3939.7246433249375   -9448.492929704484   1         0.245172728186579
12586.748236301635   -3806.794130606435   1         0.9807056435437577
-5722.295865453455   1422.5520164624932   1         13.200743843594061
4268.457742996718    -382.01594115747713  1         0.52600221462555
-9086.456300781869   4448.348078456403    1         0.8907088665761086
9979.773039083993    10444.966201462343   1         0.8970354010503566
-7129.513647496287   -11100.121281221785  1         14.399595883439206
3469.125827734793    7590.063796770825    1         27.14285168037932
12420.067713619974   5749.141368921635    1         1.060938799072885
3035.4448622931263   -4232.472783737415   1         1.04105352746026
-10476.492946283071  -143.5691447795241   1         42.7171592280228
7614.930434874295    1639.1256527003698   1         0.4059720333630086
5376.1164114785115   -8287.215673299941   1         0.7531335427426082
9403.833256995824    3261.5729013234736   1         0.9508553216000054
-1373.511189798215   1419.3541845631732   1         0.6268025768230775
784.2053803095429    2507.3090335990096   1         0.23672649737907267
4781.717693569024    6729.393267265108    1         0.4196716080976134
1733.4213853256551   9634.070168266895    1         0.6779301609043183
7798.254896514343    3895.5325440642014   1         1.0907864975723962
-4211.7667216358195  -8941.148349664303   1         0.13306603049945898
-6276.530015315124   7022.332921698481    1         0.6072611818126458
257.74397555964316   -5913.613120855225   1         0.9780902457549097
5679.431403345181    -3744.4958173363675  1         0.6957279592188327
5449.006890571037    -9405.583445058663   1         0.7047850005127823
1373.7012016926042   3971.0722353330198   1         0.7714518420561854
8524.633790748449    -5408.6062819980725  1         0.6643392394636525
-2356.3292194810074  6284.588628064661    1         0.7341648667068348
1113.8345150911973   7794.342804984473    1         0.8052839239593724
-7946.641283714788   -3338.8353021386156  1         0.48682254136392056
-2867.9184629137476  2572.935836020933    1         1.0339199618285546
-1446.3454437529838  7001.892190890683    1         0.24865507085789235
-9629.01309089651    3108.2685704660453   1         48.530989594605344
8116.867694105076    -9636.59827213278    1         0.6926744615024846
-12266.390333609444  -11074.331046487197  1         0.1114352299187986
-1452.0068801415746  3088.3013537256606   1         0.2557321206487615
-2599.505663006681   4745.861434825262    1         0.9637059608027444
-5733.920790697897   4898.442161079655    1         0.32359238344184416
8131.09994414698     2205.8238988999233   1         24.341085109496813
-8295.549622703451   -328.01268906083845  1         0.20029642266180198
1216.936166717216    3966.474602877432    1         0.34317321872198037
-228.43427067827858  -9596.848576561746   1         0.672817397339982
1861.3434086199518   7033.298415101352    1         0.8428702441208962
-3736.1542344374384  -9768.988229080474   1         0.44262113780652357
-813.3012699128724   4973.453870451257    1         43.65643434330467
-9392.409573013525   951.5929561306842    1         0.4736603508569889
8067.843719833747    -4979.792032629718   1         0.18269323044584673
746.4059533109155    5030.086084078442    1         0.4089034137582829
12307.721727914352   -7984.454046327303   1         0.7128144335446223
-712.5964239550412   10720.439454779327   1         0.7574548124598208
-3455.0834172479667  -2850.4003784753318  1         1.1938541861251541
-2273.7231968970755  -361.58305902514326  1         0.8319390845532468
2066.741052456957    -6332.225317145313   1         0.7920345283225257
1508.4322035592395   -6422.904640646642   1         8.36494259716614
-2169.3545771018034  -790.6951798238933   1         0.4742337396581603
-6825.579756648228   6946.718717197681    1         0.6794116605760915
-6882.490294225577   7253.858368657376    1         1.0894726011673532
4290.929741901198    6389.568678819413    1         0.8971219914114097
11314.441242169956   -5131.277195295827   1         46.92667293973972
-5504.718249328185   -2521.665853532126   1         1.0833962258601277
3644.0875121840727   -1320.9693215383236  1         0.39528063985660955
935.3771952205516    6462.036718516676    1         26.083417627090316
1332.944590377317    9859.009871460232    1         1.032135802770672
-9604.250343980988   4536.991609144675    1         0.2566587137518297
8648.817675528757    -9073.869152712676   1         0.5530643224505291
1493.1294411757426   9093.23762541613     1         0.9027730893209661
-3655.531746868859   8083.990464240049    1         0.46423531810142693
8464.104635864302    -632.2271722963752   1         26.00962592272528
3715.4673005872714   -554.9166264322016   1         1.114845115075813
6906.011255034448    8231.604252445488    1         0.6025528285000077
4524.482011141485    6646.221474072596    1         0.45329002107609784
6851.126789568101    4275.610412729697    1         19.965383873071136
-7419.401863991774   5363.107803577398    1         13.462894902799793
-6396.684788998445   3690.628438008946    1         0.2727273692268121
5803.988711436357    1108.137064267596    1         1.1693480849127689
-6109.843262664008   7838.122604218733    1         1.237929155087306
-1256.9133530342745  7744.75083471678     1         0.6045264718485848
2463.836076809216    6913.0339374326995   1         0.18210020947439934
6886.003530955811    -8065.304468565456   1         0.8852407729236464
-7877.464388567925   -6753.164352223695   1         0.392739553059835
2102.4192178810226   4834.807129353842    1         0.7254857203963444
3824.235195955922    -3714.022521242652   1         25.813572445312925
7543.47873063701     2843.209511122208    1         1.0891582981323642
-4017.266946312957   -5527.206251159963   1         1.1528314575513403
6126.145247519768    4403.187237536565    1         15.90359054527174
272.66647532407296   1321.9741715986165   1         2.412032759469574
7425.299941936583    995.5583523272638    1         23.5180039965338
-2416.499228383202   6084.828647485169    1         0.8565143318776648
-4381.136923496811   -1739.4243157862627  1         1.0007066147707153
6226.484293048432    7280.492532927129    1         0.827431172925535
-3788.041229627977   3755.61681689789     1         0.8422377379239343
6746.649319941976    5241.4564088027655   1         0.6610909491619548
3408.7984361754116   -9047.334716258632   1         29.33980223899175
3736.6290657994377   -3659.724416536179   1         1.176557029094908
