trucks_count 6
drones_count 4
customers 90
depot 0.0 0.0
Coordinate X         Coordinate Y         Dronable Demand
5752.95629454542     2628.3829054641815   1         0.40394132135984007
-6718.789434054219   3775.146469750809    1         0.17823841252749678
1588.4892528766711   2516.24519481278     1         5.880667143492534
-141.4499253914806   -1649.2722586145894  1         0.3265630524587202
-4037.980646686897   -9386.405061263971   1         0.8602269651305045
9483.046795610197    -3395.0016631324606  1         30.923279758998188
-295.84450170164905  7135.816093795655    1         10.259511655324578
-3292.51877445348    1237.1460715485337   1         0.7640977149134951
6542.536455988023    -8058.248673329138   1         1.0010021478601763
1526.3515359472615   -3490.5954040133415  1         0.3341215910287004
2928.935950156146    7340.262443562089    1         0.2805141416592192
-7714.054122779409   -11940.259648176301  1         0.41110116766999905
8341.764292336853    -3644.6412362904775  1         0.4033828969848563
-522.9303764424078   -8153.716296507237   1         0.41747213094755864
3230.338666463449    -7782.049659357189   1         34.92916240193572
10053.394655790304   -426.76150387512024  1         42.78185205009247
-10101.433871827037  2399.4068817858056   1         31.824799761932358
-8262.847127496128   3131.872763431042    1         8.553321895913324
1741.5843080160912   -4435.739917069612   1         0.7266035072347852
-3284.032704857335   -7619.005171881688   1         0.3001156472531265
-5777.312784006943   -16541.696012888227  1         0.35098582587369
-5835.94386953355    -8216.609628866732   1         0.10213447372689995
-158.68968973028223  1755.811747780065    1         0.23331811018018636
-1837.8229847044367  -2009.9817351597812  1         40.2653764116908
1135.1767198940272   7812.6318390664055   1         48.07768618826942
4066.9342061226766   -10013.92057215872   1         0.26840949844837825
4680.914249210433    3478.184739065894    1         0.5437470992412834
-58.99872992121527   -7969.530155150604   1         43.98679903272505
6434.73083460111     878.274218741935     1         0.828238455958658
-2378.964768884827   -6911.589644256027   1         6.811385384029833
6802.294716864573    -832.7961383904028   1         0.8616466690986035
-1145.6523691676439  10735.678541349569   1         36.56146724238186
14150.093984786101   11652.881394529388   1         17.349508288276947
-8677.972020256771   -5208.848511188606   1         1.1320280761064947
-7698.0446694318125  7456.011688502728    1         45.60843907585543
10809.251378222645   -8450.568622764746   1         7.310281979324283
-11509.147402493045  11285.009942576591   1         0.1628116263297706
6563.98889808005     1007.4003799209037   1         0.5895701118172627
-3208.0509683092723  -242.35506632409144  1         1.0848452655623813
2737.1886477926982   -6644.47314141967    1         0.26082574041220796
3234.815821114949    -2955.4387295029937  1         14.615452869728337
7737.519555608641    2595.2110036585295   1         0.14082112557041557
-3546.1032865094085  -7817.574256060849   1         0.21603378101413215
4982.929817138933    2096.7888366215357   1         0.9622663672131261
-3459.2872025944253  -13013.11740867254   1         43.37559705973138
-12662.847785599715  -2985.113346355276   1         1.1961515617866298
-9730.754407469436   -16358.663876829247  1         47.69443022629542
10043.358418127696   -703.0899870817713   1         1.1562775395190896
5989.67626518085     -7280.441764069134   1         0.6327408852467854
6798.591840401699    2754.560864853309    1         0.13833239670847997
12224.968379761769   11480.96846538852    1         0.6646651856188739
-7001.535253717208   -5921.0921244277715  1         0.7278766835403212
-4869.885643984141   -4910.4269373265115  1         0.5722513067463098
-7852.482205094755   -5865.485198551523   1         0.25500051245824895
-4044.7148846497234  2181.7707097074544   1         0.7550931887818034
7890.410397884298    4790.709725506348    1         0.32837713612728014
8065.482641791945    -3311.7484970760775  1         18.520591883287764
3581.773415882785    -7761.050983889124   1         1.0586210545802812
-4652.449791371875   6200.313629733801    1         0.43047650999401055
-3624.3789292618494  -7170.007725750601   1         0.7517715344171076
-8147.667859784621   -648.8417569180864   1         0.49895382849796954
-9321.09654986051    2691.125271631563    1         48.96213757264512
5483.676616376393    8844.03846131349     1         0.37595855351414964
-16776.9623009664    -11823.454709288178  1         0.7057050000732433
9479.96454526658     -4071.0121318094284  1         0.6588592852688546
1908.0290312648035   -7673.917097130938   1         0.9975692955265387
-3682.560767681545   -1094.280508678826   1         0.6069925160569094
-2034.19982596345    -9612.750227297887   1         0.11896327891262663
5637.280909322349    6191.604231638724    1         0.6036807075087908
-2608.4275232181835  -10611.979465573319  1         26.531904099246198
16578.467236818782   7345.985774984481    1         0.5000206313207186
8780.053302118442    1347.7162413605183   1         45.17986479411893
-2503.6741068171045  -7596.888007917687   1         35.74814119474371
-2320.4762241434714  -3943.850171505525   1         0.846137924166231
9418.641173934226    386.38236960613096   1         0.8403499732480397
10780.216664031128   558.0246537315302    1         0.9938917920708522
5915.956419007445    -2314.1581970785296  1         0.9189383194855536
-2828.7515438986134  -3927.158424266689   1         1.1057106114040813
-2243.7078876728756  9690.312201371742    1         2.7968251221084546
5359.6295027822935   -4065.8254797495715  1         1.1975208037792764
7850.7822633126      2039.369956216378    1         0.5695986658048898
1822.7569937918215   -5814.836157644944   1         40.11677167861053
-3152.253480694322   -3231.1051443879305  1         0.8787464755737481
-13472.50279185815   10763.217702322789   1         0.8148173679109417
-6687.566181226866   -6445.402736671214   1         1.22273403328303
97.00977219769432    -10671.690893161058  1         0.3551117374227416
7006.545826795727    7624.892775645338    1         1.1445098329858652
5718.169110181275    6017.424793899977    1         7.021684987642105
-4355.866036920045   -9062.865726550846   1         1.181594136367997
11580.944121997429   -4455.101423052298   1         38.83181384846801
