trucks_count 4
drones_count 6
customers 83
depot 0.0 0.0
Coordinate X         Coordinate Y         Dronable Demand
-5432.881709814735   -1794.7610004674434  1         48.747348018581874
-12163.370418626218  10250.842857572661   1         0.13354850166608986
6632.105838363244    1244.8973234610392   1         1.0636211763015762
-6098.678676374442   -7245.326960468565   1         1.0797847408170473
-3808.009325919631   1774.5326360836598   1         0.6790578462642003
-8572.364908391924   18062.791286249027   1         39.88700259834402
2534.5792597953596   -3826.2102852242397  1         1.0399446439907643
-6299.564155762415   -8335.661707409194   1         41.32337614681752
8319.968972904528    -6986.705706522846   1         1.031624141036893
-4521.376435227134   -15437.182026899232  1         25.215269385279868
7889.605965294993    169.93660581046356   1         46.912531326776175
-5952.066884459864   5859.80793699999     1         0.357805964013736
-1616.441934079934   7443.791389177707    1         0.47460290511242376
-2494.933367765263   -2266.4974759938555  1         0.423406483810433
1411.0102799589185   -7374.3008229218485  1         0.43835875806986846
-18078.242725786593  8585.070704146783    1         3.7680741840102683
5537.576285441299    -2471.9086983341463  1         0.4677639227614744
747.0704003703103    6139.154969834721    1         1.235647127271037
-441.44948639823616  -7299.62436750971    1         0.1714533039525805
2073.3270337035688   2785.229970682545    1         0.9725639931103351
-11.403120379472533  8677.682863014026    1         0.17981159519869858
7140.151058891871    -7523.73300799543    1         28.517827768321045
-10053.268200211016  13330.704876132833   1         48.9536912957575
-2025.1393184242406  -2718.771938144597   1         0.8265952162863388
-331.54637231570825  -1278.4622718094774  1         0.7643501225228565
-6335.580058471635   -580.52908586899     1         7.034275578511577
-7647.744838212633   11145.221979514023   1         16.22190266194702
-7834.954732493643   4632.5968678006575   1         20.678626106393757
5197.961389852763    2258.085772097986    1         48.590858375260254
-9999.015225129848   -1359.2329097887903  1         42.006422769450396
-290.2233452522832   -5633.166517804489   1         1.013101475693205
5097.7110132542075   -3208.4810388709616  1         0.7681052951884094
-2112.343491120723   1522.5123852819406   1         1.1539588914897567
-1659.9156570181053  -8416.769719473543   1         1.2338641269534245
3366.930997050144    4475.284967321785    1         0.43158129217189556
-8684.495592674442   1129.206034959744    1         7.106448140833996
1888.8135868508155   -8352.732040656076   1         0.9934595756045483
5273.257631609862    9062.52718767706     1         0.4778080165524784
811.6444851903743    10486.052882659182   1         14.990436060182812
9473.051115527225    -3730.5850580177043  1         1.1391697484433236
6278.478403564036    2950.140347664627    1         0.5218960869018866
9171.23340629576     -3726.4209010203062  1         0.9635612883708204
6425.324849121356    12521.74702817365    1         22.186601604104737
8393.97845399654     -6469.545055825614   1         0.9721462549692249
8111.73436832076     1008.3704748488101   1         9.92259546781195
2.675730509273387    -365.1353018250502   1         0.3708494401819139
-13409.774221240104  6165.0367059864875   1         1.2351949805464284
-4012.9400171249067  -2780.5614878059573  1         0.5776349740237201
-103.53288097023825  1987.3410006854144   1         0.7045620786061152
17970.812306555083   -14515.295862291314  1         1.1228305919429897
-6088.1506319017735  -1227.1972150097467  1         0.2512291421123076
-13836.638002244126  -13779.427470271949  1         0.48571949934629965
-13270.442250726133  -15450.670170835248  1         0.49786289475466894
574.6310897859639    -7865.088754183633   1         1.122145559478955
6925.983327252416    -8025.525550633669   1         0.27163182626310645
9059.151104671886    -3617.7401186616216  1         0.83664463521427
-9588.607788644387   1578.704834465927    1         36.8316123254871
-15369.254288844546  15077.62081685548    1         4.649203684525498
-2128.639509192293   -6114.12304716764    1         0.11411491194138737
5489.345750325615    -7000.895505401107   1         19.454986599120467
2447.3692826084784   2613.782517021615    1         1.1503655977385097
3515.5985529694      5.568138429091096    1         0.27781903576733225
-4079.6197187006637  -2801.3383776851147  1         0.13648217881950236
-11069.186828984333  9119.146817665602    1         0.5035429875408662
-3023.4756656428417  525.3247583448288    1         0.885027701702316
-4622.677683686754   -4313.0823010870245  1         1.09296472057007
2663.971478829136    9402.819726710504    1         0.6751223580070735
-7295.891701520763   -1512.2614214669404  1         3.1880311770914984
-10162.449324499134  7980.825996286123    1         0.6357061777893921
-2115.3863536230265  -86.5956702046932    1         1.2112831441306415
-4770.487549846708   -3862.8791552888592  1         0.24845472140178415
-13291.18182704457   13591.333042846672   1         23.968482816692177
-3819.33670889249    -2771.074789031449   1         0.15081820899348158
-811.0510028791806   -7701.119105058311   1         0.32868657502059206
-6718.02737876652    -6465.085968723586   1         0.7273300906951378
1449.0320766910381   -5426.059321441354   1         0.9650946702217306
741.2927701543008    2256.980214798275    1         0.6156751686365141
5084.664379259594    7525.360270804839    1         0.2843488052466546
-3073.4815933712275  7105.338770924867    1         0.11560361205567014
396.348534883154     1579.4610547694144   1         40.67724809834061
4069.881847401306    11999.934042132947   1         43.06057515147626
-4709.108837057953   4036.5292742048405   1         20.202319979405736
7433.615184741329    -1821.7169152543038  1         45.94998686663191
