trucks_count 3
drones_count 2
customers 32
depot 0.0 0.0
Coordinate X         Coordinate Y         Dronable Demand
-1630.6766820746748  -717.7828484981987   1         22.996020717132357
7252.415834439043    231.44897109718636   1         0.6407494600947606
-1411.8128420884175  -2945.8568138869136  1         0.8585387330294356
-1148.2591921634103  -3960.1625490153738  1         0.17665716627877046
-3167.668464302967   2588.53774833868     1         0.6236662955977057
-4333.958766779868   -2541.141418791747   1         1.1958990434740282
-1899.5262370976538  340.56929062900355   1         0.825834386734183
-6019.752797861657   1042.6738321199375   1         1.1671052663377495
3915.8310440051996   4649.41611045611     1         0.748101933645626
6357.5529812149725   6887.403735718179    1         0.9986970238675713
-3096.9648635362873  8540.23672688813     1         0.15350709590208206
6563.522799323354    -1981.2582153071126  1         1.0327140554970917
-3599.1143659274594  -5412.435957645086   1         0.5857647660833946
-7843.936299022175   -4500.5368112981105  1         1.0112543690205167
-6967.926706359074   5854.318241921417    1         0.2957220510270291
-5193.867048610112   -6573.300564870308   1         45.68031658002741
-4980.536418112459   2168.855391364171    1         1.1234644802362008
-3729.7529779203205  -2758.8064607202114  1         0.7837547505076953
-5708.986809171347   879.0694782256895    1         0.41771939462227803
5840.591351342921    -5855.613843160684   1         0.7617350528186111
2301.0385342770155   -1556.37296632831    1         24.739831603375887
-8320.695172538628   -1072.0642111383365  1         0.4755468334396332
8392.479180673661    3375.131056883497    1         0.8994899936453772
-1668.882772200755   4507.477947830594    1         0.8698625229682462
4121.943397104037    331.5734926535759    1         0.3868373788324364
-6055.08384183091    -92.05468914889346   1         1.1165883634778775
7367.345560792954    -4080.3181253796142  1         27.660422599934687
138.71788692667974   -5385.248292222956   1         0.9976015214692099
3712.67967401282     6944.97079656776     1         0.7426573803352472
-7029.945431941741   -3607.3928712215325  1         1.0752085784669618
-8070.95329348124    3653.795467009724    1         0.4920744460528804
2704.920974353561    -2633.8252719306574  1         0.11798466469203059
