trucks_count 4
drones_count 5
customers 50
depot 0.0 0.0
Coordinate X         Coordinate Y         Dronable Demand
-4834.923026667698   -8445.555346116502   1         8.111361431134256
9082.924327617166    -2776.5968000496587  1         0.5516513466901659
-6120.078802023521   3250.569588038341    1         0.6641375003097207
9188.191901151444    670.6885419806666    1         0.32503568957913315
-4959.446724000334   4736.461164093781    1         48.182813520923986
-4540.260044024275   13904.016055013402   1         14.349584169504643
338.0046626438382    1642.8412602612407   1         1.1849145226067193
7500.863939005059    1917.1371605328168   1         0.4719571936842779
4256.463510531652    6908.181899180545    1         0.15868957091803165
-4872.239262521801   3181.488102411789    1         0.6639712736070527
6234.967442272995    -1399.1382496566007  1         0.145330685352631
8043.450283158723    -6915.855113958951   1         0.4174992078963893
4558.550430329316    8313.172940703076    1         36.18310824433622
-13828.058359374663  3135.889967020561    1         7.033524814143847
8558.32855197887     -2951.9577122654828  1         0.41257564936181124
7660.178038200813    3723.6464182297177   1         0.943698938428257
7861.712682912748    -6793.84979419855    1         0.5187585402243161
1154.04466753963     2419.7519871442064   1         1.1927539919733254
7478.8672246764045   492.80103498572174   1         16.40298708027273
-2141.2346881889653  10566.160713843543   1         1.2013164653465767
-5231.132611522247   6943.075633983697    1         28.95248271616521
-5100.841485222169   1169.1310029481283   1         36.98755996637985
2223.3595972719913   -6867.908873195303   1         0.603407509724878
451.4280161110185    7698.127779967727    1         1.1506944336530562
8158.513271638443    14953.375642434574   1         1.1189860008096053
8225.629663464098    3661.183094067358    1         1.0435108240345288
-5301.854655591999   6533.570010073861    1         0.5047438015917283
-5031.72813043692    4472.649473479741    1         0.5066855266068931
-3482.5281195136354  -9501.166721961714   1         13.330497306447912
1586.3550003618311   -1024.9255508119072  1         1.071540689354648
6063.587705597609    -3441.2550853890552  1         0.9125156141547985
4253.924050761987    2997.1216711643233   1         0.5694972867460595
-6221.712910800606   -2399.2822194993983  1         15.791391106010368
2417.164745926016    3663.8282097453803   1         0.8708538777546375
-2677.289887855115   -292.6197801602034   1         11.942677701683296
13071.986636281526   7913.736010697605    1         20.68018724821043
9437.989130282604    9640.341091671155    1         0.6837574260444675
5051.288793468619    3738.516751204301    1         0.4350042941340382
8500.153115245697    2875.040523105128    1         1.2441144004417652
-2901.7465176374344  -9055.71898424021    1         10.002544329841603
-2267.9185633261736  -8286.40196683138    1         0.2960920810879616
4368.083717513517    -14035.837780108606  1         0.8567460183600136
4091.102315102572    8495.269377534007    1         0.38440826012849516
-6286.355966182298   -3014.4958974129554  1         0.6464847186627491
7417.063367558192    1587.7428706922983   1         0.1425149403960638
5974.805879134448    -2978.9136018480367  1         0.37254870493560854
-712.1681490778504   -2366.7171415013454  1         0.5935091629289374
-4006.6419239430743  -8010.35709088288    1         0.6154755616574464
-3280.548651477942   -584.3993846632262   1         1.120773203496959
4679.454062267834    -2313.4635853747177  1         0.4428760996095974
