trucks_count 3
drones_count 3
customers 55
depot 0.0 0.0
Coordinate X         Coordinate Y         Dronable Demand
4894.495859867854    5232.900931310686    1         16.540400796134243
-1480.8814263576503  -3637.5268568802308  1         0.15401354106896328
-3800.234871990708   5879.710082552052    1         0.175578777459715
-6074.679369150425   452.34058804702454   1         0.8637979912966935
3824.5677214593065   -992.546396660569    1         1.2034975118238413
-3145.123848537596   2265.921933816821    1         32.24209177668038
1277.2708538528836   5076.098885822388    1         0.331896015098869
-84.83519605485071   5396.645763543631    1         0.7422795252987209
1211.2794666512277   4935.564097213716    1         0.16403108281447898
-4331.806153360179   -5094.011512589104   1         0.515143109378475
-44.436113367231066  -1594.1900123064522  1         0.20420043618646672
3225.873123813342    -2996.501477369136   1         32.254497630605215
-2167.5811035939623  -192.46695020310008  1         1.1614643945070626
-1978.1175040905287  4954.8177406859595   1         1.0938559223347053
-1845.1577030471924  -1737.1459957580407  1         0.45771376607379066
-4716.840878954256   3508.8239645579642   1         1.1686658837134694
-5217.488710551099   2296.7163533930043   1         0.45205037851343743
4602.464041632355    -390.82219595231237  1         0.7072111793428854
3541.1735559538556   -5493.86363653666    1         0.9607019570269127
3297.956236813867    5409.168387931795    1         0.987007640300756
203.71464882367798   2567.768000439899    1         0.6491836803806176
192.56104048514504   1652.3740834580628   1         0.4300992214617585
-1898.6614740228893  -4245.7993347758065  1         1.1900240223211513
2351.3854832998663   5888.102883099137    1         0.6848265335486369
-679.4027986366211   1740.2718149741552   1         0.3912297032511646
5633.881656736349    4990.166297408702    1         24.37487719322531
-2363.645837333191   6099.961513513678    1         6.767467438018187
-3968.062659927803   -4771.821733234686   1         0.4585825357683746
-4340.210651602089   -3227.143107919724   1         0.8509080670143514
4166.488170951981    4568.925410251019    1         0.7026305275446977
5277.848057063629    -4448.064956866902   1         14.104577916307468
4860.028037869906    -5886.2009028420325  1         1.2125539589255698
-5577.564141260545   4043.636455277462    1         1.159148840228506
5101.21705256819     -3096.439436987683   1         1.0410278058390963
4856.609832789945    6006.959157396641    1         0.9439969159485045
-4392.39884562411    5794.333517796496    1         0.29895643186442467
-4057.3249920166995  -377.9642713638198   1         0.35046417629151394
-2180.0733235274583  3203.2486293726406   1         1.1056268570406413
-4846.4571836053265  856.0090976119877    1         1.040221117906268
3929.861342649716    -3005.3324489460724  1         1.0400445253707122
2316.366961271077    4645.108599324261    1         1.071914434518615
-2600.2672086222924  4447.031567119419    1         0.5120373681348306
5203.694330153889    -985.0040975453738   1         22.21922755751224
3663.8298828159004   873.655637615453     1         14.234720341419084
5247.121285240133    4121.999659750467    1         7.417672850603532
2819.7523285454854   382.2391273061865    1         0.5624097295830115
2544.246890883851    5922.400553281295    1         45.67334710339461
1300.9396387643208   -4739.9756709948515  1         0.9298136312621175
-654.864792280385    -4551.744231918033   1         3.814711814345615
-2301.2783748261368  -3431.371355622458   1         0.9789168185527126
-4139.692279175507   -2607.788550617619   1         2.410342016444381
-1549.3639872642423  5354.812557316574    1         15.941581732390189
-501.1983800336174   -3265.116711408043   1         0.3661294873274954
-2605.394585046292   4726.260829282539    1         0.40134274522410296
4915.7057506494      799.5728417641185    1         0.9182007483160342
