trucks_count 4
drones_count 3
customers 65
depot 0.0 0.0
Coordinate X         Coordinate Y         Dronable Demand
-10493.661654241267  2801.757638580376    1         0.40418288799901636
-5346.413311777581   5348.464233180075    1         0.9509773771524198
6092.601437832003    7762.845645792522    1         0.6367511790130983
-4996.9760968384135  906.8381580882225    1         1.065170093912521
1500.913714623304    3081.310531182097    1         0.23660920159870108
1730.3434593195468   -654.4208445134698   1         37.39267738512692
1626.6238597514032   9292.652260847906    1         0.1850860835396657
-3333.8220470158753  1045.611345774153    1         1.239407187291942
-322.7032613091732   9918.040112981807    1         0.44932883260823775
-4733.438499628059   -5592.139888225929   1         7.674971446034678
-6567.206413529705   1700.9443722856247   1         1.1780529921324137
-7947.752116563566   -2394.5301492169715  1         1.1364939478618201
612.9233382502056    -5210.46141366804    1         21.246391021942937
2198.177718571138    -13316.623611379706  1         41.65713261553109
228.73317601282153   -9236.289759888394   1         0.20196393619413425
-6310.151599029308   3268.045094956202    1         34.71287300784444
405.035672584159     -6512.402001344551   1         0.46152559318200503
-5597.660110806835   15882.92221148782    1         18.552198481616728
-7079.492365073148   5058.627263913571    1         0.16024490511393616
-3960.0868214288757  7274.35677989691     1         1.0531099164477553
-6742.07934277429    -5200.867947227476   1         34.716019578456944
12494.68008159804    5224.207107099477    1         24.391035227419728
5514.149210947395    7678.723882868608    1         0.9710193708123277
-4458.657318971678   -3503.7487176614713  1         1.0885856557255216
-4391.830403967711   122.3338531803316    1         0.8630045705949501
-788.5761320787005   5994.114213514351    1         0.47460258930313826
4187.291123263059    -7069.428524454158   1         5.017352989239752
9882.509636319335    1727.6112023545707   1         1.009748477364371
-10791.307429059765  -9156.661501955532   1         0.3213030829748688
960.3869041069256    134.03964146036137   1         19.970893641177494
-8655.628251601214   451.118768933567     1         0.3562460850115895
310.6223740182446    -1111.5298115828239  1         0.34205706519214524
5878.437755634632    -3180.5741624276156  1         0.1700941851804682
-1193.5452650027653  537.1722442880579    1         0.21253032574502878
-7529.85293270056    -7858.090408095071   1         0.3501098311505123
-1838.6865680991086  9824.508808713692    1         0.26273963695722785
-3451.4761128866207  7542.974496408839    1         1.009369653221132
886.8021272137106    -2445.3437145718126  1         6.896633935549871
-6895.085261509296   -1718.5904107729523  1         0.958570747850857
-7271.60329344751    6764.909739184716    1         0.7373762554027439
5495.223662043883    1638.5231108238677   1         0.5622895548483847
-3711.380817292575   -4752.448089942184   1         0.12950306311999138
-1154.6868521275117  -4456.715078679947   1         1.1708320225898126
9513.844169809754    -15850.274910387716  1         44.89850037749951
9329.080571392664    5656.861117120024    1         0.8475360753855394
-13107.673605462533  -1580.712283860801   1         31.049661865658383
-5005.938684635923   4996.398238172775    1         0.6873057879518596
6408.190076321116    -3534.028401346838   1         0.328184060925684
5710.592773776536    4674.781451686224    1         1.1172293895258425
-5983.252928143704   -4395.959081997473   1         0.19922205542710086
-3581.414048135932   9861.662331334428    1         0.6314507718272402
2509.8869289331133   2139.4591485247684   1         0.5099974498892015
-2919.6497811612016  8.27222874241768     1         0.9175833005804558
1054.7259130277266   10776.087898839613   1         0.2860618507269076
14519.670570513847   -719.8539275611001   1         1.057526054865005
-5038.341109729879   -8602.891588713      1         0.642736216420683
-7535.758139731384   -2305.8956351895035  1         0.4635207648816394
5533.55125834018     8828.730209369734    1         0.6145939961085423
9575.269058535803    967.1321705199248    1         0.953050624146695
-479.8629979494011   -9234.891736964613   1         1.0559671712996788
-7865.889470131722   13041.401746786012   1         12.442372671698276
2078.3605405577023   1856.4975314852293   1         0.24044061321663848
-5420.681989063486   8928.95179898267     1         48.420696297199875
4695.6610026144335   -4584.074323363925   1         0.500396187472785
2096.415281641558    -9755.940438765901   1         0.2566786220436804
