trucks_count 3
drones_count 5
customers 49
depot 0.0 0.0
Coordinate X         Coordinate Y         Dronable Demand
1127.8414676431112   10727.922361857673   1         1.0421874048158681
-1790.1534844858081  7785.538282942062    1         0.6728260282113638
6932.057778238632    4779.688331758174    1         0.675114764882573
-1291.0879696250547  4863.971780178556    1         41.22581631618374
-14233.70671961541   -3214.0970686828678  1         0.44629746311959384
7359.240276411853    -3141.7360743866243  1         0.7249869323462677
3999.1861849481284   5777.72887490698     1         0.2573140576691909
-656.2983327094153   7091.6972829763545   1         0.30943439380848786
2148.687251356353    -5902.846898932663   1         0.19905238393368463
-5674.891785646998   7631.972671652693    1         1.1877109404849617
673.5816260015158    -5986.093528750874   1         0.42653938842306804
1274.1793803185615   5741.0412690799985   1         1.2251907862984064
4236.13059289204     -2424.675544495922   1         0.6821232731811514
-8459.853366973102   -2991.6580358856518  1         10.869858956219895
4213.633799214938    1715.4295948511708   1         13.892475608746256
6604.194382359374    294.05597389699466   1         0.24190040105524124
5709.096633489615    -8463.35765510071    1         5.223299645593131
4526.532563272621    -3046.4704191909377  1         0.28288436401332473
8985.405702747186    1289.5275293266975   1         0.5093724967414126
6171.393491359877    4101.131447509407    1         0.661154242496425
-7040.73826035101    6743.508734357297    1         0.39808584361153376
1036.3058985086827   -6824.615496034484   1         0.9235575321666707
7699.50585185155     648.6715465739621    1         0.3029471899972251
3402.586375474919    -1454.5113886748186  1         0.39176208867322826
9528.138850131068    -3226.599125563387   1         0.34137438190942637
5095.305639117464    -3892.4270912609945  1         0.3746632661830269
-4486.553972822964   436.1975967630944    1         0.1206594800273493
-2179.9638088976612  3106.0997728176603   1         0.3080496297414296
-7629.456741299078   -1678.358564011155   1         0.8340400670822039
1028.9741384031613   -1851.6129671338167  1         43.25299182235426
6531.0117975012      -6567.170289885895   1         1.002430393888305
6270.692204114558    -6735.591710126988   1         0.4102515666972655
-145.61975782149688  7806.127307574291    1         1.101926180792655
5363.474062657097    -7460.224740995401   1         48.44419891054403
-10969.874396892868  8914.140234573671    1         0.7042411069425569
9865.554157125034    -502.72386371559935  1         0.5072510755197515
6188.027550643517    -8364.896495237394   1         0.7811473383546876
693.2625787603824    -6990.232654496851   1         0.536029117098161
2936.057263561351    7065.327549871519    1         19.12623247812717
-7711.143346160209   -1550.549180589997   1         0.7252297920887351
3281.741314327746    -2313.0009095184428  1         1.220432163533793
10866.604709565774   -14272.600606808417  1         0.8619909751365432
2498.594162781858    6621.952022254491    1         0.13969159517083912
4556.601572027893    -1301.6034689923683  1         1.2447530170379095
-4503.94375992908    -9720.859199776674   1         0.6755972086360278
-7886.6501633161315  -4422.486654008291   1         0.8911022222789211
-1594.6544505692032  -4108.040465695489   1         21.66093961090672
10076.48855612215    74.65146611051283    1         0.749251911051038
-5958.8293928510775  -5120.4178299994055  1         1.0042944469632629
