trucks_count 5
drones_count 5
customers 75
depot 0.0 0.0
Coordinate X         Coordinate Y         Dronable Demand
-4180.308974125387   5938.342270373741    1         1.2091416489599325
2846.4808290768888   10415.196006290056   1         0.992152712493491
-296.721236754948    1351.9982399904584   1         0.7433627820470614
-5495.2218746125145  4747.219800029315    1         0.5585197840823012
-6662.038833485944   8149.315241895147    1         1.1608781095074436
-6918.469009341      -5015.144797954431   1         23.958633763659382
-8138.2750607550415  -6664.238647269098   1         0.23929541883115127
-1585.4789243412386  -3164.8250108769676  1         26.97758471788418
-12795.232692778554  -10381.467126614922  1         0.48324913144051107
1492.7236390595422   9026.422362995349    1         44.9853473136546
4971.718856939062    -6569.088436329634   1         0.10338698102874537
-9804.490785976997   1051.388418077704    1         0.7128327791853626
10199.100577399056   1276.4154813002847   1         0.2575432443784582
1418.9951921211875   -6082.620077436211   1         0.5731054345041569
-2127.639132076555   -101.48715208438453  1         0.4320555636670086
-14382.830907756008  12132.095473141504   1         13.027880448575603
5691.6905947109135   4685.8154663497      1         0.8918905168001403
5673.274967385924    8910.205397926356    1         26.749118672372653
13703.565232814148   3130.2038023792447   1         30.189233393025855
25.620053675097115   7343.677511296429    1         0.9464299247924896
-9758.723721949114   -3366.018300299016   1         1.2478051317113334
-1135.4583740307744  3591.915171304172    1         0.4456461736415056
6958.505871774607    7801.3379315121565   1         0.1513260634545529
-6472.754217404368   4981.901225016678    1         0.1988560147352834
8784.135061056686    -507.0120581685751   1         0.8554104521174867
-4516.618010916931   -3203.5258331808786  1         0.2972461135624581
4822.121577314114    -1844.3578951609272  1         0.5320362712405625
7121.874135832859    7767.822287031719    1         19.63215845338195
-9702.977471615468   61.35463829962744    1         0.6838698850240419
-6651.061795154249   3921.944589014825    1         0.935815739688109
1369.6680864593473   14865.150663863471   1         0.5310164718445013
7.244100396666909    -9604.331052317775   1         0.25481940566811634
-7943.7834464940315  771.4915766547168    1         0.2779375807402644
23.383974898557785   -8321.889874482553   1         12.960507600735127
-7738.202125254258   3077.815479640635    1         0.7289685991476909
8336.01084856465     5188.7663878658495   1         0.39049366266224594
-4571.313934441655   -3419.7791666515795  1         0.8718022246906074
7717.476490821187    2135.958128456629    1         1.2165223451445937
1837.0821457569036   -11807.578512015583  1         0.5780894613985458
-331.3304156135458   10191.66975560736    1         0.1975753801685564
446.9086525932714    -8699.751047132939   1         0.6651844060873768
927.3345521374594    -5156.8742106579     1         0.6844790851131732
-4830.074797871288   -14875.460238130965  1         1.0851786510180932
4826.377147773094    334.346949420188     1         0.6348806940757594
-9859.15992768159    -1917.0629815848533  1         0.2694115661341666
-4563.983132086223   -11994.825042748005  1         0.5348967000241451
2507.891479608439    1321.2016815119714   1         1.1513550873870646
-5087.75319704772    -4875.677808284073   1         1.2241547589571857
1020.6255897522389   -9739.494046650441   1         1.1592082327776236
-2569.410765264762   -8636.391692090667   1         0.2309878527245795
6060.126834860868    -6963.382745878712   1         9.279401908287552
2312.617584015097    -4305.848687742868   1         0.821333327321137
2747.4023522795223   -7373.086531770604   1         0.6003744976573469
12300.831333240581   -4597.856847449957   1         20.573239437493413
8602.18259971829     383.52472108668667   1         0.7119827333849845
5151.604144875319    -5173.476555227767   1         25.456188744739077
-8184.992486334359   7213.697943635738    1         1.0364241126769713
-10501.495116947372  1768.2444595291454   1         36.09306010786282
5161.641063359726    -9356.101690266205   1         0.9671535367327116
-1856.0054042349873  -2225.275898116024   1         0.5754793896266931
2722.8667032943217   8575.568583073647    1         0.7802646121230513
10079.006809712644   232.45062425752354   1         0.614152889910282
5849.091742170414    15387.747166360205   1         0.788552836554809
-7058.069946977821   -5871.989651987543   1         29.56620143218653
7427.156002027911    6678.986740831688    1         0.3571212201631877
1265.0127220300992   7203.665829763723    1         1.181793630667873
13986.951738521479   7511.8297832229255   1         28.470595850374792
-5980.368583690114   -4840.0927879705205  1         0.1331869602656047
-4878.441786954504   -4099.1510371758695  1         0.4416812848228282
-6217.621404702188   7239.5407546154065   1         0.32496229326829695
-3100.182023258292   -18.856705677386365  1         14.279407040631622
-9588.3696997787     2470.1995855006885   1         43.010105846865116
1786.9907568728459   3888.1484618081004   1         0.9844850265165747
9180.149973786783    -2881.5224335455273  1         0.6611227934620841
1987.621890841918    -3181.4887639541594  1         1.0455210713677043
