trucks_count 5
drones_count 6
customers 95
depot 0.0 0.0
Coordinate X         Coordinate Y         Dronable Demand
4259.71328194608     -912.293868028446    1         0.9970416400148392
1928.239984051601    201.70706984596904   1         0.3072547794385131
-2661.3433224730525  1478.0691201663797   1         0.3149561576782231
-5024.866621352584   4606.069764857717    1         0.11077586391165421
-1015.6759068327656  -5440.857557212248   1         4.533254094867423
4110.021002520753    66.48044256803621    1         0.9543979927221753
739.1109668871035    2994.259396731821    1         0.4421380179140042
-1159.7621724290502  -4180.761199700515   1         0.6596943304956645
5244.267681411955    1191.241155183091    1         0.7054539224672252
4457.961115790147    -4733.671639101467   1         0.47823294644686554
-4455.705081890148   -2636.778806992894   1         0.6583788738876597
-3365.271419212844   -925.0003231022544   1         1.014061962523959
-3849.777270289028   -3242.442580957799   1         0.14456688570642615
-2239.124283275125   886.8449801254183    1         1.0304661250718552
-5739.854094117209   -1513.7093777817718  1         0.7109949887377616
3589.1038641617597   4822.646422355179    1         0.29081611681148045
-2567.902300229245   -4766.451740801909   1         0.8135624093664214
1418.4327458700147   3448.700764331822    1         0.7341256963011368
-4715.694097222951   -1412.9152503199098  1         31.517854605290864
5066.993524205255    3180.235894608308    1         0.5674180997559467
2031.4554908221749   4235.921455455893    1         36.363285078006214
-2717.58056927622    -4923.584124206829   1         0.5825140204673674
5474.6635031325295   -4951.587129935945   1         0.6686374006903507
-5197.162929943007   -190.00413310593558  1         0.4936855717627776
3033.5621080271653   -1846.697021275794   1         0.9965946693084438
-4642.843446266491   -3437.9273192496294  1         1.227848275107433
3573.2097374161226   -5298.690837304591   1         1.0105014520294247
-4846.017850379482   4243.744352635002    1         0.5561417867667219
5197.546606186283    -3887.670853362277   1         1.104402184700475
1160.3117025670147   -1691.7316686405197  1         0.3311644504908882
-1910.6442124506868  -2927.708446944233   1         0.4154116707602231
5813.26767001414     2873.893542405601    1         0.8213459796796703
-4304.374131526911   1312.1285078499604   1         1.2366116498153323
-4222.562335282996   5823.182216142479    1         0.7898770264901152
2938.6807338461026   678.481512455711     1         0.9929240754714096
1945.284508652675    -2869.950620205991   1         20.95292739588266
-4168.140915232038   4379.997184409929    1         41.655263359861834
1817.160469471437    -2080.288870669389   1         9.466176592198774
1892.6354280899532   -2213.5653072349974  1         1.1683695517768165
4582.7262812671925   4853.308608280558    1         0.7715039396939358
-2790.5929519153356  5184.975103265366    1         0.936782061655611
3704.9832191854803   4523.8509621199555   1         7.830637253002208
2860.4088803281534   1321.6955328067545   1         1.0723641066931446
-2725.1757803062405  -534.9970148570637   1         0.36198358363796634
4139.974405563217    -4146.168433656823   1         1.06300010542578
-5299.396026645572   -3601.548898895274   1         0.8622614799943946
619.83691817127      -1512.0364965337687  1         0.9636966965291438
5357.162655182507    4410.210476179882    1         0.9686762047883187
4396.028458193623    -1831.4991447599841  1         1.1590427844880884
-2907.806131455362   497.1458514838312    1         1.1547053733767847
-32.88806675795968   5290.257486724162    1         0.2646173561440458
-2318.8556920052824  -1349.1979572466353  1         33.46230046917399
-1420.473542282497   -4439.596852920568   1         0.12082959681316396
-1411.9816095790172  4272.303903584651    1         0.24413046783381803
4246.7550360033765   -1208.2402428537866  1         0.8082085233305069
4196.6823844527535   3642.6426428505583   1         0.3993357612247823
-902.3563603878187   3545.294606090693    1         27.058422597894264
-2529.228268152431   2978.404497299427    1         0.8527303041829374
5025.752838455219    -5426.534128751966   1         7.886752638302565
4274.896646797318    1301.0844826774705   1         0.4429083539974984
4181.381858118539    -1282.4281593711362  1         2.818508130878232
-4102.16204746943    -4416.123985207599   1         0.11760148974492951
-3729.0602221692643  -1976.1756008438767  1         1.1816287659436964
-2105.7694974398187  -3034.4951283205596  1         0.3393295572440364
5652.9247054929      1781.1200879856888   1         0.967726514100026
-2301.595607549454   -623.9122853170863   1         0.9040571259960923
2959.9450077301285   -756.3084826586594   1         32.74489643217291
1510.7248425013872   -5447.343054617008   1         0.7765316260452383
1033.8243980811812   1690.2519265355734   1         0.19746623491611226
-4303.76296824802    4122.928014400865    1         33.50284725783623
934.1617182224725    2799.6467420280464   1         0.22407660897109521
1853.0797924009512   -1620.0504232851408  1         0.6333277779547936
-412.304737157559    1808.8505815229182   1         0.10175134177261386
-1556.2001845950108  -3891.029944988246   1         0.11880432781034106
3782.0991602770573   -4651.583835855746   1         0.5344590621901378
-3833.5044026684536  -1234.1083173413026  1         38.51237669207004
-4443.561198456751   5641.078089783986    1         1.1015167030310038
382.80394423695344   -2163.9200772412432  1         0.9304104109196258
1200.7840704688365   2753.068253732821    1         0.54497949571236
-3787.330990111832   -428.0124746187701   1         0.8609141274848615
2628.4286100667305   -4428.206360427647   1         0.58283673364506
-2526.090729097195   -2416.237636618263   1         0.9947612527857657
-716.5879484956583   -4079.4572248753866  1         1.1715395271481517
-2118.293041233546   2368.396312955062    1         0.3903353199828732
-4347.649185040408   -3454.4564973460233  1         34.06468976871998
-798.0183219210876   1975.7817576356383   1         1.230271783569924
1854.5095272162264   -1707.4426363216683  1         1.1844318814413632
-1307.4291399188148  -5598.531949500912   1         0.17074292727827667
-2029.8973462853612  2612.095373346554    1         34.281812783569436
729.0784531472211    -315.61191433063254  1         0.3306592159964567
3137.2505104084676   1861.4559666259731   1         0.12449188179226789
3476.5772771648512   -3677.6253500560947  1         0.9396199393115457
-3393.1282504648966  -4374.063572446981   1         1.2383150448953284
-3491.7703257653884  -3016.7343680776366  1         0.6566804427790497
4050.554274162048    2180.9398009162646   1         0.8741867822317574
