trucks_count 5
drones_count 3
customers 47
depot 0.0 0.0
Coordinate X         Coordinate Y         Dronable Demand
-9213.414630109779   4208.694252638662    1         0.5565520686882053
5936.840199490076    8104.242471322651    1         1.1451981411970453
9164.598223266892    1812.7121803417604   1         0.3771271829363423
-7761.515204406266   2578.745115694557    1         0.1295035672074044
-677.2219471351297   -1892.922388881188   1         0.9515638971319687
-6375.055438192943   2116.9923856604128   1         0.9483980466635608
7823.277819869869    2281.9748515691626   1         14.88152844912682
1106.5126830063427   5.1958874310013945   1         0.619030075341281
5647.368438513497    -5454.806456144319   1         0.5956021017405009
-1211.7117786054812  1907.858769968029    1         0.7611749884029815
8006.167139705862    -648.6801716049566   1         0.9179054423453156
9685.482796242995    1807.6660584235738   1         1.1914992565066207
-7515.04319684997    2002.6851953074583   1         0.6749938673033697
-2688.3893612420466  142.7987373163581    1         0.9130634360131206
-7991.442428169687   -2438.438778867443   1         0.5024269956870361
2205.1040303853697   8883.165216188223    1         0.586722203696037
711.7461764898424    4104.713218679139    1         0.23762999504962076
-8503.234680965616   3439.947390376018    1         33.718978732511
-5264.812125187932   -9493.315262829297   1         0.7429179110465557
-2634.5585654074307  3900.941376334102    1         37.46225193618758
-6249.611150161186   3686.355815888394    1         0.9156136309242763
-3030.90798410155    -9206.496317065183   1         0.9150461225137615
-6842.644359627062   7707.229739848683    1         0.10927397307732972
-6799.553571422175   -5051.284171697638   1         0.2814745246775624
15512.875052404323   -12025.305697684907  1         42.87366774988196
-4496.841449501804   -10642.81176370709   1         35.529552907158546
2052.5370258541047   7640.649381917265    1         1.1181258894250352
-5492.2437404397015  -6265.450396228886   1         0.4053837624748461
6629.508323256049    5304.630314827268    1         0.9341742231417867
9907.180869468135    3679.2461286010457   1         0.5316496307517383
8948.374656210439    -3787.5904714049866  1         47.21748537360171
-5930.615673026541   6221.8026436560285   1         0.6070410041292894
2938.1317463995383   14045.180436445475   1         41.991016403635435
953.1801602345913    8748.13269185647     1         0.6980155413302414
-1054.925239841704   3144.6594943789746   1         0.4044462876483955
-856.9265442577507   -2488.22001669981    1         29.29794766986562
-1513.0151262336426  -1684.0842027327249  1         0.47235568515999227
7661.972830272884    -4687.784492578205   1         1.0010955358047564
-10142.333176625476  -243.24401454426678  1         0.56856619557215
-6188.963915324181   -5789.975778077536   1         27.3532665197716
-5532.499903299784   276.3114657865672    1         0.7442154593814241
2801.2380668967044   -7032.609927980072   1         19.785971192503446
4279.180108898114    481.09244406869277   1         0.8217635248996727
4865.7130970118105   -4549.877331452864   1         38.817451664738265
10447.342743672469   -10308.476546300506  1         22.258890630742243
-5219.571014998818   4698.994278945351    1         0.5888786447644749
8610.073606318641    -6528.93922534073    1         0.9542067172187486
