trucks_count 4
drones_count 4
customers 48
depot 0.0 0.0
Coordinate X         Coordinate Y         Dronable Demand
3616.4568631484894   765.1943446325841    1         0.1648553378920925
6268.116843327313    4266.105083793131    1         43.65467345830552
275.52005273570603   -9465.554417659323   1         21.898063977730338
3761.5756227452857   6393.192438982613    1         0.9495341858767983
-506.54102785907196  -6574.006622524169   1         0.9440871926446662
-5241.12458487778    4014.0288026973612   1         0.41356406177744587
8797.233668784986    -2429.6611043436665  1         1.1864048634496704
-8494.105095490586   7551.3744079859935   1         41.19254170219433
-8195.07768432614    6862.566292010329    1         0.45612615532921386
-2820.095642680353   -6442.340916063434   1         0.751866849592067
410.7247943728309    -6531.479861609984   1         12.692634863050817
-5197.844302688796   9332.01257361241     1         0.9656069052641064
175.60074727179705   4955.705850048693    1         0.10639446049086616
6903.60816910331     7392.271361265271    1         0.2274659391193363
2382.639145105317    1071.419104831373    1         0.9167029271456492
-4015.121315946557   977.3238873659832    1         1.0576943405894939
6106.297552237659    4308.14767847267     1         9.410301732556519
2976.853643014151    3196.0359882777743   1         0.41953266507928333
-7716.688867097927   4028.854710958014    1         0.5254793492356847
-2074.9746433236023  -1164.8412805269709  1         1.1916097717719722
-8372.052994934013   530.6785207307657    1         24.532209205249668
-6827.775944889453   -578.7086227198042   1         0.3033900624072502
-2689.458478515178   2886.366673998898    1         0.15014178482239718
-10625.638276129159  -9100.091434698283   1         48.66926979784691
-89.26384508697639   -7351.03958202979    1         0.5040694555639288
-8542.091125186596   4715.3232268740085   1         0.13122006121296584
-336.5314277654528   -2424.09389362886    1         1.0392190552440106
770.0117449854828    2590.240596317342    1         0.8919169189171066
543.9854299150702    -3064.806726154271   1         0.1284618989672663
6503.882362314129    -682.48108304585     1         1.3433918568102403
-2411.5737358953897  -3179.8879307446946  1         8.707230237001209
4484.061914380209    92.36229541602145    1         0.6865940487275326
-9148.561030668574   -5625.210510917531   1         16.627706445315333
-12209.310304994526  588.6341740983335    1         0.7838398486274895
3377.8384345583945   -7082.778527181137   1         0.8959188837380431
2222.8479508816367   -944.7285139385494   1         0.9212408849552705
3657.019473488377    -9711.197725040238   1         0.3458734017386602
5968.238863066013    7452.075757335578    1         0.626784407838725
-2748.519715839646   -1989.0014480930236  1         0.20422480135836973
-8289.844905461643   -766.1633156475689   1         0.3150416086617427
4933.625475371589    1524.39426192605     1         0.8276591856217586
-400.04146246140164  162.27621349645847   1         0.9059014104563317
-337.4489851241586   -10133.735500463104  1         7.6796294436390165
7756.1133489922395   1312.1759246948857   1         23.36107256054058
607.8604589501701    -8732.961789791852   1         0.5879857827009372
1577.959395600492    6723.4653401731775   1         0.8923081663110046
4679.280458104143    3050.2522876916037   1         1.1944040554911615
-2151.21560426217    8805.780607469345    1         0.9350061200201822
