trucks_count 3
drones_count 4
customers 59
depot 0.0 0.0
Coordinate X         Coordinate Y         Dronable Demand
-760.5120374623755   -10224.557193000732  1         1.2312797416981378
10665.71432906335    -1975.8110499077657  1         0.7037488101171335
-7184.668408034442   -8060.240364815282   1         0.22432164218170608
5751.223437721192    1709.6457052911703   1         0.7532282432360845
8959.293474383077    -1006.8032325673569  1         0.12121439728861683
5384.159592714323    8895.902114472423    1         1.0581514459979156
6966.92035776932     -2795.8329831373408  1         0.7694251242857699
-8817.126679135752   5345.8531550508405   1         0.6486959263530475
-4818.196800790447   4904.989168552575    1         1.0233176729842475
-1440.0139482561904  -8234.192332605908   1         0.9700129151079935
-3082.178307505775   8718.174967153756    1         0.22339999632598262
-7737.570430913732   6749.964814941094    1         0.9573252755361246
-14410.772854734645  5461.660251293837    1         0.7248992708626475
5114.863397511811    -4813.813177453398   1         1.1398979224431274
6418.888334274585    -668.1454825425711   1         44.53874852139548
-1263.3322387391931  7932.608965939636    1         0.4681890193969588
-1766.6473291652658  -6054.432652142684   1         1.075575376542068
5712.294240669782    -3796.9197701225844  1         8.554346282068513
6227.403599706424    2116.825443402771    1         0.771041181517749
8584.627094968107    -3592.9235620978857  1         0.5213753586296115
-9469.151681796695   -1507.933890076349   1         0.743419139954666
8950.029118430315    -1635.8677226832874  1         0.3350312652396672
-6131.542587322418   -4157.24473567803    1         0.7990106758101998
2277.86011741518     920.5884294770317    1         0.7478649853717435
7739.77095463468     1217.2934137774516   1         11.828484845234609
6272.623644905485    3448.1415065553774   1         29.772325990454565
7072.447240429721    -3663.020193277485   1         1.127842928153611
971.4723374001514    -10224.853694926955  1         0.8537809657782391
4799.019676670843    -7366.895281948158   1         0.6853925355833135
-3131.8422211196225  -4351.903140703752   1         0.7315055565298162
6769.623084831695    -12578.32170841465   1         1.241648475722616
-1144.4241303829629  -5748.403581899364   1         0.34747734860463925
-6614.090794877341   4400.004669443838    1         0.17361640161450922
4671.186862301343    -15755.415936439347  1         20.183355569918316
2937.7607882163393   9904.802325468945    1         0.7669025599090689
7076.630630009473    -11030.625397101798  1         30.569419997321216
-4325.765694958942   -2260.3508812945543  1         1.011411538277398
11002.51330563068    4301.853445545548    1         0.9920811523506549
-5036.491401780309   -3188.336957084208   1         0.35905354166480985
-483.23329638218974  -4877.585504153498   1         38.50676769516135
1700.7142836099297   6345.784801100503    1         0.36581956607221167
-10565.98200747163   51.37512288305152    1         3.299048227363058
3601.5979180979675   -8326.096899581584   1         8.640487318460224
6323.164884768609    68.22408965566039    1         0.310476808352281
10440.481040957391   1041.0548376438514   1         0.6732087870825746
-1528.0728552584917  7260.57545035107     1         0.9577350389627834
-4220.982387322284   5420.714554519448    1         1.1155387775081278
10355.670126686666   10280.111790307026   1         34.050439408708
2885.6635727916578   -359.5839126078235   1         1.1667796117982514
4394.956657988849    -1565.380936643578   1         0.8913433191168146
7680.810878079901    -6667.210009333032   1         0.1470859424433723
2802.994478474626    9533.79038295786     1         0.4414200117793251
1061.7817911223588   -2816.110211761811   1         1.1436148284135845
6945.291160933236    7218.19996815012     1         1.060268049301113
274.13639633773073   0.3709431453248525   1         19.997113831284047
-2224.2762663424423  -10690.115624327933  1         0.3688752995087352
135.1783568296567    10457.174262549479   1         0.6501536124158154
-3209.6133496264597  6146.450224972651    1         8.01633880056452
5292.003950277193    -1850.0837259977463  1         0.7560653766486274
