trucks_count 5
drones_count 5
customers 62
depot 0.0 0.0
Coordinate X         Coordinate Y         Dronable Demand
-7813.988499840661   1501.3595978696942   1         19.853471081628197
-9136.79665035899    -2462.894149202149   1         13.041700101503105
-9168.826731911842   2721.526587212954    1         0.49443342362675646
-10761.524515016676  -12825.416197426091  1         2.3037545820079828
-4676.693294876437   -2319.5898261993716  1         1.1818986997697027
2332.752205610753    6016.15646476363     1         0.5086092300967383
-5730.622296072101   -3888.2899930900257  1         0.30919943818391626
-8652.40713036463    -6427.825942898067   1         0.38033751524791537
-5871.589791482097   -2380.10610634466    1         0.14292015929827045
2032.5046093123433   9342.9915208454      1         25.458597514424728
917.9862423133208    -3146.0903517780293  1         0.22391412098821406
-3462.9239373686196  -4483.534582959021   1         0.8204293922879604
290.0055426549043    8670.57869215228     1         0.13974573485226566
-3051.690762650781   6232.877867430965    1         46.363615544122034
-12162.395521192895  -10852.326136560467  1         27.01569718672419
12176.582619447063   -11254.177231378024  1         22.59614427490825
-4845.014366124333   4261.167270320499    1         0.7100747601689043
9611.202828517173    -2699.6616879871303  1         0.1280350123444881
-11284.00936829673   -4448.3742680119485  1         14.86369112304338
-5845.141130062171   3617.8609312512      1         0.785184946542537
-11304.545268299087  -13302.34844270931   1         28.317698154517473
7310.315802093998    -132.38904344495992  1         1.2064628141980696
-1414.2640494359603  964.0466738659095    1         0.5721475741455514
-6818.262246606246   -4894.606319712645   1         0.5272295355578246
4816.522381918213    8156.938848542789    1         1.1225413485753657
-1407.337248715683   5197.9782831423345   1         1.1003402083006382
7455.774911151547    -1862.6780196267193  1         1.110254615753004
-4089.545741304823   -9948.692031255154   1         0.17939684187424854
-5180.169832491654   -13559.754628748431  1         41.966032459047
-1536.4025957330687  4126.924461170961    1         0.24058147403652066
-8135.735422714413   -5240.296618872814   1         2.208080102652037
-12148.402520058107  -1335.3282312243682  1         38.23579984576191
6408.84576331973     -1380.732870921422   1         43.041497103537374
-6919.742014372275   3303.3402629926077   1         9.80652605929449
7112.279715046916    -3409.116889427896   1         0.5614376395425212
-2732.8832349177646  -6004.065920668697   1         0.1063136273696213
7871.7367679329645   3151.155921062228    1         15.198958822053692
978.7632864681789    -7869.219864368762   1         0.4107489793119248
5583.092386771334    -3857.062497583263   1         0.9910282499311907
2957.2947760589677   823.8994312237928    1         44.78009931838535
5816.214224082181    -3147.055293279468   1         1.187526696623592
-3172.5809865250612  362.2519428768792    1         3.7126156845839695
-8155.620481968199   -8228.569375156892   1         0.8127435277242295
-2915.877764001444   8086.83701872491     1         0.5346007483213585
-5564.502388518609   4884.075341162812    1         1.122491228119152
97.3336288599456     -4185.985839448486   1         0.6689909810465416
909.1222550438167    1797.4298630819353   1         0.31986051859873366
5607.628491333722    -7949.993438092036   1         1.0129004240926944
-862.9619142245839   -8815.777686293402   1         0.43401447901228873
8960.312943457311    4733.315855819391    1         0.5818670412940697
9313.491350775896    -7009.822975900415   1         0.1084938705532088
-4939.499416677616   -5440.772843173337   1         1.2242764024638142
-8740.262759786514   5886.402816388852    1         0.14851472252647005
-5729.86662835692    -8622.626512702063   1         2.6501002460936998
-4525.058871340498   2378.5136363815473   1         0.7988526261533351
5720.709715760576    -8734.808789823339   1         0.5120324517736369
4430.033886136893    -11272.828673162903  1         4.11976990514733
-7036.25196933411    -5748.754828289335   1         0.2401811330756977
6460.125135879926    7517.958195327433    1         1.1821270278291616
-4850.935364404001   -8798.48105334324    1         0.18951964811145172
6158.484168927764    -6764.815857279022   1         1.0686374281038231
8917.176822400364    -5057.860791570513   1         10.357906170349949
