trucks_count 4
drones_count 6
customers 82
depot 0.0 0.0
Coordinate X         Coordinate Y         Dronable Demand
-3124.1775589845283  -3497.550680258583   1         0.49568638288003986
313.8247946183395    -2022.6131981937085  1         36.40609958490475
6343.355084695292    -5761.798405357118   1         0.2918238692438415
3061.0533192195335   3928.856113357641    1         1.2330644383135072
5139.176489184447    -2650.5135372982913  1         0.5142987292574652
-1224.5334660140509  -6710.040814732585   1         0.36106476875126403
3822.639643907386    -6404.1813120770385  1         1.2069505569924825
2783.9965712532417   5149.823175431376    1         13.855127594917692
-4267.965003818405   -2131.4206132409226  1         0.20763003508663677
1773.245935519323    1254.6348182991053   1         1.0729379291400378
1084.9136902654275   -1485.40752135836    1         13.015851073391044
-5168.510488956723   158.14239966781804   1         0.8543837172228989
935.0243749544445    -5409.1855224477895  1         0.4670474800279154
5880.8754133350585   1500.452419639751    1         1.206092931073694
-3693.5768122769045  -4081.7191930298172  1         0.3521607754143933
3015.161452412834    5872.56665446926     1         0.4192386928380566
-6401.7574407714255  4690.684583673178    1         0.7165913591399854
3776.9216441134445   2955.0390018905982   1         0.11146592771963783
5499.640816272412    235.24511970204688   1         0.13519806157059377
-1845.3597980669488  3837.597555514238    1         0.14310229593754106
5733.714412360971    730.6255546864618    1         0.9314157860460148
3758.3551531790285   6834.876204518522    1         0.9088812375159626
6842.906771508272    3174.7662829662027   1         1.0310604561940455
-4989.408957697831   -3349.664545517074   1         0.8683490912889675
4902.4831302599005   6937.998819601135    1         4.750239104908314
-6274.059362330992   5767.693042497627    1         0.883773659871863
2714.2653881497963   -3408.439703942058   1         1.2407975912665956
-766.8641469117102   -6111.201970557185   1         47.79265830887271
-3053.000467127226   -2951.095396630788   1         0.6640946839180784
1802.8892966176313   -6165.619052550719   1         0.19991824898444016
1544.846465118281    3475.328983797945    1         12.381079738395
-570.3175787227472   -7.61128581456568    1         0.25489379116202154
3960.0073110931367   6262.312123962627    1         0.4107194570981665
-1752.4638508328464  5.865650308300168    1         0.7161440555335554
6111.359432526447    -5676.8559469914035  1         0.2856123574177191
405.3114528649727    -3324.366747256413   1         1.2132909254039579
-3660.7362953754546  6884.000292886971    1         0.9853372321397703
1524.7284257109122   561.57288778371      1         0.9095531435717069
-1551.4254533302576  -3989.449546056416   1         0.7089098784820922
3884.5274298842783   -2452.9573632918355  1         0.6482065843568898
3384.2629985909      755.0857368364315    1         0.1464527989332411
2486.648648122873    -5738.800275881649   1         0.4271691371961258
647.7954498568097    6201.62548024395     1         0.21337058965705746
-1989.2665814566137  -6064.494970229639   1         0.12125609316899133
4100.611357161612    -4008.7447892538544  1         0.647833504198393
-1220.4822258884033  1989.1397507764877   1         0.6736991853068584
6783.760409005983    -1454.9560268839712  1         0.31776210972369484
776.3891611963345    -5402.6105816302115  1         0.1414253346603756
4608.6602056363345   3341.189645584059    1         46.042600796753085
6776.847524779761    5490.175205496555    1         1.2202422665781028
-1337.5833493754903  4253.311996720547    1         17.248985882375774
2859.415352810788    3933.245608077436    1         35.32389885269427
719.7808199190904    -1547.2675685860552  1         1.0613925507635487
-5496.184424379043   5394.050945153554    1         0.9432065941722609
5010.59971975126     -5708.982499888705   1         0.13047178677110027
4031.1327295307847   -2218.351410481966   1         0.2911070559410372
-3666.435036796445   -5870.1826053028435  1         0.3517703680678633
-91.05577474486913   3270.443023706691    1         1.1037059208526458
-4856.931704362476   -6986.752603197514   1         21.55469416755334
415.27457208630284   -2060.2068743804834  1         0.5359273860481325
4153.294525244254    1214.4069050217631   1         1.2327215318254814
1026.097314310175    -4047.0210264617117  1         24.706874315440313
6203.981423282583    3021.2856279905122   1         8.993787146909597
-5493.680008804334   -1861.3199661972983  1         0.934476825201733
6506.8072920337545   4736.760218985973    1         4.495456495170718
-6702.17258224549    4418.043751361226    1         0.4455818001143841
-6412.930908183973   1746.0363879046486   1         1.0131582651233761
-1014.1294014896273  4593.304451501527    1         0.7912901994213358
3501.5602945939413   5041.7761476528385   1         0.26824606848401183
2670.977621181826    371.6992627159173    1         1.1120177356702285
-6674.801027921531   -3898.5304537402185  1         31.18620234086314
6973.598052689412    -677.8452495659221   1         0.6119697659368482
4223.914649869527    3748.620674161461    1         0.5641578255000225
-2413.621776787419   -6819.7362777615635  1         0.4715995052954406
5405.742958940425    -4776.652983801177   1         0.7808853562387438
-6551.019466368629   -2172.0581107005746  1         0.7640219697103579
-4413.231245685104   804.5396305362838    1         0.6727952462358867
-4957.500013722158   6356.266015287989    1         0.7808228065639057
-4977.125141802381   6930.600569548091    1         0.7526677135108144
527.1815998721944    -5728.07602120774    1         0.3875602485330426
-1125.5153646421907  -3688.1379869972043  1         0.8564465152224852
5979.633752877958    4200.764362006489    1         0.6941855362597761
