trucks_count 2
drones_count 3
customers 31
depot 0.0 0.0
Coordinate X         Coordinate Y         Dronable Demand
4375.574285308009    -9981.489235840201   1         0.19917390072681773
3085.382356636313    -8473.67142869072    1         40.07471474857232
-7344.917347905421   5661.323404833297    1         0.355543447248895
640.5489544374177    -6880.687726104852   1         0.4972207873323967
-5145.071883426672   4672.358458492478    1         0.157813108342588
1766.1993726794499   1774.1439593525608   1         26.330871489072567
-13329.136287774207  2948.01848179455     1         0.9297744773590033
10891.13533853297    13565.198942104385   1         32.1772721822513
3691.024862411834    -1466.186996642804   1         0.5611216678192372
179.98814862829624   2014.9752449307769   1         0.7589026468583142
-4341.150860927337   11321.851543339684   1         0.34486146414049224
-1830.3456956198513  6344.874879238755    1         0.10650033363631743
-3006.1917823912136  -9837.183394685002   1         0.3376200994561328
932.4422201165577    -2278.0815657991147  1         0.84277877545324
-10762.976410780255  870.2449068994785    1         1.1607619694752926
-9468.197985407138   -4065.6739944709543  1         0.8953967117670639
-7159.33180801825    -2588.3664253405427  1         0.8071558377556581
2281.8694611780265   -2965.059719880248   1         1.034880608514627
-10566.854308778162  -8313.773855251155   1         26.788247361664205
4022.5998314414346   -3895.5369645292535  1         0.6032208728046557
-6820.164782275975   5786.795037216937    1         47.329804951587384
6975.208834287788    4764.235097770233    1         0.3992086352952776
5108.504801570117    -5007.958328450515   1         1.0497025312174175
-2930.288343934985   -1845.3437511178633  1         39.42275750573361
-12113.447518974383  4301.041626493852    1         16.21924016901178
3283.071143468193    10231.391188948448   1         0.4345397655720644
473.7556176729522    -8248.778760510819   1         0.7499966329771377
-3134.3460941791636  -8822.762075619179   1         34.30903594520597
4629.166303819808    10667.503758126319   1         0.37802684540026177
-4946.380433953006   -166.27997999901476  1         32.585279020643966
5953.758587540912    -75.86284369589214   1         1.2402991683773812
