trucks_count 3
drones_count 2
customers 36
depot 0.0 0.0
Coordinate X         Coordinate Y         Dronable Demand
7950.169610390483    1095.1472086212202   1         1.0686841179965583
1067.2140250515322   -831.1255191841881   1         0.439452838058743
3151.827107288047    -2183.3322918043878  1         47.96300143999784
-6249.388687741545   -5792.548704654986   1         1.1042823046895387
2161.3175019862724   6504.593224493876    1         0.23019579522924158
5933.932232348628    739.0786740450566    1         42.76140198716072
-6912.466261233562   -5661.205731371868   1         9.585089203703834
-4685.196111693444   -6786.381250136632   1         47.531230307306345
-6536.659653217395   5601.193626758581    1         1.249273060981984
-1812.3675945696325  -783.2110757098458   1         7.065071145389286
-6032.0350398991595  -6258.033152321209   1         0.38610042533871514
1200.1624942001033   -2337.312440873458   1         0.4906759261084591
2708.8923062724243   -229.53010948869724  1         0.7211537369917257
4592.322389581592    4663.317469338657    1         0.3297046343123447
-2766.9107297876158  4637.101494981319    1         0.3715825153632304
6309.142573969398    -2475.110210111895   1         35.18229157583358
5276.62456070018     -6485.247447002263   1         1.0757049347575767
-4545.770648945108   -6579.035093970579   1         1.04965135764757
4136.960737702478    -980.7272789797553   1         0.2221976308279615
3204.7518965375984   7451.98574811982     1         0.39861225781582177
-6990.828723021484   -3559.375256629352   1         0.618828557920911
4371.064312123361    382.3511112078837    1         0.34573693537172534
5939.003927984185    -3481.875476439964   1         0.6804555711345324
-6162.550675631068   1684.0853138430655   1         1.1396181016608107
-6741.119712309161   6136.364715117831    1         0.717438990278926
7366.279914807774    6156.403218133459    1         0.26604857552848626
6837.477288278672    504.9072560122703    1         0.8651137712635782
-1150.122918871863   2792.1755505164506   1         0.4097454716707478
-1775.330606743839   4351.379969194544    1         0.6795983782309227
5855.523968672389    -5318.6927162903285  1         1.1828641429337488
-3285.243661171119   -3188.306701484594   1         1.1074529270110773
-1944.0104089313727  -2490.004764819357   1         0.3035369922752252
165.34760952802753   3455.861548653108    1         1.0444024504827674
-3391.2567366141466  -2797.222135906555   1         1.118863644429252
-45.6717871128915    5392.746940826637    1         0.7010961033027383
6614.427471278719    4647.807032656524    1         0.1303519216314557
