trucks_count 3
drones_count 5
customers 50
depot 0.0 0.0
Coordinate X         Coordinate Y         Dronable Demand
4077.7147635066003   2607.363921478963    1         27.82642482522251
-6071.981341792684   7095.778376652293    1         35.654642831658464
13164.834561442805   10649.23689112751    1         1.0514435016115673
-2710.019069874569   3188.631135940087    1         1.1416804059680372
2732.7566749866496   -3934.243568615109   1         0.3430413825307146
10299.912395627862   -2670.043927464714   1         0.9064538663655999
-8213.31674577472    -1792.8461971422093  1         0.47604214605506157
7954.311525963996    4431.258917152273    1         6.522839138602858
-9305.001667021765   -2925.8994704883003  1         13.052994724409706
7944.634375063349    -7354.054110540078   1         0.6592540639863946
971.7043674932414    3062.4831197996505   1         0.33723975591012934
4557.053122474364    -7824.067391710646   1         15.399142826028484
9269.06599252834     -4762.485533968667   1         0.7782565849295111
-4403.565694865084   2480.5021001828572   1         1.2384936143777219
-9673.204616239074   1481.7663309305128   1         36.76931949420394
-9345.692052848977   4564.015829930549    1         0.5180072925752044
10541.5283803289     -7482.561246713868   1         0.6591242053460231
1820.3196585048477   7087.109337598549    1         14.709147775773458
-3940.7007473668455  -3132.1629272306636  1         0.3865897727531892
3811.5272984072944   10250.757560139033   1         41.04178494435509
-3332.5149705959398  2230.172859460626    1         46.405377328409536
11446.60456558626    1166.908435227766    1         26.95321876575096
-5999.909200297223   3256.352439703761    1         1.0332174506036553
-8489.6996406894     -6411.328100169302   1         0.9041585379869317
9223.38149515178     8066.036996578421    1         34.0663115546653
7555.489686490152    -1697.304164773866   1         0.18576755565999614
1131.6473123615608   1927.5057163750769   1         0.9105879019563241
7611.901277155268    -8194.680161213884   1         0.28978718612267096
-719.8059239356098   9871.682829242709    1         27.658724367933594
2974.445829781391    11621.60401336587    1         0.9853955573734542
7678.0765462339305   -6529.846735320577   1         0.9380928144137641
-5785.637905737366   8540.779129509347    1         0.668911584613317
3451.190713914084    -4046.93052314283    1         27.51910360958343
258.05466856398175   2554.7279630747107   1         0.4936259414019548
5474.899843262415    6123.972668708188    1         4.185731295639025
720.5021468614752    481.7858409064515    1         0.5128470826571745
-2097.43193306434    -5223.593205621672   1         0.2614405282378289
-4331.952519249482   -3783.9457394905544  1         0.6201191920875617
8402.596950565892    -4240.662721011731   1         0.24285220384330555
5827.477967521224    2082.87008957458     1         0.4966849988404727
-2713.476159703118   -8097.395496066905   1         0.21149178268944346
-198.85120793229174  -4806.33939776235    1         0.2641855845206989
2202.017898773435    4314.277814249697    1         27.92133647063606
-3801.131973990166   -4089.914333178366   1         4.7977777871184895
-1641.1635319307115  347.42693511964717   1         1.1568304839772348
10330.300965088421   9253.344772711602    1         28.48206574663301
7462.746689085741    -4075.6353794386996  1         1.1352741774793862
-1989.5896169160367  8481.2230022589      1         0.707744203999798
2043.0329194586036   -4732.3869926891375  1         1.0395456656944944
13192.285351327972   -57.24848259866667   1         43.917670275679946
