trucks_count 3
drones_count 5
customers 50
depot 0.0 0.0
Coordinate X         Coordinate Y         Dronable Demand
-13385.573478456186  3332.8274633982437   1         18.586270277844648
-6850.754452036175   -8266.582539501365   1         0.4378159583938228
2284.9520849827386   -15270.384265332345  1         16.0576376799969
8406.764408507363    16331.2073450444     1         36.29990144688523
1826.537890473483    7009.8148658635155   1         1.1981259821696644
4803.708459882757    -6504.514385438705   1         1.1970574235896931
1948.9330910834544   -1637.6510297040352  1         0.6538790807112577
-4366.517711388583   -2718.258081362152   1         0.1573292281353229
-610.5324047255069   -2230.268606332906   1         0.8062961964080358
-1735.873748726678   -2578.8559396377273  1         0.5918172175609
3966.547049078879    -4949.948156644073   1         0.5749671503106156
-2370.1982003548446  5551.640327221384    1         0.5999543687529366
2333.3947346997993   9043.946733621286    1         0.40865649446450225
9993.185820053623    2000.0614821426104   1         0.6305308586443493
-8705.027172513399   -529.3159986800665   1         0.5057740489611431
5399.100355038536    -3776.0129566714477  1         0.504299589761705
1657.8620896029804   -2332.158108459914   1         1.1306921821254483
-9152.876565837432   5684.45137194773     1         1.159263009909974
-10376.992995427727  14222.024679883383   1         7.702303213905278
2300.430574911091    -6779.928006430887   1         37.06137731011833
-882.4757910748864   -778.4794744835744   1         1.0728348587594574
-8340.503724412485   3535.388671640605    1         0.29623483397073885
-2888.696222106733   -5356.778029939009   1         0.3597642482807577
6163.481241995635    -7670.201099924506   1         0.4997205912624242
4841.712761621718    902.5440454270978    1         0.6210211577358077
-9750.702873404918   -3583.3541348652593  1         0.45542129801776965
-5485.407274220817   1110.167979795805    1         17.307642217394292
-2219.346944773524   1256.0333367441758   1         1.0993580833968075
4572.036988827401    -8549.14526875171    1         0.2190353448489521
1122.7499898776114   -10756.687342851084  1         1.0635003421007567
4424.967176511973    1327.4194770811623   1         0.6009572480493264
5357.816317435516    5914.955923404049    1         1.0619808388174878
-8880.565903463726   15337.699381929073   1         0.35410725602653814
19417.444198945144   17798.438132974763   1         0.36289286861134784
5256.495694496867    7087.5962429497185   1         42.772890027007634
3747.975147413343    -4819.916663270642   1         21.184766220844423
3705.1811212015837   -9487.12897603413    1         43.9816503059787
-5848.496349013656   -8150.707161938872   1         0.7572339720225872
-6820.093232461939   -3974.5433346809755  1         43.426950962929105
-1804.8676578121472  -2269.7122188864096  1         0.720631565988315
-5379.028742400928   -4825.571163243511   1         0.21843527941100166
-1869.2810245275557  7636.195021754318    1         25.456710048413925
-2901.078298045475   -5368.241186788359   1         0.4355565674402758
3806.1492588691476   -4156.453922844728   1         0.19071839332879026
6101.543956782131    7776.647679882687    1         0.4819178434134386
-9413.741017482593   -9795.19418371896    1         20.81213085697181
-7973.8967109333435  4138.796015914171    1         0.5053433149130625
-4110.619840555696   -7651.527744873122   1         0.34115449286474897
-13143.202990083144  -17624.235991076122  1         0.699070464265433
2430.7289757887556   -16368.848876657594  1         0.9147599076210969
