trucks_count 6
drones_count 6
customers 97
depot 0.0 0.0
Coordinate X         Coordinate Y         Dronable Demand
5019.573030791573    7006.78584697145     1         0.8941976126569764
-783.3156250286793   -6535.092069458333   1         1.1103279013299685
-3969.748113488755   14146.256874482095   1         22.64700877815966
-5985.125120111595   -9142.275764758428   1         0.5637383007749599
-2680.169822634953   8336.682469286146    1         0.3736489544281414
-6863.326304873211   -177.30306023105788  1         0.13316520057104417
2124.006879306662    2727.634187050904    1         16.245933765837574
5496.608805172033    1947.1189961704144   1         0.8556605914127532
-8372.421949625304   924.5887519294217    1         0.23870542945284795
-7729.282577582357   2155.7553220507343   1         0.444291776153677
4384.818688199861    -2148.637569564461   1         0.2153801716033914
-6235.390973723664   1890.7723053106881   1         0.7903432722297536
-3144.5356994487024  -10176.84208175839   1         16.047840200640444
-303.92443172258265  -5290.802176197272   1         0.5654769940472278
3337.1109794948197   5985.531965614373    1         0.9749089778810134
-3535.144669281804   7384.797031932845    1         0.451976617437471
-3618.5439039773146  2897.9778887364596   1         20.949002536052248
-5897.472579013281   -9069.492094401354   1         0.9640863468497693
-4322.172539002821   4264.070918042969    1         0.5077347238288273
-6239.4857897062975  -14931.995937999827  1         1.0543084845752437
9490.058371627843    9028.491415162809    1         0.6164796566401541
-2077.6915150822224  4250.114470176673    1         1.0250320149066938
-12556.297976144679  13212.472439437026   1         0.6566760027328815
-13823.535281086839  -9255.300136110327   1         38.602335544292515
4074.3395217937486   8498.494663297823    1         0.5362719028505717
-7079.101843171473   1156.2077727678206   1         0.4868819314307955
5261.3979091970095   8753.809755824655    1         0.15845350811191025
3045.077040727926    864.2314886730721    1         0.43711633515583104
-8614.40047416916    -4374.950958537168   1         0.9206675454016668
-10217.797517204446  308.9862310662864    1         0.847763045059031
-1671.4519823642381  -1899.7664593730992  1         0.9150213824534499
1415.797533766052    145.26516720305216   1         0.8017030206666337
14368.424358031187   12454.011349760205   1         36.635250200142174
3801.3277279195227   8535.870021046683    1         0.38499503790265777
-2845.451684372019   -7533.800400529889   1         0.8660189307049603
-10084.201511457819  -4143.178133966827   1         41.57140360824161
-13613.935580653257  -10878.472956965184  1         1.2477314528873502
7466.0766619896785   -6525.885702502209   1         0.8381580850868378
8314.604448967068    6755.344191293432    1         0.35199707460096463
-6201.460105903491   5692.117982596827    1         0.15832514760519775
8386.05918432706     4704.951924565816    1         1.0944946451425337
4166.578319952993    9541.032443589242    1         0.43703546773253577
2779.8792418246358   5958.255401656124    1         0.9526423239343083
-958.4975347459817   -2486.7984290606487  1         0.8451312891419649
-4088.5670745613934  -10694.890846633982  1         0.2516252294525635
1289.0826309075408   -5371.694675404489   1         0.6194035964089044
443.1388176681945    5437.493460362225    1         1.0173381544855522
4723.375545640661    -2421.328354722373   1         1.1705116290556592
834.6435984121919    4286.150870806207    1         1.0783937520726994
-10550.926696201768  1853.4482881464241   1         0.5746075895167448
2197.7179978462123   -10405.649735749046  1         11.732209731097585
-498.1784127148967   8555.221548615189    1         0.2327105385239356
-2146.7875612050902  -757.6933148318531   1         1.1898617084101621
-14955.996794787332  5216.162933018115    1         0.4417008775202449
6855.931934459431    5695.658428953709    1         0.86131530314159
-8203.005528120322   -4033.478757341966   1         0.8528077293301097
-5337.743407144466   -5137.839348560826   1         0.33560212205556267
-1636.9843094735945  889.7976801619194    1         21.318328375794632
1724.8547579875867   9636.19603639978     1         0.7788820267954171
-1859.180888578885   -9389.87279221822    1         0.7843878557181881
-8944.450462334198   5034.061979305086    1         0.8021885685267485
5535.786481978052    -2382.4972415038114  1         0.8346023582600436
7462.1895095165655   2027.310658227505    1         29.009882078440096
-7466.003128279305   2086.320444823607    1         8.729168524514073
-8592.004320173524   -1502.1031881933613  1         0.24052049201209758
-4302.4734759935545  -7206.118039490229   1         0.9139664279497798
-16.890466702852688  -4284.04316069593    1         27.070918747936204
55.395893052982395   -2896.882304546168   1         0.38693921730961645
7798.469931475368    3174.0944326305016   1         1.0715004777331982
-3781.361819712611   -6466.379348161107   1         1.0843824681691805
-1117.7814372651262  9198.365473105976    1         0.5968441342678905
10399.137460070868   1769.6795214354604   1         0.39627295747188895
-4220.634129714856   -14673.147326444807  1         0.48623723819783793
-2888.89182829546    -11138.409371630665  1         0.5413897170818992
-743.3783059944296   -7500.90193004006    1         0.6741990138942334
-4407.702603289415   -6276.079282435808   1         1.0994054959415576
-3187.3561321963475  -8570.409702529221   1         0.41024473008477436
-1684.5214961868805  -4366.073034425986   1         0.3003602902340554
-5990.690088799354   -4032.4897315370326  1         25.419164705043034
6013.61779332882     -5639.197555964018   1         4.130315149446872
-4814.646766080545   8847.209892286106    1         0.22720088331210678
235.7098634666499    2496.6831680778887   1         46.82187676320415
-990.4774692274875   -8427.418737399945   1         0.36396980674028445
-7167.031527091001   13494.650578345789   1         7.740584778077507
-2495.457875719018   -5099.7146820392745  1         5.487273451096624
6884.906059220864    -6114.79570429363    1         35.489214143479714
2394.9121652736903   10355.883220857462   1         1.1777456522187306
-3302.7328246895872  -2118.0123513786143  1         0.4643410830280674
-6942.751273614386   4648.679965612578    1         34.88642406389223
4.657161692192901    -10750.386719857004  1         1.17859870464611
-9958.731779603395   -3510.8413151628597  1         1.0749159424051873
3614.3363957830875   9461.683646172378    1         0.5884153435402693
7172.918098157619    5181.569945436591    1         0.9521625966676992
10569.912640683799   -2743.848652511345   1         0.65784753188157
-86.40138765603955   -2036.3357079121029  1         0.5653340033040807
-4653.036041034956   5919.150776489545    1         18.07785960279903
-1498.5382848762754  4064.1497775905736   1         40.918058598058764
