trucks_count 5
drones_count 4
customers 49
depot 0.0 0.0
Coordinate X         Coordinate Y         Dronable Demand
5241.748004149038    -5467.309073868886   1         0.15483084248709406
2251.177371885132    5039.774213079132    1         45.82812993682161
1304.1135532531985   5707.161496134355    1         0.33527791161494913
7128.619550573107    -6908.156611165753   1         0.6448570033801327
-1853.267211973688   4451.535149511834    1         0.43177064838711454
1924.6830877581208   -6684.313058113111   1         0.5559264608636697
-2047.3047873749776  531.30091017925      1         1.0680700242853296
2689.5510510968234   9269.122731176996    1         1.1693945117176672
-6451.466479977464   3496.3097363445345   1         1.115379638892403
-2910.311537538084   -4235.212243175038   1         1.0406266514305798
-3431.067957806558   2472.559226403374    1         0.8909980208548673
-852.1593450035913   3467.499603750862    1         0.7324894889897765
5039.02926529773     -3916.6140801363094  1         0.1636152244396213
349.39468244952843   6700.663697025996    1         21.401373996643926
-6324.924245029761   8372.444648862169    1         1.154958420905826
-4349.521592701262   894.5089554967232    1         1.079533962362355
-4198.651291266182   -8394.174828120027   1         31.785707015966203
-8846.042288156848   -4623.829501170487   1         0.10310614078562547
-10547.488589579489  -785.136592720728    1         0.9665299930340294
9814.158916453436    4782.8558122008      1         0.8465940043029955
12971.512778932127   259.4883243792774    1         0.4823675488731609
3309.0165277217843   746.6537404881216    1         0.6688392414645923
3819.3889489513967   -9800.664697833927   1         12.027005156304783
-208.89146993890324  6898.114307578644    1         23.1748805359832
-11296.78887731766   -3086.576037730836   1         0.2324971946597848
10335.877195278315   -1111.2737561820854  1         1.174184816849348
-5809.138349225203   -51.65543866017014   1         0.5651548979599043
-6322.80422476755    -716.642161074053    1         0.7734636856680867
-8054.661344245584   -8203.931072026742   1         29.312881627480703
14557.290846718053   9456.847725579872    1         1.0212981718284813
-6419.0215466750205  -2990.260346384741   1         0.6038628651828448
4119.258286710274    7575.939383125574    1         1.1996005450720328
-214.37432242975146  -8899.390080169725   1         45.679374814309305
9028.084172207818    -4925.08885303984    1         0.9116014536156738
7368.880920614639    -7877.484232057128   1         0.7868622327530089
270.52350241368214   -5559.069885205585   1         0.5691835580403837
-11390.054476964804  -12848.91022683102   1         0.7683921607664338
4382.536612083047    -3347.7951022302914  1         0.6904378286020795
9914.838252327283    -3712.9753624009763  1         0.5562882662195587
3947.3449739844596   -2616.9104445667854  1         0.7718671902815476
209.95553741094773   -7366.8781102736475  1         0.3118272060241143
-9718.090383623668   86.38888943975361    1         0.7590567971218881
-1581.724688851427   1320.9579577235309   1         0.8988225465408428
191.52534749229707   3359.9170349969954   1         44.28081931370605
-11277.027443907687  851.5985310485248    1         0.10939739085620626
-7688.168988736591   2481.8279841875287   1         0.7171002631425263
723.2847839448458    10507.017488601718   1         18.48761053244015
-4079.942503981569   -6651.913901824007   1         0.1051791844485106
-8306.483058939095   3951.515759389955    1         1.0674695149659277
