trucks_count 4
drones_count 4
customers 73
depot 0.0 0.0
Coordinate X         Coordinate Y         Dronable Demand
-3036.9149976326025  -10216.99053243466   1         0.5110223120187256
9175.270173872528    3288.356807404082    1         1.0460409287610162
-936.3158690038289   -7763.212546898997   1         0.7306007192938534
-2480.604610997302   1238.0450650161454   1         1.069919212047174
-9661.446064427466   -3724.279718168833   1         0.9482496259153264
2448.5544192853577   499.3471657976861    1         0.6325275204026103
8005.13900048291     492.6456610553866    1         41.06551223634876
1243.9911592203068   10620.60493421307    1         1.0286721818126663
9234.207800005628    2351.6129860466676   1         0.784301114602484
-2469.7475217639267  87.4078114596451     1         0.8065668062080213
-2891.3039012435092  -11686.586520484609  1         0.5612668874762973
-10001.791687172205  941.3561835738437    1         3.5461918119182068
4254.942002856607    3801.720861904215    1         1.2230154526428747
-2371.9238806513513  -7835.311086798847   1         0.3089793789074802
-627.7126714087046   -2116.9880055884923  1         0.640432507217051
1287.7191421343512   8919.261360070024    1         33.10070534608762
3854.988206959648    -2344.760713666954   1         27.763794338054147
2588.9168953363037   -1383.9938071317586  1         0.7637839408987083
-1202.4104498008624  9659.955646304352    1         0.9610826030875703
-4489.435489528195   7132.535517158683    1         0.6863482909896303
4215.87235493857     -3387.948668329505   1         1.0832130763857788
3332.555563222079    10117.775695516735   1         0.1401285709745333
-10330.151048586047  -2382.9580440974487  1         0.26122946193858887
-1760.813264180823   2252.834994726227    1         1.1815768642989473
9489.80140716011     -2124.6182805356793  1         1.1304321921640874
-7654.303015047906   5292.652103228526    1         0.4999362331698083
-6563.823244909476   2475.2093869401942   1         0.8496030561701187
-5330.674536787218   3852.0895319311403   1         32.332283279417155
1214.7732334419572   -8627.577355858837   1         1.1685882795609102
7579.938146372437    -6867.108303275086   1         0.22510981728078402
4308.055588164214    -4169.2614029377055  1         1.0920497258500539
6929.550432576326    -2260.28546787403    1         0.1238172685671806
-3838.879831391672   -4185.641704480855   1         0.8530247747066655
-2887.6609496660176  4221.34162643493     1         0.7086539120785676
-775.1273600999501   -456.22416810496696  1         1.2207167684996745
-3912.225560523747   -4698.848641014863   1         0.5196297067362492
-9893.293923896641   -3000.6744508656216  1         0.91065854023632
-6828.996212026091   -11587.741000128775  1         20.81824798764203
532.4084794718335    2047.7690168087713   1         0.8378321333609893
5586.249148198947    -4832.780447435975   1         0.24301105090972633
-6505.201023073279   5493.158831025506    1         1.0611526610240432
-8207.49990136916    1089.4581939337022   1         1.0017078457433715
-7402.405433615981   -2023.717443043589   1         0.49539079122928587
-3187.207640789998   -8551.256962493706   1         0.6838869921420891
-9159.933944502229   2849.235586905469    1         37.324509048037456
-6866.757785485985   5024.34791581661     1         0.2812847567406319
-7166.588833928746   -3785.2859258201693  1         0.8033646080918514
988.4246477180568    2641.443835493583    1         0.6636145850330242
-3892.1504352803886  -1303.1842135854904  1         0.10285212471858489
-3459.0538497906055  -799.9302382508225   1         13.883209410943447
4439.846431910141    647.0781110134607    1         0.9335552386203061
9351.485377776042    -2583.430020070242   1         0.8579530141443957
7174.714894108021    5583.49242745821     1         11.600565345973727
8933.583111751428    -814.2510563727072   1         0.3407952525793805
5367.174390147613    11649.666600616007   1         33.54546881448438
-6699.944248345026   1957.840160815727    1         7.626502847498721
8447.91224806507     -3848.214008681359   1         0.22453228750545612
-2976.2509640697263  14365.68717200433    1         15.052844541087145
2374.2868915866097   -4345.549890474639   1         0.5501805716578266
3610.646869284468    -3724.248946261404   1         0.8612561371586784
-6742.477893902632   3906.941487526909    1         0.7712976460234792
245.19604754534643   6210.592438938007    1         0.23711347913210398
-7981.154684893827   3888.014755517297    1         0.4290332557308074
6369.8567096218485   -964.4957888295157   1         0.2945258650464982
-2462.215283926515   5841.009124657145    1         0.9860894697129005
-2179.3148032890435  -6775.468071331679   1         26.460907025265538
-3650.6155506918712  14188.813448488987   1         15.553151181734227
-4147.724877298063   1840.3583295904753   1         0.543613189906735
14243.337697308312   836.199105522599     1         40.72720629675514
649.3869009345559    10872.278270420587   1         0.1030944812274838
-3660.792176120658   8724.783717063394    1         0.3644880668989857
-7616.095692858759   -5287.943305996578   1         0.3077624121007039
-9789.529366118752   -4522.817330914698   1         0.4760322226754353
