trucks_count 6
drones_count 5
customers 86
depot 0.0 0.0
Coordinate X         Coordinate Y         Dronable Demand
8201.580477165096    -5712.985710743336   1         0.576519300329468
4160.416651918432    -4722.197312423136   1         36.89986914861601
4461.167430695245    7660.728322696912    1         0.38099939719634
-3632.233000800431   3965.2437363325625   1         1.2076060022311907
-5974.13294868475    4929.482075750262    1         0.6211208590632444
-11156.502584438633  7564.618091657878    1         38.25242745721007
-1768.0563944212674  -8955.076841450946   1         1.0115970519859443
109.07111448066772   -5274.861720240255   1         0.8876545471992296
-6781.900223106203   1886.5849519786732   1         35.919634693992066
4044.24896849929     -2892.9856981056505  1         0.7096054822222656
1113.1999206371702   3690.028736358306    1         42.799636840788274
10442.524489955798   -1905.0916320175622  1         0.4352005825644354
-4018.866183347796   -4293.758184730822   1         0.33733318239849
3119.543765434486    -1984.381940063398   1         17.441618305381255
7155.93135461096     171.9445022150584    1         0.823213475305623
-5621.905590749464   -2845.9558606005116  1         21.014938823000683
-8102.01436486884    -2061.1751301267764  1         46.80527592409606
7654.565075434877    -3579.727337896962   1         44.80294415348868
2948.4029575665345   -7869.8918529355515  1         0.9379314904552216
-555.7597228865452   -9495.448123803508   1         0.26027042734946676
-8650.783512530865   -6663.070194624541   1         0.4894066943895068
3730.359324803763    -4773.502307367572   1         0.6311274617931382
-8447.509382903107   2949.930797717867    1         0.8860083964442139
6935.812413107766    -3654.5131396061556  1         0.46286473047775245
-10207.139756426915  1071.1628136854004   1         0.8885356158139746
-3795.4812041701553  7196.219037963412    1         0.4215154830473632
-491.9291714705565   75.75428486406936    1         0.9409527391526394
-1456.2290717097333  7324.065811112474    1         0.20107942183876443
5513.5430415436895   3433.154805484872    1         0.5265301742207266
3263.807358231102    -7060.482542358556   1         0.7958952562613445
-13242.548864247856  -7548.9573756252785  1         47.25092931197304
3527.2600952836583   -1998.46792609568    1         0.9254606918456605
2151.0014710467985   -9203.054349106933   1         19.29762595687106
-8917.970297479587   -5421.476015149481   1         17.79868422056594
9614.009274156788    50.69721522124549    1         0.9958906407174692
9708.301721875638    1580.921514523406    1         0.7032537955279778
759.1572808798379    309.8383083722261    1         0.9648226425662485
-5470.659698606743   -15146.601303337757  1         0.2866446154838457
10369.60872197893    1709.604861669862    1         39.729673793666294
7428.129136683386    -6231.066109770947   1         0.7004186560760134
1408.3645808071578   -8840.707734454238   1         0.2099475721951119
-6008.386594600714   -7960.979405986919   1         23.137090523868004
-553.2113599008891   -6423.518911236008   1         0.7981190233859216
-8671.395302763587   12609.111526951252   1         0.6126088394022036
7165.648108320514    189.1602739041282    1         35.472983262751185
-6161.849853348972   3184.6711842320437   1         0.8848575284466179
-1713.62305401585    9212.320343732134    1         0.2739969583995495
10272.083520121962   -1946.7853504356399  1         28.81076558778305
5834.5987385398685   3121.6823521571255   1         0.8239400064059313
-8545.93950813566    -622.4281895333303   1         0.792644287048424
-2858.759107936084   7041.984961627657    1         0.48571840094340235
6333.9953877164035   1790.5460912089334   1         0.16788472790977105
3483.380647136545    -6410.45206287057    1         0.47110680527208015
-1143.269553973801   -738.5671957448778   1         0.3496109964757209
1491.6897476779975   -1090.9475960199431  1         0.7161698912248197
3498.9729836719007   100.17452201850408   1         46.27472920039857
-5230.2023094334345  2604.017901609179    1         1.053775231406156
-660.1157985094198   -9081.001643444502   1         0.4030033356130379
-7916.251326154546   5212.5233160469725   1         0.5051087194036876
-8662.371183832263   -3400.8792273935064  1         1.0437763888504958
-9974.232123954638   2004.6981044850886   1         0.43806119352288564
-1587.491094430719   4530.054076245768    1         0.10825298754749324
-6464.364972916004   -7871.086425946916   1         0.32702255735525526
3839.0197465627716   -7399.085628743567   1         0.7210756907942806
107.12139128858189   -2649.243130519947   1         0.39672955688189293
-10388.686008135359  -2606.9734759321195  1         1.2451959850694576
6159.597838719618    3880.1199993260784   1         0.8186502598032492
-1621.4678746813051  8183.534221837369    1         0.36708085546789926
9924.973608673663    -1018.122787953001   1         1.176324306059502
7860.914689880967    2149.2745110887104   1         0.9863677823711392
5504.419253793256    -6659.9885716514145  1         0.5234058169564713
97.88935318188567    1716.2142086388008   1         0.1038051631410824
7031.713366187931    -614.4833247998977   1         0.5764436660201014
-2663.3864505586994  -4550.996760685696   1         1.1561789044508919
-484.99223281701995  -5038.926726629322   1         0.6204378870470783
-934.9168898938565   7765.563328666153    1         0.37720813898450833
699.5130671243161    1392.0427907449202   1         0.4797651222761269
1653.0028009441303   -255.8690086466262   1         0.5490636869207536
-6228.203830448532   452.0910335015178    1         0.9197172581910116
4664.4135725233      -6290.209495557213   1         0.1465053577705857
-2606.641853406867   6123.532186946592    1         0.5098766961815027
-7835.378141721147   12903.862447859123   1         1.0946434622962744
-7642.90478637092    -1470.1762019992261  1         0.36639977659208345
-3486.0772218050097  11441.986868427302   1         0.5166026966879871
3238.297242137002    -2235.4890167613903  1         22.548892503304362
-7185.86211383075    4338.0518560477185   1         0.19914667210555576
