trucks_count 3
drones_count 4
customers 61
depot 0.0 0.0
Coordinate X         Coordinate Y         Dronable Demand
-2694.6464488733823  -3736.5761071403595  1         27.511672106040667
2461.4400015199444   -1358.6036266000128  1         0.5320467938017361
-1053.1563294391872  1308.7093541157865   1         42.23282181090407
-3959.4942042870384  3088.7310457048848   1         1.1291588992181507
2356.711083443286    -3723.1864705721396  1         37.7500953893216
4944.635556059997    -1703.6736524804369  1         0.674314741306037
-1487.748556999936   -230.17631759703337  1         0.8786203241162506
-4559.425793785751   -126.2806975411218   1         0.8261294911003165
2124.3879605819443   -3952.471248197719   1         0.9462771905238889
-3803.8271359628293  -2834.165607545153   1         0.9073824708706385
-3261.3076415615424  3396.067099685321    1         0.897572670511833
2624.597858643019    -5272.542068908708   1         0.9993206042598922
-1518.083502660946   1367.4449011385648   1         0.30966028092742476
-1630.5002476347254  4737.014467720977    1         35.84607152015333
316.4055445801192    -193.45687314095215  1         0.375812218132754
3950.0921447237583   -3930.960237352085   1         19.202211277010736
-1588.9613990660055  -851.1609266455396   1         0.3702862954709806
3935.815503822101    -1191.7117931903485  1         0.7069152890199897
2742.229920695165    1667.289022230329    1         48.79149811534091
-5060.667058459053   -2053.255189761099   1         0.717496680841209
-4288.142684539124   -2871.0398525911714  1         0.7306229858714058
-716.2868981733197   -5373.402328840397   1         10.94537042056075
1907.9071880616043   -5199.285945901199   1         0.4935315653853276
-4116.092903871255   1335.8710093150785   1         0.5919720144654023
-2319.7215614420325  -1813.5668464636074  1         0.10502072740763728
4901.508069688225    3874.147264880632    1         0.3631546819356979
1527.9785366352025   -132.9290578688294   1         0.20202071009121544
-828.5944413495157   3132.5807963081943   1         0.20296137701526462
-3046.3450802686607  -791.8415942749734   1         0.6121410846772892
-1179.800843095073   -3428.8243733271092  1         0.24415042476266566
3882.2320878574565   -2650.1874799336647  1         0.92459459681706
5259.354828788011    -3682.9186394174167  1         0.7124352483951533
-3799.9434862424487  -1477.2847408528382  1         0.4605958140641797
-2544.219749182826   -4871.421501721063   1         0.11596478754720964
5019.264462067752    1411.9072241929862   1         0.16426083585958368
3427.5000438060188   3945.3632343475633   1         21.641506053925752
918.6021761554753    2740.286904204863    1         39.406147072938495
-3081.286434776455   2991.146026525207    1         0.1181927168415286
1806.5101993631288   -3354.44711927957    1         19.774592226877733
-5392.469367474284   -1565.877835597054   1         0.6970584512393895
-548.4049816848715   -4110.699192914833   1         21.466567999922876
-1919.3584029762046  -3664.943319787605   1         0.28095118054051227
529.8768444570981    4325.699942894805    1         0.3151250822413427
3243.631019086203    -4302.927243779627   1         0.5907652859668051
-2035.9080218708716  1630.0733679336124   1         18.352254130028268
266.0292352464394    -4197.5739461185585  1         0.7298631173458743
4121.01820279879     -5013.44034153222    1         0.3409056079678484
3704.9025875807874   -667.5575936195826   1         1.219444613789968
2279.5526867974277   3297.319418468973    1         0.3047924344611739
2731.520040141262    2898.441606056685    1         3.9910893093303965
-4326.403371491227   -5305.432778683349   1         1.0169552919658322
-1981.1485644027546  924.1591468191351    1         1.0212988806341194
5211.642054879525    -92.48675964468111   1         0.7549558737125529
5225.308869088672    2268.915401712619    1         1.2449692885289176
849.0074560616428    -2089.015886718616   1         0.316603379771996
2764.7671619511557   5042.209749519301    1         0.5159821745430164
-4829.355107044731   674.533675237677     1         1.1245808606218763
1542.8795147129877   2720.9605912075713   1         0.714124672499509
1805.2679435799444   1379.9290306925348   1         0.16227093728729428
-610.9902109401946   -2455.5493542345043  1         0.20096315760796313
3190.711709900508    31.434213057451277   1         0.6781231487939038
