trucks_count 2
drones_count 2
customers 34
depot 0.0 0.0
Coordinate X         Coordinate Y         Dronable Demand
-1114.894135325086   6237.32915672295     1         1.2638850306383396
-2083.0077331470125  3218.763711529095    1         1.2129734055345835
828.8394934374012    4052.621772096788    1         0.7708093960926866
-3528.765875597943   8304.72259192537     1         0.1123441092861904
-530.8954946037735   8885.343472689223    1         0.8361292986304082
8842.419535229203    -5651.515869260707   1         0.738342989690362
3774.5882359701513   -9341.37900235372    1         1.1064447371007748
-3356.128519497388   9099.945178498741    1         0.23633759280751934
-9230.980385021225   -5890.136937312316   1         0.9671037535838312
7235.68122499023     -2303.5899610197607  1         0.2915479164992052
-5802.2525658946115  4874.0208707204865   1         0.6359525068295097
-8310.485369129814   -2259.2427545960772  1         1.224232216127012
4590.363396272758    5197.807986335867    1         0.3094729693424668
-7545.845229301796   -1689.4672620068466  1         0.2584097228446127
-4028.840397286877   9480.668366603131    1         41.26391015648762
1561.4903071200472   -5545.409920341494   1         38.35303294718707
-7804.110467800494   1019.590152462097    1         32.49847705495054
7747.135422059671    -6957.968306709677   1         1.177629387313604
-1923.4555899195832  -122.06263334522683  1         0.22603534918017937
8489.288288697424    -4694.839858830819   1         0.4522415084483532
8538.315303803156    5760.971374484861    1         1.1054029907329477
237.61762652987926   1714.3992258998478   1         0.49542253995926144
-2920.574859064187   -3414.6761234698474  1         1.0161093028868602
-7565.119432110909   5743.2276526146625   1         0.9694890410140029
-2466.755229089842   -4315.252657125851   1         0.4024621820848808
8208.54425518133     7825.199334515955    1         48.66648953060929
-7610.275829509518   3352.914848306457    1         0.3900643873726639
3349.000135512035    9174.896440352202    1         0.12818145970627828
1808.8983868164457   6636.636473863418    1         42.13342647338185
8602.039232120536    3935.242532902672    1         0.6334740953379981
3479.7451774331093   -8729.74225395151    1         1.027670612418284
-7046.038109864126   -7482.452098461329   1         1.197283543961303
1003.6853245803948   -7455.723489689595   1         38.51795981481308
2445.0413607842474   -7590.745734903718   1         0.9451933856554957
