trucks_count 4
drones_count 5
customers 100
depot 0.0 0.0
Coordinate X         Coordinate Y         Dronable Demand
-4506.131575547072   -2905.6838948394375  1         0.33489081382007546
-5658.023950237204   309.00860186213316   1         33.48612540150751
2879.332739176227    6985.738226646744    1         0.6100905826662787
2687.5299416739463   3327.5849422849697   1         0.7590194441677316
5834.230148747348    -3155.90224650198    1         0.1792923158501087
924.4678583404556    7835.758965143529    1         0.39156951864854017
4046.77111517496     -6160.379971171745   1         1.086980673575654
-17781.306265265066  5783.8628125931355   1         37.6412624436131
-3237.893096819636   -6303.883381163314   1         0.4155078364596503
4262.973103494077    10008.011756051035   1         0.17098111266095462
-8765.020871288476   -1471.3898739295837  1         0.808657330698699
-6367.619067303067   -8916.422560795128   1         35.32952977116132
-13805.924299215098  10848.290480170046   1         9.02275557719917
-15461.57209943769   -14272.305932847335  1         0.8704434806067614
10750.99869157146    -1467.8203995860877  1         0.228342830787196
-5668.721336662803   8022.44469569887     1         12.640263812216125
6845.6773974889875   -7134.651893677073   1         0.4632510914870305
-6971.452459764464   941.9439051054508    1         0.76001144540418
4508.178892305582    1386.310606086802    1         0.6251612529475872
68.5036730507415     5826.183205291759    1         30.797428641899902
11603.483815396226   -19112.401932374672  1         25.707467652796172
-5083.151976796789   7790.921156952534    1         0.43928794600144827
-1928.3258380874322  -9257.054546899994   1         1.156369755663536
-5009.028338886723   6692.418934419213    1         0.3666359616221919
2365.720630438179    1376.9084740120077   1         0.499789305502612
8850.131302305894    334.47413358444675   1         0.4918834731784639
-8329.293986077404   -642.6054609351227   1         0.2536665176397503
-1381.1039469350258  -9696.848408438593   1         0.19159287295566357
15004.344118530484   15680.09758464522    1         19.14468981609494
365.58103989048374   -5842.921310751176   1         0.5394836496445253
9584.491017902617    1358.734160864992    1         0.7115416682910204
10216.079803883784   -2493.4873868603845  1         0.5971020238407089
2174.5523528583203   4437.331437408673    1         45.36867314738531
-998.2770606160169   -2556.323197108444   1         0.29394301711769266
-6135.178064473952   8826.490004997611    1         1.0899052668414484
4120.09783983075     2124.588348593678    1         1.230582190812893
-2550.415802955878   -5265.943921387185   1         0.5626357143475758
-9094.324935156306   358.0961054880498    1         0.2096554820513719
9384.410955302865    3041.215500965382    1         0.826086986577571
3435.940653148976    9943.513547568724    1         0.7400338822268395
-9319.716349278022   587.681878298147     1         1.1862808333270498
-4903.741760842088   3952.22753076569     1         0.46625931353387196
10471.933658888564   -103.30987835007754  1         0.9760601980317888
3515.2062014485296   -3195.899273497018   1         0.5627156354866307
6562.54927434608     -1149.9850768827855  1         0.9996833654503935
-4175.208369300405   -9859.239481555074   1         0.9006956763029009
-7374.52211080983    -7436.760293817857   1         0.39326716894944314
-4218.099417751882   -5324.223292892759   1         0.21918944125540774
-16371.433722836038  -16181.103880400991  1         31.47068552160993
-249.2387707229347   5512.544978490768    1         0.8773416059992378
10506.690974904855   1067.7482169980667   1         0.8295640916980586
1138.7086487455827   -8961.722209489195   1         1.0894486904367813
2480.154921494277    5893.730197424002    1         0.7510832154429199
4318.641459425228    -7393.479656363199   1         0.7455826415962715
805.9043172798229    6411.297567181646    1         0.5211692969991105
-13682.248390947956  745.5848240263404    1         0.5021117226777306
3654.038274436671    -766.5342461783573   1         38.702995890313076
-17117.152085154197  6848.359572058427    1         11.741032917323562
-6714.166371920259   -3128.592232389865   1         0.17383568014551884
-2694.058948881839   -8431.013907868135   1         46.9161171283748
2771.8525036961064   8594.091705989254    1         0.10646858598931153
9977.70043913494     -397.32712752976886  1         0.3912695683691154
-6400.471765719116   -8302.385785867777   1         26.585179521769458
-1452.9838368159174  9175.698399267096    1         0.7162105443892589
105.30739432070186   -8498.74970736332    1         0.5614535884745036
-7307.988871943452   -1555.7717889006644  1         11.529239231612404
2874.7610910645208   9462.079683909617    1         0.7950286360519363
5206.115657976199    6530.807814805241    1         1.15535442007454
4163.638839894396    -16198.195962035325  1         23.540623051904358
5289.264719697188    4209.088290264931    1         0.8638312341666478
7552.8538053013945   -16409.768049435428  1         38.767170615334265
3456.7282756500804   8687.450774357983    1         0.7563310599563526
-6561.029019667869   -2765.620973497844   1         9.635928574408071
6339.523405734993    -2623.6074981886186  1         21.65792846446735
-1382.9046729001097  -9037.411126716333   1         26.451830703689858
-772.754422721974    4621.766067685208    1         0.6633793341010037
3117.1616953877037   -6134.779918010819   1         0.773205727656506
8251.910624845692    6449.274848162884    1         36.61807801742876
-681.1414968235457   -1062.0957072236272  1         0.48622728579111585
-130.9405866699165   -9504.117498517804   1         0.6170023776130465
-9293.112237703432   -3831.1806822056287  1         3.736375637851579
-9284.120105615122   5583.733531229159    1         0.42021583163160414
6416.901605989765    7542.317124071862    1         0.4046992064909989
-9044.376607519902   -391.07202326672154  1         0.23066697492758195
-9415.65773917058    -5091.000679677226   1         0.6550641031316535
3099.9649960208326   9560.12803498773     1         27.188266113838786
8196.325001740588    -4605.550435384596   1         0.7052459498882226
-10384.850286771121  -602.6821424505652   1         1.1041016204797303
2981.8636891387614   -8952.554780808363   1         26.114952809433213
-7405.185599723123   -2964.634060698061   1         39.435406508381725
-2241.5852157001937  -16805.91822094968   1         19.28810321566073
-7146.987739292898   4513.377167747826    1         0.57754726073996
3603.278944747672    5529.273349470654    1         0.3502044769681123
-6239.110542255432   15284.079509049778   1         33.45380153842745
-1707.4434980595938  -282.35728056064494  1         10.55803532897174
-17924.20517638757   5668.93003070608     1         0.3351895335117953
1299.3880924927107   6106.725746394695    1         1.2249429526520934
-2230.789992125964   10238.232108370272   1         1.0064037691011372
12044.87533080432    -11778.662805297776  1         1.0952035733203915
6953.23250938564     6243.269268068569    1         0.5647485942895425
