trucks_count 2
drones_count 2
customers 39
depot 0.0 0.0
Coordinate X         Coordinate Y         Dronable Demand
-5999.460201702285   5.0373233631934164   1         0.873848714994665
6083.974325343296    8246.652815999147    1         0.16546954517199777
-10502.057629933342  -2265.42707951062    1         0.5969671274463
-1456.6490718051652  4756.88299585648     1         0.4147274765950567
9143.033676486477    -2573.220702042632   1         0.51562826871362
-8443.488783912302   -6621.319566437324   1         0.9327018430551604
8122.655439111069    -986.0458356963907   1         0.11677843253075687
-6135.023298582778   -4079.1864492078507  1         0.8681023454954204
-7855.625572820225   -2477.275223141589   1         0.42551858426420963
4279.943444848865    550.2445120137764    1         1.1710625149695484
9011.400263982912    -992.8035774059762   1         0.11204417312129186
631.2736384423056    5660.5789451432365   1         0.2206761428756442
-2885.546508128693   9600.821587860935    1         20.730570608655682
5621.5739548605225   6436.9038780114815   1         0.33092799439250564
7277.121903254025    -2759.047222100718   1         1.036885701260016
4133.826485057028    -4862.553847104758   1         0.6809692121332548
-12397.259911374944  -11454.756311221776  1         11.429262130499776
7927.969538655682    2425.997517704051    1         0.5654079358848121
-9520.196635514145   -1434.7215111606433  1         0.1546376953072601
-13542.871928738423  12828.653065173341   1         44.44884296412953
8811.483563906566    3792.96097609009     1         0.8195057796353115
3275.0020129358977   8602.72731877766     1         1.0307056419653151
-5537.408083495927   -7184.6982318960745  1         0.7387568370413411
6843.684309031513    136.3911771194831    1         0.14275122795659342
-1235.2741201687077  9072.34836259927     1         3.322644015365178
-3249.4787779438934  654.0620461766956    1         1.0650983116842094
-9771.90295631587    -2580.96103731907    1         1.233810947522764
8088.679580542889    7366.351929360492    1         0.8841626894704465
5184.002604039881    -5905.832508302998   1         26.71984554158266
-4445.014510438587   1218.5725546093613   1         0.5840304631839776
-2488.4686058307902  -6924.271807497055   1         0.1515510025344292
4384.67694476325     3998.4074537735005   1         1.1978799614023687
-4684.1531137742795  7447.1924283720855   1         1.1552609666097282
-5368.260507261612   -13709.843621722644  1         1.0103445798506159
12273.07732960923    -12269.442220143843  1         0.3914112829418087
-5413.302156213638   7299.463726640213    1         0.22901971607312427
7941.435547630377    6362.296244372418    1         0.26721434101452474
-312.55596309631557  -8964.695486849607   1         0.6179551518226045
-7555.418565731836   6779.08667900251     1         0.9637881682209184
