trucks_count 4
drones_count 4
customers 99
depot 0.0 0.0
Coordinate X         Coordinate Y         Dronable Demand
-9585.924896888031   -15413.608693210468  1         0.18780314600874365
4181.239035672909    1300.5586314027296   1         43.34562005197429
-3373.4504046329143  -3355.966393782101   1         0.8500075894722493
-1662.9902050946841  7075.322574975829    1         0.3024068313755578
-7022.048286253459   -16330.368710501345  1         30.971302426605156
-1415.0355740917398  9236.700979968035    1         0.22614717019229294
-10457.06594420084   -4466.166567223025   1         0.7011791899865226
3723.5770563752276   -4707.148771010732   1         0.1556074231843697
-665.4002907309278   -10017.138649974477  1         35.613149695012126
-3527.269475439838   -6653.618888254134   1         0.8444859864201357
9269.208005855848    -1857.2928615818794  1         0.2169813856118311
5973.754248337884    3645.6446675260445   1         0.47577497881930686
5342.947352767131    2542.0281764336823   1         1.1167360778405404
1912.6930996532117   5961.978815120572    1         0.7597135559519073
2211.036971753223    14336.040710408764   1         0.9975444019049018
-3350.290383530246   -7982.027175912831   1         0.8650406401051355
-3021.5824649055094  786.6593815922158    1         0.5516949962637735
4095.4651573070482   -2092.4203519219354  1         0.839552718546448
8866.002758722649    879.9585988876522    1         6.78253758602041
-9707.133175305324   -324.30695316364034  1         0.33399546371752037
-3951.117580622253   6513.653565148525    1         0.252549470972213
3849.151006023427    -1160.8448038891684  1         14.113539279046872
-4254.918126182073   4711.525887251828    1         0.5475080393318584
-639.3292651842104   7485.215734353363    1         1.2019518595323158
7760.931592021492    -2868.6114379935043  1         0.5601674673187738
-1061.2077200869371  -6336.9021847666445  1         0.7203905229964698
-3136.149556939253   1366.9618500604327   1         1.0334262132696435
4945.589289840506    4205.479562251688    1         1.0519901260848055
-5746.6155458472695  8812.458162883779    1         0.4965390830246065
-16167.944448831311  -12564.368228617732  1         1.6275461329097753
6994.448614985053    -10514.639462249419  1         0.9264552620300872
6428.413562796464    -7902.729908624568   1         0.6150212205540273
-4715.468306309451   -4249.959431883392   1         0.1913678918164547
2259.9186173863795   2527.0034100556873   1         0.5232527656085803
-5080.2159198854015  -1681.5714243433479  1         0.5306966225666799
-365.3962854309909   2719.996467606595    1         1.124526521953746
6252.116540505523    -5021.468306940861   1         1.0230091159663064
-2089.125125812045   -9835.033520498246   1         0.18012916703802603
-1076.1811452919094  9666.676006413352    1         1.2240768285255659
-13001.855879644558  14591.065505468963   1         5.088162006888698
6730.8812044008955   64.5029552525915     1         41.02894348358683
-781.5377432570903   -6947.471399405498   1         1.2091337661407264
-7159.659172418787   778.2221178447883    1         0.6563119412822142
-1650.7072211782183  -7175.513941664604   1         1.0485976451692924
-4945.984470050533   5990.5581926425675   1         1.2478107402240148
2443.263427781841    -5953.778991940817   1         0.33993026382664016
-5997.125262714226   215.74438809798264   1         0.5638427698556355
-5869.078835945978   -7605.4959804204855  1         0.4810404162012474
-6263.5462126837965  -226.7831433191853   1         0.7137320665283261
-2628.4353854313254  7156.932473418262    1         0.12088998933850037
7122.191586585782    -5585.425662444473   1         6.585687104404599
-9152.877155585671   335.2251143796816    1         0.9064331690237208
887.6145616548691    -6255.645390794457   1         0.3106626048563129
-9026.116472672044   -820.0442865956543   1         34.36731043405002
5670.52836874922     5285.77339014561     1         0.9272511976938184
88.20221717089089    -9939.70007793583    1         1.1463656156877202
371.9198701115911    8937.671682881077    1         0.6957556137629817
7773.650964351487    -12446.931720781433  1         16.040946264177666
5759.31997429066     7529.417705934319    1         1.0958169893911696
11097.915957565485   3007.512861233852    1         39.95735124137212
3564.454114076638    -5573.882014881152   1         0.648110193998707
-10564.418790667685  -12137.843471282888  1         0.31234531857633163
1661.2292539374905   -6092.673187476174   1         0.16146284562088
-5562.536555699751   -7496.7722261994395  1         0.18623024096224494
1617.207624246302    8955.747766273083    1         0.7185961995166333
1831.1222541910975   11150.456710283856   1         35.255035714671166
-1559.4592521901227  -6999.978915504557   1         1.2283931143952176
2237.2984937383058   -3173.872698934049   1         30.201671524181677
-3537.8602182627     -9298.309238795364   1         0.17287263355568128
4472.895666852653    4959.443082742737    1         5.39442582687621
6573.595017224532    5504.911119270028    1         0.29691711975682683
-291.5315538248001   6953.545515085551    1         1.2280327948847882
-10332.650020951405  -10919.915546628961  1         0.5661788710034431
-9834.132096463742   2353.2159459425347   1         0.2977611116174647
-8798.375237509055   46.80476011086029    1         1.0795103335866114
-13208.093518959864  8623.966932330972    1         16.16198498570852
5936.873548082217    163.5350402736823    1         0.9160400766081945
157.59296787181253   -1807.8863966837     1         0.6938630445290208
-362.21290012631164  2939.841291650418    1         0.28609866581141996
-10488.752150738717  1162.2409451097494   1         0.8850452232575716
6866.881401656488    -2055.7724464043645  1         26.654813556778425
11107.444149449351   -14347.3876693824    1         0.3254879860937706
-3568.106501123493   -6108.643601315539   1         0.5420128995767749
-8410.126264977709   6528.768227725667    1         1.1484767697218252
-5409.041039705898   -12.2629667216342    1         0.22526930631577982
-7689.959014667074   -2705.2321583466246  1         36.312401284006164
15452.857423672263   -1244.250652036113   1         0.7569241905442136
8555.32722186849     -300.1363092324733   1         0.40594944855213455
-4943.101453442642   -1631.5717719322624  1         0.8009909005700941
-3951.6635786597853  -17120.038197081136  1         31.502165237228137
-2161.221706574361   -7651.704348365467   1         0.2047685118276521
2311.4840531587315   4094.28823264074     1         1.0237912932595266
-4852.7960354126235  2196.2995225675886   1         0.39893328443932563
-1822.164628240737   -3090.032567139121   1         0.5023505840278424
1850.3241303922857   1350.5873661646765   1         0.8197911414318005
3538.1695229635297   -6630.234411954383   1         0.23280659720807145
154.30572058990273   564.636245783207     1         0.9155081168172505
-5362.110913403902   -6195.285097714983   1         33.77561062585503
700.2119746197163    8322.637667382367    1         0.18629797382581934
