trucks_count 3
drones_count 3
customers 20
depot 0.0 0.0
Coordinate X         Coordinate Y         Dronable Demand
-6272.372176723868   -1616.7938571867626  1         40.40158593692749
-4403.176507055322   7193.214124044744    1         26.678445510478884
-3897.3906187466782  1833.5007323846878   1         0.12905053428906527
-6583.277196102677   -253.56680289029973  1         1.0198662232829419
5839.597411642516    4930.712132185716    1         0.7602957016652628
-3876.777408441109   -3206.016418828979   1         12.000542155249706
-2162.6867386573217  4087.567314997231    1         0.7491253578732159
2189.1234992654245   -6371.119389418149   1         1.1212194897858554
8813.62697427974     5589.763230567318    1         0.9860961206898572
-83.37070177671194   -8803.100555582758   1         0.4629409233935321
7734.6191420801615   3502.2799171962474   1         1.0736706145240846
5944.4673849558185   -9042.850197613825   1         0.27748938194519734
7133.623038939495    -4689.007199025884   1         0.5169242199107323
4499.529844821934    3720.038126754446    1         0.1623109664831992
6529.114201223092    -262.99183927981284  1         0.7726115203244277
-7538.553001627592   2567.036329857774    1         0.9659920423412114
2226.762304967817    -3747.022560161487   1         0.3479749726256035
303.9172876467894    -6236.665929931488   1         0.8984152009732802
-7624.52188581206    -572.6453910586057   1         21.710589938243682
8588.669805033313    5680.626047737596    1         0.8765764210362866
