trucks_count 5
drones_count 3
customers 68
depot 0.0 0.0
Coordinate X         Coordinate Y         Dronable Demand
8214.83485081515     2911.829595499368    1         0.2662561865225202
8101.397928037054    -4607.052742056412   1         29.354681967520804
-3999.477302103305   -1658.093681225482   1         0.36041108969998836
-6114.262776612451   7014.118132276689    1         18.9747564650518
-2785.9004513460723  -550.3855289979282   1         0.22405276843327132
-2223.080771298966   -838.9157073326174   1         0.4787125678814056
250.2829449117811    6612.4152201804945   1         0.4120053648316987
2473.508343335173    7048.750374599839    1         0.8919255578143239
-4361.956508287686   1353.992373647441    1         0.3259644860553129
-4134.596975716287   4617.996608747433    1         0.587569725555706
-3145.000552650551   -6535.759136935295   1         0.4710650674832061
-5395.530221454311   8212.875600460018    1         0.9108049342535818
6782.335404626637    2763.0793950596926   1         13.032470994626692
-6580.197496607082   -5418.476857123438   1         0.7780338520235972
1449.6336704411035   -7894.320228988551   1         0.6747078736708153
1042.0796730496638   3039.508350933715    1         0.4881745050088361
4305.38714948648     -1945.9874704616886  1         0.6135255307930438
4119.305101798572    7460.751990574494    1         0.667797927584773
-3979.994639512785   -1772.9998210953224  1         1.0820901804505527
-3344.3126283748697  7249.0986761279955   1         0.8948903354826606
6500.933366037619    -5021.167751969527   1         0.4451770991764533
-2525.563157485954   -2130.214093250951   1         0.9752871765993968
-763.9365883564993   -1257.287615382916   1         0.3763735825800618
4449.901215823832    5730.810264207483    1         20.959502980540773
-6249.210554733198   -1968.5763392963593  1         1.0657471377953032
-7624.70385984721    6662.051592972336    1         0.7979614200311855
-7111.275599604475   4379.289294192959    1         0.14013645214274084
-4466.102328549712   -306.37549000574523  1         0.6295230814627353
-2494.8970995707814  -5342.7426239863025  1         0.9322931153687003
2912.540935243883    6195.524529526838    1         47.70731983178055
5327.607674369243    1068.4228408615072   1         0.10372047979902346
3797.8159559184965   1779.5506303067461   1         1.0063517885117856
-4648.7218247379205  -6995.649725232535   1         0.793632919636102
6208.436087213242    -5917.614986075372   1         0.5037912660177069
-6326.141849570293   -1912.8138981412353  1         0.3107076149721801
6029.083364524903    -1893.2218138092815  1         0.4714346501796959
4255.856432347968    5967.302100337158    1         42.14009997493016
1305.115194832622    7947.7390513056125   1         17.20228013797412
-5848.747988572746   -1101.6364909255717  1         0.2856919211851199
-660.1729566053139   -1986.67901770518    1         16.316162614224456
-6464.754850311743   -4774.361211509535   1         35.86601893438969
287.5003568552975    -6174.512011256168   1         0.18711839779633407
-7257.489976424842   -7771.595188815562   1         1.1529063737312837
5945.661575695752    1672.1050803288952   1         0.1285875728041799
-5597.957366947903   -5792.407103254905   1         0.3449349918451234
-1128.2203584079407  4277.373434569707    1         0.6300322100700115
-4312.233453557313   3630.134801152937    1         5.619161401068197
-406.09577958753994  3531.4523198192974   1         1.131334501185462
-46.5645459151201    -2781.5461766734884  1         0.7200949426061661
5219.794210306176    -5237.659839812572   1         36.213965848218685
-2887.237039480669   -5998.249775005684   1         0.4054972489593931
-5634.4473871028995  -686.8198690520967   1         0.38572208714937806
6301.303491180194    7434.056180129877    1         32.972953830731484
-242.4170053654555   -2135.571783930098   1         0.8965595242689062
-1968.3383991130793  7821.60247833756     1         0.4411123524838485
-3046.6774165991255  -1827.5943932230703  1         31.938550916905946
-3654.461532256099   1697.2433773518728   1         0.22312353201591253
-4754.475092667895   19.99650702174827    1         0.24595832792432612
7766.545289819112    -1894.240137586584   1         1.0568907322856438
192.76462619321967   -3966.4226901161956  1         18.51783876510906
7184.073239286197    -940.4067129054649   1         1.2144889984099547
-6127.030443933094   -2421.9944490308853  1         1.1449503133144556
404.4746743390349    -4935.44161645261    1         0.6653224530125055
-523.7005863329927   6205.837188761956    1         1.0111101811132945
2981.493685906761    -4496.732887615212   1         0.6041409545768985
-3787.0869505796977  -4887.330110602242   1         0.3532564722500413
-7901.970889415939   -6970.130280836849   1         0.9158124707107956
-6277.834320546621   -1777.8925180950416  1         0.9479826336303496
