trucks_count 4
drones_count 5
customers 43
depot 0.0 0.0
Coordinate X         Coordinate Y         Dronable Demand
-2600.0043153188835  -4273.6356770925295  1         0.8531223669338708
-4421.51005246533    1420.758051746419    1         0.5155588909262405
-4302.905837757878   3455.023984522596    1         6.659705293985465
5714.828973053198    -588.634212664676    1         0.5023673926649425
2798.5115202995653   4877.932537691698    1         0.6144647007657328
5683.144523856107    7000.408526300668    1         1.121414491206526
3428.553903236873    -4627.696377393541   1         32.103393669885804
-2815.7669704665723  -6959.8348322517595  1         1.2372755024934645
-6387.650872303899   -460.3296924142205   1         0.1620238554451483
-2895.461873145381   -6655.509853014467   1         29.52809701582461
3597.813509159096    4356.082480889209    1         0.40677940112104904
-4512.922031715607   1392.1052471538364   1         0.8233411279327432
1699.6325018645487   2415.534167213517    1         1.1727027070350984
-2409.208571007229   -655.2587230515885   1         11.148280420623994
-1336.7411489169406  3466.870634855936    1         19.255452366218496
2840.3483459445533   -1455.9471783919266  1         1.1242889707785901
2449.330614228126    4648.827695459924    1         0.6201697698659306
-3767.840789877107   4685.92218209143     1         0.1316056690153224
-6110.997436261212   -1658.6648303245283  1         3.7981567458699828
-4973.229459841617   -3863.6518575474174  1         1.1835672794012497
-1980.152269877722   -2294.1385952291353  1         0.4711820233097309
-4959.75701183434    6803.932780774691    1         0.5629339660123935
2242.601105660243    2876.2315209004973   1         0.8021309103078674
6286.373422400278    -3671.9776808002985  1         0.52399590498736
3059.7898064951423   -6659.530006970727   1         1.1528522643892545
977.9766418699807    6379.201226675332    1         0.4554904157230668
-3686.897356277955   1345.6040383530108   1         0.9260187384535832
-6866.342024069483   5877.1860322855755   1         1.2105139825471403
5812.22740591137     6722.590453392276    1         9.080728064351106
-4786.626661726857   1632.3843947877263   1         0.8171148048343619
4387.466628551918    -707.4783074440691   1         15.285996400161178
682.1433189791906    -1648.616883125837   1         0.5061129868216687
-2500.4984677981156  -5455.7444371975735  1         0.4675079769727054
-4423.287578874151   -6332.642754503216   1         1.0410861013051051
1784.1006111409638   1695.843097428721    1         0.7228535896540853
-5396.648271619409   117.94054983392688   1         0.9067795747280603
-4224.609883547945   2116.798556577596    1         0.3678966759533131
-1346.1099486505018  2968.702998743772    1         1.136777018235395
-3922.0174311156893  2978.433816456235    1         33.66905796119834
6764.560633941614    -3887.2369010768984  1         0.7940524246139689
4631.527108362801    -486.6432859223917   1         1.1453068785616731
-220.47574621236254  1672.3944311056875   1         0.6279634906188758
-6227.92288159721    6912.306394636847    1         0.6049197213129323
