trucks_count 3
drones_count 3
customers 79
depot 0.0 0.0
Coordinate X         Coordinate Y         Dronable Demand
5313.060674518965    -168.77715724189787  1         0.6338244945992275
3237.4634813675184   -3452.722871778788   1         34.337783606888785
2085.756471610016    -4045.3783327563833  1         0.20622586332144988
4684.571312868538    -1214.7552155108356  1         11.316943979543863
-2737.426697323662   3438.042932500148    1         36.198748560234996
-5419.461066489333   -5678.255087766291   1         0.1891116563597044
3324.969817171682    1552.021351578382    1         0.32875297570771395
3055.025447969318    -384.2600725323517   1         0.43076021776506856
1066.680574213977    2940.8278333946682   1         1.1331950682148417
1724.486759551464    3698.8511432810346   1         0.3799000827400201
2081.2247445962194   -5150.639103449859   1         0.8793584568755812
-4807.168000895369   4870.223665874446    1         0.6898727476685909
-1637.564591469224   2886.5402146928495   1         0.980052776840143
4767.395809505332    4423.635516654266    1         0.34208007047635636
4500.351417032925    4322.962476905466    1         0.22814524559370564
-2564.11534675574    3322.12647724524     1         0.9486715330872587
1621.0471380913466   -642.4749249340645   1         0.4635228620871972
-5006.295016256779   -3929.408275015535   1         0.11635492902190514
2011.8120012634715   5042.8875324823985   1         4.767361729476636
748.771623616642     -2033.954702477674   1         0.9324328212080596
4396.7585126799495   -4307.639454397642   1         0.5613379851661978
427.5543506830071    -3446.9940212240094  1         0.888724515195736
-2265.3154803075818  583.9017261821971    1         0.261569090714061
5473.174315858545    1388.7967705006836   1         0.1821100875244397
-257.10788691603284  -506.86855571291653  1         22.39942702512536
4118.731994028992    -2506.1131617777937  1         45.18192333322803
-33.67145557445058   1333.6013912013761   1         0.9327905423336862
-4876.509288840614   -1452.2299139042077  1         0.9444237354133476
-3063.849792606933   846.7563833636113    1         0.113982999742154
-278.855579243759    -5175.233628946913   1         0.9124728366540037
5376.8698150374385   -4442.533042128183   1         1.0239104709499414
4865.340257775024    4043.920277030873    1         1.160921600440709
620.6665349806487    -3718.4201671685196  1         0.7800705167670675
-4685.961343621673   5028.773938823346    1         0.7252325167652036
-5366.132427841477   -1647.6219656242977  1         19.566769920561025
-3306.841974498469   -541.9619466959667   1         35.060910801713
-5438.189989817628   249.06983366285814   1         0.9449185626915301
4411.862106952449    3998.8092248455087   1         1.2492674323129491
-764.0055907968374   3732.8321463007132   1         0.13933021409064944
-5444.186157570505   -3685.7738874099764  1         0.15890820566146746
1356.9957564360489   -738.0281646108879   1         0.2331573182445632
2567.504522152695    -1303.9926533932687  1         1.039009593512098
5249.969846121214    -1835.3541462381502  1         1.0544638715887455
-5040.573868467819   -2319.003763170067   1         0.5959484386729093
177.6992523531374    -1377.945140153475   1         27.57872196561061
-4455.644074744611   3828.1538473173314   1         0.5849947258866441
-2144.8167452633597  4002.9231868585393   1         44.01113166983494
4981.746949459874    1030.2964633179497   1         1.023724049332901
-2496.286271741406   -3012.7098403168343  1         1.0940529610425103
4360.581901894504    4858.416170945323    1         0.6491575680806411
-545.4445928436726   -820.2937385041078   1         0.790061737546693
238.84420815204976   -931.91493258231     1         25.376507960709766
-4452.752822272025   1557.8713622223622   1         0.8274691507752489
5629.44858931121     -5544.961371977614   1         0.7368124336360551
-5176.51829917832    -5117.572804331807   1         8.89389128469469
496.72585705361814   1191.0110635385465   1         0.5187104939384052
-3349.7130894017696  2812.6745189820485   1         1.2150644131935318
633.6832732785125    -889.209299053653    1         0.3656389260020403
5350.868853833332    -3545.2496139325035  1         1.1716753074514894
-4819.273621403038   -398.7464234756427   1         0.8278364241970264
-3471.215127776155   5240.984219198909    1         9.837725901525573
-4272.23633817515    -802.3328898193472   1         0.10981648620361975
1330.0750053503182   -3841.302611093792   1         0.5278178829432741
-1782.7386334742278  -1804.8342898306632  1         0.8795523240472239
3218.280505789692    -1797.687931084493   1         0.2355757269270654
3398.4096193450496   3872.805629753679    1         45.82711324332421
-4589.86515908487    4539.199697569635    1         0.5456994208578818
4198.17773286751     4082.6159716782317   1         16.620627534527376
-4345.615467585056   -1507.8188666661817  1         1.0571192790093318
2578.4705534102977   3160.757500607233    1         0.4494061108540469
3796.123550869292    -5346.541344934151   1         0.9699554968978837
2384.823252354969    1658.0656804902533   1         1.1609324871525553
4102.0772999804285   -1041.359755268145   1         0.9136102581335248
2188.2259742892975   -5254.724304491113   1         0.9291404249263802
4688.344003004038    126.4118258194139    1         0.19405352705421142
-263.83902618462616  2801.2942881428353   1         0.6014150430313165
373.79256669536454   3784.585535578601    1         0.6990405712367495
-1744.4701338805478  -4823.57361602261    1         0.2878636880744829
-4272.109777531049   -3158.275289710308   1         1.2483176895157513
