trucks_count 4
drones_count 3
customers 42
depot 0.0 0.0
Coordinate X         Coordinate Y         Dronable Demand
5932.076827021765    -5952.309271751326   1         1.1725868829952946
-5081.224805093698   4654.68023200276     1         1.172846879034065
-2472.802718630719   3781.7028104044803   1         17.27262710174496
-40.39491615478528   226.82001028204013   1         0.5414852352478792
-5275.292389045253   -99.06715044748641   1         1.208601272800562
2572.958308582346    6110.474296807318    1         0.15947549365679037
166.0698440110692    -2821.7937407807317  1         0.520192724154423
-3842.8361727170386  2275.8887548429034   1         21.919390058023016
2274.457005886731    3842.3455972300662   1         0.6477762448371929
1188.8435774688069   5805.99317716735     1         15.061551298839623
5918.25804021005     -3066.086485477836   1         0.9397782656419569
-4627.51666386927    2226.400970706482    1         0.4891545048253775
-3996.4614448710886  205.25381852339856   1         0.8562242551606457
-6006.4908691261135  -1978.990948349175   1         0.4295854676712171
-3717.609892861715   -3005.1067605669364  1         12.016015004854548
-1019.170358610546   -2239.6019068238543  1         0.17114296604847334
-5337.6397155398245  2819.362853655496    1         0.8794869792570376
5182.46320316819     4830.67919907203     1         0.8327691184162017
3552.4594253754212   2304.6923056079404   1         0.8704413710202721
2727.22147357948     -4277.1772111771415  1         0.20581616001137482
52.94828510702161    -1385.206714165985   1         0.6858717768382607
5180.252963722599    1600.6297122260494   1         0.1748463167057459
4110.598805741056    973.1822008537669    1         0.37537966949059254
652.8067308612134    -2362.3169946127223  1         1.0998475577748217
-5029.558088182506   -2395.758604089569   1         1.1246824314184678
-5528.8954735548905  -4622.09862639524    1         1.0634593515244375
23.52273036204042    -3930.1059992880487  1         1.2222820204856724
4430.19910563431     -1771.672896264253   1         0.7717487952366885
-4704.913521811462   1172.6482714525512   1         0.5924210856450309
-2443.2802598392573  1654.464147446075    1         0.11883981129976252
5431.745822963517    -2459.157208957849   1         1.1227066552881948
-3884.79524044148    2966.601952961303    1         1.113859076786111
5387.481471053671    -1906.4670261821648  1         16.863580282881287
3125.520473384087    832.9710995121665    1         46.56887212735022
2616.051082798751    5222.601602267402    1         44.69146820716799
-1435.3163796584004  1911.4566017165553   1         0.28173209648590947
348.0170387073201    -2964.794804033258   1         0.21766850553784067
-2100.8277115303295  -1282.8533970919145  1         1.194716987539509
-948.3665780480076   -1100.1646751550375  1         0.9614782567097064
-5108.959617474939   5735.55778097489     1         0.383604643251088
-3413.166568781074   -3109.460063681031   1         11.792171719562788
-4533.3439674857245  -3476.593669770111   1         0.6330728824911698
