trucks_count 4
drones_count 3
customers 75
depot 0.0 0.0
Coordinate X         Coordinate Y         Dronable Demand
878.6148021604349    -7391.890461580787   1         24.720724593232646
-1152.0616727157192  -2247.4915671686203  1         0.7977165250649584
-1109.6315614643086  -243.84837638091835  1         0.9420029693647577
-11839.88742751957   -14636.856236002202  1         37.01357255809656
2502.946404315582    -6501.1183943212145  1         1.1514703829041597
1965.284133453132    5402.595272562929    1         1.1620717780297587
-1155.6228429742937  10326.166993351047   1         0.10302033285330363
-2788.0698165663407  6398.880937840348    1         0.2808887956043904
2365.149801735719    -5632.870794486728   1         33.2328140796367
10350.589488245378   -3088.895686206229   1         0.15326930051994564
6677.440593047682    -6881.358950126104   1         0.3048903930451024
4032.538287801306    -699.49106938315     1         0.15849174916612768
-1776.072014963742   3622.6609855005286   1         30.658317776818024
7479.207026555084    162.79937272606438   1         22.57223325018692
7590.689219245238    -7815.508376751705   1         0.8109364192810943
-6305.3482610799165  15762.853568133545   1         0.8857552832083473
-5992.523110350264   -6720.018884038556   1         46.76083042439759
-10571.652613119466  -6197.02587508869    1         16.022847705127162
-1923.3011608242714  -8216.388541089093   1         0.129749161137344
-5223.923702128375   4710.599327498772    1         0.15390512474372015
-1722.3765053491068  3758.413639177314    1         1.148878128528824
-4003.0577552286636  -8657.71774070807    1         0.5843617013177104
-3914.0467032397296  -1842.5770547706481  1         0.7105114179587978
-5175.361133910679   -10380.87417764073   1         1.1923118338695926
-7291.32656847293    -3570.4590767713885  1         0.7218845010749603
874.0626870276549    5777.728475538986    1         1.131262146202194
-8657.651480023342   -5322.500348420785   1         0.8249592976837911
4499.380587638652    -9409.372526198918   1         0.8992921881327616
-2779.018351624262   -5326.482844705951   1         0.5390116991753339
-5379.882817685628   7922.739821272888    1         19.73392198375595
-10986.097473055886  7841.062269547019    1         0.6090951215173241
-3821.371251699947   7466.313267037536    1         0.1543991523480877
9553.38145066077     -3835.8695354288216  1         0.5346278192226361
-2931.948423858195   -1403.2062767676864  1         0.5394626325703035
3268.6886056840403   451.050610521586     1         28.152460351333062
5024.951490602536    14280.509138785812   1         7.702812764424719
-1034.049924005855   -531.2329099985881   1         0.2733759153452014
5395.4934328035815   6865.35334629832     1         0.5998223402723379
-2766.885295733391   5993.597307882723    1         1.013706945742726
-1257.077903693013   -9830.979669003955   1         0.8204198862796304
-5043.5913616407815  5314.553728703155    1         0.8799587070147677
-3638.2520261577856  3927.8519784747637   1         1.0430364285273346
437.5592880098763    6634.412969503599    1         0.652681141167218
1771.2660941622787   4822.658253780725    1         0.21560606268755061
-3432.678926580758   5183.622412179326    1         36.59042951258716
8146.606213131254    6778.588860460223    1         0.23559623261539156
-3459.6164707273733  -3307.667379329395   1         1.1848997155810232
-2713.1616393038275  815.839986049235     1         39.82559123211537
1707.1323309538725   4681.132540816784    1         0.9967224136247194
10205.327238288264   -2208.063967597473   1         0.8719146677728301
-3533.344928380242   -4673.528808174318   1         0.6589099962515808
7028.609707679215    -1117.340926867401   1         0.2099020866213489
-7404.010644620813   40.64128455795258    1         0.630688303359999
2173.080113122116    4355.219405206884    1         0.3830652553529713
-1194.17375537186    -7579.005656913152   1         0.7098116509638627
1124.0872894591598   10256.410732745167   1         0.6011548519239523
-3287.500130391362   4099.5866317943855   1         0.73419365574087
7201.690514621473    2754.7231815098244   1         0.438493213620444
4988.836107179489    9487.02636133728     1         0.6250902116112255
6909.988057450597    -5457.299103955911   1         1.034213110827571
2535.781026405823    4282.56627806849     1         33.870330896473156
-357.25821304141215  -2666.168891555204   1         1.081420343544853
-7779.475692867463   3369.9242330505213   1         0.32315271639149645
-1214.9146155446585  10299.83857905042    1         1.1080668352974339
153.15004826393897   -4575.115676352107   1         0.112482063870454
7030.9824223730175   8127.301285413088    1         0.37556426691732947
-15152.3247231031    -6743.3903382225235  1         0.13939766164099
2445.472956679693    3824.5045042066736   1         16.556797917479265
416.76469818336295   -3811.198326863069   1         0.493915505782514
3625.349654987945    -1267.9007365904877  1         0.6846833003171688
-4329.1381483974565  7343.140403440099    1         1.1072317648580599
1556.7070682779886   -4989.828491662545   1         0.762050248725117
2940.7590311092827   -1681.498233442977   1         1.026109810599719
11724.653635317449   -9779.128642738731   1         19.862651301991768
8601.815130436242    -1083.1119712605116  1         0.30724889101348307
