trucks_count 4
drones_count 5
customers 71
depot 0.0 0.0
Coordinate X         Coordinate Y         Dronable Demand
7217.376124186761    -5417.1182144891     1         24.16164526886199
-2632.8499265443684  8907.806766765463    1         1.0550169862580268
11098.441665950322   -4597.890509414698   1         0.8316839782415836
8640.997378523469    5987.190060856268    1         0.5159678785905184
-2322.148075083515   -10154.687957854396  1         0.43629531036404456
-1064.213959038263   9786.755968307116    1         0.11965838903410103
3277.3413823653964   -4072.4805938014874  1         0.653531455447837
1668.3540227279573   6316.457341413949    1         0.5724237602052351
1680.8752027704613   10424.728981230335   1         0.9152047714054597
-7721.6962294749865  -1291.6271584218548  1         27.957024535550005
4845.229991236015    -6600.12608572047    1         9.847741541417705
1794.1398190434336   -1177.8268801388967  1         30.043653896891698
10572.529969175592   -886.2860592406903   1         15.715846487425486
-1985.6206820226041  7690.452804760295    1         0.5174389726735273
-5012.103601536211   -221.68268498641285  1         1.0877584686881856
8456.522155018289    3292.4585348165556   1         42.2003466954331
1609.9824211592218   4137.21600360733     1         1.1853212269718665
-7634.695129600724   -7491.878993421797   1         0.49690412457456645
-1384.2327703461863  732.1497304821164    1         1.185320969023005
-6693.409016837431   8552.294819194974    1         1.1217446400505402
3511.4203346913323   5538.330463241021    1         0.2506911755514474
9863.901427484647    -2282.0357743037375  1         0.119855962597986
-2042.7651711801577  10472.112876017172   1         19.347509733566373
1252.2742246358193   4071.376522324834    1         0.3252438968403143
1857.7654839985169   -4561.0351751618955  1         0.6808568577112538
7475.370828447325    -10499.447836334439  1         1.2453155149273503
8772.670317710068    -1596.7642347696233  1         0.919268994747427
2521.672628238663    5235.064162526547    1         24.718447660699173
5421.0535393029595   -2336.7510714901823  1         10.33871538233762
-4585.944189811652   3814.9456081131652   1         0.6292482328913601
8121.19598317724     348.7954237483875    1         0.6206386427145141
-2161.993714912069   4911.281352153714    1         0.5343876107432908
-2922.714967759062   5148.587410794627    1         1.1414272818221396
12566.033481209295   -3064.4825638806396  1         17.966152906387777
7413.761588193112    7465.311245241479    1         0.23742008194866493
2925.3638737457186   6095.421192551894    1         35.07807068207307
-3303.858596684533   10132.52515111511    1         1.0373979998310148
-6368.702181940944   -129.0338200590025   1         0.7846261243161226
1004.2932312200409   -8048.366839073627   1         1.0490591335646162
3532.2393525377797   7625.877554684988    1         1.0435963943122062
4495.362757005271    1637.8704303342015   1         31.80983829658387
564.2297922617219    -3316.584221636282   1         0.14804806196871337
4196.524332241024    -6357.183183875868   1         0.35047096301725966
-4201.533270175719   4866.550668066511    1         0.19493701677810482
-4270.496991560988   -3534.607990700632   1         32.37369784521862
-6185.745925711933   -355.0905899353125   1         24.830845373015407
7060.3030642630465   -5084.474674902725   1         0.5144815584809942
1716.9240357328274   5886.710695295671    1         29.72399389655913
4569.620709122433    -2709.1186798186823  1         0.3105771362288072
1139.2870374464924   3613.8532731687224   1         26.96889399959754
2961.1341179714495   9334.098201251716    1         0.8304875348748104
9142.173673914325    1180.5575757589604   1         0.5565101091647405
-4170.822661818448   -948.315712542817    1         0.44725772289076093
4555.894197124276    7895.6099385748985   1         15.281698293190123
2482.2622915810734   4848.031827697991    1         0.42550041551347184
3132.7996907903216   -8170.489565264746   1         0.6620100477985029
12253.36327983082    11663.50496139619    1         0.7434827240757731
1052.9989169448327   -9617.682795996016   1         0.9764756352784946
-811.6306820501733   2671.2059780193267   1         0.8505980695890307
-9649.464490195527   3479.5173414563133   1         0.2867425370922124
4456.040690647325    3121.114941813108    1         1.2402028321858143
-3907.6759838402468  3643.376765646305    1         0.2494560881565652
3712.9118957987903   -8708.320358928637   1         0.5190958216717045
-3686.7926728967013  11225.023201207532   1         0.40864381204658984
3065.544424899035    -6100.67962172477    1         0.35050133152844964
-5842.842363772525   -3815.591264017524   1         35.151164133456405
-4946.523737679428   -374.5662079061185   1         0.18462491276936582
4156.322103665191    8565.788197637583    1         3.054287534387706
-4636.919889702818   8981.566584687796    1         37.73123243442784
3509.216531582227    9360.391492793144    1         1.139926621417778
-8139.751128671461   2765.5675616306994   1         0.7070272573632044
