trucks_count 4
drones_count 5
customers 54
depot 0.0 0.0
Coordinate X         Coordinate Y         Dronable Demand
-7631.889335370226   2505.672990814758    1         0.6773450726131208
-6033.678942445284   4989.664327948958    1         48.23157285565325
8236.040151572213    -2208.5778598251736  1         0.2458135985416657
6051.935878913861    -8852.213041344901   1         0.4509838132314591
746.7826490215604    -10854.115709632226  1         0.9226737919561284
-14270.450555947631  -11614.189952138946  1         6.095461797975392
-8612.884831246636   6539.294908317392    1         0.3298932078362739
8083.082753276885    -3645.436938109131   1         22.621805020320643
-613.851474671105    9360.760200944533    1         0.7864559627053694
5215.058541449199    -7619.998778051974   1         0.6055314621146922
2988.36818430727     -6991.3873397015295  1         0.7611771583238713
-938.4494081550939   7180.101162269908    1         0.11965028196798436
9284.453986434468    2858.812035430778    1         41.61720742783219
-7615.923589479679   -7385.895676727851   1         0.5465892115033694
5361.389316570607    -9830.002557286885   1         13.936798286277421
-16575.56049914359   13193.899002967508   1         0.5796847689760695
-4201.817635763286   7429.098835769107    1         15.946595544560513
4541.6937895626415   -8551.281845921043   1         26.48473788396722
9698.506536837327    1639.7677515868916   1         1.223060486657357
-1503.3064460743797  -8466.274831533367   1         1.1519664678502592
460.25226390577063   -8859.071139322752   1         0.739609553752541
15815.632620523105   7305.735626657788    1         28.238030488480444
7885.541481027025    4989.067600350715    1         17.60584625611258
5030.034352256686    -1581.981954541013   1         0.8059754835256984
7435.475157797945    -7808.9139441916     1         0.8370996555480535
-11763.374793651323  2578.4895933064363   1         36.95265871666611
2956.6062196878665   1674.5841069316994   1         1.0062027109731095
-8992.21587696606    -592.628847368012    1         36.538091394828825
5014.129105446098    8876.11127050733     1         16.841945767902303
6526.338873592165    -4902.4158968042975  1         0.6883253194173589
-3070.6913734547725  6821.426351244171    1         1.067929892808516
1668.324450104801    2852.911755984871    1         0.6982792687839017
4598.750267861456    -5576.987258223432   1         15.123392139187708
2926.9584557517956   15925.045918615626   1         0.6442235982852916
3438.988470398239    6502.866786145737    1         1.1761284529324114
-8299.805327848231   -12830.42086903756   1         0.9496237505321244
2194.2050749534797   7744.439350712524    1         14.56036344012714
1421.935474074522    -9069.390267157904   1         0.789009033955962
6300.4539695683125   1030.6657121478333   1         1.1659462274214039
7891.565170577985    2457.7114492002047   1         0.20751409905204557
4030.266733556173    2963.2112240522833   1         0.8893467380315181
-2636.6279583987384  2451.766726914923    1         0.32632164428518895
5543.588097247168    6068.111629104175    1         0.6837755515384332
16051.771462091794   -16773.70940688937   1         0.10153979297570549
-1831.236561340555   -298.48374246630914  1         11.959348610533082
2057.184085217207    1063.2903486293412   1         0.15367641247061659
-3738.855383758053   -2289.135067271485   1         0.2612953665317533
2720.0528630786066   4044.052366251013    1         0.8447149657632567
7200.077595810071    17271.02211211406    1         0.5002771551567219
3513.2746510934758   -4577.831804458391   1         0.2916423221623259
1229.848879532632    -6824.451466716702   1         0.2879942135018105
8433.121583052307    448.0776704298587    1         1.1239004018894347
-10066.249698647685  -3997.37749659629    1         24.422780520764473
-9638.204376157824   4914.821472292274    1         20.558795845471654
