trucks_count 5
drones_count 3
customers 75
depot 0.0 0.0
Coordinate X         Coordinate Y         Dronable Demand
-4549.722706439843   -9922.819941253956   1         0.7452844792497687
-6406.349698511392   -3773.382803787117   1         1.1135628663969408
5390.987468632795    -2414.3409143935023  1         0.9796923160529042
4511.7040644863355   8236.0086535053      1         0.2950943367133497
-6612.837371237871   -998.1989638671221   1         0.22801480039715213
1894.028427369381    734.1503227917535    1         0.6518156939975618
14358.480249773073   13573.71288306021    1         0.3007189258243205
-7593.785504206639   2457.4945111829693   1         0.9093224110841043
5695.96023883105     -6299.620378082377   1         1.1917399296852944
1892.3584957049447   -9106.807523824575   1         0.8750512902751916
4917.474181827623    -9437.842677502977   1         0.4862451494813893
-5645.220823806688   6900.926459821989    1         16.620736850329294
2377.614722957009    -3708.1714743815114  1         0.4791090525651226
5942.812317133512    6966.366115817737    1         47.487403986834536
6960.072111771209    -5832.584645196308   1         0.7225987792121655
-507.00587611678617  5472.945150810887    1         0.19607102450894798
-6381.7349855738175  -4425.181776130154   1         1.142439717890701
6471.806595231198    -6520.750106640148   1         24.8428428323845
1510.810714460378    542.0845571746875    1         0.3495922964578726
-6269.398344718118   -5838.935943104287   1         0.6896445285217504
-2021.9535249895523  -2807.284761315205   1         0.4605851396074927
-4951.586735683      922.7495105069304    1         0.2448053120841972
5276.374881831093    5385.776601684816    1         0.5383344646507242
792.9970684768359    -13162.808067814953  1         5.74158831266369
-8530.896353377793   -15101.35451462043   1         34.5661424735588
6423.953076423567    -399.3455528753061   1         6.453727651565547
1923.7642952262722   -10400.321576537857  1         39.62112241073291
-4971.616331963905   -701.001978113694    1         0.5866790056707882
-1569.0595670918567  -1025.8566281440856  1         1.166858988400867
-4130.3876227777955  5966.260924670957    1         0.5949438119457117
-3573.4946580747624  4267.816725399471    1         0.591436599555189
-10029.971807617158  -3456.350036713274   1         0.9047259873405146
-8812.230641897744   -603.1778745032551   1         0.2765187537573317
812.2960764824629    -1407.8811666124036  1         11.85756226015017
947.3167125482432    9253.118753220455    1         0.8490363897253481
-3104.0703797014166  -5210.951367741636   1         48.73711202325613
-89.87539079951335   10781.492704695682   1         0.27254252567121673
5373.82405113816     8824.59475441873     1         0.7721909820010624
-5799.4210314728125  -3447.634779746269   1         1.0773331777383093
3612.72009417308     1419.8890142777987   1         0.2633479311500929
13421.62733456955    4159.0666578612745   1         8.652418577104271
14149.169652726689   -10526.331749540093  1         0.7299685270494111
8423.463998981204    -916.1877748040079   1         1.0685893676240592
5135.920459727546    3861.65430896904     1         0.9784607510335972
7647.703957933444    2378.1083261825243   1         0.8243779820966556
-3247.216131268461   -2676.8960695981173  1         0.5659558072607112
9887.203241928657    -9636.50886417086    1         41.834667397045834
-676.8311911452993   565.5680138952836    1         3.9118265025478456
-3514.943452592758   7014.981069407208    1         1.1392659375583813
-13201.71384518714   -246.72857878050672  1         34.702613273996114
-4221.041935050597   -6957.501949689328   1         0.8282382573722813
306.8682573266527    310.71846805400355   1         8.503847319731753
-2362.069512093147   2893.0192209472775   1         0.8877230827424625
4509.437129576245    8286.814374763886    1         19.968839071509496
2894.0195385678035   12443.324790975696   1         17.186028313592644
-6271.263838780554   7487.3480531317755   1         9.414336608343739
-8436.104349013858   -4236.973674179285   1         1.1818572362921311
2207.1616262332373   -10311.470666295278  1         0.8561178557481556
-1668.394673909798   -3594.463372946169   1         0.7896426174527731
-10229.04068496738   2165.8834601524673   1         1.369047679770135
-3090.788847222617   -8841.283461294013   1         0.23374806658077543
-4435.736862302596   -8625.415614915857   1         0.8341716628511981
-4577.412842852863   1743.0256709410505   1         1.0586839744574115
-8295.229279191      592.365057874502     1         0.4053481868936408
-10281.287792573194  539.4056583251595    1         46.90046923866238
3060.263694748261    3634.995500408859    1         0.8997810215945498
-12363.281838551567  -7604.733541804037   1         0.31693013891593486
-6456.896299653621   -6679.020597967078   1         1.226376485196229
8548.728997414079    291.25237066915247   1         0.9329999172009458
-5319.389913805786   -9457.558987521965   1         20.665210011555853
-4598.591637868507   -4325.305833429601   1         0.6390524170588632
3628.314366809782    -12893.951827969662  1         0.5313434083369039
3501.3306159697954   3750.0772456865875   1         0.5231341188712996
972.7732740046284    5748.735929274041    1         0.4051637807429993
-6286.6066971805585  -6557.499955113084   1         8.600892567305138
