trucks_count 2
drones_count 2
customers 33
depot 0.0 0.0
Coordinate X         Coordinate Y         Dronable Demand
-4455.143218967007   -8901.797358708838   1         16.779140954539034
-7347.263935307981   -5155.362183187292   1         7.443898774611459
7921.077935469147    -1943.7406606616992  1         0.8882073492426013
-1901.8241981967208  9295.09644335064     1         0.37477505706819814
9940.669177350872    -2585.661321257059   1         0.21543037231012174
3220.6183013733717   9021.140020209561    1         1.1186185146530456
-5267.780932719364   4265.143016264001    1         0.9647255022076392
-5060.427298976648   -7847.831605046534   1         0.3846021298705453
5496.227468883658    6839.685322200646    1         0.7622911628467212
4746.970917690288    9077.717389197722    1         1.2310735111714899
-5890.042716157474   -5982.687962977066   1         0.9957275716588221
2045.456730616294    8145.5327633754      1         0.33290227409374934
-7928.314576548668   -3281.833300526772   1         0.45321432201507184
7984.801864139375    5266.765150432965    1         0.32602707006322046
4941.888989626551    -4611.742769655773   1         1.234022121701002
8577.740779127822    -6053.85301954145    1         19.684954732619754
-3957.651677693786   -2119.5008418736998  1         23.571628919429603
3222.6708075453644   2334.076738370623    1         1.0082668876137932
2370.002635755554    -7312.999854959301   1         0.5222836341161841
6456.2983287916795   -7861.181829574286   1         0.32041894904853385
2000.5733360901552   -428.50553676939256  1         0.5841562693289305
-7108.6663259933075  5243.562823210924    1         0.37713489840378467
5890.2849839744595   8702.498579832605    1         26.36725236022129
-925.6549778714048   -3174.4596975515515  1         16.175130793578326
7265.387129098495    5789.7516222639715   1         0.16323389507917152
-9924.568227815527   2052.153947620148    1         0.2366486283854393
6096.235376791464    -6555.325039374568   1         0.4077672245629266
-7424.438753546524   5318.192177768319    1         0.4544491171776427
1298.4904032395632   -4888.104715473208   1         10.575271414548501
-5805.374159911584   -5613.012707232471   1         1.09088023849332
-6058.005582605411   -1231.2596596099368  1         0.9030225589173525
-185.4001653887112   -6232.75733051104    1         0.2671875189909737
9236.305983557464    -4943.230030001249   1         27.683749400188628
