trucks_count 3
drones_count 2
customers 22
depot 0.0 0.0
Coordinate X         Coordinate Y         Dronable Demand
-4967.0817369682345  -7829.247586317075   1         0.6899228957198004
7851.506489113124    -5978.00177373833    1         35.69396191848199
-4094.991756937766   -7428.106455774828   1         0.35981683254842656
-7415.567905387883   -9117.483065311704   1         38.22125008422261
10875.334225488074   3746.4835939759505   1         0.5125737922981378
-3098.384869854854   -1468.51907776659    1         1.0381517078907043
7639.213904516951    -7377.615814963657   1         1.1127439521399278
-8794.205992938088   -3582.457009834561   1         0.8746085545421725
7788.041228203383    3968.455744963965    1         0.6405636671294569
9911.451543868812    1521.123502882805    1         0.18459392792988583
-1057.1047974673074  -10687.474439407626  1         48.694082961375045
-2186.6644467015576  2670.435995893471    1         0.3133522555716065
-6824.728078120572   -8.849464582408473   1         45.14937099809462
6619.252910219754    2545.98717350441     1         0.8767123435876065
7094.205720862464    -1606.40713381335    1         0.15971629058600195
-8340.033129713596   6385.419053410982    1         0.6814632260961506
-318.13106157364484  -8567.049612873261   1         0.5102694143406169
3035.4673967204853   3401.84696770104     1         0.808435281238675
6386.084518285708    1233.7111578144256   1         0.49981853103404883
5903.641858120599    -6280.199991765817   1         1.1436191985035795
-8788.504291626841   -5802.883258643407   1         0.27565182682021705
-6189.123129096976   -2703.973636731649   1         0.5677566409908956
