trucks_count 3
drones_count 4
customers 57
depot 0.0 0.0
Coordinate X         Coordinate Y         Dronable Demand
-3181.998355040629   1198.1608556277533   1         0.49137536959413075
2571.2203573038632   -3244.8426242180535  1         47.07503715557012
3193.7817345738645   -214.6003318523321   1         0.563552380287014
-1288.32982192945    -825.2179862595946   1         0.2837988324306587
4946.841550436566    -1189.5793932100637  1         1.183379715551728
4892.685706332679    -5023.194468680107   1         4.588687248394474
2443.32690151447     -1686.0494947143002  1         0.869415311891731
-4819.430363114991   -3553.9874389405823  1         24.83989901628823
-885.895276735407    -4310.612641725239   1         1.0049859342458334
1495.465785755322    -371.17651548798676  1         1.0934230154621423
-2856.374615957481   3869.6267045962936   1         0.2690587897089255
5051.421924997068    -3145.47978787147    1         0.8757676763187303
-2063.0637269052872  -1641.8667198914088  1         0.2487946966705606
1707.1777124735374   155.68781308467595   1         0.6619367426546923
3478.5122809753416   2569.4025124183163   1         1.03100610438339
865.5026107256067    5351.953433950214    1         0.7904042956435885
3594.75339068766     -1341.9568470664922  1         0.6684251649585775
4914.40712419368     -4856.7046602071005  1         13.922658923072722
-455.46010079608453  -3922.1435727801113  1         0.6435589004928912
1124.293891870843    1053.9862621133097   1         0.5428172310935148
4958.8496586137635   2929.4066530407035   1         0.7189825527504092
-2946.7045557186807  2669.1970957046356   1         0.7684857675342189
-3389.82062517339    4175.295429841947    1         0.2953912152339032
2918.806034238401    -4801.018925931811   1         0.9060425874199585
4888.2263222472075   -4234.358552930238   1         1.0601005185712975
-3150.189496206805   -885.7326547174858   1         33.43422834583908
3685.3569009637476   -4422.220479412249   1         2.0993546668810765
5125.179563513456    -3888.441786716606   1         0.3074777935923327
2424.2176631822485   -4897.141412102094   1         0.25092873004777866
4003.436018913677    -3476.698051990612   1         1.0886518617358258
-4144.322040770577   -1944.5403111887924  1         0.634372735349973
-268.58449154077044  -233.35133292299184  1         0.6749204903722149
-333.0944485052724   -4260.598347142517   1         0.23446145559196432
4153.300543268787    -783.2648300321716   1         0.45624188685402367
3155.415493267271    -4050.6013324782025  1         32.00237981292126
-1195.949600571844   -1587.9491391747877  1         20.618536816898036
-1636.5479483313047  -2572.3434894441416  1         0.6903770671405495
1452.4457045561426   -68.24297078376844   1         0.8010330554789981
-1772.255308314395   -4089.8132960114585  1         0.7047327654689347
1428.6378276311827   5138.307399175612    1         11.433289691613929
-2395.3915071806996  5319.896759776492    1         0.6595427970655028
-3992.876889992858   -3858.1334688139104  1         42.62146215880737
121.5299093218082    2740.7441856218406   1         0.7217810796568102
4942.049589245194    -464.759566390825    1         1.1587190397675562
-1516.8656446568039  -1000.8588283718891  1         0.24600092722864458
-4471.503075543336   -3730.1542176024086  1         0.7698731271450162
323.83391837787565   3884.257467535686    1         1.1617059421579943
-4606.77563048832    -3734.113873114765   1         1.0607138168995511
1652.851747499677    -2271.5314960907667  1         7.0569080503900725
1734.9378074014649   -4836.5336616000295  1         0.9676591966235372
506.9814621812411    4877.883113089833    1         0.5759807387860658
1180.2763493343664   -1590.232570253934   1         14.328695399014814
4859.750867146495    1171.152843622114    1         1.1750965546830745
-3555.811923788668   3409.7475582289      1         12.936130134298919
1918.9965007658766   2231.679975455786    1         1.080613360873998
1463.8512526780733   4551.493759965306    1         1.0369546967664083
-1214.6488757559619  889.5466868496906    1         0.47609571870399137
