trucks_count 5
drones_count 4
customers 50
depot 0.0 0.0
Coordinate X         Coordinate Y         Dronable Demand
-8072.359768712543   -5275.848949075687   1         0.9792293531291731
-2663.1469699721497  2272.82874271442     1         1.2452050475296166
-1977.307618230624   6202.7062963985145   1         1.1762405140389156
-9045.005682146217   8212.614035411978    1         1.2364759448675824
-4602.040323660705   -4239.12037648425    1         0.25633668560821365
-12983.768238486635  3206.5021531076454   1         19.063298455970987
11549.083622171947   14139.119702606491   1         29.089626741495117
9329.286877241559    5431.940318513028    1         0.4448482378709474
-225.59343364465576  -2184.387807895488   1         0.3390484846405515
4178.587261054832    78.79568640560348    1         0.8423806004612221
-1762.7956347623258  -3577.017637695926   1         1.0844489458406166
-5807.421437510745   7263.090258282873    1         1.23125645600018
-2732.286087030698   7520.8594480947395   1         0.9667008889266264
7154.5911595171365   -4516.68115551377    1         0.3067069490477472
750.0356589948532    -4910.060730977759   1         1.2385715898263787
-18194.654425259574  -6494.1909891724135  1         44.70827825937338
3850.8673575082926   1324.0458350739664   1         1.2157788498910114
7348.45051280077     7075.632344991247    1         0.24811387977941615
-7340.556081892166   -4221.570632728256   1         0.8322947615484184
9768.053583691542    554.845718706522     1         0.6457143790429023
-5128.132805747253   9260.770049065635    1         0.947739633288671
196.17839714965157   13176.311872178834   1         34.206136346709336
-3190.925615566286   -9554.46369720658    1         0.8791894267094931
-2961.3379700610526  -3173.1014486730687  1         21.5333577278481
3130.741950974591    -361.4383754321746   1         0.14191582430033822
-6399.842123288512   -3559.7350683932077  1         1.1283639471330593
-2083.554379750216   7237.343314979157    1         1.217502053812761
-2303.389033582706   1177.1938557612084   1         3.406484255160293
480.60548735089105   11699.23836303853    1         7.647196505340439
-374.2465205832232   17639.015376497002   1         1.24143940502848
-7745.888810462937   3354.357885752938    1         0.7766698991956971
18534.23064738384    -13018.894764285684  1         44.957866514130174
5933.505625958503    -3804.515035960454   1         0.7907373119580731
-1901.415099758895   -14683.42308453183   1         25.56912410718973
-6163.249569270214   5192.0575795253435   1         0.2511703287876948
-3780.160900570593   3118.9020537959946   1         0.26611056715942005
-8543.742374418158   2770.659369007872    1         0.8323997193558623
-9122.518379686942   11.343714940026985   1         1.1728765652407438
-1531.8392325553905  -2036.7229048080808  1         1.0743980722878956
4064.1660358492354   2618.531956268181    1         0.42967041863727173
799.7056067924417    -5896.683566698326   1         0.45139265334679135
-1986.5341566442135  -1440.4215587576148  1         0.6028043856765812
13669.457977436068   -8309.746255338237   1         2.879491986799919
-3800.559791077677   7847.689309365946    1         1.230426094294229
10043.105312110056   -1387.3476746381384  1         0.3404966767720382
8205.033887254174    657.4604735894344    1         32.120492995156695
-16757.713790774033  -4110.19105988336    1         0.23035169300979147
2469.142809317882    -2672.6834112099295  1         0.7240883240094078
3174.7016034556455   2165.5051098441463   1         0.48186895840843535
5448.38853427572     -2414.2803762170365  1         0.5672953741657473
