trucks_count 2
drones_count 3
customers 28
depot 0.0 0.0
Coordinate X         Coordinate Y         Dronable Demand
-5136.125136705143   684.9945507728897    1         0.33989232063160607
-1288.8680391021685  1625.9544987507304   1         26.378525987164522
-2936.8585001167103  16085.904483296668   1         23.089117157209518
-3239.8656624429063  -6402.482300876317   1         0.9070392812192839
-6201.474109955631   4601.942043413298    1         0.9660566423773022
-9132.661510380127   -4107.747071451941   1         2.7691668913136045
978.1993534099503    -2913.798665196322   1         43.44609642719207
-6082.160598425957   821.3797422586055    1         1.0957764666954786
258.592749484263     3084.10825023806     1         16.81513066669533
9770.706242116452    -694.9123970741202   1         0.653531524968642
-3406.2040902766284  -2144.002817478839   1         0.6456430841405097
-3378.804302842982   -6395.593772978533   1         1.191395169145222
-5336.804972951003   8615.961554132391    1         0.40817256087047216
407.38022856078834   2801.708764638287    1         24.689608185244058
695.3921793407026    -18472.58724470875   1         0.5264881178759161
915.2657539098765    -4341.091084704193   1         0.6296230653842111
1155.8404168894594   4000.309259342175    1         0.43109502076649886
4275.344202269753    8456.716790242283    1         1.1641036026158667
1731.0615205599388   -1600.2596776776184  1         0.7029019920672016
218.5418315504938    -8451.698983978318   1         0.9709797444740771
-6266.0401251087105  -8546.829949531513   1         0.6647312221846328
-7314.86402686628    -4639.527256279121   1         0.32212854124097157
-2384.338745577284   4109.837682482888    1         1.075113261844807
1471.2373382315845   1789.7193383196156   1         0.5748718698862957
-1656.3343720848516  -9154.217273996766   1         30.05733632961831
-4120.417141047907   9259.599383576224    1         0.4326611659271089
-9473.618093476172   -1262.4647752685498  1         0.9469491776849579
-1068.5459685610404  -5135.3080082329     1         1.0065725328529818
