trucks_count 2
drones_count 3
customers 37
depot 0.0 0.0
Coordinate X         Coordinate Y         Dronable Demand
-4208.547510712008   -1471.9147496766043  1         0.9658279104003279
3980.4372125154023   6901.251793557212    1         0.6658354009923105
6514.59088580457     5481.814200283105    1         0.7866042937859774
-17919.053345562086  19048.152948209146   1         23.48126278987784
-8945.083451754543   -1819.5002694279092  1         10.402562988566025
-2645.9580774442893  10246.87990391631    1         0.4015386571950802
8127.787922537303    -5752.099512236606   1         0.4555967397301294
-4691.748993786969   -9348.059203193377   1         0.7470388507111383
-17428.951731103614  7621.433071447478    1         20.943106599274078
7188.629149102337    14604.748783280545   1         6.077030845944995
8099.078650874352    759.8467465760232    1         0.9223209031980515
-6968.877718867187   1415.5452139489687   1         0.9486518934141558
-5313.918313320471   -3395.059416857322   1         0.5913578642648935
-9305.624582019418   -927.9534455411183   1         0.9977378769122933
-6015.39163975359    7121.383321898154    1         45.95332297877995
3592.7682037481623   -2800.523650474549   1         0.6801147547502148
3289.1449709954795   -6636.553426315273   1         38.469809549324765
-15428.76265252998   -18099.08980580006   1         48.17122162597767
3506.856640528262    2909.6823275636357   1         0.9249118244237656
-5026.0929653353305  -2940.5054440046283  1         0.9807538421358408
-10468.437578000567  -2904.3858140444263  1         0.4279896169923242
-1978.907241348559   4559.743695729993    1         0.766472802278701
-8471.395296889761   3185.645910500852    1         0.1694275214788763
4920.322006168642    -1300.886079168846   1         12.528531845238495
-13969.270637881818  16901.037666866152   1         0.1883932976188545
16712.311908333122   4963.473540391336    1         44.04673830492784
-8174.108933344096   -4984.350526034207   1         0.8683171115663473
-3569.508038136071   1351.8674384674885   1         0.7810666700407112
-6022.159672587369   -8632.007123285548   1         0.17519765682890565
-7613.136131362756   -4413.701572318956   1         0.5965496583868254
-1416.0444832576436  -3772.9496744076773  1         1.0287641468144315
4894.396971870657    2337.6138407360504   1         0.55408500369539
-10025.696874312393  2150.8836380811344   1         1.0197484613724126
5379.073985596078    -166.66627974217772  1         0.5020903726986223
1160.6068815284634   -13527.986947168309  1         0.6167546103050595
-3367.1521598999675  -5683.007977186753   1         0.19499983026655532
5107.187610847749    6029.197029904348    1         0.7039490474594163
