trucks_count 5
drones_count 6
customers 83
depot 0.0 0.0
Coordinate X         Coordinate Y         Dronable Demand
3890.637750098946    3620.051764138322    1         1.1243610675747804
3441.8476932043304   3254.032455944524    1         0.35486746142711667
1009.9031000767245   -35.28330316822394   1         21.832711226263996
5950.7877205171635   4073.2270211976593   1         0.2863112792664687
1753.8406896104434   4610.149510692252    1         0.12346017395640525
-3043.094485246116   -6944.552510607244   1         30.9696756802001
7105.478368162783    916.5971717998655    1         1.0750152671079765
1902.8826139690916   -835.8647434172855   1         0.7789722245661738
281.7082955843524    -1772.4849871833717  1         0.9361056845222958
-2315.540006386369   535.6849294768264    1         0.3227034639197546
1928.1051266677991   2499.0586298268777   1         0.30452588371362843
5927.748460028866    -6784.799903796328   1         23.39146352722594
1248.4534328494065   -6556.817247377645   1         0.28348584635622487
-7138.835303778746   -3303.124971076687   1         1.1042497434279084
-8026.7261903112085  4317.057883132848    1         0.94266789861882
6641.017556682579    -7869.77213066356    1         9.202480830868701
496.3532402325989    6873.482825821878    1         1.1824485108942258
-2140.9111108448983  5750.899614161326    1         0.26245636809995465
869.0513417681177    5994.795691193026    1         1.238209166335861
-5097.463019675744   1857.73108660776     1         0.9833352411544114
3828.747014131936    1106.026299133191    1         25.098695797120072
-7884.188057657685   3782.3024790358586   1         0.425689485015592
5069.177497593083    3354.9148756672707   1         0.34198162030301543
3678.7605418081134   2228.5500765107286   1         35.966274310597456
2184.6316325500948   -6127.548415377579   1         1.083818481941678
7842.307283836243    5017.392474062755    1         0.1643391212879704
3385.1634737317545   -5767.099924505207   1         0.9389574106957952
5466.482082724006    -6785.608941169139   1         0.48879582631682394
-7250.353193711388   -5422.887105590324   1         0.23349599142000935
-3570.775899065864   6414.7858489609625   1         1.0590659089667578
-5559.488729943098   -6679.299536264862   1         0.8582468168410728
6676.682879108885    -1350.4430760561418  1         0.26722994729686944
-117.19012742213818  550.6283342109618    1         0.3016452158116949
-4039.7698842007476  -689.879465566807    1         0.4054183475219856
2483.2271430511246   4076.13038023465     1         1.1336184298512457
-2163.1532056450187  -4581.553465622325   1         0.14114891520436587
-3489.8515098730186  500.7902524337278    1         0.9764172280085107
-632.6385269166731   -6568.832004350041   1         0.19572163457860653
-6402.664524331935   -8197.483308697361   1         30.104484698253785
-958.507625200518    -6530.32974499163    1         0.5522645810626382
-6872.2755123039005  -4771.312674548626   1         1.0772434811716247
7239.820430777663    -912.2495661516493   1         0.5901521671212471
1466.3106840715402   4818.837843115295    1         0.6259064378108391
-2859.7364283121506  7705.997018576543    1         0.8114333303404705
-456.6925907799109   -718.1309904594148   1         0.8028896106293997
5212.3093393066865   5071.59397944658     1         1.0214603972734835
3559.4050078547384   2225.6537483840584   1         1.1079550074643068
-4087.3993983214023  6899.072406122045    1         0.7162175368924765
3225.7386696042176   -2710.4852101045362  1         0.33261482323611335
-747.4568820094144   -6021.272856805301   1         19.73134073534419
3415.031812545598    -7705.141695668795   1         10.154452950945913
258.4100347558307    -1973.4099195715744  1         0.5903140507282887
1696.1470123590334   3160.4580191774403   1         31.000883628855973
-2808.160521257584   -3852.4927410079617  1         0.5422253079190827
-3495.425591857135   -6505.684360492187   1         0.8836670860594583
-8108.674181401471   7230.40643780197     1         1.1224753559667282
4670.185292421812    4233.563129368999    1         1.6589378169860773
-4705.452677791745   3475.7686234019675   1         0.1527513081726241
7282.546536026412    -847.1406737476099   1         21.576553253241755
4381.651647603819    -4656.279516833688   1         0.6935392030547424
-6616.851722146433   -4118.705609741172   1         1.2255792124916294
-2737.7026939644925  5372.943329275133    1         0.6195480788279877
3356.9299144814618   -1372.9849086570691  1         0.14603121581051487
8014.958233131124    4808.865616607858    1         0.91687914216261
3265.8457907256106   -1023.5093790184792  1         14.571025204875093
-2625.250864450288   3757.625162586669    1         0.9241401997792023
1561.3857058718604   3553.965310781301    1         0.9149047331908257
-4071.294819253191   3783.915235733815    1         1.0751788061208798
-3508.9231174178526  -734.6912752398467   1         1.5040528054803513
648.0728428123175    -6025.442543605565   1         1.0738108814427583
3451.0773545916495   2358.665569373963    1         0.6616241121257042
-1717.0693352624446  -4752.581302458907   1         0.2869170461282991
-886.1777102922024   2156.644983584998    1         1.1758704429378786
6253.129255686824    1852.1754785832359   1         0.25023234199077415
812.9360983921737    -5573.1959029786485  1         0.12939714547728595
1271.599527916667    -2644.157273267319   1         32.1737009584375
-268.527952110726    -5300.459479326139   1         1.071735966344303
-5026.269076547635   -987.7929111205189   1         0.7282574367547869
-2563.787665143395   6593.6375315830965   1         1.2021033534328676
2563.3884382971196   -2100.857087683808   1         0.33320688209464855
5806.142245045609    4794.89517469049     1         1.0084926739157665
1856.6895145443152   -7665.696119691271   1         0.7128658803303055
3660.027253076645    5260.001619992814    1         0.9643229362206802
