trucks_count 5
drones_count 3
customers 55
depot 0.0 0.0
Coordinate X         Coordinate Y         Dronable Demand
-1562.9882257368563  -7921.917625487684   1         0.22379461314325605
-6256.594683747397   7110.37972110013     1         1.249099763709195
-4437.753149342053   7183.421099712976    1         0.36108998245418544
6670.321818245162    -8389.452500734287   1         0.900954211586021
-5250.584407135495   -8733.500598524806   1         0.9665184101192136
-7494.798344303415   7075.681012348184    1         36.412457556280636
5605.377358608442    -5273.228046522721   1         19.096024767687883
5133.5050672636535   5875.224850733786    1         0.2802280755076564
5834.98030046411     -4681.056670924832   1         0.8530410943314541
-765.1657359090709   -8523.623681922469   1         0.8550946611879392
6800.7288899547975   -6362.188681892911   1         0.10576479782674753
5142.296342686212    3826.8389483255496   1         0.3078531060897829
-2094.841005236328   2601.5582674437505   1         0.22089149562612276
8162.009434269162    1767.599337504856    1         24.854720944640004
668.0818046173292    -2510.092367430636   1         0.42845500800974456
3754.502226624778    -877.4826743052986   1         15.241647800403964
6475.297081135117    2856.3894807149773   1         0.6793345140660774
3066.5214493709614   1050.8117212064888   1         0.6975764520618927
-1030.8328548737245  -3142.7006778477116  1         0.7871448734776556
2718.4207649527784   8753.050716409994    1         0.6946305175572699
-8231.542993918549   -5480.077367524676   1         33.53801213921963
-5895.354229265949   7606.644474336147    1         0.6361450305631247
-1918.1463553453755  -8821.865998807047   1         1.095163142387566
6229.09443741342     503.65255465243183   1         0.42863377923541934
-6866.672960822216   1914.5149279957332   1         1.0016690639178247
2876.8409181754955   -3382.3114371508286  1         1.2177825023194813
-7485.391922330932   3655.950113414835    1         0.41447740356204166
-1880.5663120665422  -3514.4626418695534  1         1.185473895804085
2006.0009479759797   580.190556929881     1         0.5135840471470017
1366.2531852195793   -6536.986853828981   1         9.26296194461587
2010.0130148376047   5911.699254434519    1         27.634097131818713
-6897.457653703319   2062.1467755561184   1         0.860545292693155
-2566.7129618722624  1885.3310705355627   1         0.7877706274504309
-368.6049501497729   -4353.261367904255   1         0.12040843390460412
3641.5725783851776   8793.092566069477    1         0.6226983864246061
-1035.6881560744716  228.9240056112263    1         0.5390166733236538
2617.2692172204643   -6868.539826504783   1         0.2937868877061318
-269.1028056790059   -8244.2532549796     1         0.25134679606140486
-3163.84131705615    -2130.9065299212893  1         0.644125011262604
-8734.917737200196   577.7400027525786    1         0.9992001779153036
2030.6254940179367   -7134.983706783464   1         0.7926083639430899
2660.518013192668    -6046.5302981570385  1         32.35120333001362
8943.972501497194    -5548.1178235057405  1         0.23835256723999543
-8281.829385195342   2747.096173941146    1         0.3437651392106642
-1562.8458035261     2311.9543397191483   1         0.5357833993952431
-6168.934868755256   5310.756554128503    1         45.53974168958282
6099.24266798217     -579.0617065689022   1         11.625247090202777
-2623.722709781533   -697.5113027209927   1         0.3201363783261736
2234.3222014213425   2182.0829825188885   1         0.778529887498084
6751.366800399709    -4428.970013113639   1         25.549487807660693
5397.529213460758    -7967.498187494227   1         0.506663159567539
3678.327830775484    -3332.3405390864555  1         0.24440766182337487
7895.212959168755    5763.167626020209    1         0.3312463132023893
1642.3962629877635   5777.800655837197    1         11.313197680542373
1117.5956907388554   -579.8663371788025   1         0.2063226124822488
