trucks_count 5
drones_count 4
customers 56
depot 0.0 0.0
Coordinate X         Coordinate Y         Dronable Demand
7777.8020812609275   -709.7242782231211   1         1.0261712361520399
-174.53491591898432  5738.736677235356    1         0.2486514481939418
5104.561812876761    7823.790474913372    1         1.05030501719068
7206.078960516007    -5112.837504260418   1         0.1478527572477566
7745.423125447602    7331.646739626818    1         1.0558043518266977
-13110.012571035284  14655.779917282      1         0.6747339058709664
6399.886977514887    -6632.645036354732   1         0.17590238791910628
4054.1206605977513   3460.663785716367    1         1.0294042205982494
-1027.3890068642197  10743.018044418124   1         0.9776286002782677
-4907.685292087099   2730.5331533514272   1         0.11107565223942673
-8918.041335424305   -2225.509395985171   1         0.1538989622287265
9547.81609721317     -5150.242646835661   1         0.7064000410049911
-1663.3328441307822  -9534.797988480328   1         1.1664164417897909
-5412.234367974355   -5656.510417905581   1         41.478208362981626
9881.201426020702    3602.5508650499855   1         0.3273424264928062
-1496.2443875782096  2110.2874608641687   1         0.43980025256877386
6646.106043477542    -6681.644221679595   1         0.6865429101589535
1380.83214196074     -8610.919987760306   1         48.76138635934311
9154.234420919365    -24.8191139037091    1         1.0616671898892045
-4589.620627225898   8880.942891855884    1         38.155442519503154
-4155.688086971326   -7048.717972998512   1         0.7422895678820334
7040.393120969705    8010.223389973834    1         48.52479905486995
6135.16482760954     -488.6070696687249   1         0.12197799126611872
-1925.7517093026743  10012.80096794177    1         0.21139989275214355
-3020.44400606379    -4303.93903662376    1         41.83398412942752
4112.106273564971    4582.009553491788    1         0.6717145751271841
-6740.523963329689   -3386.165413794828   1         0.5779891980695715
7105.032996610486    -2126.5524642224677  1         0.38941071484619116
-13570.869896925076  -5039.352213410431   1         45.5208840521151
-752.5589441791918   -8825.273612066561   1         1.0735634465217498
-7656.584426817742   -3889.3690925878936  1         27.20700736535587
-1276.5811968733449  -8728.491663776462   1         1.2380166313623957
12595.41510129444    3329.303343958525    1         30.273634401766497
-5838.395968722587   -6720.09453317812    1         0.33610696858110656
4114.235304030712    9721.794388444581    1         0.8896418954568621
1874.6828682013202   -3422.369649238882   1         0.2132228777230032
2959.579595029443    -6011.257157006408   1         1.0846518601098805
-1078.082022398619   -7694.359927016222   1         0.7453597708129858
1426.068702494073    9608.582802045503    1         0.929956593983599
-10274.879022863659  -1347.940401055388   1         33.05340689024867
4835.071366088906    -1288.3186561789084  1         37.296279886514014
11921.520806352846   349.16605013741537   1         0.7333263129315759
-1040.587452800721   -10361.7260241323    1         0.9714768050306487
-4377.11881657848    -5769.899885644986   1         21.655507726975028
-9002.215698085694   2049.4888663733814   1         0.36988591219839484
2240.133370662524    -5359.358265687027   1         1.0171532351702606
-10558.471512909298  5046.534230499687    1         0.9646428127894502
-6530.146771187114   914.586256617959     1         1.1049450001525218
-2627.3713516030043  -9266.053022612932   1         0.23512685354255225
7097.760353276896    3940.552914228887    1         0.3085869508406343
5672.225215105797    -6625.721891279463   1         47.76443415207519
2912.032923260982    1739.0209398470415   1         0.574675751380383
-592.9884811885622   12711.934506259413   1         0.40565203755676904
4450.660912526125    4323.846869847813    1         0.894393597582943
2430.4331421506445   10222.102883876123   1         1.0869411091247922
2235.3121051519406   10167.264968770784   1         9.434395614146089
