trucks_count 3
drones_count 2
customers 26
depot 0.0 0.0
Coordinate X         Coordinate Y         Dronable Demand
-3271.7887608404217  6785.889349988237    1         1.1323840770416247
6455.157446996305    -2982.9685110399428  1         0.18625317352378037
-2543.5117370682865  56.58948759717762    1         0.7993048339188944
-4138.504327666113   5091.7261675460295   1         0.6961965600229468
1428.8897135113484   -3341.789986091478   1         0.6710545309070106
4570.752448418101    7732.5422315602245   1         18.067581974391825
1925.566172053513    -10534.44586592589   1         45.05092501435694
-1174.5096253284505  -4489.901662448783   1         0.14931424604866197
901.9646360600499    -5451.539580424293   1         30.102980034799607
4993.887067824083    -6635.452346762428   1         0.25830468447239985
-6103.210768194138   4453.341820205507    1         34.09180206216613
7399.877499571394    -8247.53490526006    1         0.7672259951842478
242.88028721703995   -9809.074716056844   1         0.8829708949293744
1711.8390077347758   -2153.704969864986   1         0.9220592193776637
9213.967905195777    -5047.738767212906   1         0.3978975173132143
-8596.77755642193    4655.735742107023    1         12.105165310242105
2350.2154251544634   7500.968362005722    1         0.1429597067519797
-6210.26878017244    6426.952946844572    1         0.8368823221207803
2138.1499768770273   10402.449184440651   1         0.3694472809574645
1467.812935064216    7924.954208840811    1         1.144886159935177
8323.685533257996    -576.3853429343167   1         0.7917500915032961
-6629.851249310896   4583.312780496393    1         0.25746228641108093
-2474.337337857879   4616.9799978663395   1         0.4898432462249006
-3707.2801669921164  -5739.835081443362   1         8.026852488115605
8597.677266697465    -5180.355401278517   1         34.472884988923425
10152.9023879046     4848.199932420452    1         8.095351766146123
