trucks_count 6
drones_count 5
customers 100
depot 0.0 0.0
Coordinate X         Coordinate Y         Dronable Demand
4047.161592600279    -3301.448082102576   1         0.6609159827178887
1960.378684855319    3338.618250282312    1         0.6609787811340807
398.54896796471513   6764.476412093565    1         1.2228376060870447
-971.8191862534991   -4915.967106525151   1         1.104072573506601
-2586.01006985488    -6998.726932759177   1         0.41980149692169144
7063.24183631282     -854.6368095349832   1         31.60801239080703
2023.9199228560246   4746.375417278254    1         0.2562891088289244
5189.047108610754    -2206.8685694867836  1         0.5222874240917927
-3274.9381986879616  5682.159709546835    1         1.1613498411645857
-5375.233880514294   3629.9389554505574   1         0.4971163517665843
-1457.6035657000855  6310.0186515715295   1         1.203720214111475
-3174.900264992372   -6829.101241369185   1         0.8029019969539526
-2542.7820389481703  -2583.6649386710715  1         0.5530425339990745
-2997.521229290704   -6985.728893167396   1         0.11564588231579005
5341.6759120350625   6910.543992929438    1         0.4728290322086254
-5881.191264264984   4171.859226445474    1         0.7053219845008218
-4206.9737723464405  -4394.814559576967   1         1.24171819976441
5312.660307534589    3296.5163979966283   1         1.1269962019472424
-4669.261335824533   4741.5957216892475   1         0.4981416730178121
823.8987324017354    -782.9846254222886   1         0.42657369250197386
-385.61569594667486  3885.757024562508    1         0.5771037738087192
4885.0834851792715   5878.218037478721    1         1.1403226504793036
4864.903494064364    3498.387374720155    1         0.6826834520229377
-713.063188659561    6544.580527793816    1         0.47035396926825934
6430.535327937021    -386.05491315569725  1         0.10386459414304824
1268.3996754902225   1146.443871525039    1         1.2259510784335281
1458.690748285628    4734.465075451065    1         0.700666649771586
-6992.201457903592   5280.0318783776365   1         4.544793823345257
2618.733103756893    -2357.648720616099   1         1.152152155699622
-2788.5839796710898  2883.050482646487    1         0.38024545722102543
-3890.42001687159    -749.2579572319953   1         0.10882191499917965
2093.897109409789    -2583.697154403916   1         0.1289413703063685
-5865.792440120783   -6179.014516384506   1         11.128377858724662
2313.2080943285528   -2100.7947595487     1         0.9120153270294302
-6295.802562419153   -362.0212846113934   1         0.158876472634315
-842.7333594981264   -1747.8778957361428  1         7.069821306746877
4149.924900651329    -2413.7956260335345  1         0.38091215236814346
2187.1830488619703   1173.9535964172087   1         0.6606438748408389
-2868.37933999815    -6891.715299357807   1         1.123117880758749
-2444.8809879469177  -4958.18416719267    1         42.2459316613824
-1642.8560780121904  413.64403446060334   1         0.1571826657687433
42.045548919412205   4983.614928864658    1         0.23964304576710496
-6752.74147495682    -3578.76589695818    1         0.2844549246536425
-3818.5117164559583  4068.2972970564756   1         0.25503545052945975
-4170.827657575823   5089.17561099225     1         12.822286601551667
21.975102020725647   5080.515958753286    1         0.747177218148772
6903.957093934591    4806.417637675638    1         0.3342235148954877
436.79107628815194   -1348.2870441010352  1         0.19686238956539398
-760.9131795315998   -1749.0886745154748  1         48.35311601847001
-414.05948636077323  -3661.7854282191533  1         0.7756511590310844
2081.3458894445484   2812.8526964760013   1         0.31752316008196557
4878.155812086622    -3342.2815696966873  1         0.9542640951858394
-6688.288734886127   3479.1491308170116   1         2.174569718206797
1310.042331110586    -6680.570083088496   1         0.5986828968107392
-6405.2973466170315  1426.5748256310278   1         1.0313376270590175
-3015.096885835239   3613.6002930053883   1         0.1806556713485076
-1275.8078190568976  -5596.984942981075   1         34.92531363290335
4754.532681463315    3187.948985991388    1         0.8006603786734148
-5144.981159379619   6268.191291659202    1         0.6661075965907253
-1098.6359349720515  5983.25469453906     1         0.5344279599402092
-3630.8647356287634  -4301.398563559566   1         0.7857160562014173
883.6223926563725    968.7527972712752    1         34.230262815805766
1019.2124256635074   -1906.025233794598   1         0.5917493654863454
5430.594833230054    -2174.5758758793527  1         1.1626979522432506
6942.465976101935    5278.132315575972    1         0.7540193131972956
4605.918782194809    -4903.296801443333   1         0.12012680338574294
-6283.136558078442   -432.2748040563283   1         0.6785843882801228
4517.756268057324    1717.9303580158623   1         2.8782861604924
3910.2921503300804   -5823.316969414258   1         1.1451821200041818
458.7634884055778    -3732.6501173638335  1         0.7576112674710583
-3600.6804337541025  -1181.135698565366   1         48.37863459629418
-4916.255960241677   5663.143191646643    1         0.5917603771800564
3049.9403710372258   -2696.2923639667     1         30.529396179438162
-4492.343712156244   -8.897702130304967   1         0.522857690234819
-2785.171068664396   6630.638036351348    1         0.200224257453732
6679.027222767392    -2730.0499569062085  1         0.2838954051921857
1157.913441767048    -2788.5475738774653  1         0.6003989799987435
-5483.257467978438   4911.595572980868    1         0.8841056937439894
-5359.358673984736   -1820.5759321873127  1         1.1036087775871195
1157.139818024747    332.61836438825776   1         47.046279107261086
659.8718312780065    -5456.896128444547   1         0.9089114131077154
2771.964971139012    522.484234459972     1         0.9153988473620935
-3858.5557374408672  -5435.3893294397985  1         0.9692741670101557
3179.2178686754555   3905.7623954298438   1         0.6802203375753125
4023.840195348723    1979.263133355913    1         0.10065884550327661
-7000.320845243348   6636.691435222626    1         0.8888900848293827
-6442.038840174887   -236.76316334801936  1         1.2093648953879306
2310.6787746500577   1103.6923059602204   1         0.3806191971702778
-80.04079144285829   200.08234872405487   1         20.0917758213109
2837.8203469740383   -734.0191966331176   1         0.6873645392856331
1804.821306124457    -5711.605495591679   1         1.1743804413904448
2977.3383368582963   3390.024882431267    1         0.7854557979738643
-887.9087281952759   1308.6627643229267   1         1.0015139717974884
-784.7862526740591   2660.6291806625068   1         0.40298513814214987
-1974.9290649579837  346.65654694448193   1         0.2982406085607552
6162.470395555528    6197.4197633066      1         0.7553311784909067
-4631.39630560213    1221.5852557148478   1         0.16364291956308535
2549.7619184905343   -3738.9313262290393  1         0.6924351168624814
7184.361493989558    -5998.564993210475   1         0.6630243989554132
4992.882055663194    -4676.479248677713   1         0.7800635008321117
