trucks_count 3
drones_count 4
customers 63
depot 0.0 0.0
Coordinate X         Coordinate Y         Dronable Demand
4418.999352802828    3355.7778170494826   1         1.196170306829623
2901.1956762553673   7885.432905871683    1         0.9285355475481138
2415.9632946777792   6487.710286480893    1         0.9778201749531844
149.22329675556216   -4933.404757112803   1         0.419278835163697
6156.887902646138    -50.69503965943841   1         0.6741953716702277
-6500.890234407573   -458.6472238998489   1         0.21076197482386333
1019.7848281890947   4775.940559702664    1         0.1748933558202304
4768.342346513891    3152.345430570614    1         18.269611295924904
-5638.587699629418   -1388.272266766011   1         0.11152339696289766
1461.2492413200478   -2407.244011437767   1         15.364460220377888
3973.762314762263    1950.3040356774231   1         0.4503786010779878
6581.842426341647    -3049.894429236581   1         0.2689317556197636
441.3790443650695    -7082.522086389013   1         47.527693248387564
-7144.39471496501    -998.3965243509375   1         0.6206142253255993
-6476.218178782389   -4263.942091040136   1         1.1448191847450433
-675.4363747843918   2546.532189923393    1         1.1838475411783094
-7247.684994651918   5133.500631990231    1         2.096747277301623
-1402.9264772707074  -6414.001811366848   1         0.1788690685816085
-4116.257314924016   6646.796418460229    1         0.9938460629454433
-3605.1343124888526  -595.2244600464619   1         0.7040801909861908
1011.5603691801535   -1296.1117969703798  1         35.23451987775261
-3793.746641427334   -4497.482843024974   1         39.6133460633282
1882.3262245795493   6771.62366437787     1         0.29954417933975463
4695.230637375218    3639.5860516082976   1         0.7012506802377415
-7280.66192221245    6287.172545229646    1         0.6143977118803081
648.8789287100002    -3071.2021840345387  1         0.11392769106654795
-5636.774643490923   -3895.1199961624875  1         0.7509156473661379
4003.8312523980276   -4586.618398722381   1         4.047093474172057
-5545.699267224989   -6559.113346378933   1         1.0051053718136813
-3089.8810586596787  -2166.3164481381946  1         0.5510590401445419
-2566.4059248772337  -5277.388693817973   1         0.27408193422486843
-7410.205042151368   3041.4717741547174   1         1.0261748873461385
-4905.296189852517   -5674.69178927421    1         0.972215848932442
1660.906309778134    646.4939055676352    1         1.1133746020017448
4007.8519580629295   -3594.8344119133626  1         0.6576436916585104
1402.0927692420883   202.89781157674588   1         39.00422713184626
6126.869137620079    -2397.278356113382   1         0.5667820576090677
807.7788540751585    -207.88729723428958  1         0.4724605003977024
-2536.44813915502    -3077.154565194257   1         1.2215672126780266
-1702.7360072165836  525.7007553856556    1         0.492188810489541
6109.1671829773095   2315.364450981118    1         0.9204484187945298
-3155.60543286984    -669.0402391468417   1         0.7840644539333226
-2320.5606142353663  2283.749231879012    1         0.3115475526875871
6094.710376115381    3278.5068208552634   1         0.14044251060126633
474.3981869213537    -6296.908324763778   1         6.397770739952884
4076.7739350354436   -7418.794056573399   1         25.454265455553244
-6755.33369222478    6827.653785844522    1         0.7320783534002392
-5007.056144468567   7073.3488161310115   1         0.13133262123283795
-192.1399054465583   -1436.0692238344197  1         33.619197777688946
-4167.557646221736   1550.5415103413445   1         0.4030046115603969
3444.3412277825364   382.5267647096109    1         1.0870796328892185
7972.912425805245    1882.635205714765    1         1.1640507274163554
-1261.7819988843714  1366.019655065892    1         0.17594525447451814
3040.086544606427    -7117.0176656183185  1         0.4894845157655987
3903.834554915573    -7049.293274512781   1         0.9013367067224528
5789.2767552737005   -2675.61898154692    1         0.2940401443485808
-6086.476004734597   -2177.3864210504216  1         0.901845999816805
-2719.241080755226   -1547.1173131889543  1         0.27435613584383517
-3580.6754288576267  -5109.906320685711   1         0.41952002670889166
-7226.649074881011   2383.786976384575    1         0.7590751254178726
5520.381866439227    -2360.006114296574   1         1.1334287812782033
5671.064961823724    -8070.1347132472665  1         0.9852914337878476
-734.3648427870203   -482.3884732295355   1         11.38205176927774
