trucks_count 3
drones_count 2
customers 29
depot 0.0 0.0
Coordinate X         Coordinate Y         Dronable Demand
-9428.791490730704   1217.2639372708102   1         0.5810190427369698
-2872.966073251446   6383.145490516346    1         0.8370382144513095
-1435.6189088641381  -7207.9120802962     1         0.9334254949710322
4255.43721930703     2483.2965623131977   1         1.0350560234441362
3127.443461645513    -9949.597563475178   1         0.40752239460227135
549.7885961227129    965.3766642401521    1         0.7796020617580989
2844.019866007485    -5051.608688397833   1         0.4048231137584637
-1219.7041780390846  -2876.079652096935   1         0.2606022062359904
6069.9012668888845   6927.273761708565    1         0.34782674755260323
5539.302612873611    3780.41003770405     1         0.5325338248689007
-315.8167549102947   -1376.3417605961092  1         1.1329064258353625
9014.398224260727    -3851.3710858244644  1         0.9456839765705629
9415.533266481247    -3788.0763943951283  1         0.5403197238698857
-7767.694575154482   -4529.8700396745535  1         0.8268258914256272
-2136.8161783180863  6853.290946320652    1         1.0175185118742036
-3106.1330438876307  -9712.27948402966    1         0.5782919324781531
-2078.581518846884   1723.1112002340044   1         0.8682602946073696
5515.953802941572    900.3609093731019    1         0.3609023913429844
8732.718615708223    1976.245227876115    1         0.8361783062587768
-6065.177730528113   4661.3287520397835   1         0.4442691144112165
5608.04694502736     -2937.055651720248   1         0.5857426441427166
3719.246831616365    -6105.464834092344   1         0.7362217030281135
-6035.816684468788   -329.4039813259616   1         0.7658611231554416
8228.816786738267    859.3167938076298    1         0.6341509848600838
7364.983227167846    -6781.099960157628   1         0.32600272953491977
712.3142480972956    4233.033258317719    1         0.7001553637999188
927.95740277462      1801.368314631919    1         42.50525062612942
-8488.046454292184   -1790.2793572059709  1         0.2753705710030733
2670.7944583113426   -7223.06096848163    1         0.1274893582652799
