trucks_count 5
drones_count 4
customers 42
depot 0.0 0.0
Coordinate X         Coordinate Y         Dronable Demand
-7049.44231216266    -4947.660970929579   1         0.9849035026968104
3235.1114416056535   -8095.007462138242   1         0.7701014955427953
898.4548321030263    -3618.936236008577   1         0.35269780823209307
5080.891087114382    5611.612099331709    1         0.37772830181674055
2273.4645277417826   5364.824951537605    1         0.5276994466047676
-577.3768054949431   -106.826453006435    1         0.5249068697400446
-3035.43642543725    7342.197576221498    1         5.590342071830079
1460.7253986995092   1103.3992445304557   1         0.33051439686152506
-6277.733687072322   -5285.098134869419   1         0.8564577936799935
-6919.5095104256425  4091.718831200866    1         0.2396171905695379
-3257.3710925229784  -527.3541172194574   1         0.1882347839586616
772.7943815709114    -7931.788485909775   1         0.20564563502782512
6724.118360365983    8459.440861504014    1         7.468947037654184
5577.860425971255    -3207.7987883525675  1         15.302508234114608
2289.487852181975    -3464.1604226541704  1         0.15641756877871638
8066.440974300784    -455.7274133355286   1         0.6289152806813966
-118.98350790634633  277.21338587342126   1         0.3118619827103951
-7965.83745098687    5989.805488331145    1         1.069118429241048
1468.5809641560045   -4226.2419163602335  1         36.79475860298183
-2886.7676785472213  -7565.6987913428     1         0.657579976952993
-4279.763746798827   -5347.922153457906   1         0.7290952695951181
7497.914009261582    7655.347573327929    1         1.0087600381704143
5930.280608483203    3208.1010269622584   1         8.843140988350743
-4897.967956996374   6785.281657970612    1         0.17595868259577085
4210.450716778853    5898.15362638167     1         1.1138829702154616
7003.14712045938     -1468.0048019225496  1         1.1945470787144032
-3145.8866049247313  3036.085872156594    1         7.95629219233883
-6742.183873725298   5391.62511464856     1         0.37716071609440616
-3627.454899083383   699.3942545058392    1         0.840650818831033
-1599.301737689812   221.31736110239476   1         13.722708097568924
3003.559800724547    1320.0014142769867   1         0.5827192361831615
-4752.87761697273    -6509.141174076255   1         1.0458359649236781
-3971.230591610386   367.462093871639     1         1.0477724354566693
1395.298581644418    8696.844389571917    1         0.7601140322641503
2181.131573209884    -6478.727380919934   1         0.5436477988124324
-6502.471944247384   -7335.405632492535   1         28.744642679530536
-7917.16157456114    -640.0631410032838   1         1.2336686453889718
-3155.3924051527642  5060.409963333241    1         0.9667919071193064
-4205.114085606392   3416.149317471727    1         7.958762953136199
-2352.365091733368   -1937.6913875912787  1         12.688853126229668
-7221.133768343645   7699.854742253676    1         12.916521842672614
-2548.255598951685   -7268.777661104527   1         1.0084056956571945
