trucks_count 2
drones_count 2
customers 26
depot 0.0 0.0
Coordinate X         Coordinate Y         Dronable Demand
-4933.149370733226   7864.759927824135    1         7.224885849633011
-636.6143366591771   -10532.585896472305  1         0.4741774677395123
3720.0643204952958   7923.23033262178     1         45.562178771981664
-410.51845841016467  -7589.830398196237   1         3.912543378993968
-1091.2820418852712  -7877.006075718586   1         0.8585387755234929
-5667.369363158126   5849.8706176963515   1         0.8054093971159062
-11492.98300026127   -2046.8074696066833  1         12.027650013830163
7315.194925217609    4327.640927056932    1         1.0122361164444869
-3521.092664732377   6595.177313029284    1         0.4953042015613066
-11368.212404055277  5630.38327782926     1         1.0040695391834564
4952.428391147347    9168.206273432514    1         0.12934157184777478
-4602.807463322619   -3854.712129661316   1         1.0639613020687029
3261.059616805792    -6089.948376984365   1         1.1961439929218542
-2181.4107198873626  -1978.62959495377    1         1.0225169532016347
-6057.976529744053   -2063.134509051065   1         32.569663329606556
-6913.780496278032   5967.791289421418    1         0.6096116749584771
-3484.149257607782   5036.627064650136    1         34.87413742851641
-5671.536631855984   -7851.00430547523    1         0.9178123908335608
377.249969842047     108.62721633895671   1         6.8110080097151195
9039.226503147274    -10526.11094515491   1         32.5575404609177
-1574.291187633358   -9244.484916410733   1         1.1324220762124138
-3838.9609521637703  -1452.9155535614102  1         0.8375401660489264
-5570.935961954223   -6831.30633439371    1         0.6749851883810423
5893.984502323417    6506.495800973953    1         20.88067704251289
6552.911470703737    -8094.142339664762   1         0.7768616911463265
216.5738981175586    1877.6959921523126   1         22.353689215387675
