trucks_count 5
drones_count 4
customers 89
depot 0.0 0.0
Coordinate X         Coordinate Y         Dronable Demand
6212.757449978018    3741.2308575238494   1         0.26697466845213985
14038.239818540089   -11210.945454588185  1         4.31074439422328
-209.52613166566135  8039.6941644624385   1         38.561091004645064
-2789.7087869114944  -10352.098046223868  1         46.62400535796308
6071.764253745183    1924.1268566922672   1         0.7382245790483625
-2989.0305010341335  3557.0162424721443   1         0.6684082957243784
-6983.01476066814    5862.522934558103    1         0.9028689028731249
5795.6040152267105   961.5782585071444    1         18.21419640718173
7927.573758751433    -2297.969067342913   1         39.41135110168122
10955.065628336117   -9844.844830190938   1         0.6042964251294829
-7659.628129825272   7372.995446294861    1         1.068874830207369
-2534.767327912852   -10494.71315696168   1         0.38333637317637015
6618.408647197768    4493.471353649493    1         0.41130845252727843
-1353.3074459846896  -1665.0151665438427  1         1.1462989297058157
-3376.8760193611724  -1641.2156729891685  1         0.460589770906364
1991.316888516716    -10725.230956301564  1         0.8324381758586488
110.1143448651259    -482.86668335283673  1         13.816269291162445
15167.54677298158    -9874.563626923024   1         37.72099825920557
1058.978515994287    9418.946231940301    1         0.46295569003708836
6894.185029723268    -1113.6981212227402  1         0.21287942639950214
-7636.648695946391   -3426.639984385448   1         0.34208988181138167
-2394.8505021141336  95.16061980677179    1         0.5576984343672683
6203.074255260733    1021.1517359178889   1         0.7819324813414074
7738.287133928932    1835.2590271788447   1         40.027298927032376
-488.5166534019217   891.0255940871288    1         28.41159222060548
-6213.737247166264   1694.1273906120698   1         0.6516472380046984
-3299.951826202011   5612.178946388302    1         0.5986822494429818
-15410.454235253866  -7966.560987486466   1         1.1372132880424148
-3193.322775372952   6653.124862911235    1         0.3009558929271393
-9145.889558260782   4661.585804524098    1         1.0827769580875766
-6849.547138957507   -4092.4795634678176  1         0.6526380628912511
1501.3008001289447   41.35561602416513    1         1.0536569960986149
-5666.4841046860665  -2544.4887951204105  1         0.9409837285825446
-7412.1973085108675  8060.9982188110835   1         0.5750585050762277
2521.761645113358    13324.550012665939   1         0.1602514674385512
-5976.67576277861    2271.375387569312    1         0.8048702955354607
5478.006423484191    2945.4310903511446   1         1.3122946379670961
-2465.293042713317   1484.7264429002153   1         8.30091317123484
-5695.015921611475   4377.276139669689    1         0.8430814174649456
-8209.204029658826   4497.161615800599    1         0.2383036340587081
-10040.251157566721  844.7827671171531    1         0.9369685451186591
-5354.215326845087   -6246.440375780612   1         8.761115154787056
2280.7716794071353   -4653.3241599091725  1         1.122026864628404
1432.5350932981937   -9449.145563143358   1         0.3723976316097969
2211.171322529928    -5094.44051044045    1         0.1625819344096431
-2640.3497207060805  3828.660022634311    1         0.863914855497595
-7163.44800828057    -8145.877742856091   1         1.107825443973318
-4479.104573288901   -7154.972418068365   1         0.636964561978256
7551.339957545314    2117.520293752266    1         0.43987258068311164
9726.919687773845    3279.7272044049796   1         0.6888266094204427
9675.254215298177    620.5316300937247    1         0.37163555750950616
1603.5129758080493   -2450.2065279165226  1         0.5364883068545075
-2154.7666182020494  -2393.037387744878   1         19.586977919429966
2138.957959453623    -6033.353435485306   1         17.542802558612156
417.98960356785307   -4456.65182610737    1         16.899842978729428
-6208.314176010017   3604.572295140617    1         0.5029821957085225
-5523.812388308619   -6174.189934199581   1         0.8946368646488425
-4753.648059079306   7126.75193444701     1         0.22738688425935186
-9011.608705859166   -2066.7827673833367  1         0.45303788163941583
2322.966894456052    8739.986495085732    1         38.13661433913873
-7465.928528925171   1921.0186535665598   1         0.23861914107424437
1403.1027296718764   8233.239240109213    1         0.529248699173211
7211.985570912927    6040.530426297768    1         0.12515194204393496
2665.0678269381174   6419.062606625832    1         1.0430336977184467
-2780.417552717715   6391.968071860058    1         1.0481073203310431
-15.399785833857539  -4746.039525776762   1         0.30556881263083246
2153.00425018243     -4802.650499770694   1         0.32512361047141547
-9395.752600716653   -4994.805347850517   1         1.2381281149255385
-6427.071302380268   6177.189983791835    1         46.079904023956026
-10751.62868668521   431.5296822464241    1         21.288396118183584
8169.742412952754    -2269.9574577825156  1         28.11069538259722
6455.463331768606    -11940.981865450609  1         0.1341671833595209
7363.4566962817735   -5016.5018629207725  1         0.5203551976042876
-1692.2487541654866  -7750.329358242263   1         0.9129495614319584
5402.312231579376    -5771.189701866723   1         1.1466306056502706
-6111.102227588505   -6950.002491894603   1         0.9774356795176508
-9647.277690695577   -3786.429643897326   1         0.8354235411722155
-3034.721154236846   -11562.425371477388  1         1.2071006696403825
12930.827359494935   -5657.959703175618   1         33.59804036923952
-4603.83145382727    9561.27771782566     1         1.1370898501793272
3042.41894287902     -9663.981017682629   1         0.6451074250400303
1777.5561742625523   -3051.9315299670106  1         1.1755670804956846
921.0314240064995    2744.5321893304667   1         0.6333579550188998
5577.759107354024    -5076.377210236653   1         0.9007027688526487
4154.393340605131    -2059.6896215834704  1         0.5139236883845815
3250.478727287021    6125.071417690169    1         0.9558650634800585
-7543.7589039250815  5467.992828087365    1         1.151140552003233
-6201.85710666488    5574.722045895756    1         0.2874212957636292
-2997.0241051873077  7012.669397037213    1         0.1823303055307154
