trucks_count 6
drones_count 6
customers 84
depot 0.0 0.0
Coordinate X         Coordinate Y         Dronable Demand
1018.8236200655498   -3103.9522863971756  1         21.763394715393538
-3009.294686435056   -4605.086432391823   1         0.5702440704379164
-3336.139358271329   -4367.273975344903   1         1.2197008994186689
563.4734028211262    82.14959915091254    1         1.0794375044049556
-6528.501952959571   -5629.485011799066   1         0.6969155054622809
3750.5921144203567   -1593.9977602459212  1         1.0691682365711854
162.82664771318971   -7014.254788058936   1         0.3585236924255576
6486.346394251013    4723.109880709449    1         35.6416597392125
3330.14578047171     -5889.280976925496   1         0.3151727563174169
4158.999180327664    44.60878544282514    1         0.8163001144300224
1197.259278958976    7261.337742313197    1         1.1951298933928127
2904.477038003711    534.9422885118659    1         0.16631599424973664
-6432.696177526625   5388.920416333066    1         0.3094176260679745
4719.473312935828    -3891.373394895701   1         0.47903818351639516
-7682.730824083874   6523.452804767137    1         0.6498701471846997
2673.6079244221874   -114.19734681388728  1         0.8188700025460243
-798.7890427757322   6653.629823693269    1         32.01983930197636
-3556.5309726188657  6045.376430206076    1         0.5920780450122559
1557.6388203871268   -911.407674551254    1         1.1049173416837212
1341.3687511346013   -6103.888512003734   1         47.11978225888603
1999.3888871141364   1740.6376016003846   1         1.1211686235666645
-3535.5636745429656  7647.1408537772295   1         0.8571542631079547
-6930.139655578501   -2642.2373173621645  1         31.6321424045322
-4889.350771960424   4259.523163935443    1         25.804316540158116
4334.413832614496    2931.495112737239    1         0.6908135621036624
563.6016662858286    377.1064232536812    1         20.17602571217403
-1983.775458277169   -2765.6002682272833  1         0.21543202429153113
-7636.820132682564   -2046.708092474472   1         0.5966995773824297
7339.364086564715    6379.272926930162    1         29.470780192534715
5445.546794775016    -5979.51317805433    1         0.6718178423119101
-6504.652455536214   3212.92354537838     1         0.5410699390531774
2123.4136669085315   3312.8628820965796   1         0.7343426539857506
1648.835390079592    -979.7406395493122   1         0.12696042048817835
4674.38573462718     -1252.982485276637   1         0.9379058609382984
5070.152812482937    -2171.7889572540053  1         46.80352129544424
-5740.071226113869   1090.9171936852467   1         1.182687364689303
3709.7790914165876   -4461.55834685843    1         1.166809307081568
-1256.7447038508915  -1505.5273962798258  1         0.826451276109925
-6604.984138739877   -811.9586082824926   1         44.09243241664946
6563.14313217449     2288.761130936046    1         0.14505942737983668
7027.309837170281    -5753.890543140043   1         0.35812827321635243
4244.085814135692    5860.78654123479     1         0.6717818763676096
-5695.073135489497   1769.64988807034     1         1.18322853511271
4644.580535915964    -4728.8810387297235  1         21.476479674326406
1651.1445214513992   2999.6163494808184   1         0.11136249312508846
2702.514041566822    7477.142527556739    1         0.5347057270299006
5375.060765831522    5634.3329997389865   1         0.5317282755800271
-6138.864479692434   3854.2991968648766   1         0.3594434842919122
-2306.882001752875   20.661548818171287   1         35.612414925110315
6258.198428350948    3982.508209544614    1         11.466183731344644
642.4818236982062    -5902.526581114146   1         0.628521564371916
6295.840842487683    5620.208087349403    1         1.2204120580797626
-808.6755976872228   5681.097818277221    1         0.72668430340915
-6379.3818090735     -236.30328192085946  1         48.30206661848925
-2561.3387245510125  4520.499094911864    1         30.402719240849958
-3552.133998943465   503.77141932719184   1         0.5391375183814132
-2116.780917145497   -7692.649958366349   1         0.471392949277342
5291.848178027751    -1385.7872713471816  1         0.8418858030187859
-2586.669195205229   95.68076039650238    1         1.116006978402648
4232.6667398561      -2681.145439830142   1         26.21218194240723
6843.2282127964345   -5126.2065557762535  1         1.0447943350422129
5971.844329766789    -4402.965048464163   1         0.6054365024757997
3228.19468232016     -7384.730091880172   1         0.7480274927664665
1553.9705766477857   5620.699459850739    1         0.2804929183411706
6996.659867952919    -5404.594287904539   1         1.041920399333443
-2172.921086652025   2370.0542021809206   1         0.739369676193779
-1037.0052112405854  -2664.280155694213   1         1.0419088005478296
613.739331586643     -5122.897580395742   1         0.7980794729333432
388.35652949427924   -3265.9650520145956  1         0.4871341739679238
-7509.262850503849   747.0181970125767    1         0.273876274139525
1249.106900735506    -264.0561275953987   1         0.4609893686244514
-4975.195440595291   -7516.1218120696885  1         0.2677037458873144
-1259.5936775166037  -6178.416819189762   1         0.6770869964034834
-5876.844638807897   -2120.431314999172   1         0.7183361354721292
6445.363223462841    7731.119373640454    1         0.8981235503214327
1823.2979814861046   -6475.531082948954   1         0.2549124434225449
-4787.5933350725145  7565.325281913541    1         47.90890153899544
-6457.083717517666   -3016.765860507603   1         23.354165757767955
7381.062915837954    1030.723437530325    1         0.24839354375657982
-835.0516099874637   3955.867316638476    1         7.055555846660219
-4530.439772503828   2850.558044138315    1         0.51745208055984
-4317.506040334192   -4673.9146604110065  1         1.0195002246275597
7194.7945838876785   2466.9542697576217   1         0.3115448645425385
6655.939755804409    4864.641261226567    1         12.70794467599439
