trucks_count 4
drones_count 3
customers 79
depot 0.0 0.0
Coordinate X         Coordinate Y         Dronable Demand
5157.729786539034    6438.366520350072    1         0.9354624637913127
-10091.427103974627  15159.056758541854   1         42.251778556139065
-4248.150885975992   -3397.1326476481518  1         1.2095669350872638
-2056.3760005283343  -938.4930847025053   1         1.0194106000713792
6722.294234458872    4037.866732749915    1         0.331599268344387
-15481.24232984263   6555.2157247703435   1         0.10263559333969365
2499.686215238278    -3221.7930988096937  1         0.19586096331499314
-6319.095519661984   4985.011128946797    1         0.295413467457765
7987.480613896581    4524.628543866237    1         0.9365748597966497
2806.5813077562134   -3501.0921926401197  1         0.8110900729706735
9304.633644924288    -7372.583405804118   1         0.5211230190594859
-2132.17111545523    -9028.784070156362   1         39.97275587742555
9177.670019034504    2869.544979963357    1         0.3310263448052472
-1843.710936973915   4865.149480017834    1         1.0600291381311837
-7261.4626482757485  -17628.86978448105   1         36.48624783856104
-18036.753142444864  -4622.591131572002   1         0.9337357840744033
-3158.3796010633505  267.8382322375144    1         0.2827040714746656
-13911.672060304903  2344.8817221012832   1         14.828412956794292
-9969.884260018021   16341.520361702525   1         0.7456153842871956
-9172.525146563798   -264.79571183215387  1         13.814960919824859
-2996.894782538214   -2098.9655621286984  1         1.2470662851811298
1895.5712862548696   -739.630764954269    1         0.4449690572438125
965.2185375625198    3538.946649791299    1         0.17574934814238363
13176.49461407002    -12941.460731996878  1         15.388047008059534
1677.7436160162454   10135.013214364413   1         46.35335164728777
-15706.492439163074  -2773.762769497629   1         0.32656732399288657
2742.134979306414    -5372.7054800272035  1         0.5447459817512498
10515.217685489171   62.21932493768492    1         0.47132882486831884
-10206.68416349373   -838.7021913726821   1         43.40575604117576
-15393.208315532016  7681.16753548375     1         32.316914063149994
-2551.720115405232   -1294.4336546810025  1         4.277921769800627
2506.100170415736    4950.230232182351    1         1.2330062648343492
-164.60737108911087  1502.8729907184802   1         0.5106352905297665
-11243.077779272702  8542.313640033462    1         39.999574712627386
-2700.2780404390487  -191.84006541626678  1         0.3384406611216114
-12338.167478301271  14132.86176592952    1         0.6812609029896186
-5320.727186915101   -4921.488920216053   1         40.60233976025941
-737.012784026286    5229.919792589637    1         0.27479420087573414
11752.037549228342   -10521.058525595105  1         22.18000977985112
7756.841393997371    -4333.603078978282   1         0.6099217271424828
10219.384670873882   -15499.240757403655  1         42.03617028366521
-3787.1297554139583  2462.8430091876676   1         0.9978841731034694
-172.37642982120278  6625.325077110025    1         0.6189759649386232
-2296.2591012494413  4451.06939307637     1         0.2268614180892364
5499.066264996295    1410.3775639800563   1         0.2475742556919317
-1439.1915301317804  -8060.9853479703825  1         0.5992418191163913
6635.177037342558    -2.5011123735850034  1         0.5629730049189737
-4898.204762706849   -2804.865021539157   1         1.2422040924270408
-279.09799781799956  4938.758018235049    1         25.70752361772875
-2287.2394502454745  4989.852178595614    1         0.5150412067152638
-7077.296996836377   3323.9231664668514   1         0.37136778573587836
7877.737174457416    11810.74776494896    1         11.644879921154397
-7533.02024998249    5197.9373986138435   1         1.159744803836965
0.34626039206375975  7433.194510387927    1         0.7828396248356663
-167.0285607669342   8054.158568871218    1         0.5810918484242882
5685.932487310826    -823.3836780671696   1         0.6571531414032948
-14991.265604212118  6789.659884592729    1         4.91921410974496
-446.3642228184213   -9291.383346488255   1         48.902032744730775
-2403.704555022413   -191.37746493072095  1         0.4855808656627476
4744.515725463868    5635.551602813993    1         1.1657720584396798
4608.759873076356    -5453.937655738366   1         26.85399767996376
-4635.905348940465   -10991.49308739162   1         15.663366693721006
1553.0622002215196   6968.742299957627    1         0.27549874557465387
3578.0197776636005   9777.153295083164    1         0.5076038609569864
9726.064862060384    -2248.550170062941   1         2.928665874734242
-6216.79274085984    4233.492195095346    1         30.6651554049899
12414.439985056251   1232.596716328142    1         27.84884075872117
-404.42754968150496  -2284.5488511326053  1         0.1885008907973219
-13727.97979270247   -1169.3072543370981  1         0.9820433360324405
15735.643032570872   -6792.421101335176   1         0.8348271414750917
-5390.211324079683   3517.0799339382015   1         37.41385889836332
-8496.951087405598   -5746.154208112176   1         0.519506685328802
9188.382274125091    -7299.84293090844    1         0.5723252318158654
6889.538186979493    8212.09903294331     1         0.24545726241276905
-1381.3061516044652  5966.251402288332    1         2.6010626464635807
13442.601458337267   13096.658200236929   1         0.20118041200428735
-6173.600113617709   16802.528949132233   1         2.042187715923056
837.3570606240029    -304.24570843180794  1         0.9199459765689524
-997.4744028438809   -4991.600432722342   1         0.6841257393586401
