trucks_count 4
drones_count 5
customers 86
depot 0.0 0.0
Coordinate X         Coordinate Y         Dronable Demand
-5651.55134829032    -1904.7361164554027  1         1.1470680952945478
7249.901156844206    3312.5558796645755   1         32.51950385452736
-76.67823383275208   -1869.8881351096143  1         0.6494190630014195
2274.6972621834493   -5079.369724156308   1         0.8444916994986073
-6497.042678242989   -3051.3376714573083  1         0.8825815239938632
-947.038064953781    -5636.274420179414   1         0.9215978744642311
393.62608678985634   -7263.689954771328   1         0.3673335670436113
5056.1848981638      4225.951506135539    1         0.5863769091406754
-1318.9194763118614  4675.89640344184     1         0.7377819720782322
-6112.911438608929   -4326.657553270875   1         15.022433448338681
-4290.379947706637   -6495.363936117526   1         0.875757921026388
4292.677874809315    1963.6944995622484   1         1.1327390522127496
-5526.264686486728   5093.572696909268    1         0.7552283734675754
1433.5497763801961   5338.676353215106    1         0.8523732371156769
-1874.807741683786   7110.231485441905    1         9.23890305341368
-3463.764259198543   -2773.484947700298   1         0.44618427878322153
-2150.810612644346   -5493.299651867507   1         1.0621399045771935
-4532.656084068959   -4452.65559746207    1         0.8431224509021191
-7119.334342322887   -5670.199371737331   1         1.0333471235877318
4531.096088166411    4610.9035235937745   1         0.39316281536135766
1824.762488551318    -4291.375831231814   1         0.3249929962413589
18.140969912093293   -5772.522667104687   1         4.433908998140433
4555.002712301842    -4299.238424743196   1         1.109038898577663
7242.115639515865    5898.998340425061    1         0.5857218905078643
-5556.213632469747   -2417.058599335315   1         0.9113785003849458
7242.702313887023    -3445.2033879023897  1         0.3379605693198959
6792.262606107921    -1541.9961162405866  1         0.24607205978437288
4801.418642246234    4040.1598896504593   1         0.16750632155157802
5546.589696650439    544.548274798991     1         0.5803612076694016
3628.9281258637525   -1639.939417326347   1         0.5781619353974796
-6254.291535209944   4660.426849337085    1         0.8047339552178102
-4571.512572514814   7417.663079711596    1         47.420283934139874
-3003.6917962837388  -7135.7553485401695  1         0.11777113576198174
3201.338125883132    -7379.627183493233   1         0.9841130359929448
-5576.843936032279   -4491.624291214815   1         0.6555346952662697
5466.092345090024    4597.308899997656    1         0.7533982940463119
-1939.5030239738644  -935.5671915319606   1         0.45157546361578693
3770.4307618072116   -5181.164885338658   1         0.2493541808419387
5373.978161908703    -4036.804776601186   1         46.731876314867804
-7692.39096239361    -397.31591823373753  1         1.1843705628004217
-5235.433231983829   -718.6839570405282   1         0.9878187270172727
6393.704190201436    476.3086314354796    1         0.24105073063196653
-7811.0011683431585  5691.086105824969    1         0.4042334740365182
-2369.565577757564   7958.982221228042    1         37.23913147852423
3231.4815680955444   -4225.104473686346   1         0.17929441543575259
-5670.550389895955   3270.7684852492594   1         44.086636532969074
2454.448565311172    7748.410990521992    1         24.760585700815035
2960.412510632801    1021.9553721924308   1         0.6650097614574522
1684.8009585576592   -4503.393760224443   1         0.13778326081833436
1577.4572392695184   -5868.181141000783   1         1.0131331063423634
-4325.468544155608   4479.817581090446    1         0.49389767639167326
6996.546861433308    -4230.0685624752605  1         0.20033425696463242
2838.495486955895    -4663.560306830082   1         0.6922097490865303
-7724.63830496655    5502.561426593592    1         30.730645222728356
2235.634898007741    -3634.6089788494637  1         1.0604046416771913
6403.080506432522    558.610714456445     1         0.7090162671883695
2337.889264357335    -7478.939715409308   1         12.526501321076074
2722.523928935504    3860.381608582493    1         0.5024295398722156
-4830.31175187322    7306.721175435657    1         0.9385982864708605
5703.755977395908    -3982.8213612439913  1         1.0987635609786282
-3581.1883475829504  4537.536336235339    1         0.7422532858060926
-4792.573248732762   6746.597917741177    1         0.2688407365708425
6545.369166356988    -4909.294247137734   1         1.1463916148421884
1995.8861038273533   7911.526278039389    1         48.59046156225637
-4847.7077018704595  -6091.802959663368   1         0.6316019305918307
467.2741220004497    134.64837506576325   1         0.44004376223056263
-5360.384339529112   -199.2428293258406   1         0.8000456272709644
4578.061404373272    -4469.215698534237   1         0.917178166206101
-2104.081451118051   7833.328361469689    1         0.14503780302889258
-6250.163398669506   6206.487756009425    1         0.867919193529611
441.6245843828761    4980.488044605375    1         47.80346835285442
-2859.5665274967087  4833.4416838913185   1         24.9884623972754
3911.508295712048    1626.2704230776617   1         0.7302160134724334
5567.0140134437015   6696.569899530836    1         30.379515627081716
-5054.608352223755   -6841.609087526505   1         1.1635635562801494
-440.4725613725433   4343.543597113873    1         1.1241484244524103
-584.8009127397697   -5757.838008256194   1         0.9929685544164266
7180.696288615942    -787.0173858575845   1         0.7904717072469255
6381.6097807541355   -1204.023937942272   1         0.8641401363324186
5843.193515318084    -3524.6832721254473  1         0.1016462144753735
-5265.463578805832   3807.023775906746    1         6.819498415530804
-3009.5897213990047  129.2915723093838    1         0.9249236047365264
4430.843870226899    -461.09301068115553  1         0.1392458792604602
7953.904935107585    -7219.02450020411    1         1.112139916167933
-8133.004751566913   7280.680653375392    1         0.8695340296851373
2847.667384972443    -4143.184680269442   1         39.68060287666905
