trucks_count 6
drones_count 4
customers 96
depot 0.0 0.0
Coordinate X         Coordinate Y         Dronable Demand
-4042.2294442503357  -2801.073476233721   1         0.229054506960702
1844.0635114590857   4017.3768630216528   1         25.37142881707778
-1642.7232229587921  -4220.98097277769    1         0.46448375672375397
4.897443444770896    5244.644463189768    1         18.858271605958752
1449.1302932468218   -2550.917649360226   1         0.684612632304273
3094.3759084530284   4366.9904661423      1         0.7551012696224665
4137.098908018908    1094.5149792814614   1         1.202073546507655
1274.5259636055907   1357.6108094366718   1         0.3759372826769356
-1557.890318969758   563.0154517862189    1         27.44587303752924
-1013.6135133946782  -4843.04634918422    1         0.6982504007428627
-4616.057368554171   -1766.6084360588648  1         0.28922603925434
5414.020577815381    5265.351869938777    1         0.35260308440991317
538.6761313558887    4134.30881150922     1         0.26289925173976825
1095.14723878062     -1348.3799311339587  1         0.8654386087056103
-3332.8114170611498  -4928.7034263213245  1         0.46444098559970637
-3602.637828658932   -2463.084868490239   1         1.226314388439465
-5221.85973267452    2549.6720429657244   1         1.1834503340781157
2334.565571793312    -5411.981020208473   1         0.402927501575139
-3267.85656660424    1742.0395533755723   1         0.23410423794600818
-1245.1756085777881  -1112.4899884856006  1         39.28970381306578
-4668.706573695148   702.5107319510655    1         0.2183975653685622
5434.542931428664    -2190.880638204606   1         0.9869489424589362
-2190.52859292964    -1316.238515389744   1         0.2400421154160355
-1233.621258666159   -290.14867354204955  1         0.7188897245243369
1084.3542094811112   -141.1611306538779   1         39.159970361719516
2241.224426490692    156.29477889594835   1         0.8519857479011973
1571.1620665522723   4979.627304849109    1         0.7326064558538807
3839.821656179163    4810.934464209776    1         0.6545141618552107
1824.4427837999092   3852.7832610102814   1         41.500661704393615
-3517.1115622005836  -5097.595817870209   1         0.2301294000097749
3306.001422864985    -3876.9129177001196  1         0.56549495453734
-5235.715065605575   1843.4604016665176   1         0.687811794031384
2131.5874954973524   -1878.3087346285556  1         0.22940922885123927
-3136.031223697271   -1740.7465695694618  1         0.18227796842489177
-4419.223745384219   -1422.0527124807077  1         0.8646685753378752
2272.638963898473    -496.89664959004585  1         0.7173547631366282
-538.6978548042953   1830.6839607517122   1         1.0735851542867356
1877.0970947032995   1453.8133009302596   1         0.2563392311031414
3941.3387000216862   3422.871016916981    1         1.0193814952289924
-279.8200838221713   2265.8206100587468   1         0.8122294233595434
-292.96607851298745  -3082.132931738839   1         10.213096332513963
4179.275820355585    4045.06730154234     1         1.0666499844653212
3533.282658738023    -861.0864597860069   1         0.146986281209187
4897.415738323322    1594.299396656744    1         6.929794104110001
1152.7390408103388   805.1441667650616    1         0.6795120296537407
1810.642029476885    -3235.503343416583   1         1.0835690457854474
2673.217751010281    525.5821225531681    1         48.0000240007871
-651.8308659187202   -2856.1417618716446  1         32.62861133697791
1013.0774268619289   -4212.731739670033   1         34.098039500667404
-1936.1276292831417  -306.14318587183243  1         0.9799302174334963
1297.7532644181479   4295.223904018244    1         0.6902092155156061
-2166.96876568217    -3103.85453534523    1         12.15597195119174
-1179.7455832333717  2211.0797785719574   1         25.66060848045271
2062.3701134839516   -798.5785615468797   1         0.5500137269213117
2511.170942483513    1511.0641644265288   1         0.7808513873823499
1256.0652394295073   2586.331142690151    1         30.759832703537626
-3055.79226805084    3554.4341383370465   1         0.8317211813810458
2773.3278402308006   -2307.7437094202573  1         0.27745071932017706
2670.557349927639    -1173.8182954873755  1         0.2652091533147679
5379.074239817073    -1115.9513287738741  1         0.7040065773574322
-2475.4075182605334  -2921.197174878419   1         0.8428923990335575
-4539.598715730212   4805.827902805754    1         0.1760344129264539
1217.324147548442    1892.8792554566508   1         0.4362939936610244
742.9250561857334    4726.426312875088    1         0.8948662862437032
-4500.048969631258   -3535.247262533787   1         0.5090311939493865
2450.471539174907    258.42537554561113   1         0.9357390245217139
-3995.4136161174806  3126.5668496369694   1         1.056380066086735
456.2645771546227    146.21435584044082   1         0.23875677633711206
-2543.6047436945937  5092.363162867479    1         1.1392009043618565
5089.285088901966    4385.902391044377    1         0.8908309821155446
-4599.497250250325   5420.258382491097    1         0.86557028461495
2262.407774040255    2700.33519697846     1         0.48175423267239026
513.2697705386801    3133.752998284737    1         1.1543222614083393
772.7127175083725    -4901.2081562993235  1         0.9489111501831703
-2415.0624652496886  -3299.470582751415   1         9.768603041376469
-4182.706694429801   -3643.5399965645397  1         1.0669240251206185
1619.8101708074682   -699.9715884446805   1         1.085691056226073
-1238.7334054645587  -3073.1524216120797  1         0.8045800511262251
3049.0453090114106   -4874.166002269673   1         0.499489520424908
-2135.788402104348   4551.371487170272    1         0.284818184607589
168.21830585196696   -2976.7302361231864  1         29.749335688164628
-2378.2545222385716  -3597.6551901679163  1         16.05453388829811
-3715.563667613421   4744.83421778943     1         0.5641290217936987
2949.083116352726    1230.4026953407067   1         0.7300064236879854
-399.55764633515196  -1335.5791186857418  1         27.62619709295013
-386.11676144229364  -991.323310853994    1         0.8659610349997199
-5076.073820571399   3233.128350605317    1         1.016064956615229
103.67951126707521   -171.69743346947052  1         0.5066896576054131
1451.5014973394627   282.02299256634245   1         0.1754478738290593
-3324.7381049499627  -2272.478280106477   1         9.995233334990655
3825.6540884916612   1796.0114229642975   1         0.3012321231354097
-5097.0743423172225  -734.5814470903703   1         0.841818515779538
-3050.96099612458    5127.6320593550045   1         0.20141238401666062
-2730.2424738096647  4662.463037130176    1         0.10997462392082354
1262.907908673282    5334.65257904164     1         0.5189169437488327
-2825.7041217151464  -1371.7806264915223  1         0.3304152438405763
