trucks_count 2
drones_count 3
customers 30
depot 0.0 0.0
Coordinate X         Coordinate Y         Dronable Demand
-10769.416523053045  855.9329257877922    1         0.17953292890558176
4201.370118140874    9585.28761928073     1         29.595137025713434
-6364.038215979123   -8127.698892811253   1         1.0400857591065722
6398.55752070531     -2416.8360272726104  1         0.5977509609627245
-3521.4020350811643  3105.382773836845    1         0.306776988794116
6576.688081930003    -3068.367954336116   1         1.115842306494362
6079.571927246806    -4209.292392639368   1         0.8336784647933266
8374.618591875229    8185.6816596484805   1         34.65574165112718
-680.7079741838436   -6594.643218476191   1         5.769264928069499
1258.1000711883164   2746.9134976378814   1         0.8379346557309497
-7236.639837522495   562.9977254060559    1         0.3432500508139032
-8720.096590119114   -4484.0191242262035  1         0.6549253816827044
-6344.462812512129   885.5480248088021    1         12.644715621940424
-7419.687440755286   -2239.407005842874   1         0.9772176727082531
-993.8618184349068   4872.018669110465    1         7.104692921863512
5329.8821675966365   -325.6388996111717   1         0.20349918001332215
6763.964155136995    -2263.7293179035387  1         1.2274507356519313
3113.990476243173    -2857.3667417543356  1         1.2359191576991113
-6892.75869517502    195.21896394370742   1         1.2031493369211659
5465.309001567655    13831.56885402449    1         1.2420836619562003
7443.191106928565    2714.2954943950813   1         0.19646621437690354
-3645.346568268551   1109.7128211818322   1         0.7658471121271477
1316.4810241963896   10428.209514194525   1         0.8732229148476452
-7842.177646774344   -1818.2121753550414  1         1.1269045742598365
-7834.889066541197   1758.158191262423    1         0.5765131388315097
1681.4160030196526   -733.1408700963602   1         0.501383363481689
-8536.090663615258   -3165.323329515917   1         31.559481706105267
-6456.255440463797   8533.691484683966    1         1.1117514970936766
-8939.485398050667   2772.1432957038132   1         0.3359302414870545
5194.715256717192    2236.091049920832    1         7.863569451667491
