trucks_count 4
drones_count 3
customers 70
depot 0.0 0.0
Coordinate X         Coordinate Y         Dronable Demand
194.59023638261007   2799.1079502762796   1         0.8187006310849889
2008.89048982197     -6678.969347275506   1         0.17054931574837198
8180.063140511607    4995.445099470409    1         1.1020368712704405
6903.570490193418    -480.39172991181675  1         40.67943625287543
269.0489024854742    827.8833654385471    1         0.5813271157019587
7815.511186961237    -6476.705233278331   1         0.21327083112276862
1716.8025839627344   -7449.23961362433    1         1.130559910194623
-418.1032439791519   4249.871779522759    1         0.9176336088720729
1508.5941467334153   8824.574466335382    1         0.32393637867736097
3425.101482819384    4329.736144814389    1         0.4364066491145251
-1143.7086843064008  5455.312314987803    1         23.27455803986595
5723.977554484645    892.3191176066309    1         0.8741012672315874
6363.977289235308    -4439.3184408744     1         39.90154419623533
1223.8506070859148   -1096.145067810532   1         0.4706703316683143
6854.952730001074    -4780.008824036626   1         1.1746056449570885
5397.194677008585    -2066.586217099313   1         0.622935810537321
-5753.12567436981    -1371.6259161757248  1         0.8348687545789913
-203.4764847485443   1233.8233936092847   1         1.236578606906475
1095.7428851597008   6477.709519515169    1         0.5984883370901689
-8752.52585251169    1703.3678034279926   1         0.7360957729166724
-2749.8431307490573  5081.074213712411    1         1.0039466540190878
5371.09873490117     7192.217146868779    1         0.43179123739854297
3305.615588027417    -5053.399588239101   1         6.0698920153841
-5084.8684613        -4650.7942625412015  1         0.7767045885706536
-2193.576725976152   8058.831145334309    1         0.43600663447636245
4761.48681515262     549.5078191728622    1         0.9056646571174164
7425.991272723947    2463.6885243833444   1         0.36900180168053687
-5173.886934245541   3946.7397950182826   1         0.735106937140348
-4739.552225274336   6048.285244217293    1         30.243400451758188
2849.5479794806038   -8799.45716980383    1         0.23651036044832946
-1635.9292641063441  3264.2648432275523   1         0.46243801390400174
9190.769462488775    1095.234604618916    1         0.7476816473673646
6977.93331919424     4392.999291980219    1         0.47423044143046567
-1073.9271040414915  532.2703668205968    1         0.49689830659523426
6533.95054756327     -4357.579242280155   1         0.24133064028896858
-3687.597834516798   7163.537376597535    1         1.240133755965759
6362.294754884869    -1883.3135901753712  1         32.551516492892695
-3071.676288149695   -2329.1235685689135  1         9.153453992140975
-5926.572988380037   7264.399259032935    1         0.42730247135735444
-4832.038742935243   984.5488167329822    1         1.2307077774897792
-5077.529062787699   -3507.623460783152   1         0.9940001663359149
-2025.5757824242182  5502.7341212095125   1         16.819263617113002
-4040.309601020912   -7851.033668022289   1         0.9406011336669933
6557.5424546744625   -2159.584209013062   1         47.85912791056671
-1541.9465466221177  6222.742781222365    1         0.10390555960382605
-8349.720243944434   6968.393641516622    1         0.40715259889770417
7938.43864040414     -5631.460713443095   1         29.880528425424274
106.83612481755517   2055.835799485634    1         0.6951321098478354
3950.2638463059084   -1820.5742575089762  1         0.6285820113313793
-6429.600165462003   -753.9842667532212   1         0.7475708225359942
-4512.446121068709   -3362.464523455953   1         1.247191712710464
-1978.7576692908792  5081.723033034015    1         33.23677211166647
-4033.6003913237582  -5532.063341399611   1         0.1975964454168094
2812.5963173807427   5473.461097640839    1         6.549238880104405
-181.138698067474    -407.1410849663465   1         0.7019912297232983
2217.8035467021964   2474.524902098131    1         0.9365647044466824
-7004.826491219581   3381.2620867997216   1         0.11289271433669681
4192.858279383953    4150.066741240573    1         0.27030679424052584
1503.7297060703127   7011.268480799928    1         34.850800417036865
2317.7537574629578   4120.644138374538    1         11.579625121797607
7009.192406634225    4278.137512224743    1         10.959801581472545
2313.7878817490646   -1187.4780806572126  1         0.44313842638671064
-7282.595106714668   -7600.9006604799515  1         7.022657626150612
-9313.52767150315    -1870.4762668338647  1         42.57898869039953
-7319.4830799326     -7119.078467136162   1         42.41163605372333
-6819.602758720063   -4165.05864056405    1         0.4269636779314614
6186.340895125294    -5749.583534681314   1         0.19875931864845414
-1802.3033391935705  -2080.953735806428   1         1.1003174745152202
152.22397807908106   7030.538341692549    1         0.6192360624716536
-4768.853294084816   -5309.819207833207   1         0.1645568785455797
