trucks_count 4
drones_count 4
customers 93
depot 0.0 0.0
Coordinate X         Coordinate Y         Dronable Demand
5472.873790085063    1026.387056027096    1         0.23754477375482666
543.0388293579343    9365.774747407093    1         0.3584104424240563
-10091.848280785856  -1334.1636775680786  1         0.9185856935557569
9076.348245971101    -1043.7708668334903  1         0.1627117864896344
-7063.299732542243   -2398.973642862737   1         0.562985929623525
-5077.5596957802845  -4427.08332379949    1         0.8932035453487638
-5855.479660530558   -5330.044170521682   1         1.2467926184763312
1960.1048819122673   7885.651461866595    1         0.9990645700976146
9803.016937656854    -945.9688645285082   1         0.9784568668119678
-4058.974584625274   -7818.488515731895   1         0.7628602498441395
3111.530414423174    -9793.705259375382   1         0.2671210252346129
12483.0302040381     14013.549392889556   1         11.602175612373312
5343.640713394283    34.285004782714665   1         35.805676436056245
10761.258045796621   -441.27319824653466  1         0.8281438765242205
1883.2480596477435   1730.829544219967    1         0.3776162875546134
-8382.56352976679    -5249.830595782104   1         0.3882261160728997
15584.759507639294   5048.0089149175365   1         0.41184660058499845
5797.05985105523     -8991.662013510155   1         22.098368553924548
7104.690808931931    1849.590003385594    1         0.47680442055639916
8672.67281069378     4379.602405150868    1         0.23671396428991426
3112.196395174307    10477.687632289655   1         1.1350465545296473
8463.548357239391    1493.9104366772083   1         0.12168354325841915
-2363.057230027646   -2693.6369964614555  1         0.3763254167384401
-3306.9232357730907  4557.254938852596    1         1.156087485859351
-8369.679656227663   6556.361656755089    1         0.11870504698993928
-3216.073916861675   -10132.304516528347  1         10.86525863811191
-7043.70927963898    -4826.704931500309   1         0.4304124626447273
1965.9916429652128   6118.593154550687    1         0.961626233754599
-7195.116700885608   -1646.6381987136192  1         0.31863017976943475
3812.3228633225167   5007.9751774721035   1         0.2091744887582503
-6485.691433719512   1696.3491516065276   1         0.5243558099847458
-7274.057314024872   -6131.075268572255   1         0.644332925733109
-3672.3211448038733  -4015.72404721158    1         0.686082675560369
4565.0942571024925   -742.1118041342118   1         0.37897417379808906
-4117.179376879153   1795.955032964502    1         26.649080166360307
3604.715592025386    9174.715983920383    1         0.611835312987544
-2230.742408933468   1587.5332908909168   1         11.685788866653578
-1852.3606984190512  -2663.9695239084544  1         0.28807530135964776
9318.859483934531    7742.937216003429    1         0.13680630745592187
8506.080426176151    -2746.4594828874656  1         0.5089450892815086
4197.285663048295    -8661.016908240652   1         0.7460088641099188
-291.47035121782574  -4754.036708582667   1         0.35279213816918265
3799.2787955050903   2882.915899645039    1         27.126060809604013
3126.0513153978377   2469.08757724773     1         0.3345135040699827
-1284.3874692757436  8350.428144646216    1         0.31872527709593307
999.3660227266455    5163.336372970783    1         1.2277307425332566
2932.087371400765    9533.364162697508    1         6.674168604270932
3657.5632407490884   -5301.679003602726   1         0.39829899104164546
8307.090791895675    -5217.110343990513   1         0.6894144200296164
-4547.682850010999   -7303.738708875473   1         0.46850399206323223
-5203.878250222709   5029.640669556912    1         0.8017574681371067
74.58640459789798    -5569.239714567649   1         1.0637271244574726
8762.111351071639    -1842.24465305159    1         0.8076740103816678
-5016.56479067093    -7504.97265778154    1         1.1170328356738728
4170.477983196622    -6531.402760993277   1         1.0823341576675596
7873.744799789114    173.81961641311975   1         1.0354470703370031
-10191.452503500297  1238.581781848261    1         0.5218612199008834
-2025.6955945186983  16374.232027059217   1         1.140787078681815
-2795.636989552249   -6494.2637323356985  1         0.37182999316909204
6295.364731952438    -4923.1465632767195  1         0.5901750545739508
9751.319502403094    -9440.274646952592   1         40.367259017232534
-583.6607289673648   -5262.773723757252   1         0.38362205162409546
16431.05184562662    -1355.3020977068481  1         37.25607830363228
1101.705669911142    -6285.127602728434   1         0.6598609016270433
-2567.0627602224918  -3538.4976709908688  1         8.689012643361107
-776.2189621318008   7874.364336057337    1         1.0147508477315579
-14157.751892651986  -1706.6576595445986  1         35.37173751715494
-8.32581815627784    382.5484323366997    1         0.6472802608922
-2258.5738275539343  -9885.656740460348   1         0.11107615334785013
13962.68704508201    -14388.400308696628  1         40.58285471463406
2350.782084837523    -1547.5531673300222  1         0.6608073244623485
-9833.346363329703   -2261.6290230906966  1         0.4022937020233144
-5291.785926918715   4212.409780052456    1         1.0154441666317362
2578.3409903047054   2383.0396383426396   1         47.44332083821031
-3703.5156044749992  -4291.883986499192   1         19.114584628768686
-11508.401660256477  -12999.646788973634  1         47.29557688075463
4192.163974906394    -9106.243966907663   1         0.3351163075958746
413.96212290656996   -4315.052756664383   1         0.10434205208962996
7857.846674782744    750.1563179299336    1         32.43598164515403
-6475.33725182611    6918.291395333097    1         33.89034754483681
11787.963142984412   -15201.47317402301   1         0.17505946299448544
8268.176150813697    -7075.163637707569   1         0.5268816852177826
-2069.6359227929124  5967.796828616215    1         0.5632178374958159
-9311.264645331497   -5612.323050901734   1         34.06154380259978
4736.736397895466    -1217.7426482136616  1         0.26227850768239613
1787.7794081018433   -4418.856024347989   1         24.994640259296528
10089.804689411434   3514.4104152691157   1         1.2103544584625352
-12611.615551524868  10729.525424657455   1         31.80991745358218
-10.872814201972497  1443.9710155056262   1         0.6056044966847379
16048.734944476517   14350.513705526162   1         22.053289910744276
-4387.111756898055   -9326.821872888426   1         0.6903590497403933
-2326.2885180050694  7667.716443622648    1         0.7676782103999571
-4136.139308001175   2510.2315022840194   1         0.9771393539004428
