trucks_count 5
drones_count 4
customers 46
depot 0.0 0.0
Coordinate X         Coordinate Y         Dronable Demand
-4084.496489359768   9529.548087858871    1         0.8377941023758506
4801.303592116054    -6284.7995846896665  1         1.0127092511650582
6139.22960773053     -5154.995437840386   1         0.340753596304989
-53.47446725282266   9624.591234390664    1         18.042282765409503
-7021.885964780058   -3409.9584158470634  1         0.44839823270720014
9249.869111692644    2899.7552528319134   1         0.8926360080344329
9112.98725492409     -5435.2024536862045  1         37.12051814404206
830.6839319113718    -2914.7257222850208  1         0.38981188495294816
5290.554127815935    -3039.1477634088183  1         0.12302330091711997
1006.4395915365578   -2581.691605608359   1         0.574633143749542
-6767.268457304604   744.1955970880001    1         12.593162939437603
-8551.58125293405    -5163.082666965564   1         1.1864139266886613
3509.05616471107     7997.88899918579     1         27.08650388891599
-2610.279717032243   2471.418127374585    1         0.6065798709614866
-4845.946628736752   -4159.368376397268   1         0.7500020502954309
-9844.498542061896   2591.8395903585833   1         1.0816787079171983
-15291.870257972912  15734.02338743737    1         9.894146848516463
-3896.477093596367   1019.9924497075887   1         32.43579764111743
9721.806109420328    -4163.5370176887645  1         20.441121514415734
10074.351272720747   -2929.270833648327   1         0.5088609631577349
1656.1250160898949   8175.361855350755    1         0.9000029094119167
5072.078262380619    4872.318764364925    1         0.47294909683655206
-2393.689430888064   -9018.481526941201   1         19.932881047275142
731.2693624908497    2447.4688877431145   1         1.1602407624838105
-11151.24443689945   16626.39398258735    1         41.18891816241633
-4320.45420829991    -6031.388449526919   1         0.4883510114492593
-8266.57347587404    1517.4824862572507   1         0.46600322232565095
3370.417818020058    -4800.514387197597   1         0.9354610522191914
8008.785684646489    7090.438560824519    1         0.1252788557504939
-3174.35434866504    -8350.961804304312   1         0.4380889795014946
11086.842418157896   -17268.58427048548   1         0.4681440769527302
-8773.090356428727   -6265.0813754562     1         31.335855749931913
934.123016482021     -5585.658164415275   1         0.8514730021473705
5054.684014699471    7177.878314663732    1         1.1181608216879224
3639.062199986707    1413.1048777063806   1         0.6284308289503242
-9804.807508230699   -3207.0498392938634  1         0.568136827779277
-9101.146811002578   84.32277594042735    1         41.404512282005605
18470.128433687456   15853.962981840112   1         14.659215680473892
2269.318836730757    -8461.457419643435   1         0.26294165051154145
2670.895734619353    5199.447821822869    1         31.41243057004561
-6021.6035937040515  -5908.336305740963   1         16.542914317765472
6999.129385199475    -4161.071733405055   1         1.1672515734853146
-2489.413155435227   10228.21356266434    1         18.870669983324955
-9533.153804730571   1316.1208015933055   1         0.9119359114617475
15204.012006840796   14605.035440585485   1         32.12647928493392
-16289.666973405889  -16601.26058340033   1         0.45075122676933976
