trucks_count 4
drones_count 5
customers 96
depot 0.0 0.0
Coordinate X         Coordinate Y         Dronable Demand
3965.334473117582    4387.290775648822    1         0.11162700185746702
-922.5195366540737   -2129.8539178887504  1         0.5340906177201512
2047.544474989015    -4819.531856054591   1         0.4343336747943898
-1473.9150944510955  -3522.857176684689   1         0.16514828082458322
-220.44641727908498  3114.394387199592    1         0.8915176051850816
2592.0919887779783   3086.224596626291    1         0.9514019515282349
1892.2462804268303   -739.6840494872789   1         0.5006454216999973
-1988.4460896207336  3881.380913702436    1         0.8857724520172857
4609.106777573298    -162.70551667255987  1         10.859439020521348
1627.574792308471    -2751.2621078963816  1         0.19368854039209593
-3172.5703317658085  -4096.0663883660445  1         0.4409501486092525
-701.1240132478063   3257.738483651579    1         0.9356164705547954
-3526.2431715573225  21.07539838251371    1         2.714393101105718
4109.175324852754    2172.907421311868    1         0.308673484006803
5044.848219705689    1961.743323960101    1         0.9686848797759389
-6104.061459826913   -3797.193925896857   1         0.5833335134600912
5302.088587771122    -751.4261621363006   1         45.97669658349452
-917.0795551302252   -3109.223567990876   1         0.7541607904301248
-133.95738497834432  -4980.407473764372   1         0.9477693140438831
2851.1587872166433   -1818.4009990687869  1         1.2002817764056397
-2189.444179381903   -5774.881097728011   1         14.010185616058473
4818.831929634388    1420.3430326086032   1         4.342702979100958
-2184.928350059985   5863.370271464724    1         0.6083874556593192
-2190.6100554786617  340.4918119370734    1         0.703660921775991
-1203.5980554417276  -4336.374705231377   1         36.25214158503263
-3963.979564488928   1854.2893693811352   1         0.1281459497242351
-3863.892003085241   -3464.881251096685   1         0.6037284029335402
5761.580606355468    864.1248781489548    1         0.12861782974576794
-2527.2692938507225  -2358.4663426696998  1         0.420115878579274
4813.111301619891    1370.6153377010216   1         0.43097289771073044
4389.140991281656    -1870.8223938815584  1         0.5989188554581857
3721.351737510645    4585.030558018344    1         1.135791449340059
-5379.19832274992    -2827.1283625605593  1         33.33851271728175
2185.952405298283    4604.859482843341    1         0.17402109286443795
868.4597387539717    -1766.8354086216996  1         0.25809057781561673
5677.997259740764    -3124.829325969381   1         42.66565371686894
3506.8767842515817   -2786.572861011732   1         0.9457557882377853
1408.0049857885679   5114.987318424493    1         0.7848271407676849
101.18022033336543   -533.7943743417651   1         0.517186022381194
327.4860258630315    2161.7765661236444   1         31.49656393545953
1027.7523155892593   -1372.1422236798257  1         0.7611514114432515
-1729.3285191945497  687.4750839744138    1         0.3368488999633774
2940.537843841959    3263.4094557521557   1         0.2436580212278273
-4960.612763393109   5190.722455298273    1         1.071754948562542
-550.6468792103077   -310.7941319718395   1         0.8940193696639405
-5955.576599370892   3622.0905964414774   1         1.1368245312452145
-4306.284325535946   -796.4105381984982   1         1.0907377104431497
-157.6402793278457   -5073.894656602296   1         1.1990921928035732
5322.4982333101325   -2301.565733259481   1         1.0135544626916186
1809.0357580870004   54.667036019120324   1         0.8329969212985889
312.60675710732636   1681.1988995561178   1         0.8058187937474496
-5465.7149938581115  4748.575083236897    1         25.786222984116478
5805.619553159975    -4468.562157613549   1         0.4358716500775387
-325.063711889193    4523.01019906999     1         0.4906884871537791
-3283.8825774994093  5906.536229795953    1         0.9488621094374372
-4091.670091977764   215.65218817455693   1         0.8774607795484843
-1052.7303578110061  -1078.97421772529    1         0.4200807055227578
-437.79194917697146  -2608.1001689728346  1         1.1593850873467124
4555.610782373628    509.31508540054597   1         47.69066360231362
1487.4842143947626   1858.442178890733    1         0.7598865860753586
-4288.926081214851   2001.1641804884414   1         0.8007837921653718
-1205.3042359887959  4917.030331479018    1         0.6933341710259959
1653.8878522919015   2506.6901626486692   1         7.780371494167394
3019.8996649899714   -3037.4116706908408  1         15.18679120587766
-3872.292310955876   3018.799304331477    1         0.2059874026052858
-3678.5206125696977  4762.590317130571    1         1.1555781355321166
2678.748467999237    -4670.677174264022   1         0.12293225075287369
-5388.717397281717   -1579.1258902530549  1         0.3715846315596153
3348.6978205247974   -2414.4046678181357  1         0.22274343528508087
5097.899674247775    -419.1329351337646   1         0.9520765331791999
-334.3144104880653   4132.7397561618145   1         0.6105608267640663
-4168.315758162897   -2962.8362685303596  1         1.0183446178322955
1683.889236698363    -5799.403471377518   1         0.4282829233977654
-378.4950787959387   4822.434056222803    1         0.5669969053822103
-3957.8593840043163  -3987.7468431208704  1         1.178044253934407
-3406.777154077839   279.0515429689349    1         27.361070844162494
6037.389735635121    2675.4685181346645   1         0.9396592579951022
1008.9146408864673   -3191.623174855816   1         0.22929739274460736
-3225.678612330875   -5087.865072916819   1         0.22171837614925877
2964.370201037702    -3169.701806382775   1         0.48060610213561505
-5161.940918154056   1022.6033934651277   1         0.17614742183289614
4541.8267819555695   -823.5927624261849   1         23.239722561631744
-4060.523151101917   4310.150406918352    1         0.19768114527988728
-260.0048214215167   431.79083063479266   1         39.69376192259488
-1148.6702579808257  5247.436921367289    1         0.18717883953371486
28.106135329586568   1439.4677651465656   1         0.2583703713192331
1530.1695138409464   -5961.213875091583   1         0.6286818869669488
-2775.4854716615964  -4198.479097626214   1         0.7014821106802366
1644.5007567376542   5830.3845649580835   1         1.206800325793206
695.8116550977552    -675.7184769431269   1         0.772172743745132
5795.282451554425    -3279.8374222775756  1         0.9254329408465993
5547.968191215914    4699.935227714274    1         0.8550575421940915
4843.7410765235045   -2991.010934714092   1         1.1589846825633205
3772.6759857569546   2051.721124369222    1         0.5916762131359214
1513.385766002497    -1311.3057935211737  1         0.7259253514673552
1315.5400091019446   1275.0779325081924   1         0.35851473284905
