trucks_count 2
drones_count 2
customers 25
depot 0.0 0.0
Coordinate X         Coordinate Y         Dronable Demand
-6197.158756113623   6108.843044361029    1         0.6313350723820393
-1944.0504598825098  -152.42855747016526  1         0.5911957277237985
-8155.864313465739   -35.46292474230012   1         0.14050237407715935
-180.04250535832384  3160.0832789999004   1         0.6639581535588065
-4753.196543906477   -3491.214096870277   1         0.8600737862655968
-6138.743590606558   4786.898080631303    1         3.152817946284381
7294.855215003198    -3081.6451909182942  1         0.4551424547589549
-4687.841527344234   6004.864022260353    1         0.9053357190186075
-1449.1038422178376  5828.529408799715    1         1.05688922337476
6590.147186345928    -7305.817972378793   1         0.13959863832040253
1507.0052797784358   7797.190410970537    1         1.0770325882042624
-4406.282391909463   -3723.892713112522   1         0.3045902004291158
-6544.261859596843   -2412.488747766089   1         0.12386840074276087
-471.48414259995724  7555.851977360608    1         0.7061571181195672
6550.746966974644    -2622.631877077535   1         0.8095109256319643
7833.321787180226    -2592.355131037898   1         0.9676563516790219
-648.0003021175885   -6246.369856237096   1         0.5449236322837206
5971.4355240934765   -7695.755056731142   1         1.154840924050021
-3419.2110410293035  4358.60712478168     1         33.70735120468108
6367.215279966758    -42.475146636237625  1         0.48605620210441614
4410.11390598326     -2218.191993500764   1         0.6588296568744361
-2369.6133240423374  -8094.486932438498   1         0.29269155626131227
3237.1689405461507   -1791.8962395926005  1         1.0825548247246017
-391.08434909314883  2406.3736191539565   1         0.3164413030645833
-7189.674129182768   3493.5992375190194   1         0.4867284629711166
