trucks_count 4
drones_count 5
customers 89
depot 0.0 0.0
Coordinate X         Coordinate Y         Dronable Demand
5524.50668911067     -7062.98798829276    1         1.1057820820888407
5330.618744259372    7848.021372345557    1         0.9402035312932376
-388.18146336002195  7393.852541107906    1         1.162376521398235
7963.268566808638    -3361.3301554111276  1         1.0857287260751962
-2741.7184055355538  -7196.539615434609   1         13.603699407575421
3494.890468784796    -306.7876927876196   1         0.13264289098503296
1231.4941869193751   9963.437457375732    1         45.91850004099219
-1105.9560258445417  3247.0444838849307   1         0.5222684127621777
-1289.4188643490834  5419.426477368461    1         0.3842226577882497
-4719.409715946502   -6747.487779423993   1         0.9297545807257258
-10166.000812675136  2482.5806346833465   1         1.2397952287792873
-4997.667888195148   11.346767212006542   1         23.57075871945225
4119.064962165767    -5893.246369747509   1         5.873192907125301
-978.75701007649     -10191.988151348478  1         0.7810771346145289
2379.3002149141203   10000.711766980987   1         0.11162475900085128
4100.899811995116    8050.066253309498    1         32.61762638774151
1114.1706261968152   -9814.257957398928   1         0.1017405517950646
1280.8006150655972   -8803.124664633147   1         0.19270375840500292
-973.5685959068575   3692.751889613813    1         0.1854472316122207
-5488.625489253412   -2580.1832954541705  1         0.9413397171446832
8812.27813724798     -2128.6591253835704  1         0.15276461104809064
-3583.8565406213193  -570.1378656316429   1         0.3002762046191336
-726.5893112896393   8414.763412059436    1         0.42936746599588116
6388.343119135901    2684.8697072014506   1         23.58463085224054
6166.535213567233    -2056.491052246278   1         0.7565128430455148
-4256.436012958261   -2589.1820257143254  1         0.35675516803357
-2896.3279253406613  2470.826482889656    1         1.053918354162698
183.1260503537712    -789.9942075280442   1         1.227258925732468
4539.135371495762    -4424.785596769872   1         1.2271483297579566
-9266.441514451035   -1774.5776861026986  1         0.2615745183324607
9844.273293085682    -1111.0898213141015  1         0.6938402929134794
3842.0028486364117   10387.34990929455    1         35.52387748799616
-339.3397072992555   9075.188067396422    1         9.113606842098285
-7552.082168410564   -1301.6671251949376  1         0.8391481535190503
-6268.462512790561   -1972.981172422755   1         0.21704830279200205
2238.252272737206    -308.27167870144046  1         22.37721130132034
7649.364279298852    3261.1976223564798   1         0.46488832501618205
8034.569195665652    -6623.4155332692935  1         1.1722364342659966
-5389.887299580552   -751.4714626653123   1         0.8692644807127097
-439.795570252627    -1815.1184956902293  1         0.9073617306533762
8093.834184814642    -6224.053240397638   1         0.4846400374317049
-2491.9726519077244  -9747.307022299565   1         1.2220626834376385
-6706.493998513091   369.2593638847086    1         0.2763012103787829
834.3194612621578    469.1834985808772    1         0.696577271742525
555.8594027219455    7083.653868451374    1         0.7411706146040798
5517.4685577726095   -1306.8151539183875  1         0.9214790534471458
4912.546294485388    8226.301057726887    1         0.3313747323325706
7529.670388991886    -5632.5213717710185  1         0.8287640284178035
-6232.1200770661835  1852.425791324829    1         43.1911233274566
-3830.375461251334   -8071.506055099628   1         0.14687348290758673
329.65969771117494   -10556.450723226975  1         0.6332239835644731
-9896.31146917317    700.1405769029076    1         0.6464932466061856
3958.5781398036434   9727.99309209512     1         0.12711100222886898
-9517.66396928507    10547.02370070685    1         40.97570993248024
2393.9257957742752   -1067.1177103358284  1         1.0192357598666546
4316.846708550525    9652.331105555328    1         0.11969204680349119
-2720.8419640388743  -6224.87463397765    1         13.614027645539098
-8848.46932302531    -5363.666286051163   1         1.2086930519870482
8300.9475637426      -332.10637538380917  1         0.4642615858440522
-2114.2173921531776  -6537.190978028025   1         1.2402409406677748
3572.739959707546    6623.206746799965    1         0.4323718144842136
4468.994054999688    2393.0930779586633   1         0.6236343657927542
-369.9602895344166   -6221.803479533218   1         1.0443244969771328
-8601.167767854075   3618.9231969814864   1         0.8625502806001797
-1000.7036097453944  5612.4560004793475   1         0.3744988691461043
1390.064911308756    -7448.142744867284   1         0.8851169402828026
3362.0915532244785   -7973.024260502519   1         41.549201129672056
-7047.0487382265255  -3709.020471930923   1         0.40546420403890715
4658.818620183429    -8776.259980962606   1         0.36515542234060994
-390.01317446619805  -9059.929270781038   1         0.9123507897201291
-6453.548559456952   -1592.5509980491065  1         0.8420295046647158
2066.5366198483134   -7276.772413459811   1         0.882951900685104
-9039.969840621783   2637.1428120719593   1         0.431583231914502
9604.289840806465    4602.193551494013    1         0.4235190146357225
7850.170092114724    3017.7904427820868   1         0.2329211001778347
-1672.0405578456066  7284.720804014643    1         4.12911153723249
37.98080854347952    -3551.4561266839987  1         1.2037175819908288
3773.4625137192393   136.11392970333694   1         0.990506290478199
4290.942611369366    2291.695884532006    1         30.47832544424261
7840.595818228772    -2121.0924139516533  1         0.3054258832211357
5464.176730802777    3984.859022698361    1         0.1809927572110443
5071.811119449143    -1181.1115279446167  1         0.2439782286575674
-821.4826634398861   -140.7343549452007   1         1.2252874828752565
2524.6088963977995   -576.5653697427085   1         1.1831089588160957
7316.669943474712    -7063.3419022523385  1         0.1790030570797966
6898.796320749061    -6067.99347303338    1         34.761969211866884
-5333.559416857105   8983.222886869135    1         0.4020913955827752
4044.65895254542     8113.323869597771    1         0.16140678736476577
-1225.774276420587   -5754.87449198914    1         0.6027988346769452
