trucks_count 4
drones_count 5
customers 91
depot 0.0 0.0
Coordinate X         Coordinate Y         Dronable Demand
-124.00420904045768  8183.655323053352    1         0.18185110104479926
5756.0118135103385   -8661.47251618597    1         0.5080934572101716
8304.03114348379     4911.262545311223    1         0.607305834145839
-6620.208415191342   -7277.5164831143065  1         0.8616285998032772
-3206.947656765404   -6783.647553507559   1         1.1896885802726453
3863.7049108500855   5786.78700424748     1         41.0030148351123
-9089.488852294824   -3197.0293178593674  1         0.5810362836952152
-1798.3444076393257  10337.731124530292   1         39.05627032338705
-2089.796328961933   -6402.874442197691   1         0.20299368408664042
815.4675381890538    497.82940586806217   1         27.89615443841159
8444.54303615347     155.2477242021203    1         0.3094246237069854
7230.795847362843    7062.836499515014    1         30.886406366929567
-8229.232210634156   -6731.024992328136   1         0.12265759697073753
5667.001204369544    -480.6607210241173   1         0.5263850611581186
-2161.140935101176   234.23749042519083   1         0.6348770070473887
6207.293624731779    -821.7124760481779   1         0.7694260251552681
7038.894545052889    6928.465042018965    1         37.157162091237396
-9447.129527254796   -2996.7465990388596  1         26.426771175108737
5342.493025781525    1485.0922590934897   1         0.916375776565017
-2884.363449306086   1800.6277601121062   1         13.502772684467692
1796.3608196765279   -1187.67494103459    1         15.457347700596543
7050.727120554576    1686.899762766287    1         0.24174953585952816
6235.061760983348    -2443.9120068191123  1         0.35876170900990767
751.8318409882861    -1730.7771507282198  1         0.19113551729544254
-5441.036821941214   -3953.4058895919807  1         0.21451799967359708
2895.1935935992733   -9687.170641152406   1         0.28389922991424754
-4353.175661028659   -2111.773067856497   1         0.4195073548292608
923.6116677350201    7829.118418624952    1         1.209583953756444
1886.281857184982    -1458.7677369214719  1         27.719522733256415
-123.23673460259593  5707.5133104673105   1         13.86142802380142
3745.3659765509874   -5962.974793623056   1         0.5428345966120466
-1592.8967588219684  4587.990811547359    1         0.6305511746497384
1993.3192519148793   -5863.748093532334   1         13.272319751237461
-7343.85658701808    1654.8759944906826   1         0.14751966691845386
1911.3662089167215   2902.994340182321    1         23.198743405667116
-2336.9507993468565  -8676.304344047212   1         0.35705296511304696
5427.151337612711    1634.6854434199522   1         0.8223398617066151
1164.906927201406    350.31695221822406   1         0.614262652956045
-5365.34971404286    -1835.981321114231   1         1.1398475495767064
6899.653261103812    106.32933507223676   1         0.7902974485679467
4934.837186809518    24.455759609794974   1         0.9265724429553991
3710.8472752265793   -4122.653256670137   1         32.369709338053326
1619.7357229808479   6799.292374961707    1         34.1222633853535
108.42995652286153   1037.062467106144    1         0.9088125547115127
-4364.011332609243   1316.798249155618    1         0.39043917115618965
-1284.2581558198005  9625.381449444392    1         0.2764174479225121
363.4173231612385    -5725.580305068768   1         0.4487523829017426
-70.89893813671239   128.5837642999187    1         36.08416316318187
1570.3779380978212   -11710.957347797876  1         13.065476110167134
1548.1110758719124   -9309.703379528692   1         36.82274219552989
-2830.644612890156   3444.2438574413372   1         1.1061241396952797
-6099.619630317367   -7745.644042448608   1         42.1323786139805
-1210.7437575214908  -6036.820133571485   1         0.41738712459148586
3061.647993397002    3951.8668329311004   1         0.9980852717849824
-6817.062083810337   -4872.73231807345    1         0.190699240280632
-2947.44125814387    -7402.9952284796855  1         0.8473251863839563
8290.53163930933     5253.804546090218    1         0.26653550591119557
-1610.4018954436187  7603.258071525419    1         1.1965707376543
-8800.121028416756   3653.0225895070103   1         0.9901131817228904
-9328.864210358835   -3227.2030844258293  1         0.7688134589224165
-904.8022679729369   8366.74900712387     1         48.26658052467968
-1697.0479999147087  7265.711713248842    1         0.12365428633579742
1845.5713770961047   -3712.4974810612857  1         0.23730180810368515
-2985.596337850634   1058.9663560308936   1         1.2151342689525384
1609.3295754107405   -976.9358555038007   1         16.672055347343083
-9673.156815571556   -1954.4821354987173  1         30.41468555534072
2635.242109214914    -1506.1010154740122  1         0.770145068794525
-5101.865092260987   4524.143989431259    1         0.39039589393645846
5285.190199423403    -6714.640902754451   1         0.29979820726371353
9158.837686385243    5808.740944100619    1         1.1227619601426635
-6128.706271924377   -5810.02266343416    1         0.8912110753081383
-3505.735130461419   -4252.667894632221   1         0.7948143108877916
5767.515204457488    1995.4245253852741   1         0.21591239814998203
-4743.782024644372   3016.900412356102    1         42.01623622663762
-4595.165773257425   -9468.795722523473   1         0.8233622376642421
-5319.828091264826   1886.1619981033975   1         27.23192277893383
6104.910415719455    789.455468053619     1         0.4977058178433158
-3824.2993883438544  -7154.334304907624   1         0.3208695261127821
2481.7713550325097   -741.2300469316178   1         0.44806600943550956
2474.3419233965296   5394.499740480147    1         0.4568938689186913
7055.243997177053    1896.0119265757212   1         0.6458472560300287
-4793.608991099816   -1543.818586161366   1         0.9830098966254762
-152.94196264468042  10305.08673970129    1         1.1755074737288198
-7594.329342304634   -7482.025537524848   1         0.8290094842753281
3456.5706437727986   7037.964121904919    1         0.32180970779483753
1022.2126949963929   5315.0747054503      1         0.950580550720264
9065.296273947914    -204.77126159966497  1         1.121050363045725
872.2504293550338    -974.7754080261823   1         0.6533201799747175
6418.546866687884    6342.699316669921    1         0.2595872935645709
4615.672000524405    3653.623523454377    1         31.932585517019046
-5730.517919989852   -3108.660154990226   1         1.0294440079487108
