trucks_count 4
drones_count 5
customers 90
depot 0.0 0.0
Coordinate X         Coordinate Y         Dronable Demand
4897.34661970753     759.4091867715238    1         0.5884480655212172
1579.9920779362321   -7548.163496921488   1         0.46342904472121427
4585.485642321854    -8947.757420582757   1         0.11376386597291276
4364.554004005733    3481.146018859759    1         0.10286495237502735
6376.5690009755135   -7365.043220964351   1         39.93282917174741
10349.576121056929   3058.6081651909585   1         0.16090821564661953
-9912.307802235819   -3160.598154898615   1         1.0991115676476166
2799.8131657992635   10134.699272527294   1         0.12535327526985632
3286.4635875358863   6301.291766351954    1         0.8135014759865605
375.29371287872164   8843.216973449074    1         1.045529290910669
442.58777414165036   4912.993006006392    1         1.1353497444135323
656.476826527099     -7760.760193995035   1         1.0598478399956837
-1688.2741362353818  -5938.584579883543   1         45.77342527367793
7945.321320369765    2649.3377240555833   1         1.187797650145789
-2165.1308705607485  6942.417234195315    1         8.512249748901098
4227.678014469418    -4219.152465261392   1         1.0775094651989576
10818.857173724837   -282.0940453989578   1         1.0150448590391437
-6946.619270157104   -1725.1637596133876  1         29.45294886807254
-5819.495934988443   8695.917739059207    1         0.5759286860569389
-3715.019690744259   -5894.613455027106   1         1.0224354370987678
-6358.588826989341   2764.7409782565924   1         16.84634855479658
1507.2731503135244   3472.2463758252993   1         1.1006325704961024
8164.183650238991    3402.695583761652    1         0.41864419409047715
456.2145264330499    2076.928985855785    1         0.502112446926019
-7869.4505677911075  -6085.297835229938   1         16.130673965075218
-2475.8614810797494  -5614.436005496158   1         0.2748626678167718
1154.9071642192046   1696.4095359918595   1         0.7173088037647377
-10306.916675405671  2561.8320662069864   1         19.64612201562555
519.6589709188665    13054.453537909365   1         45.68849704527235
-9671.767564115435   -3593.1237317781292  1         0.9519415391628114
-1717.1573706160978  1617.1098233110547   1         8.028745425764068
-4200.740161606748   6914.643822405802    1         0.5877897611520811
9006.903811065607    -6054.445592572715   1         1.1940421564775179
4845.1438935477845   -7049.117765693707   1         16.397532181787703
6288.116496895885    -8532.232384311175   1         0.9655735914219324
5028.222532015989    9004.554943990604    1         1.1409332742961416
-4991.705832792015   -5400.770939416279   1         0.7173308457870234
-9513.900320408808   -531.1332963111616   1         30.482862823110146
8771.675503430002    -4.184470734416278   1         0.5500182797016259
-3916.870136895903   -1252.1930937011255  1         0.5929183315575871
9455.861329540632    776.9382580845662    1         0.23480873461139629
-369.501177232334    -7574.3601869913855  1         0.38143449354390146
3244.2931922671046   -6316.641772620524   1         0.5599443257507568
-6181.211648489985   -1646.9171036315565  1         38.050842676423734
8702.9527652739      6098.642768548393    1         0.17595603847671532
6288.1731163278455   -3756.018349096689   1         0.20157955003879136
8521.383717639956    1295.720235373419    1         0.31545996412390553
5580.042757280808    9086.44681923912     1         1.0947572505239975
-9391.913439979824   -13955.685131587856  1         0.5530552666912973
3974.887323859784    -2917.771619726931   1         0.2566034882371363
12432.058034590656   -17547.837309807117  1         0.40340056056537144
7374.477097550616    -5116.721180116483   1         29.470783126052208
-2130.752811348573   5034.565027053412    1         0.669414681535695
8722.2924051776      365.0119365107288    1         0.22117637472065615
-6133.536199093541   -2477.517297682046   1         1.1835761547807193
-1820.0281995690952  9100.070790960868    1         43.719548475611475
16055.144675142918   -18745.560425313484  1         0.20218628727864743
-6718.933139802907   178.7683405605607    1         0.7824662158269952
-13691.30743374235   -10382.421603391513  1         0.42696345396792657
-6242.4188997674755  -7884.883533042626   1         44.55714970830587
-3756.104076940581   5046.532383765182    1         0.41265976944212857
-549.6273477649273   4748.796183229187    1         24.59317826895667
9296.816555503074    1629.6238308490258   1         44.24069678479431
1759.4082190719564   178.2117656850387    1         0.25272200052386584
8311.108258037146    -6138.770618312244   1         0.9762670098550055
-777.033563969249    -9003.488224280403   1         0.13345851744237625
-352.0037141967437   -8317.94434040774    1         0.3854587117731749
1683.6725394945988   -2301.2480494423644  1         0.34015672204502084
-6842.864915474246   -4987.276994054553   1         47.179053002140634
-7397.197158965643   3682.2522944088178   1         36.2976639222737
430.64372195239713   -8706.838824446486   1         1.1785263725329878
1376.2073607879588   -4970.073780311432   1         1.092501917097308
4892.975972859591    6864.170984402749    1         1.0063441360395182
2239.611803371097    8644.44023414035     1         0.4097139571014361
-7958.915021916794   5941.68121955128     1         0.8794864817696321
-7663.967582692656   6236.496099322267    1         0.13662146933170022
1656.1415772106352   45.38507367850444    1         28.019844553886344
9326.026400076447    1726.2154718405186   1         0.7408088716210028
3317.111440571058    8327.001509639285    1         0.6150952376654977
9237.81107445034     -2298.6994629048813  1         24.500091464332872
8531.632894242644    1253.4821476800994   1         19.00545070765391
2018.396667151021    -5937.331147922401   1         0.5113002749200333
703.9539183090324    -5134.952862985657   1         0.3937880642947823
-2759.54015130575    394.8611669364576    1         35.71257116665356
-8364.204108084085   -2851.705152157069   1         1.23958530900007
6431.094604569262    5836.7996163149      1         1.032598106622991
10232.48063065681    -3873.5625678520933  1         44.2327591430333
-2155.056751038103   -8854.107587357728   1         1.0949075722849961
-2387.0482527697277  5755.70311792969     1         1.1921100661615693
522.9187913011696    -10447.375427565721  1         0.6397251293730043
