trucks_count 4
drones_count 4
customers 75
depot 0.0 0.0
Coordinate X         Coordinate Y         Dronable Demand
-2994.00907640182    973.2257045707904    1         1.1623589501682456
1020.7871527303494   2862.0545031396377   1         4.98217719564801
4576.813979645739    -41.505101176076096  1         1.2444628351302225
-1436.990238646066   3968.2575184800207   1         0.24009811485272214
2610.088251406155    -262.20697122493596  1         0.7242807770897726
363.9524055751537    6657.685941621034    1         8.471741275296672
3001.1604587540305   -103.37516516713235  1         0.8996144676792941
-81.28807601445169   3886.5052691297888   1         0.26852747951119804
3837.762286917861    -6695.857694653268   1         0.2250961635831313
3444.7675193036494   -2974.408188597071   1         0.18523791340129914
2001.5347013607184   -5752.445454161509   1         0.31982971694948303
2593.3796619421773   6090.636303528083    1         0.4416560984090707
806.9381694831878    -4301.907536288821   1         47.12262660865436
4724.262242965096    -267.94545371738553  1         0.13658961869544475
-4128.0374417772655  -5753.981168747338   1         1.2099154861863373
-6664.126407723132   -3610.9465413714565  1         0.8586159549554656
-648.8846439801893   2318.440738880854    1         0.2651782969572394
6285.259643862618    5762.41014693403     1         0.26790765371347164
-5271.865574435519   -2793.429346020014   1         0.767112629595792
2420.328012632325    -6181.48909094596    1         0.3470522295951942
2902.2663629945446   2058.5325523055044   1         0.8810899325776308
-1118.9220937566506  -1626.1086071244854  1         42.79337572634526
-331.86808917427334  2680.0211590374975   1         0.823960108261209
-1392.4331468251353  -4574.504469002135   1         0.6434791829116965
-2545.4478248949968  141.38890455469235   1         0.7415120729539231
4412.871546486672    3714.222851680348    1         0.5310022083011801
-2272.307950971415   349.37967318103307   1         0.8249485892481876
6182.0507305517285   6663.48920732874     1         12.236722829374326
2520.6924337829337   3928.1080637483315   1         0.5010512911806182
6426.988290864687    -4519.900898183342   1         1.1961708006079446
-2709.5301393719287  641.3090569826718    1         0.960086461209825
-5782.59742235286    -1956.8692737632061  1         0.6999974565202437
-894.9796636921311   1769.6509422572524   1         0.7520538515845874
5794.059960194503    -4909.660160940628   1         0.7546544180503348
2877.528733126369    3037.2728827867313   1         1.2198353323403868
5623.139498593743    2459.4045995889855   1         0.953312623871302
-3029.7436047516203  -999.3533700961839   1         0.925770185198557
3725.10057666425     296.1960613662566    1         0.9473263983887981
3091.0488817456735   2167.5666032869476   1         11.02429203894438
5547.5168728320305   6541.7093228113745   1         1.1531684059058092
361.7814942168102    3383.4398370509825   1         24.2771726361833
3383.3837495490047   3583.283427386327    1         0.6816062134903934
3908.201411346795    -4610.300435885975   1         0.8382138415873265
2566.717872689459    4170.972653843067    1         0.35848166170126483
-5085.621849428322   -309.26408423641647  1         0.8271964016663861
-2747.1231131643563  -5055.86598499274    1         32.165990611500376
684.3350363047462    -4596.639689613289   1         1.101870659774831
4351.167174556688    326.1460825772935    1         45.7791666121832
4671.23387558639     6330.036649620463    1         0.11628890856905251
4136.724549167328    4187.065512747938    1         0.7044228482342543
1947.6180618416277   4747.8174712999835   1         25.984276799485507
4383.627350258614    6186.575872656569    1         0.5513782133526433
1949.3162322827484   -5441.881196363011   1         0.47420539089340785
9.294600698812017    6224.102447125956    1         0.10551370002026607
6041.820366890147    -1965.6151719788586  1         1.158323260253096
6726.352855890123    1551.1059874700395   1         1.0058794498798926
5484.256503825519    -5248.342015367614   1         0.6511707423338465
-1.7948548143640437  -5766.716148692303   1         44.49052355311396
-5341.048072245363   4700.063221829537    1         1.0233287730277438
-1384.9478464137449  2837.624021116513    1         0.2658872364754041
4586.094240124641    2837.848981723037    1         0.9099683469612098
-6170.689983024296   1857.112922083535    1         0.9593161885638698
6537.922021978662    6317.69349759063     1         1.1608596568397214
-956.1616221662616   -77.07731692873767   1         0.46761900709559856
-3063.6232285209635  -687.4104078511965   1         1.241910385356173
6175.611575386915    -910.6136789544043   1         0.2865704064770292
950.5857047242613    -3022.3256341992633  1         33.85812887688874
-488.5906338604165   -4254.612368993862   1         0.7997485659610191
-495.2659775363888   163.6435550237617    1         0.6805402022863424
-918.7444308435041   3658.7463730860813   1         0.14124535286574075
-2789.5800010389207  6657.875071230103    1         21.88302816705248
-5248.883732655949   -4495.639946577803   1         0.9350316422748626
-494.13554930406826  1158.7739061364155   1         0.23853064222282117
-3491.2524045267323  3914.6188997789823   1         0.4358012157261676
5027.257214533647    -4229.259870034402   1         27.02768054755668
