trucks_count 2
drones_count 3
customers 23
depot 0.0 0.0
Coordinate X         Coordinate Y         Dronable Demand
-870.1432162037516   5891.225695971963    1         1.0203273163812725
-979.5874584258414   -5521.528630972962   1         1.1964040560318565
2111.6308243729923   -8982.4938039325     1         1.2005967270301028
825.8063230853933    -5767.46010049421    1         1.0578034036202264
-3894.0359989274525  -9955.178697423871   1         0.7597231389391395
7204.695533670775    7455.866750465585    1         1.0599007361041906
5917.804385512596    4838.011692568857    1         0.11071933243916668
1204.7779046839535   -1664.783706202223   1         6.418063041629699
-23.521278733571204  5510.638197855532    1         1.172606149516147
-2047.4309168813863  -7164.974916832093   1         0.20134925529750863
1426.094143807963    -3092.4172238719057  1         0.641141201925958
6444.324132049684    -5123.977967734659   1         39.95935302473663
4999.9981705777245   2058.5465638307933   1         15.016566730213812
-9467.862667201607   2368.9281506165516   1         1.171433768955514
7586.333606877099    -1552.7856307080942  1         1.148714157205776
624.531187643044     -4867.381550072952   1         17.293194695550582
13802.721914232156   15908.988816948626   1         1.236010980288432
1139.2116447324515   -9920.793864619465   1         0.5628285884100087
-6351.043183677008   -361.99410573444766  1         0.9471860113561247
10747.011534175303   66.19815179732645    1         0.1524742846764151
-9088.261504444794   -3782.862117710004   1         0.1238554784478048
-1124.154223031655   4805.236934156783    1         9.06638565270369
-282.5509132179895   -9010.009233140321   1         0.11328596588900039
