trucks_count 2
drones_count 2
customers 35
depot 0.0 0.0
Coordinate X         Coordinate Y         Dronable Demand
1945.9510838342123   3207.510752506004    1         20.671326990103044
6135.376404870431    -45.76903510709686   1         0.3630804038218911
7275.410691964289    6668.203075128302    1         0.909308731271202
-7427.172235854302   -131.14340055572393  1         0.5203536685221655
-2499.5567293346803  -640.9083574489771   1         0.1622547710740706
-487.2884923769465   -6497.7383490668535  1         0.32771753096417106
-5607.263169318484   7771.4673418691455   1         0.3405440822690481
-835.8534365845971   6797.125023589593    1         37.57763438081633
1207.6784053601125   4873.127534597388    1         0.8845784525186048
-4768.325252470575   5271.170319100331    1         0.9267422690137092
-2742.9818744690665  1176.9734365154025   1         0.6126917835661714
-6762.363859459572   1180.4837229377972   1         0.44364094256161346
2187.3363114160456   7025.489015460253    1         0.6058257986232563
-5661.268488279323   7765.804854593902    1         1.1676835805916688
-5277.930591614118   3538.799317946965    1         0.6635894327883944
-7687.625264449619   -306.8875470175766   1         1.1490618478744405
-406.1373299137028   -3085.4090275250514  1         1.2045940852852395
7025.386353417387    5202.024833685369    1         0.7748011649424508
6925.1234754490015   -2327.06698157146    1         0.350791324623581
8036.971625431667    3708.795063609063    1         48.57724498247661
-299.15460207114734  5914.710330226487    1         0.9842042546699948
-7586.886460808928   3936.8275995266094   1         1.1849426580554876
-5310.410147970566   2093.3963082510645   1         0.516216739663529
7063.059779003239    -2963.2039920993234  1         0.7918345898008242
-5883.617754736676   -7060.651590610701   1         16.190233668013008
-6794.864882697161   -3377.7543669665674  1         0.2589876466247095
1037.1030706622437   5144.590301090038    1         0.9215805267711857
-3870.4843829646734  -2356.536521902603   1         0.2618144685963152
2151.595978911748    -4734.039316688208   1         3.735496945951287
4564.510511871217    5881.305724738687    1         0.1999774402055943
1362.512992147804    8101.3308854438255   1         0.27181083436756026
4102.4324195227055   2976.59991437966     1         0.7052148256992861
7331.466281584674    1105.531688151403    1         0.6318973653393758
5815.717643653473    -3119.095061836706   1         0.38580049635158375
-143.2641528021968   5623.235560850981    1         0.6683468141059274
