trucks_count 4
drones_count 4
customers 42
depot 0.0 0.0
Coordinate X         Coordinate Y         Dronable Demand
-4813.254796145313   -15670.15869887769   1         0.895974505969807
2551.077917905594    567.2409282576356    1         47.37386661378071
2801.999857025398    1868.3343424255781   1         0.14640300769561493
-10686.858687638773  -1940.0741650774696  1         35.307506217789694
10546.232537570326   -2893.520355895231   1         39.48742149454352
-2424.957436188017   -14595.689511985533  1         1.16521472339039
4065.490659051275    3320.5599275670024   1         1.0025239858671968
-3556.5521629428385  7893.107146339505    1         0.2866040112809834
9002.886666723487    161.248579293803     1         0.8985647202152113
-2840.488535985377   3573.374874897985    1         0.1907280237956888
7896.520147874701    3982.004151170695    1         0.2150585697988496
-2670.4742861205114  5126.747304925998    1         4.477440859746739
-10028.154366521141  -2757.2805506106815  1         0.14897008495807545
-9353.125869176387   7194.384634452075    1         39.94046235862374
4786.326744626211    -16210.657979585685  1         1.1242524183090845
1379.948086677831    -1958.7428126134723  1         0.2898290531713651
-2218.3456740747806  -2149.25654441615    1         0.7897708422631609
-3794.4647371939077  3864.0528916175163   1         0.1961596801393108
6826.928202096133    -5808.072404770387   1         1.1605736571938579
-2758.374731592007   -3892.726765161725   1         0.1273095428154009
1483.0338914984998   10213.098217817318   1         0.3344481635026275
8503.372302517462    1006.8349956581303   1         0.7198102644980974
7373.179688228797    4609.316507925285    1         0.7164955390579192
-6670.356483043268   34.389689389224756   1         0.6969657759904384
-6872.393789867344   3164.763020368636    1         0.7509671767076007
-8238.53543510238    -6261.817994412631   1         5.595946495442104
2481.73478497738     -10094.87512139483   1         24.41594430234158
889.0365942486424    -15892.149101991336  1         21.318765942006866
-4178.309993610373   -8807.904552051123   1         1.06859205927083
-2616.0761805025963  -2719.3495388953343  1         0.2599288453522427
2554.569012234666    -6519.2320953931585  1         37.44079952339768
965.8941280149227    8655.578957927064    1         1.0689543625568534
-1829.6962425937434  5333.083057899585    1         0.2399270126832703
-20.55681273580761   7074.842934374027    1         0.27834109341434543
-2030.667885585201   -3959.284476579113   1         18.25041092807679
5862.005475108074    2926.2230405527316   1         13.595403910580504
-1519.6724728966037  -15934.199997470547  1         0.6309731244905787
-5025.329616835075   -4747.654249377597   1         1.0078590449920737
4102.512637262477    -2154.8599280369554  1         22.219176614535318
-1158.122905315453   -8152.835499390312   1         1.103565662189237
6488.915658891701    2804.811743428399    1         18.577841114213992
5273.853582734283    -7528.642682732953   1         0.958518375340837
