trucks_count 4
drones_count 5
customers 60
depot 0.0 0.0
Coordinate X         Coordinate Y         Dronable Demand
-19066.587713362394  -504.80259566357927  1         1.450299977263414
7583.622098971062    -5133.537402101702   1         0.1354160656637161
-4897.354600028043   7738.821614266656    1         1.0061902055998468
5255.606438838196    5677.652842811342    1         46.07389327869407
-8172.642892480119   3118.37277878369     1         22.39708228667146
7519.859232342337    -2024.4980948378386  1         0.10301995272498854
1936.3529528560455   7728.862978730093    1         0.17748312497939134
-17207.388713901728  -11052.767749348192  1         19.282811393631615
-1445.398617920818   -9457.290212442495   1         0.19833865902376957
-8447.431691043523   -8898.53703031697    1         4.021879539130752
-2461.1847377603526  4599.746479363383    1         0.7310579809231191
-1252.2206801354298  -872.1296321388212   1         7.4870882154010285
973.4948542758734    -6544.894879565578   1         0.6738425293846044
-8467.613052172826   -3904.8774653940222  1         0.7352367896656509
6961.7084223259735   12219.44668769259    1         0.9377243361589032
-8858.134645135258   10537.123802064729   1         9.312044110868626
1624.0722770329971   -4373.032363921925   1         26.539578000933318
-8016.437746319824   -1603.5233890584473  1         0.4706023573246849
14916.039361771836   -14360.785400097298  1         0.10017977795223132
-6801.024557691192   -7963.063116875874   1         43.96219541184701
3377.4138533330265   2415.605256779798    1         37.353366819466004
-248.6761850767876   4588.075060950833    1         0.31213848679806433
13200.022594395356   1754.3535219862497   1         42.935984493679264
-9203.289641272502   4039.876806360435    1         28.495955375002683
-7231.176590425296   7840.389408008139    1         41.150250223335966
-7623.887368143141   1668.6552696474137   1         1.0852585174045863
9942.173257212953    1161.1002066798758   1         1.242385506496025
-3866.2079335546237  1442.5864045062467   1         0.6789268122765527
-1526.7983541828723  9909.347742229089    1         0.3325997997979452
10486.226805890392   1371.5419135520624   1         0.8048485979051277
61.634113797248425   1565.3219399393251   1         0.28975133012052157
-4067.111985038126   5171.393874010677    1         0.3503501079676703
887.2341619232029    -16351.245884994907  1         30.72657699439184
3290.2703998182988   -10052.144962323091  1         0.3872481294347606
571.9635680050438    3604.13294351183     1         23.0697720355919
1868.8068724022378   -7878.853793368113   1         0.27105163797903414
5912.318239328314    8506.826787969678    1         0.9122847076481749
6601.669285697489    6389.279341342387    1         0.5543116297361079
-2975.3968682635973  7146.219150029421    1         1.1077580322114449
989.9391118599839    -2431.702350833262   1         0.1929204630839884
-4441.251549939523   3710.3807934948313   1         0.5401916372707879
-971.9181711171956   2348.973439517151    1         0.6876423727561223
-9404.198382839704   -5215.871891619313   1         0.7775815052670373
3106.054599019554    -1514.2899078868415  1         0.6339163570022932
-6627.195796993399   -2997.64681316984    1         0.7434457320491525
7531.662478716611    -694.345085550599    1         27.29683711990035
9288.78471960033     -2919.009388929794   1         0.8083210136247045
2774.099912725468    -2337.8165911579285  1         1.1862224591630228
-5504.94558538794    5701.175871868799    1         1.2217065648283159
-6857.793459031161   6871.451531116438    1         6.5041909761370675
805.5872657248628    8650.28215538691     1         0.8650907201295949
2140.5461295850987   3761.431580360836    1         0.8133426029904914
4855.811390051925    -49.87799835733711   1         0.45134895353767457
-10629.23025323603   893.2823499242859    1         0.9939731031452825
7252.384141002722    -2553.084738616531   1         0.6354900125760925
-9317.78257825461    -1018.7721784049138  1         1.16115890591277
-4258.349640627459   -5971.200586020256   1         0.3519413306235317
-291.3942110410109   -5711.883621850099   1         0.9430768804656982
-6439.057077502088   -4378.69006045139    1         1.0453666441588927
7960.588389969311    -16039.296316997861  1         0.8395164512362959
