trucks_count 4
drones_count 3
customers 47
depot 0.0 0.0
Coordinate X         Coordinate Y         Dronable Demand
-9460.186570637097   5045.348676968067    1         0.5170762821209194
-7062.4200336945305  3546.3352341471327   1         0.36939782179379943
-10018.193895406472  -2053.987541492385   1         0.9327533383415747
-2192.0914307965722  -2071.8193117230994  1         6.4444662570732625
-5276.293322749537   8930.96649119505     1         0.8340967296298456
6829.858916239835    -1744.2403091224166  1         0.7756763501383585
3722.923177308932    5053.427898614595    1         0.48038263452772245
6804.449289470731    -4373.756024328889   1         0.5265831330965195
-6784.615415250356   -1221.7504808261908  1         0.7080831369715617
-6610.894092631515   5641.963113139374    1         0.2736121066507349
-9442.432730362514   -3045.3421894676812  1         0.433506445238351
-850.6376391331892   479.4505145357311    1         24.212248084904015
-520.3391229790086   -3828.0694729732586  1         0.7353328253157934
-1617.4809696953307  7417.933652266522    1         0.2734115770299869
-4437.09894347885    -2662.711212907571   1         0.689620303497723
-1622.872343974991   -186.73333390304086  1         1.158369149789778
6509.685181192563    1357.038326774376    1         1.2447417282574786
-3790.781106964809   -6121.4989655149475  1         0.8173705517346105
-10404.571223832254  8112.32800386622     1         0.5355950847933192
5287.31286038392     3645.044864941599    1         11.926875985393162
7329.261528016646    -6522.368275586652   1         0.45398504137702655
-5657.170029890111   -2105.1070481836027  1         0.3649971358107461
7534.9248196485205   -7749.2833525239685  1         1.0149581395587453
920.8059551100599    3821.451081762004    1         0.9132398626486261
8539.53743664364     3636.3847423169595   1         0.20861351087007118
2406.269830626425    10627.072945205075   1         31.01556390818558
-9478.806478608589   -983.5436660943014   1         0.49458005221172296
8923.331163457724    -812.7448256501161   1         19.84464184001651
-8134.187159551717   -1800.0867704106734  1         20.573444099563552
-2558.9661845530413  -2386.0346683661605  1         2.9926127275139316
5528.531940188504    8055.05461977642     1         0.44095113851016843
9364.047089965557    4459.420646494009    1         0.9297512028180875
1880.3166822189162   -1601.1296191237482  1         1.0090379726916425
-6059.031932791492   6746.336831900362    1         1.2246827635280741
2598.051652368143    1493.5916951134589   1         0.9348071554598711
-4906.891418148931   4674.638400072607    1         0.5789373533167591
6038.454201435126    -8382.555766496671   1         40.556383998215516
-2449.9304348997957  5994.665029980213    1         0.6391802125183872
9348.11135364959     2127.7658710216156   1         48.93413332815862
-4967.815088329388   -1585.045406854159   1         0.8142402081896633
-204.99369922496717  5051.013273169237    1         1.0853400573391054
-327.46805696172896  6173.045022363073    1         8.332894744143449
636.8859382032783    -6546.517395404077   1         1.2034814903868134
-952.2478347174158   3245.904217423907    1         0.6452717623440192
7943.546341549867    -3260.5851507164607  1         0.5598904389414024
3947.0816418157974   -2028.7743051937018  1         0.8843066405984821
8458.43214745349     5900.673326553805    1         0.7030432010689179
