trucks_count 6
drones_count 4
customers 100
depot 0.0 0.0
Coordinate X         Coordinate Y         Dronable Demand
4823.3113043849835   -2022.8818634494676  1         0.5072288803689645
10049.436967100437   2958.1645613397013   1         0.9228217323894514
7834.2550535751925   -3135.9943686370443  1         0.14831748644896034
-11975.710194548356  884.9562570843937    1         4.834581253205442
-38.313531337478075  4937.43777951675     1         0.7438266902175071
1472.4178112185991   -8803.780216455823   1         0.4158244533679152
1979.5552428382305   -5450.028013160325   1         0.6598439284651016
2190.960484914846    632.1447202512463    1         1.029195333511258
1954.936336849594    5791.117450943022    1         0.3597675293398046
-5567.308558022086   9430.66917432101     1         0.6587859964008567
-2188.3335983563693  -1092.536582240697   1         18.485980154522363
-6258.415700167933   -475.26488845702363  1         1.1023054849771532
6559.616298732394    -7333.337840588597   1         45.81119533973408
-5117.140202642716   -4346.629845826107   1         0.5485609128409901
9998.297129403554    -6092.294327162835   1         0.10317876047942377
-1565.154130831171   8074.788404367086    1         1.0362008670648253
-1354.2851281589658  6058.40421007881     1         0.12498901557124263
2456.914554997123    4774.535337098932    1         0.8702273426904288
-805.8246805826174   -270.89832612713855  1         0.7915977848453233
6905.759748735101    7786.655621678014    1         0.5568105068862171
-5248.844874984108   1217.0087021287823   1         0.4526643003756585
-10911.281958903604  -265.96928949369646  1         1.1177918341651432
3643.962780857264    829.3834144702885    1         0.21397072145420143
2568.6840971353536   -6747.745839327503   1         0.1626301273838041
-231.84698415927056  691.3930024092764    1         0.3028986829172113
3895.477397071985    -5253.164484784792   1         0.8508655937652315
12488.369986051226   2535.442552093353    1         1.120329995305807
-1119.0910152363267  10590.515117613559   1         0.6690548058434516
5524.2956287759935   -1596.2051232122583  1         0.6153204440298072
1679.0144525240485   8139.202713385782    1         0.6394215625935551
9035.69802834116     12380.18513641479    1         38.35738659202883
-7440.5863575871035  7877.517854580821    1         0.55079579458975
1693.9137472691273   -7031.614629580268   1         0.3237833524988533
-5632.6212046209785  -11590.161661763936  1         7.638235447901293
-8760.585429023473   5331.898390606091    1         0.5124602929127984
7315.6284056186605   -2396.7239910983008  1         0.2981188597259931
4653.7161601328535   8247.349765138248    1         0.561972546176307
-8212.644521312144   10188.24918145727    1         0.12668437156909784
-3411.3638320307273  4602.833664995551    1         0.5363097381594651
3765.9300420060304   -8535.226618104489   1         0.5510040263416011
-533.6590127612781   4944.857155490032    1         0.19089429950903308
-7168.231927789228   6641.702897913942    1         0.795565506578464
2054.5506593124715   -9182.294684730132   1         1.218632808685677
468.65797243659955   -8487.761897747641   1         0.7693803465940727
-2935.047947882738   8519.77792296021     1         1.192084648322689
201.6955168578743    -4566.036454546829   1         0.9680656779951702
-5701.206358975823   7711.360506077517    1         0.9627860488712353
-3751.6766682667107  8643.85125471592     1         0.7756456563500256
-10479.472024879318  429.6212159243483    1         0.9664299842357152
4025.003441692824    8299.13576460777     1         0.19023487739996292
-5867.507022648897   -8554.73251325025    1         0.4499094094651621
10143.313174425408   -1090.7921319704715  1         0.9417768436613521
4951.07657512413     -6356.035414563395   1         0.27846953824371057
812.959550932591     -10254.380183332973  1         27.96979212660631
-5094.040735966806   -1896.5513279114764  1         25.654412087944355
-890.6588413473231   -7364.977767932796   1         0.6645278454261451
310.5296185856653    3729.455872918779    1         1.0809973308897938
-2927.694723373503   -8454.765655276671   1         0.3602343003512287
1525.5940074293383   -2426.0272068420754  1         26.7387233252345
7004.958233241442    7046.464129708664    1         0.8431454331952498
6336.4484312634495   7532.347435737741    1         0.6044762301452073
-2459.742545618937   -6450.430578209756   1         0.930607945475529
11351.064692306549   -5451.559121466831   1         1.1906494512399435
8386.53218955203     -802.5314383862133   1         0.47170277925479565
1847.8511695909717   920.7686104769924    1         1.118844325512889
-2921.6522312165384  -6912.3375050648665  1         1.0598386943990656
9491.40707349527     918.5466491676914    1         0.8430248571391068
-3961.222361155697   -557.9099760788217   1         34.88067170191199
-2163.748431183354   -5432.494318398832   1         0.9811653159503065
-4285.4375301438395  -1157.7430710694218  1         0.9808029169705308
576.8453588619835    6362.729856451423    1         1.187061990655824
4981.749623982979    -4206.135611216049   1         1.10072995469281
8285.906798357815    11240.641243085442   1         0.4858984220684558
1911.4777284033469   -89.38523073381273   1         0.9463271693104407
8889.085366988618    -5500.529603828436   1         0.9666132981980269
-842.0930810425964   1365.4344321670658   1         0.963731796266527
-901.655816109308    5870.286083113126    1         1.0678912565205831
4733.54723350765     -7838.0383907479945  1         0.10612785095072666
8038.899587548014    -5546.1689586678     1         33.87953924695738
7128.587770344397    10721.173305761522   1         2.9819826449021716
-3169.3732517755607  506.6427481618553    1         13.571116840167074
-143.14413775010848  -9759.995004694938   1         18.591033541097335
-4885.052830884138   -8044.251352205702   1         0.7426714387938694
-6032.077628145445   3433.357558002256    1         0.5036784262580483
-1355.8470398159518  6976.782237834885    1         0.9549197110569816
-1975.168641051675   -2454.7707981738254  1         1.2245630973360933
-6158.759158279811   4340.7214473142385   1         0.551473033736057
867.6108639319625    6219.022642266893    1         0.22155525550689142
2494.1765515818456   -5809.599049309833   1         0.509417522235079
9901.361929016859    -2791.5716041789183  1         25.884489744797655
-4751.924346700406   3467.9500588368523   1         0.4640447155268519
5760.774566972923    -6141.160840834963   1         1.0450395366904137
-9935.308828507521   1143.8889378977437   1         21.682035354918913
-9598.734006325303   8710.593424237586    1         30.360588165746172
5187.102795640142    9108.390367673559    1         34.06596546691809
7409.475771964027    -2432.056628521948   1         0.2025661251802781
-3425.9733084954514  7383.035053720894    1         0.9393955487206667
12249.448012314488   -2089.332721383429   1         0.49543974466470264
-7637.849685069579   11148.0090834764     1         34.7033735517227
-2740.562428311888   2464.7646551213393   1         0.8343639653723507
