trucks_count 2
drones_count 3
customers 30
depot 0.0 0.0
Coordinate X         Coordinate Y         Dronable Demand
10463.428222118362   -1856.2066132071277  1         0.3504502585089936
-5623.8414569269     2576.602140191533    1         28.157466894807648
-1307.9661316758004  -3978.8868280676766  1         1.1957660947057605
9316.070075582044    -4207.385858820424   1         0.2505082864258265
-243.33841488804845  -4919.72407991255    1         0.6415890735338314
8139.945062430244    -5400.610327353695   1         1.0438201643951004
-3873.014225206145   -1641.496985269875   1         26.86804450333987
-1716.8291867088894  1177.1881211166121   1         4.950631396699843
-346.9700814277376   3258.027293987117    1         1.224859765215446
-7586.689488975011   9552.546410721909    1         0.7164704936424566
-2350.0862010121173  5362.582407791395    1         0.4241239590632748
-6745.433389842431   -2563.6214587477734  1         8.454427682868335
-6940.308927994249   4386.150246477871    1         0.8148282123239373
3749.473866646532    -9528.56424047992    1         0.3079037370706945
-10348.097819638766  -3582.91439012001    1         18.444208982218107
-9574.01421646677    4412.753365278775    1         0.9886632211574918
-3933.635800103031   -2250.766778062522   1         6.797915604568314
2883.3931371260114   9688.538097764425    1         14.079078743175106
9166.812733661944    2753.474036223768    1         0.43972879987697067
2340.643549148534    -5137.483717960374   1         38.380157399262025
-5420.119681284061   -3629.86003613382    1         0.33560837064211413
-4700.0032576636095  -1522.1301555233738  1         0.31068764043478936
-6038.73368081005    7204.515077980771    1         0.7492282719053909
2795.1145126451897   -9691.649711199565   1         13.88187954850493
-5014.410485364124   -13516.357626047602  1         0.7193646988786907
212.61896505730573   -7344.4015667796     1         1.2381693092789912
-4208.873064541934   -1233.0876540896238  1         37.77275878349828
4188.186790919897    6842.997361644823    1         0.4381675258545312
-11700.047925165032  15366.093653645057   1         0.7107342739515937
-8625.89912593654    12356.15568676636    1         33.5774567587005
