trucks_count 5
drones_count 5
customers 56
depot 0.0 0.0
Coordinate X         Coordinate Y         Dronable Demand
-7847.296964980546   -2131.2115758138707  1         0.3242173425992446
-16702.22000221034   -18362.425737459198  1         26.79111006186738
9941.878716903228    -1943.136338612176   1         0.3911428904487433
-4531.1831959717965  3218.1695362248797   1         0.6285552740743754
626.9730425958422    -209.90371993701962  1         1.0068632366302332
17917.642712718483   -17986.7765502177    1         1.1372246014643659
8002.3596649383335   1762.4276845668005   1         0.8138067742388974
-7125.651614792232   5841.480327735409    1         1.013943371729002
-12873.926673892729  903.9966766450962    1         0.36526571753649895
4123.058337958941    -10654.413220926197  1         9.465380724817477
-8286.240413201316   -3982.2474682652232  1         11.663554872043868
-3904.2022523670985  16861.599583082778   1         0.1603983500269029
17424.585362727328   8303.543123829491    1         0.5289640281548761
8112.630884668444    -6897.300421710021   1         0.6514904315611627
8824.796769456269    -3158.327199876342   1         0.6697145171015004
11937.468600142172   11772.706246043486   1         7.548010812775984
1476.1783534657347   4354.629840792272    1         34.65986183972337
9256.207670896274    -12082.054526430737  1         11.68929408407819
6496.789862003569    7568.759256445617    1         25.186323718691263
7111.97937736781     8088.176075144009    1         1.1539355347263835
-5724.886064537078   -7868.757472824917   1         44.67710104915363
-4605.638679783457   -3197.9371237514883  1         0.5898781399770074
-17747.90422775804   -14768.504450263506  1         0.912221999698463
17947.534267123072   1808.7404174379917   1         9.504311796123801
-6686.306382339177   8507.301921386403    1         0.8574542034422337
-6921.642793573138   -5356.065088090398   1         0.6616370128424054
16509.738835871638   -174.32951819479786  1         24.636473448961464
-2988.6988653624476  7458.209665318994    1         7.042138907965274
5216.206397261888    22.40870174879573    1         1.107533107835595
-13012.908256916882  -15593.546219894077  1         18.199299583213325
18973.740756092808   -5927.809763098256   1         21.847307299779164
-1648.526150439415   8222.796131863195    1         38.68649839149031
2752.1856290802284   7976.156921502369    1         0.6032534323519451
7529.35392343845     -1622.5245296611245  1         1.2470070575386094
-3434.5722480026193  -9297.296738883824   1         0.3477101076923793
9068.55229630061     -6106.040187440349   1         0.7690315982579051
-4055.7665460314797  -5753.021888709003   1         0.9915259137459723
-7717.945617193446   -5750.585160113304   1         0.6055296608090691
-3592.1124869265886  6051.874900034922    1         1.1266914984763443
569.389512062304     -844.6612864542373   1         0.8040885297184507
7148.815818919303    -2974.992751788498   1         0.44366380992892573
3130.1540507278933   349.56150151471434   1         0.15909121323353187
4440.820771927278    -3926.69417674037    1         18.94986007284887
-2203.3126098396824  10276.028902363974   1         18.27038822518326
-207.77806115889587  -3136.427056512309   1         0.3983932875638647
36.61772613862323    417.39641820750325   1         0.6574203902025324
4590.5997439926805   6506.380736040632    1         0.6474168672122635
2697.9003029710257   3200.4892215974573   1         31.708313506160287
-557.5457448390953   19170.695892098145   1         0.6247822063318216
-10082.111065911966  17967.367789691332   1         1.241537763231503
-1924.69977073217    -7770.080581255531   1         1.0865576554581404
3368.347678726739    4013.4000316313723   1         0.9515591742285674
618.697674464951     -11031.215858795196  1         10.209783595908092
-2330.6790766681224  -9302.319380434503   1         0.7149977394847773
-7007.772739161465   5020.588554303352    1         0.8858478192804043
-4832.114715023829   -7929.091186600896   1         1.1832874982448083
