trucks_count 3
drones_count 3
customers 26
depot 0.0 0.0
Coordinate X         Coordinate Y         Dronable Demand
-4504.711411022112   -3544.4269703675623  1         1.023495851122443
-3278.252713015337   10300.677801794413   1         0.12913323727327572
-7988.321888478495   1920.250577826223    1         0.1199419533958454
-5386.923927046355   3076.4308411930797   1         0.5129833273377107
12136.361995105639   -5570.501692615009   1         0.6513020764212064
-8218.526295656518   965.2892996938135    1         0.6271198227575207
-16985.006805161647  -7236.6336872919655  1         8.550519627725269
-13596.441744303833  15734.454088847651   1         0.6631569192770731
3999.502599776897    12880.792661554788   1         1.1638365441432243
-8429.739475290356   -3567.5165102792525  1         1.064616076663786
-3641.4415319943605  -2533.094572114764   1         0.8906097596239484
7866.321199130899    3513.85465733751     1         0.20693537353949099
2406.4453772012403   -10150.459641048275  1         0.6255510436010965
-1556.917698856697   6712.089388317193    1         0.9938698066311433
-8637.665215975749   5257.164110984274    1         1.241702365528168
10887.598802720007   819.7912095970395    1         0.9144735056664777
15021.18562107786    1520.6163394288524   1         0.7800705048627584
7415.9289750106755   -1251.89602715252    1         1.2276937705129107
64.60063301071851    171.8869199297841    1         0.4452694694538796
-4347.26976534505    -5083.191710531144   1         0.7508180781426839
-5980.039847181738   94.1475847103911     1         0.2713134420966125
-5683.838072134007   -4197.18298259861    1         0.8367517711338021
2790.1010872538072   -9203.231443033643   1         1.1027085828364447
-2323.735508204056   -4168.4503114833415  1         0.54702605594789
668.9870241443674    10408.665190419371   1         1.1139204753319698
6936.017790846647    -4005.8946151470873  1         0.8128196454458222
