trucks_count 5
drones_count 5
customers 100
depot 0.0 0.0
Coordinate X         Coordinate Y         Dronable Demand
-7499.414518410891   -3196.5656459590655  1         0.7732012491738521
-5494.24423506995    -7719.742091143522   1         0.1910875857554578
10448.77861220133    -1688.671357347965   1         0.6897228968565793
-3502.7346990442197  6003.406469371093    1         0.4499540751911716
-4687.508437307172   4539.968061405458    1         13.678438668185231
-7735.587936333174   -4922.994035749882   1         0.7307625489168796
-8556.992646595829   -428.5719025928136   1         1.11920245982522
2918.0621133727564   -6594.130962995256   1         4.77307746698597
-13410.646226378933  4489.041107970703    1         0.935673970652174
-6469.197770255949   2656.6059345655904   1         1.0676563373415289
10125.066427701478   -3705.629829544672   1         0.849911299708601
-7529.209149835873   -4899.0782612013045  1         1.1836428467801994
-3236.7027338611033  -8046.84430391043    1         1.2346968650580916
10444.914751023165   -1492.5307473680054  1         0.48767088845419937
-8351.974682545171   -1265.4134127803788  1         18.69772618618542
8018.317151949008    2200.4195466241263   1         0.44359257983281997
1628.0733916705292   1178.6704037473653   1         1.2061244263831588
7734.6270053059625   4617.778919125593    1         0.19466074410171846
4180.946540851778    -1769.110378067418   1         25.9342249751448
6394.884220853272    -490.9657843545594   1         1.0425850326122947
2723.7969339753      -4830.9371037477395  1         0.4905878185197621
-6285.510765563399   -318.96216846926285  1         0.636159806231028
9911.596961824762    -802.8555886797196   1         1.1999537774432918
10056.428897464268   2104.966494101742    1         0.9403235942246385
994.5415915002909    6650.061006643194    1         0.7332642377805155
-5693.662864839088   6661.413853397666    1         1.1378510909177209
-7744.588957372968   -971.6484483743603   1         0.5325569969677763
-5793.425744361909   6494.0307598774725   1         0.38093373455541946
6700.309137934672    -2664.654791606987   1         4.544940557907637
-9379.691554339091   -4852.870122136244   1         2.672822278991578
8269.906921616508    4797.474621310289    1         0.4320161747359821
7973.913594232252    7043.999082803831    1         0.3758329704257214
1501.271192799645    9780.544327317286    1         1.1348733342429038
6016.198461354793    -1554.2050941155321  1         18.999387769451207
-11359.137354510069  13489.832773309254   1         1.9786994557696909
-1238.5840594591098  4233.739924788449    1         20.65633379119706
-6829.957881360654   -8249.75797367593    1         1.0611492320134617
-1318.0970856924416  -4911.8920747631955  1         0.45595856793347234
-11226.153850817323  -6062.642043604354   1         0.5759492618719529
-5290.776500681158   311.061894239187     1         0.3887479641118883
2122.92493936765     -8918.943783218576   1         1.0190531099502662
2804.2991517805362   -8837.910566688743   1         42.280868755724065
-1585.318495870988   8959.121120859321    1         0.81525443621825
-5724.473908080359   273.2987301140675    1         12.411828008746085
179.26369616417406   10231.42320128834    1         0.4244873213932253
5845.694886873071    -4626.238352203184   1         0.7404090132618134
-3883.893437598595   -1508.9057297810662  1         43.06663891537886
5043.818409122514    490.5088461014017    1         0.9933087599089689
-8461.89273146673    -5585.571599732223   1         1.2493626433418796
8374.857298139308    -5974.383332291777   1         0.15023749553646898
3061.762455001123    -2219.959106841181   1         1.239030044990114
10321.998572543      -2341.9790769970205  1         1.1378020452541717
3783.739855749767    861.4371519035176    1         0.4228640441509429
1340.1786401331176   -1666.1061416412413  1         0.40942790846379373
-5634.967780022695   -4912.208087517769   1         0.4915641689899707
5611.475126743106    -2851.8040730043354  1         0.12178788761992304
1371.9101549232478   -4682.062666783781   1         1.0998776164197162
3785.4508256715617   -4070.7797528658693  1         31.745526512171992
-963.3011063897477   7209.4742526681      1         0.8254636818049772
5208.698007307049    -4563.601902473458   1         0.2424757116255366
-3142.0144199125198  -7876.720757563103   1         0.7628183545851499
5054.347341639494    8987.647614097788    1         0.3790588314553034
-3634.001598346568   9153.769665526677    1         30.858017527323618
-6065.422419454222   1164.82548817673     1         0.14282541266421178
-130.15752725945828  7444.301465766127    1         0.5807930797905394
-7049.139199840994   -2116.5588482903368  1         0.22399757711441426
2304.9459403066303   181.00057781013493   1         0.9631308580124507
194.5561188092835    4815.489661165238    1         15.225130583107376
-1774.597832506832   8678.755914123887    1         1.1258920313619516
1688.4993073603425   6162.1518482816255   1         0.6787744653353607
9205.452594144026    -638.3627492893819   1         4.95981479190546
-5312.853037236518   -5203.875207574888   1         38.65574450344124
4637.688435068406    -3578.8165449703647  1         0.5210933843012427
-1706.802702657536   -4436.992083511182   1         0.5548192865079584
6004.71431849095     6761.697267506293    1         0.3768375755078648
6643.882238022934    32.7975114483761     1         1.14425386765964
-16.876441052505044  -1322.7963204046946  1         0.3723264990150621
-3689.5264154313363  7500.042327007173    1         24.709915293423848
14509.620684716598   -4719.623010830979   1         0.11742743521056541
-7298.1514916094175  4596.7103832771045   1         17.244590731678848
-3113.4758552967396  2574.9544119217558   1         0.4225336115622925
-5123.179400527326   -7795.555954543228   1         0.9397646530179858
2244.05071190026     -1397.8775674211547  1         0.205860565048607
312.9315172656083    10804.489413999074   1         45.20715614342898
5189.986961470842    6946.696280974569    1         4.757763858649664
3358.9832292423785   5084.451168048551    1         36.56249030872435
-1756.5946091679473  10077.528400187997   1         0.7015014500904267
2742.1007444570896   7100.267388681434    1         0.46639144348995265
-2490.7404819811727  15115.27275340216    1         0.16257072787859694
-17.949444830925163  2542.638706277481    1         0.5499046721648772
-12404.015100229955  12608.66123697522    1         0.2018120732067698
3945.4098285023165   -9160.5208163684     1         7.52856271461311
13963.18833968722    15106.86212226168    1         26.529708720818622
5436.986346490359    -11575.718794559114  1         1.7586360174739588
6529.742646419094    3528.2884924579857   1         0.9737737563711084
-5506.178389379253   -8496.895184344206   1         1.20329815755725
-3244.7324096661077  -4376.1675034486425  1         0.8701458857679977
-9998.326097683754   -8550.389070696066   1         0.9156926600721724
-4819.412937328059   -9010.662639691733   1         0.2783621341765027
-6289.910768696218   6889.861977691927    1         0.7610672245770687
