trucks_count 3
drones_count 4
customers 46
depot 0.0 0.0
Coordinate X         Coordinate Y         Dronable Demand
-665.3606252596541   6906.97274999625     1         0.17663242101347112
14758.201004409519   10148.795834088123   1         19.73829768631172
9884.022072872369    3733.0484461079027   1         0.6460538266428383
3278.9438828218545   4693.493438529915    1         1.1526469298795285
10524.197378143932   1043.5450353184779   1         0.44757476781508754
4140.951525458255    1388.8420411605148   1         0.5627060878241241
491.51924510900426   2340.5141694608756   1         0.6664640041986934
12187.591316210674   -1331.087966399682   1         38.907998347337944
1182.100165213742    -13743.560653093722  1         1.0508062861136105
16533.664231992447   -2548.540370543931   1         34.25506881249508
-10772.275567732911  17680.768265551636   1         43.94662367592815
-8956.141974039527   -2133.946750579882   1         0.9103184095842543
-2478.995047171248   4117.89880745401     1         0.7861614265638847
-5750.837490832682   8321.596749822318    1         0.12527007183720507
6927.851732191529    5734.88661064614     1         0.6481165268921804
2818.5452326461896   7199.752070828621    1         0.6797907173019755
-2005.646586829606   4534.647362346012    1         0.9249870549754653
2038.640104702385    -3944.069227128326   1         0.8988001640076382
-5297.576298232841   -1908.279888082239   1         0.22796203171592436
687.3881705101015    5665.866498094189    1         0.8351295110128333
-7325.715499436332   5149.565561925745    1         0.5669850334380001
-2351.997974531485   -9169.616697462336   1         1.0251345380684083
7321.35560500328     -3197.292786656211   1         29.631279209096313
-3066.899125603517   -977.2860129322961   1         0.5048432150263036
-15686.247640881065  7804.081791639113    1         35.98529151379161
-4014.0818370907687  9268.32596625831     1         0.19187950502498127
2672.906645553011    -6727.293443767873   1         0.8345733764243634
1105.0268698919879   -1419.5429497745151  1         0.42497404482760237
-6958.412617910033   -4483.375549956633   1         43.28164961466285
-4160.612953964161   8332.193720406947    1         0.9279264094547144
-3566.6938110432066  -5318.019416181478   1         0.6575332214926284
-4628.409569406144   7910.928973419266    1         0.9368973473323811
202.28138256749392   10723.034680488065   1         0.4128435817650268
7709.907682350412    549.1487537370505    1         1.1516186062050335
-17892.632931548553  220.670782051071     1         24.847808104269774
-6232.935432958617   -12552.665920499261  1         45.96277190045628
-119.1746870300192   -9216.359862473477   1         1.226797132540271
6948.978643236196    5692.472672948616    1         0.46533582986290467
-9746.14077833467    4140.072566873821    1         29.450681539793315
-1508.16705314125    -1015.8102293925598  1         0.5518623894923217
367.1848053040063    -10021.886448308143  1         1.1128033982401897
11255.028039977911   -1089.7207738037541  1         0.5878712445354604
-2430.294683247955   1810.8865644347188   1         0.816917393245921
-5772.496489687937   -18314.92794719523   1         7.271701576502056
-8451.614716315858   3025.2103591198947   1         1.0774054943770428
-573.0597008627204   8799.068481414357    1         0.8898289604921822
