trucks_count 5
drones_count 3
customers 69
depot 0.0 0.0
Coordinate X         Coordinate Y         Dronable Demand
2188.872881546615    -1986.5995556607868  1         0.6137075216363538
-8366.710614103264   -3180.4466862805625  1         12.854427505341885
-5091.566390709367   -2030.723556350859   1         0.24796232542075727
4546.406406308871    2081.5423903731244   1         0.12479001798493813
-9025.651006499826   2130.226772166568    1         1.0662250628863033
-707.9094507513454   -6885.484291031181   1         0.7213158564033361
1030.3151697028734   10533.795401784704   1         0.862778024938184
6166.772309521058    -3968.0312991005835  1         0.5511722023341652
8867.531647253309    -1286.2032964014825  1         0.7827125783497039
7747.7051487976      -4524.146711209187   1         43.793525002511714
2220.4685772051635   -15260.752345141787  1         0.8181267129894871
3913.9745072569385   -26.422330368612307  1         1.202144179843754
-4327.278382688549   -3518.0087658848593  1         0.9825258005232298
9267.354056375918    450.6397013129823    1         0.5999838689404624
459.1180554643295    3110.6090080075724   1         0.12980651532478424
-7825.160220532258   5258.954213809845    1         0.8516649976668886
-3820.823216001322   -6282.789526301554   1         0.5134856532111188
-8893.323525285507   2875.4392858597134   1         0.9200121565523619
-1102.4540602468903  -5499.186970361349   1         23.116012970511594
4925.688819699225    7734.173429791072    1         0.25257646204741335
481.60921548262695   4629.558599722875    1         0.6377672265255001
5557.380679484382    -7787.661457926642   1         39.58636235654737
4438.468326268014    8853.11345202687     1         2.1026471127425665
14018.45338347794    16289.315798475262   1         26.583928367837625
7892.014226133611    -5297.072562155675   1         0.6888755317996503
-281.87855712068887  2291.105554974453    1         47.5801937754868
-3840.1188397005562  -5797.247605596131   1         1.1266004131145808
5880.547502814109    5439.319741975134    1         0.1402690363549469
-1813.1441205177007  10595.51427855614    1         1.0955132139937374
3379.3446251673      4830.448108832397    1         1.2469102569039048
-10264.030770902846  916.8700093125681    1         1.1905918129057536
4418.095431549346    5682.386495996292    1         1.132296013131368
10467.82862263386    1650.9903676833883   1         0.5771375224855776
-8502.313525573538   1412.4155351642078   1         0.38596339701503635
1546.1325404830534   7993.253345018002    1         39.947236963292134
-4754.342257802688   5904.210200952792    1         0.7035536872122823
10337.191224836355   1771.5085145053388   1         1.102661279741468
-1568.699411369617   9760.43075522043     1         0.6320771381340459
3107.020771373339    2530.270724352451    1         0.5182279360707649
-4913.275928497022   3306.348600018588    1         19.6502998250203
5097.16217614964     1093.6370706508258   1         0.5043410202445396
-5048.087551514338   6293.276316112388    1         0.2802329427926671
1710.5878075154963   2189.565982391923    1         22.38800423688079
-2595.010238863755   -5461.070488924033   1         0.9997951690526098
-3034.3238103616613  7445.4414844072835   1         0.38653956903137976
-8091.552448901398   4321.36663040116     1         0.7686880956924904
-4092.4255658723305  2248.655801625349    1         0.7963495173392496
5152.3708550155125   -8958.294782467277   1         19.82761016129
8893.760823007204    2342.3373756067995   1         0.7298757762851379
5775.376277684095    7359.569514323518    1         0.3793575173857756
-5792.002007583233   -3671.3699381413885  1         0.4905529795204695
2651.7142393057306   231.36584844316613   1         0.8496603712316662
-6329.306468238374   -8458.151526737474   1         0.23336351572733402
4990.791532615067    8498.782062962131    1         1.2123952559602569
8522.587885083716    -306.60409646580655  1         0.43162691105125883
-7192.769327996457   6892.421056523617    1         1.0721447198180631
4279.560096820996    5979.2548771363545   1         0.24479443429575917
10539.027618594082   440.04864955234825   1         28.330720954364175
-7034.584346654016   5236.926844806296    1         40.527863965808855
-3995.0603294855646  6780.059256483938    1         0.3711737953951989
-3837.7073080238297  9952.600780558845    1         1.1942127608717217
1427.8730760702301   -2534.3068604657124  1         0.39047198328725863
-999.2823159668583   -3083.5427770850497  1         1.2044398215318992
4904.684166644514    9020.612490799867    1         12.141539625676893
10832.123439432433   -778.9091238525349   1         0.999702783781314
-8990.722976283096   -5855.041229934152   1         0.7734670067724021
370.5755958753883    2626.204930747278    1         2.759521768429215
4040.6369228259114   -417.9503984338605   1         0.3095178706531277
11130.776269200287   14657.769200092109   1         18.68295538538044
