trucks_count 5
drones_count 5
customers 84
depot 0.0 0.0
Coordinate X         Coordinate Y         Dronable Demand
-670.9576560406402   7750.294471044864    1         0.7313103372089109
-4798.91173364888    8782.348773906378    1         0.5993213980286461
-2496.562741014291   -10401.038721051773  1         0.3684432308396606
13914.830472039      18102.693905440086   1         8.89977093658142
-4759.511939700824   -8971.596045801953   1         0.3114201213535934
5547.216314260241    7128.884347373608    1         0.562737696007612
8902.962616788373    1023.3672129081128   1         0.204784197265317
8718.53803017789     5439.626101722659    1         0.9576714603539397
-19241.368690383726  15401.260388426512   1         6.30721367519396
-15704.963755236548  18002.86665248718    1         0.8883655917627523
830.8220597598762    3326.1106847395645   1         0.5090080367216495
-9285.132318229045   3331.93742193095     1         36.7275285181106
2956.108877562736    -8073.817441429008   1         1.2177847371897799
3380.5363744219103   -1434.8358278408014  1         25.91185253673388
5953.612783517448    -4769.857766820974   1         0.8169623341586446
-366.79022886113023  -873.3240854101135   1         0.8709755649586042
1328.636817108142    4278.728292860564    1         0.7720454510471342
-19249.62919736569   5098.093152595167    1         15.596936604261494
4921.376057896687    -1183.3793625680228  1         0.5528532064030703
5521.475481557849    -547.3118708991327   1         0.7971390549876018
-8240.39080963322    5665.721697271649    1         0.44697308475459574
4709.904317788139    -9414.209832313654   1         0.10668288309290531
11030.529017834993   5600.669295815445    1         0.32550836464428334
3767.9347764446966   -6696.078191584205   1         0.12720423681829357
-14309.682448817903  18185.263934942042   1         0.311852226413294
-9145.538263082715   -7270.228111162096   1         23.455987035415074
1223.1795858011885   5824.089760576297    1         0.7725824391501993
1845.9269144398193   -6364.906241597993   1         0.802591346342799
1456.8291085230571   6656.289596187442    1         1.1569511975669375
16751.970680204227   -13179.40956181566   1         39.534729691322
332.9320202756091    -743.3199260421871   1         0.3810041395382825
18038.61917557761    11787.81143974038    1         43.235372672131575
5199.969045338673    -9137.117782435482   1         0.6754736988835944
-2433.4936268394385  -10352.828932858554  1         0.8022804901960833
16665.25957782582    -12736.72440081911   1         1.2278501969986442
1762.1274738965249   6529.582546857479    1         0.21708061970877865
2973.206998812016    4027.2670744371      1         0.3613022226283059
5810.6828842540535   -1925.60831636463    1         0.12439677561984516
2699.627033566952    -2484.228099698732   1         4.191317992834739
-10293.730583197213  2412.1230319959723   1         0.25720117554750066
322.92126987914895   7947.589903706782    1         0.6669623239072228
-5478.451534227002   -9350.375804750016   1         0.824604830094735
-8075.342997640001   -6633.376039654501   1         0.31620018307961467
-8380.55405913332    1778.9339081800445   1         0.14141639134331294
-14939.880876748533  -2426.534947805896   1         24.54017980926744
-647.1185658587536   10447.360174582676   1         0.27674083206880884
-5771.33357422301    -2091.6696166058896  1         0.1304809096836252
6063.553502242731    -8040.239080122837   1         0.5257276377817894
-2850.8710105346013  -1823.5280269069933  1         0.6291414712725534
1284.7154110154827   -4863.768930730386   1         0.8116466313633999
-1089.1041121173157  10563.999436607035   1         22.477490431353026
2595.7950570328853   8670.358843290083    1         0.9391067563983155
4988.504169315204    5914.777816992282    1         0.9291618785056686
-19252.51948588632   -11052.140886291656  1         35.71501967423686
17261.8848452933     143.81329370788808   1         40.88984844854764
1059.3852666710336   -10045.801862469281  1         0.8706783179504197
-12849.848831292275  18780.071190196388   1         48.11065924127185
-8419.37432067981    -2845.0067221343966  1         1.1225313569798603
4204.829906895518    945.4649864853926    1         0.6737804450593701
487.98867231370326   7350.564564744046    1         0.24234632974350592
2975.845196259599    6854.075440095496    1         0.10929803580836284
3678.4129843610867   -2219.294101108409   1         0.30692359466395197
-5243.04803407746    1998.290858809174    1         0.20755717703214116
8845.848684688766    -3399.1510428152556  1         1.004963777732667
2372.275607467436    -6528.751852132984   1         0.6488269665244909
-640.2367278286243   -4050.634562814249   1         0.8540406836216945
-9868.251953288058   3062.619132755048    1         0.28106607291862806
5948.292761256921    1410.1574767748373   1         0.9192579226433758
7919.142142873654    3919.1777121197624   1         1.2364960068701834
3259.681234817023    8904.201173461875    1         1.2272795442170215
2299.006124831672    4774.131272812486    1         0.39545113678515487
7683.375045398685    3599.155892175158    1         1.1417354909991044
-4846.72799533573    -4740.653147042554   1         0.4776890913501598
7398.900492811956    5764.590559763979    1         0.20500628760403233
-7699.033497340824   -3561.9636291588813  1         0.9461796169381542
-1936.6989279488007  10643.609738829833   1         0.5863786183154366
5765.0377253534625   -2326.4427563716204  1         1.1596067720747425
-10158.859979211458  18226.811839647715   1         1.1555172236489903
4685.559612772649    913.1461061340306    1         0.808882086450734
-120.1229006893719   -6831.820407872042   1         1.0999470767080533
-17795.673801317225  18903.40322755216    1         0.634199602447124
-4760.263924378686   916.2539126152927    1         1.0539243956195743
-5586.3054154116     -8582.601245005342   1         1.1627976096062567
1862.9410133257866   9706.684118770605    1         0.2553074944514731
