trucks_count 4
drones_count 4
customers 66
depot 0.0 0.0
Coordinate X         Coordinate Y         Dronable Demand
-7211.627930638154   5416.967047809975    1         0.17238163710670373
-4807.246310497218   3249.646724170755    1         0.738991345701732
-9830.13412205277    2415.8916559705112   1         0.3742572403725761
2059.04937787266     1738.0295059566977   1         0.5986439823565709
-5642.3018500561775  2701.2093484144393   1         0.4556456731753826
5643.537931198556    2237.9920112666823   1         0.6188616487219
5685.810578036325    251.79317568398426   1         1.0669738386283725
4993.397227444837    -6100.311509357053   1         0.9024246261794211
-4823.231829518796   6970.877959976192    1         1.1958074757405452
-3894.9319470661085  679.2523019412092    1         0.8419139335254143
-248.22658575889727  -5598.568947901734   1         1.074392412015062
-388.41987448254844  -4438.555784565723   1         0.4011217433797144
-5261.074211544101   5194.686571798564    1         1.247668782055281
-2446.6542811225363  9735.635561394909    1         1.2396055491219733
-4685.831046762816   1501.138995820294    1         0.4378433857333256
1408.483290485102    3042.2185631258926   1         0.8450728371410492
-8633.75592459059    -9396.814656713737   1         36.002841748280844
-2897.6726759867674  1586.400551718749    1         0.85737555374944
8995.286771239582    3766.819649801202    1         0.704985556527243
-996.0962002141097   9279.605058458756    1         0.9301418341495581
-7471.332511724259   -3225.270110764997   1         0.7558116487255315
-1234.4452622682627  9768.668705957904    1         0.3504574781674953
-5083.6315661815615  -5349.542341575193   1         22.68577834832097
2975.643923088449    5816.302904888632    1         0.4479929396412843
-1776.0885740940769  -2250.1322075056105  1         0.8689115670561081
4047.545218000276    -9747.933411811437   1         32.20250166087007
6540.107199487675    -5415.552479858712   1         0.7441956475960501
-3715.2112435622666  -6136.85742177295    1         1.0643488952360658
-4662.526720896603   -8693.154907187927   1         0.3263657473478167
-9167.717922241583   2001.8137916230348   1         27.96180697113069
-6039.977691853793   8799.009458641041    1         0.714606581499415
473.93801025899256   2948.1574728253827   1         19.51819326410353
7255.023478651508    1352.5194804318303   1         34.80861830066765
2837.5541574491435   -7340.438681351631   1         22.616015396714392
-3711.593535411469   -2509.9190802796047  1         1.2462981296774378
-3392.250453705151   9706.442380267117    1         0.5637648558765815
2802.6733380812375   -8721.696562610534   1         0.8941034958434665
2625.5478419183823   -7617.684795542486   1         1.1284679019621418
-7803.512473026977   5873.70987842079     1         37.5510480013759
10054.093459189418   2296.039844364537    1         2.4279261592845467
-6812.420440177292   2648.427721996569    1         0.9778523263338528
-3.9466007515855646  5033.250940807313    1         0.6255708567562559
-1847.056032947959   -5285.030263712196   1         0.1667885000172664
-6469.906764939361   -8039.429417839577   1         0.5815147899766828
396.884795656824     9986.63358602607     1         0.11349615719154003
5272.704554434628    -729.3640714053677   1         1.029235438751681
-5859.357334351445   1624.007857110377    1         1.1255495559564415
-7058.033504299884   -3934.1011161896763  1         23.645482668232674
-4043.214837904516   -6133.419916830317   1         0.7018383253630668
-1401.5606126286384  1099.36657166017     1         4.06220821466305
-7495.003693140442   5534.071458311       1         0.5485751496308422
-9429.11926625241    -3257.800131262994   1         37.17778577620616
-5052.23618831611    4463.413914606001    1         29.624515203409352
-5253.062602489998   -4335.45676808466    1         0.6730733285317501
-5330.6830742086995  4468.56750456581     1         0.6813178813958615
-19.39711415509624   5929.915957214534    1         47.7199986500409
4511.996708891116    -7096.985869195781   1         1.1960149569246894
-335.8212827604685   -5961.7929036105     1         0.7932030651584391
-10116.601781852549  -8294.59364057812    1         3.9649823631154417
80.42585708250408    -1324.2151363136254  1         0.32230574756885066
1105.1030133538236   941.057848014345     1         0.2937017861458069
-3825.3481608501907  -4502.75267027647    1         0.5850854685333703
8201.96578020577     6178.273504213366    1         0.13489470246856633
-8239.441002312253   -6682.471287417441   1         25.32113437975687
-5438.882758571134   1347.1918118479807   1         0.6651318525079166
-3421.377447392171   -2454.8744962644455  1         0.13849786853919652
