trucks_count 3
drones_count 3
customers 40
depot 0.0 0.0
Coordinate X         Coordinate Y         Dronable Demand
-659.7104794232449   7166.220681592198    1         0.3574932824971737
4066.7359883619597   3940.6493208292673   1         0.8591191557540593
-4851.300015636656   -8311.411273585223   1         33.41132878664637
-199.1222888691341   -3993.3655801150376  1         0.7988073763990136
-14285.805262624175  -12767.91007403973   1         0.16719875704179116
9439.858658265948    -2438.01023404865    1         0.7111236583688372
4266.664393881399    7537.671034871598    1         0.2500702203703161
-6389.067637501288   -7297.1183986788565  1         1.0822741377787688
-1229.4641559325112  3516.532045095157    1         0.6809355382811141
685.2745391481202    3945.4688781694795   1         46.13886741289093
9651.605917719036    -5141.1703253792875  1         0.49801892785646684
1542.1036666898408   4203.453841579101    1         0.6971318322957158
3870.7121764094127   9758.271063887632    1         0.7360178691544513
8044.684366737223    5038.190185744909    1         0.4950613728291495
2899.715705041441    -10343.567081450334  1         11.773046763179428
-7404.60976080746    -492.42449397587836  1         1.2221985914906184
3201.5377874179244   5340.493396293884    1         0.9961358975537297
-4435.100534492218   286.2601740830941    1         0.7080816164055985
12178.024042306739   -13183.81022085136   1         37.39015586110415
-10445.375337660422  137.0016892114443    1         0.8113961132097326
6839.1137045083215   1069.086175927576    1         0.8098276156540933
1501.06528770542     -13588.99262214439   1         5.9016070887719945
-3411.4368054313927  -1189.010671979977   1         1.103429017295113
5503.927639397166    1100.2649248461246   1         0.5164393133860486
-13360.599899157387  -4963.218583630523   1         0.3758550613908185
-9299.67220257593    -3119.15596692109    1         0.8502018309828898
5944.851151558427    14379.26152660373    1         0.8736687289874556
-2254.837914992141   5515.425608024109    1         0.5318654342032438
2591.9163198375954   3568.853540642047    1         1.1096919340160456
6394.988648300723    -8224.192697935692   1         0.8375077203760031
3827.980646053333    -7603.270164438754   1         1.2030076669012721
-9594.550179229194   13811.499284280197   1         19.29407548850312
-141.92932156137795  -12958.578354092007  1         0.9388777302185042
1171.178883375198    4452.2137462607825   1         0.11584255674412883
-9708.143949850204   -4968.426224590009   1         0.6054983361907401
-3396.3024314876034  -4514.342391264673   1         0.2989541913013258
-5612.062038462887   -3964.229449274195   1         0.22563715500776052
-1622.8384865247158  -1826.8866973575737  1         0.7915633401943171
-8031.214268858108   -8738.005417517525   1         0.7771398438430275
14419.691982395112   1412.1879478272022   1         0.3604721675980801
