trucks_count 5
drones_count 3
customers 60
depot 0.0 0.0
Coordinate X         Coordinate Y         Dronable Demand
6674.467718317441    -413.6488085677942   1         0.4579955826470695
-2809.810482174966   -2502.422751314798   1         0.6024151711417947
-7869.615663838089   -4718.137669053468   1         0.6431950178130192
-357.6232288896444   5170.418407075164    1         1.0393632550939436
-18439.94024561749   -18578.90546077899   1         8.721754058867145
835.9490582947902    5975.589027561435    1         0.8703997860988502
-7655.791962295402   818.4305716113457    1         0.2223011128813258
-18342.493172405135  340.47433098883266   1         0.12385156259319981
8483.318775150217    -2941.170626113343   1         0.5012027584516732
-9100.922104268671   -11176.902194077265  1         2.348866943430897
-3804.540034455274   -9212.86927320231    1         0.13814762842662173
-1016.8194863291844  -7425.283624645874   1         20.67122908981878
-8106.767422839997   -4627.98470863297    1         0.6055572867333767
-4.829914995307677   1195.4134018057557   1         0.40112218804272637
-7814.388387984617   6292.3045941202045   1         0.2048416871293438
4382.571324949502    -1544.9165304225774  1         0.15162382185882106
731.71879828666      -7692.4424967378345  1         0.8155318992974452
6527.689309942237    -7269.18610626487    1         0.7852714185442449
3683.076131360518    -532.6023651713278   1         0.9302778978084593
-15273.397669708987  1159.304609134928    1         35.32151609761767
17180.7359404877     -8586.38187309686    1         0.14686369324321294
9802.138610076303    901.5482976075816    1         0.4797547355168492
8033.150025868868    -19220.978843366425  1         0.52015699157653
-2549.8210729554908  -7407.58354435379    1         40.10253554177239
-3588.792826195731   -6964.782857540099   1         27.944738491512084
3514.758113587916    4012.052232463979    1         1.0341103100899736
5044.278161504305    -4147.9939120604795  1         0.5566722935612498
4617.870945718558    -2856.7133638292366  1         22.081553517146293
6904.7315012816      7210.152671255846    1         0.7444824257088005
-3589.6910482515955  -7859.767229787068   1         0.487268746352296
10529.475464163785   2382.3183755253654   1         1.1036592075549527
4896.7761314185955   4116.243057678128    1         0.9476775757623739
8088.41127173429     6194.41066010368     1         0.5084436342900482
9249.962647744398    2660.3435358950687   1         1.0501711404846659
-475.65936691044953  1632.9070836881265   1         34.835773641372334
-7928.42662703505    -5705.439666678905   1         48.04716394182272
4097.862800929262    -2338.2135082229506  1         0.2264073062215688
-8910.51182605566    -4975.033788982371   1         0.307466286552182
-468.6098687487257   5891.386017286273    1         0.5273482050022773
5599.8299766573755   -7917.212521814663   1         1.011328835129935
-5562.491893984691   3413.81620078922     1         0.4687787798826095
-10619.054925638897  1828.2204587832387   1         39.42185642977582
-2384.833447257876   -2397.542778959793   1         0.4399706174956495
-6225.792993892939   -4250.197991461685   1         0.3751359952534711
-3422.063658311306   -3918.768624014307   1         0.12393127339146393
-4597.764214444089   -11960.035867678747  1         10.731503131694279
-4770.283157193353   -18051.69915850741   1         0.8474595298969343
1985.8649552966956   -879.1046986488861   1         19.159049618388607
-9843.059436668067   -677.9964892331637   1         0.16326436941689293
-3977.2114114169653  6977.84980122273     1         0.7107661505692878
-1752.6681060895476  -10123.816741648216  1         0.7932096335010062
-2843.966979937505   -4734.776671985683   1         0.9375737290768673
-1599.7822528768586  10172.519050707067   1         0.9667880661320728
5526.495539457301    -1110.283929851318   1         1.2342722176202345
-9748.881583382432   -1759.9924577571242  1         1.1503178111179486
6163.599260854759    2719.4211453329913   1         1.1188880294864847
-1774.47339464147    -1043.0700203653726  1         0.1637767371591346
-10379.198265524343  17740.242329586334   1         0.17611262249555187
-5916.452379948392   2575.215123118256    1         0.6553936452357901
3482.4087467603413   524.4254448175102    1         0.6690324996531422
