trucks_count 5
drones_count 4
customers 71
depot 0.0 0.0
Coordinate X         Coordinate Y         Dronable Demand
-3875.475591615972   513.2055798020235    1         5.939166238809082
607.1885118220416    -6384.39618371797    1         0.32568356625425365
1286.3019076796782   5262.371055729162    1         1.1387845112990655
2681.606103298995    1152.5528505092354   1         0.25506256638008806
9335.216993386475    -5424.139241642785   1         0.8259221191341372
3961.4877009039055   -326.1787724658085   1         0.3159088143193648
248.29268315212312   -3624.9748904654825  1         0.8746956818908397
-769.4706755839926   9069.254617639319    1         1.2070362528056424
8277.349661966062    -3225.00683637849    1         0.9094962487873367
6454.409728776642    5986.105902316482    1         0.4691471731836214
529.3483014049818    5894.9183619325395   1         0.8701728735748677
-8761.989657702106   -46.65629144765732   1         1.1415438550750874
9148.283585383382    1394.2757391641283   1         1.0251873915026526
-6290.813983369825   -4718.46177265462    1         0.7786153131424421
901.9027260029916    -2253.779423874651   1         34.997684747524495
5263.104264208872    5713.111634573742    1         1.2217603644118218
-3668.1850019458234  233.2333608683302    1         30.957839218029545
4440.244846143062    -9696.321299465064   1         0.42608120322092013
-10081.384671958336  -4140.820894574299   1         1.035501391774567
-2191.388709052088   -9267.469227097796   1         0.6334355777246005
2295.7474188479837   1899.947374910712    1         0.7500309186790877
-6473.854103531238   -1941.013402587438   1         6.128341691267448
-6302.025454607709   1162.7387236793481   1         1.222883165092272
-3420.551589990095   9507.223663346567    1         42.184716068419334
-5880.760120770863   -5085.034037402299   1         0.440603791237846
-1426.433858635321   -9077.675520063607   1         0.3454476743668338
655.9643778623795    9785.397588534193    1         1.0275075442297228
-5889.369561702955   -7264.035165610137   1         0.5905828771444863
6505.976763547165    -3699.4081364957983  1         0.7059763277140151
-3178.5168258990443  -5584.45978608792    1         0.644445789677785
1594.5848276671493   10146.406793046888   1         0.6371436737393038
-9702.470911972581   3534.793298378736    1         1.12741311461215
-7121.574178326664   6512.067726878411    1         5.390581610708326
-1.9755500899250265  4691.76935939189     1         0.5139834787626437
-1100.1629295665207  -1724.761803747073   1         15.198526431550729
-9169.178050087368   -5300.942876298169   1         0.7080284805016285
8372.522236216224    -4868.320252731675   1         0.2392215949414489
3624.8044627864      6425.083462108152    1         0.4485682343499967
381.76353050146236   -6814.330759914605   1         11.431058900031076
10160.860863405207   -5512.621198475636   1         0.9061323694785777
6805.44654329701     8289.61910501655     1         0.9836866970568047
-3611.027014489633   -9531.352971840111   1         1.183022608528418
5280.200448687237    364.036537887916     1         0.32065593835302886
3971.1079992385385   7885.541071414773    1         0.18504310887839587
5935.6420283860925   1244.9376103309075   1         0.15422728372967026
5600.26101701324     -5558.43592584237    1         1.214952850642656
9634.515327032013    1408.8144565506589   1         40.876920354286966
2230.3424500655624   8765.185298189574    1         0.7771765242953071
2432.405648967393    8592.490688151802    1         0.8577256319816065
1780.756736342677    -10007.154690286228  1         0.30827883289691116
9379.995377345795    -2077.8430469345103  1         0.8863306855325049
1009.5710724524337   -9568.13619478506    1         0.9159471829229081
1442.1349778703661   -2125.4180292788524  1         1.1867393867325597
-5763.824626099268   2394.7547226094257   1         1.087628455772105
-964.109242283912    -8843.639686117736   1         1.085421307795256
4982.177322879495    4884.934939626383    1         6.612048349038768
3413.609958907973    -9832.544456074836   1         0.45980257036131356
-4087.2272842426046  7016.865503217861    1         0.7706280165005696
5958.946159547988    -2426.346197821209   1         0.8684203438925481
3476.3631262569415   6436.939390015556    1         28.338696006519736
-1814.6534483609266  1931.0671938467365   1         38.34065538408321
-1003.4875491179082  -10207.601663048978  1         0.9635535184500018
1122.0141372155767   -1899.1026354832725  1         1.150245686742753
-1919.981890972994   -4058.8515534978014  1         1.0478522034897182
2419.0496328171766   -5456.878276275297   1         23.00217385138898
-7434.005944806144   -6348.469262005769   1         0.5272498734629836
4425.655113739432    123.62404723183606   1         0.6319672727276554
3698.3956773608843   -3247.6622307614316  1         4.36106022190134
6627.443792131388    2483.1159417409203   1         1.0076038970274
8174.073376944092    -4911.398785643951   1         41.94627986826233
1936.7008120495634   -580.1817150587942   1         0.4299673216172949
