trucks_count 4
drones_count 5
customers 83
depot 0.0 0.0
Coordinate X         Coordinate Y         Dronable Demand
8099.98362378962     12087.651147535522   1         21.534566749649997
2419.4885915385394   -889.382088687919    1         0.16915355160743553
-3167.7437201287516  2085.45083452892     1         0.9150367206321501
433.9834844333818    -8286.641107127747   1         1.1941671309648278
-2249.301250760942   -1462.2988977922557  1         0.16875209266985297
-7457.001601021798   751.7610211475727    1         7.573416130462703
-9699.22405794749    -3713.8193070054613  1         0.637906016665382
-11465.413806897093  12923.565113847784   1         35.4805487187901
4224.117419378449    -5255.820302943139   1         0.587035946683355
-5234.7779958842275  270.1547012217743    1         0.437895505141074
2346.9097709712332   -6921.153602814498   1         0.356483208440449
-4106.360687666631   -4924.416010990832   1         40.697917791658504
18866.639943116417   -11771.037959119418  1         1.054530106153942
386.6786065071101    13880.803469029292   1         42.47012759188436
-2535.8508379424147  -9710.720658700575   1         0.656644086288433
-1003.5969742800844  3444.484239953319    1         0.902224269210349
-5713.007395372513   -6884.3624764565175  1         16.044281846717944
-5062.9497506515145  -3436.69856648325    1         0.4269151485004974
-5334.440401921601   5520.962295338503    1         0.29722654239768953
-4911.196906959591   9137.275878086224    1         8.067749277162523
-6917.42604964797    6550.068905126163    1         0.5651843218957617
-7039.927541938258   8211.237653910515    1         12.33156456762325
6011.544032952387    -3505.959377650402   1         0.7774984016602426
7100.40995397454     782.4874644491531    1         0.1535889605324312
1611.3588629564065   -249.59801599127974  1         0.269291349057463
877.6648775040064    -6909.6998527137375  1         0.41638758908161877
-4493.001122883195   -8366.967629237884   1         29.783847802876828
13914.761034001778   -5282.228666481222   1         0.6266569921888877
1918.7186939346004   2810.9627637862577   1         0.11438445808080487
-7170.845983556934   -6779.78049920636    1         0.46243355485158877
-5789.173836960355   298.6121265873472    1         0.943964111729369
-8730.46395192787    -651.8185281708254   1         0.49702644395579254
-8903.952984016296   -2124.3686565692196  1         4.075041159591935
1520.784538395244    -7623.705292380347   1         0.21603471554688378
-663.9156533676032   16977.715482671447   1         5.203778807773487
11616.33586702331    -7259.927822911373   1         0.3509295746114136
3502.0544142394306   -6621.348221102917   1         38.481364436131216
7602.415205436293    -4364.485095934462   1         3.2861781343170433
966.8442007619312    8304.69772975174     1         6.301350573680065
18237.776041373225   19107.98527435837    1         0.4721119927669648
1076.0021312980923   3211.2725211212946   1         0.11480037094314954
-5659.958133521286   -5572.1400646997345  1         1.0962528108098482
5985.875554534339    8131.180654142288    1         0.5680629819112398
2045.2083412293678   7876.347548173809    1         0.21636867976319984
4001.6848509622178   5395.741504857194    1         1.0211905109373312
-39.7047665985179    -9737.552655805754   1         0.33570935112060607
4956.365837210527    -1708.4132881115763  1         0.8459879625452383
8198.655589488466    -12502.189826524023  1         1.001042907248044
-4285.344705474215   -2408.5032820850834  1         0.22626653006368433
-5863.5900425111495  2793.5934013328474   1         0.3541698512058771
-8520.500021522195   -12437.494443272564  1         31.911410210276845
712.7492898478188    9611.391514524512    1         10.922200599907283
4151.11209283987     9988.626115755867    1         1.1275773748453917
2994.017613972416    6191.284878751254    1         0.612904586848614
-4141.6796961437085  -8026.773110756852   1         0.9101773301511324
12141.461843843692   7484.839019339164    1         14.243208289115628
-2568.460053425657   -799.2433901065016   1         0.3212832249700633
-1006.9451958709501  1350.6725023680128   1         32.25422608301373
-7687.174291358258   -6991.589236099862   1         0.5812148606230694
-10165.944921368413  -88.4606911173623    1         0.9628328377430436
9731.684372325362    2466.899606714413    1         0.7765879951054785
13391.041410198195   18083.956359295044   1         20.80050244228085
-19071.782157942544  -2684.025727624863   1         0.765816135005287
-6019.562610135959   9055.90817867386     1         0.1968877486455751
-2883.1170364960726  10565.399661949246   1         0.7281256147551697
5829.426906763708    -8170.399875282437   1         0.9766145637134925
-8953.503846262736   -1022.3399268344638  1         0.5597528844136287
5477.581574558604    -5921.84760284455    1         1.2394606749948553
-7546.093142657015   -6287.103829669087   1         0.8223130498037484
-8558.787408928993   2856.173943488811    1         0.3970502692487604
-5458.425233873653   5985.90003514522     1         0.3809191249124725
8227.699721600316    3728.4046151904586   1         0.7544537068105491
3349.507080247443    8464.862421263484    1         36.51250838464087
8777.130939591385    16739.53397714119    1         29.873769568323603
4744.6253875161665   7542.814846439378    1         0.577560315465937
-844.3872681587953   2106.8227935682307   1         1.1391995262114956
3676.298176782       5738.099988875218    1         0.775633879912633
-9199.827353322997   2901.54233903143     1         23.328516962772206
4235.261103099219    -771.7476696332794   1         0.6793162412158231
-3108.5251417737913  6088.833454945584    1         1.2311343930814496
1216.49845072942     7937.012200183106    1         1.0952973740758087
13595.36119784593    18012.025519159208   1         14.638354171342074
-8200.239577058273   -578.7215072814339   1         1.2107646400945278
