trucks_count 5
drones_count 5
customers 89
depot 0.0 0.0
Coordinate X         Coordinate Y         Dronable Demand
-7890.957128386425   -973.6632188033125   1         0.916085276982978
-5798.501684793827   -7495.772873059661   1         42.3196369870469
3239.873183105669    6435.023044036179    1         30.82148474191872
-4142.280793269544   2897.3820993586514   1         0.4364308892532718
5913.968914170919    1056.2457178647214   1         0.8826092038129739
5836.843805184286    7228.676973361728    1         12.585768726859607
-2565.3063532108004  -3458.221743638313   1         1.049396253305627
-5648.4428868997165  -7881.186123899378   1         1.1558243553413938
5403.321644949903    6620.57388905802     1         0.42126399886404564
6565.940055753487    -4377.652603472238   1         0.2549454832609446
7951.621100273912    -4180.87233538791    1         0.811368066876066
4374.767653887774    -6076.403398632615   1         25.056931390675377
5756.048718383051    -4836.083971993863   1         3.746724909203872
-1018.6101492627336  851.0360435679078    1         12.830427620674044
2247.2252097670644   4658.162827891399    1         0.9914510862003952
6275.7373134419595   4025.4692845810873   1         0.6143296282464241
841.3795742244238    -7370.088729506137   1         0.40075454873684535
-5737.997016101705   -5042.967346178781   1         15.509440714841038
3890.4419673821376   -6466.0354161455425  1         0.498753263523554
7685.312315647505    -7155.799056860452   1         0.5080081821676119
4099.5275787225155   -5794.023350244896   1         1.1707873432867624
-4770.617563152764   -555.598781623624    1         10.845271056513441
-6121.482003913555   -7581.595873212679   1         0.6051887236970495
-1342.0405367327396  8103.587994096984    1         28.829226797515773
2470.429544668604    2068.624207760276    1         1.1596621822094284
7878.67969443061     -5004.447134679977   1         0.44989709469157924
-6487.492649649751   5349.295715033777    1         0.5880614815181179
-3457.110869901109   -7104.799245440667   1         0.4962036864044438
-696.1465941808673   -2978.3794994389077  1         0.19892216536666357
6351.683046703669    -1935.2130672689627  1         8.743792573745944
7758.012490111184    -3792.429546700022   1         0.9040984179782263
-528.0214542761971   -2285.5697712853357  1         0.5520327346164396
-5792.745509066914   200.46047704285365   1         0.13628964424153064
6338.018133332322    -733.853594137432    1         0.5127180326970584
4382.770990804039    -2218.763900954128   1         17.271096598538566
7430.9255681601735   5829.010917128931    1         0.20209394576244866
4202.795972591452    -8002.38394113048    1         0.4853709154705512
1696.598470513989    7051.4043298502565   1         0.6904034288031475
7698.218259295586    -6946.671741916035   1         1.0343066966120082
7787.583468718323    574.3601999946004    1         0.9288568348789705
-904.5350979089237   207.99507929794592   1         1.2105453257360859
-1636.5402382868701  -3895.9799363404923  1         0.632479729327704
-1080.6910939699503  -7346.282048148787   1         0.7212123856046847
7977.119196720662    -1057.9807162637173  1         0.27179331711236937
820.7745891206614    -4387.249557573961   1         42.76901967180437
-6989.377358548214   -4965.961684650379   1         0.3621168910932753
3164.654458015275    4697.007151346903    1         0.3368373285619026
267.30454256916045   -4783.510429023588   1         5.40972152263181
5122.5393966269585   -1835.14167645482    1         0.46947150558138573
-6643.932232356305   -937.2648635147441   1         0.6403940301822009
-6764.510178299702   6087.018905259559    1         0.49449459848130395
2707.4451622618863   -5044.835965724876   1         0.6522918048602787
5090.304908584473    79.71625788484182    1         0.9687147056698078
307.37717321145203   -2661.45435523107    1         0.7258973120236926
-6897.676420298766   -7588.205637097856   1         0.6092464968423134
-2602.2755160113234  -4493.581573394792   1         0.7969777071885368
-2646.1475774607406  -3027.5408136567435  1         0.8382204195871704
-6327.824606433906   -2575.83185665493    1         0.26146931410515667
-4872.222074048922   4510.307326383634    1         15.96519842703459
-4467.258006946563   653.0514676730108    1         0.9217870593010858
5502.542492346671    -316.0218104480297   1         0.5981039895725716
7320.807677256993    -6855.719673518782   1         0.2791335341488395
2167.440796498506    1231.5348774849047   1         0.6170275950488376
2071.300780200587    5924.955369850057    1         0.8549734878703059
-6095.223481147784   5888.062809762701    1         1.2767174007318087
5486.628056382463    -6377.545757917202   1         0.9798157672971258
-4444.882430811179   -8093.685886940321   1         24.461685838523724
7538.087870190339    7786.401722094385    1         0.3582257890157562
3259.3269086948567   8236.042929575127    1         29.37746143859827
7746.585872700751    141.36537344525996   1         0.36043575232879144
6209.014100890379    1579.1159750657257   1         0.4780024965392685
3797.049247330284    6605.702149373504    1         45.218903414304094
-7591.778705959518   -4236.102655303504   1         1.1256876525125967
-4483.805768844022   7433.848869025367    1         0.7688447907629504
6799.710266469548    2625.447888367404    1         1.0477850411089087
-1379.7821048781077  3984.2598111682873   1         0.4033529946345664
-6893.646968515885   5999.982415210179    1         0.6620687376106495
4902.682747955829    -7230.366735017096   1         3.413643685671098
-7634.970516659505   -2725.1852894864187  1         0.5837159150946221
-4586.221126568377   5854.5423127560025   1         8.881881715499574
-6383.189408202016   2370.3929587560397   1         1.021873789174104
-7846.421719253245   1320.254170811107    1         23.95193566728549
-7203.689506463296   -299.5450012344324   1         1.13143682218087
4949.811969149468    -4145.588572760284   1         47.912398296400596
-3666.4689137713904  -7663.702483797332   1         0.450330809699548
4675.452459878768    2107.348162083419    1         0.9004467939492482
-6337.134304477297   -4270.381974594896   1         0.18698244318252097
4537.961966163991    -5809.369011770972   1         1.2172732902011685
-8217.560004363471   2214.8083034356014   1         1.1773967680170163
