trucks_count 5
drones_count 6
customers 81
depot 0.0 0.0
Coordinate X         Coordinate Y         Dronable Demand
36.84417918018267    3396.086219996444    1         0.24028611186623594
-3876.8611094753433  -2764.3720146443648  1         1.0647492986232556
6858.309055166867    -7595.968626640426   1         0.5065691848393761
-7310.48994506766    6707.385993603247    1         0.29197365094932237
4456.36381586547     -6073.971079777565   1         1.0736704905533832
-4214.163395389982   8840.505603061096    1         28.1150391886833
4866.262231181414    -6177.76990892229    1         0.19546161714726856
-9135.092084323223   -562.1236783923742   1         24.32016598726812
1030.9424180927408   6431.525194196448    1         0.543773266982483
-3616.2280164028516  -5215.499046180192   1         0.6707522206085158
-7419.310798575885   -231.09180652662786  1         0.4299290373726079
5648.564319008471    -7922.363909649009   1         0.580535673007786
2686.7704809615666   9730.947138179796    1         45.80563825260134
4332.74830995514     1115.2461686135955   1         0.7178548596617675
9260.540764763702    -4583.354174389832   1         1.0904474573909704
-6995.674526027895   7768.135572785374    1         0.4511682872830023
4042.741913465654    3598.6800096083066   1         0.8926001428271976
-9376.614055563878   -399.4929186044004   1         0.12551923663548964
8049.540461063414    -6216.938621889636   1         21.538127404626017
7672.209276258478    -2675.3049919927944  1         15.12095381538742
-3477.649547490548   2413.4462529395114   1         0.16879194531248332
2631.9255534643075   97.6420448094112     1         0.6960975297107905
-6520.595964556877   -2131.311107129912   1         0.28457727606165373
-3594.072591762768   3982.9699367564176   1         46.75156986027541
-4439.551002540803   6305.090172640016    1         0.3973755707560329
3176.1919891712064   7610.043747754367    1         27.815199012014237
893.8107994721029    2020.627945804024    1         1.2054417509936306
-3107.3203406023385  -2398.018324721588   1         0.7399789842753411
-4866.888401439209   84.75208503907469    1         10.01809405225109
10596.261813650894   6182.7892270331795   1         0.37146273329347856
7930.8602762180435   219.7735015073985    1         0.8821746525512245
-2121.527275877479   9485.01957999308     1         0.9804063529517276
3244.019007508671    8224.374120256272    1         9.579719729948748
3875.0893700131614   -1216.6601772946701  1         0.5468079843545808
-4721.817166439557   6220.043126726162    1         0.43695563667199533
3786.100348642825    4226.251342797567    1         1.0584986503326428
6241.174502922148    -8934.051294755332   1         0.801005563593648
1533.3319552829025   -7010.766051669542   1         9.137418744846899
-750.225074764626    7479.447031694716    1         0.7393302179876086
-133.633691347457    -7461.436407172581   1         0.8279051840315652
1749.6583220634097   5357.636802853979    1         0.42667542522885216
3511.845578353202    -6531.454038569881   1         0.8562933412445426
3653.7837979146752   -2539.3149852859033  1         0.6263829455681581
-6297.472012401162   -3534.6002421022977  1         35.48935392750533
-1951.4287242672     -5378.2502549161945  1         0.36420220414753857
2686.9006762267695   8666.32322108528     1         0.5927877498685741
-2034.4502800081038  5150.28056983403     1         1.1059157716942318
-6590.113966168595   812.8251763271       1         0.69906585605893
1285.0338338839938   -5846.08105725253    1         1.0264014757489326
4673.226593523909    -1826.9162389188098  1         0.38701238425092566
-1891.649462758055   -2197.711757509078   1         1.080790185910838
7772.872754335029    5516.539909356219    1         0.31258334497331003
-10048.0836645559    -515.0170825415539   1         0.2515993204498362
404.81870155636767   -4529.991967593354   1         1.1624681171162061
6523.632108104526    -7717.919176615509   1         0.6272128029933677
1224.0288234300822   -8665.11023995674    1         0.5437278597423351
5140.069306395109    -6541.164430715391   1         0.4979739719681149
1283.3265910734488   -8252.386999527878   1         7.387378413846239
3513.758060655569    3970.3682114006165   1         0.7859147661592145
3662.564981689534    -1907.3855482473075  1         0.558168024555773
-2429.5327876445294  3410.4543445482027   1         0.3798024083766254
4403.75470592188     -4111.828368730803   1         1.1369775252139271
7076.836937677001    -2484.0255078753576  1         1.2165110802247798
-8723.956402262795   -1175.3552188622955  1         0.26327474116336524
-2950.1951115472566  1913.5448228186106   1         0.5160033599468956
-7280.671182109911   6392.914665487176    1         1.011490312005239
6992.5961543500935   -1987.2848779399221  1         1.2002129221899764
108.75363096595204   2821.569774945837    1         0.2835350701253434
-124.24599428769666  -3474.3415076648207  1         0.6886799914080152
1655.6457245842544   -2902.6120583946567  1         0.787203434548003
-6554.2349736744845  -5163.707304261885   1         0.4713567479963924
4676.518652744962    874.9654853249012    1         0.9243111118633154
-6187.952998406727   -4157.637984067077   1         1.1235988715691678
-5914.553620151461   1928.3250991755936   1         0.7927172281532827
6829.72536653993     7058.278737374998    1         0.7231427900263337
-1387.9015820270686  -4212.83023929274    1         1.1966317620233458
1400.4658392821482   3941.774699876615    1         0.7095526938603315
9255.093755593076    8182.95507720171     1         0.8035663803125261
5729.044897394325    8280.943575360961    1         21.9422617128669
-639.6322893497983   8220.065432272253    1         0.19109192885874343
6192.993482947073    -1852.8372865384445  1         0.247529322114624
