trucks_count 4
drones_count 3
customers 73
depot 0.0 0.0
Coordinate X         Coordinate Y         Dronable Demand
7836.505004197543    4291.982389371134    1         0.5143051015660639
5949.403495248592    5293.273084605448    1         31.9405204220817
9307.32007078846     2883.50761683639     1         0.9105368408236697
7719.980002285134    -3994.9857433830684  1         0.768586580931539
3037.9814096199884   5252.266593113527    1         0.3071568314000438
-2393.5107740796284  8808.00035616254     1         0.20202587142948675
1351.8053060241225   9470.365340220025    1         0.6757857651845902
15755.638026966531   16036.02717129924    1         0.8629412682750066
1613.9913517932407   3011.398838582294    1         37.866092358064456
13811.824254073617   6930.816022338349    1         35.475784843276166
13478.693438015984   -1688.002061112731   1         3.4959775494206133
6670.704897424981    6251.05349890683     1         0.8164822503915496
4574.332161553698    -9096.095072133736   1         0.5411920625461634
-2646.6618599214726  -5363.182894907403   1         0.26086712290726766
-617.2546059957768   -3004.9332417526603  1         0.22397202638679803
3774.0618443484354   5254.380241126032    1         0.22677477404614443
-6676.572855634485   3745.747194622916    1         1.2424349818234193
8472.115654662986    6915.028607701017    1         1.0551487462891236
-3628.8325374906617  -6754.97200070313    1         0.4514679097580252
-2174.795226649439   -3320.1295687611764  1         39.13793285313776
5507.301506162954    -9061.964626249688   1         0.1764321049649617
3463.0145594949154   -923.897164316471    1         1.1407456969217227
9064.04800321508     -5345.5984765735775  1         0.5112612247455558
309.33571876666565   170.79190930870303   1         7.910389105365983
7888.4014549853855   4132.8410061005      1         0.7108957228528453
-1792.6006635913425  8978.07573451314     1         1.1921678040298516
4467.267483698322    -1126.646792285554   1         0.5395307081429924
1601.226678689603    9210.124921429182    1         1.1830736682673522
4182.3830005656855   -7147.393476145235   1         0.8172780211945877
-6509.999133037909   1217.5159752187647   1         0.41729093535050155
6067.454627857826    6394.164259936443    1         0.4946380003135563
1004.2996839553905   -10228.38630714776   1         0.7850209452711588
-15701.94506133382   8356.571693470243    1         1.0525180542381685
-279.2327378201481   5166.389255984413    1         0.7929649452131073
9579.332967588853    -2352.649668751957   1         0.2471051606850212
-2720.1344821412254  8354.064253179666    1         2.2859173497261134
-8791.577520690616   7623.08434793157     1         0.7433233581498634
5755.075800618343    8230.360366901763    1         37.94329391772919
15323.347580444257   -8190.192792228378   1         1.070171399275561
-4527.043603380554   -1237.0663717229966  1         0.3949036471642732
5669.9257695861015   -7677.520403502325   1         1.1063227511544012
2253.559370852133    -8998.046788661479   1         0.8549274370321032
-15811.805519613317  -8512.529232236455   1         1.1717815924574562
10453.691393653397   6256.3028305259795   1         34.611891897751136
-10944.999933890738  -153.7746118623069   1         1.2270693707527973
8689.464422272149    6209.271511234512    1         0.19881676557149222
-10535.892507673461  -1983.64840140109    1         0.11826554830977756
8309.79162106955     6152.38976213229     1         0.860440144056836
6271.945817144076    -7752.561339813731   1         0.9931210490925176
3385.3781149674683   -7586.427662909235   1         1.237244357872736
6209.823556037928    476.55244684212545   1         0.7328850995488986
-1277.932650312555   -8361.937844751914   1         1.484655005781242
14540.695201062106   3836.6610313452074   1         41.49608842647777
-3571.388100315994   170.0109679105309    1         0.8794321306806422
-8902.803815310705   -3843.1515676824506  1         0.5720352782323437
4856.643548726279    -2626.9582354012073  1         0.45946169018121286
-13456.604523588758  12432.18516840183    1         0.803128199617726
8561.464792641345    -1149.3611425525378  1         0.6891964764818397
-15967.858931760327  -16565.314288851583  1         0.32989228457069175
-8181.711816202161   -6795.206216972675   1         0.7232388014158488
-5461.875195749437   -1073.4664382584433  1         0.4230035513270948
-8228.420038306325   -6190.362282326892   1         0.9156636849739127
-9504.783246364454   -3596.3992307143535  1         0.31966396227233124
-2090.6250520952863  9771.723773513444    1         0.12262186004964548
1517.6069533853583   4473.832953064515    1         1.222719111154414
12098.231110035824   8066.50185605168     1         33.68986446100608
-2622.3378787219362  -6655.257542516881   1         0.7946670381404483
-903.1297552676157   5091.077440515823    1         0.47150772336318536
-3948.40130253876    4022.1779948956496   1         0.7275155091622473
835.5508983719939    -6190.272219224393   1         0.8385952147125146
4252.702182719431    8719.687264530357    1         0.6033274100224367
4181.233757704019    9752.779522134142    1         0.4580684188653301
-5635.4992513742545  3868.5705823974317   1         0.9657202407717695
