trucks_count 3
drones_count 3
customers 32
depot 0.0 0.0
Coordinate X         Coordinate Y         Dronable Demand
-4718.481932526473   -195.88935785464588  1         0.8890516086424767
-4947.888844385629   639.4842586503594    1         11.432317446751366
-3482.9821770536246  4380.4366858100275   1         0.832033695284711
-839.7207396664686   2962.407753829855    1         0.17800512326877851
-2072.640687498687   109.88448908242931   1         0.13830096853495158
-659.9017599149039   4555.330045719443    1         0.5853001354801022
1159.8740756061536   -4495.469595354225   1         1.1067964637772358
-2678.4689515284904  2137.48968926673     1         0.25469920422949055
4452.676086502698    -1963.6056264295426  1         1.0566274148711385
140.43766381153225   867.9363167895895    1         2.982528766683891
2442.968209802739    -519.6328805020175   1         0.16811745787169635
-2042.2403230775049  4478.6982062990055   1         0.8941404249824734
-4803.216120276118   -4466.00342833608    1         18.623124700971644
2383.391008877034    3991.6980253031234   1         1.2431617567868178
261.8465954627084    3764.694947912965    1         0.419184053864896
2435.624325371028    -3674.0528363514477  1         0.2581177403316517
-3542.0799215764405  541.4949916241661    1         0.33750886505736455
2095.5873812857194   2886.9015054804668   1         0.5470025863046647
1544.977710684561    3532.7964893566896   1         1.1904123707442262
2294.3024278681937   703.0024020208265    1         0.20846504237777286
3380.4966244044863   -2871.497614528137   1         1.0729626881805125
-4862.301844774875   2552.582616396185    1         0.22091422409487232
-2926.3120919268126  3922.278713416012    1         0.7813094500397318
712.3650503080355    -5186.702627792664   1         0.9441492540760719
4348.437371593659    -460.26251689664605  1         1.2378902509657819
3368.907538033136    3000.5726311085555   1         0.4472799210549796
-976.0411137704382   -2243.636728550139   1         0.7162155426373392
-4405.972100861846   -1847.4201577633532  1         0.9248881524398561
4616.661808176594    4867.961364183906    1         0.514902003518231
3077.989075009142    1449.3576627942512   1         40.1866066978745
4129.932684630766    3140.446843533105    1         0.4589302728640533
4915.1757173745855   3362.1274875152676   1         0.7411898026799598
