trucks_count 4
drones_count 5
customers 52
depot 0.0 0.0
Coordinate X         Coordinate Y         Dronable Demand
575.0122942801572    -14601.020608285879  1         0.676080858394019
-2312.6840741391948  2890.3428313711647   1         0.28921546041104296
-1031.046330490951   -10037.785962448495  1         1.021039306476811
-6313.990984920413   -3388.2604180865214  1         0.14972523576144564
763.7163575080298    7869.588153916966    1         29.81791990144725
-779.4345856154781   9475.799781992067    1         0.4101035046698417
-7315.530978251482   -2593.1944072540664  1         0.580611056681466
-368.49118831329025  2574.612200071265    1         0.41682001646054745
15248.681514229844   -1736.4950322157347  1         47.080401115036565
-6639.085652859916   6283.222553619034    1         0.24401074556762373
-1603.0982643701639  -4348.952749445024   1         0.43415861016944923
-825.5842472517712   -3243.141991227545   1         0.7919412538272305
-8863.2801522358     5281.587376259513    1         0.6578569526436888
-9371.652403495995   2692.46616055844     1         0.30224452219349063
-4881.074868022684   -4523.369768764661   1         0.9572170991311219
-2777.4471552482346  2673.5414336549793   1         10.445812277199243
7188.7566079798635   -15749.60357533929   1         8.197156983117551
-3531.1646930867355  9103.623151077918    1         1.035208545085442
-10412.441569540026  1362.687023676206    1         11.410048070623628
-3114.5396115903354  -4550.890563358702   1         8.210143037045144
3403.2832153727486   -7501.970175038628   1         0.7214442416881786
-5720.473799853057   -3221.9061916970236  1         0.2513504312432851
-443.8751959230319   2977.504175426084    1         0.3537219037648275
8078.924798949177    -6843.390689358438   1         0.8550938153062003
9965.140062407178    -4288.74206261008    1         0.16001449832955805
-9200.519793227342   2574.0467752412196   1         0.9356681804913994
993.2100155754085    1224.2882126086015   1         0.7785102477022205
4969.767045583453    -3716.094656860731   1         26.701693020776247
-7248.908388735152   2785.1181684433263   1         33.68867052895879
-5556.058109896114   -4397.944388812926   1         0.31454321610796787
8604.337098978885    -6481.65621905233    1         1.1495747096167623
-3324.2501615128695  -2642.4585407763793  1         31.050108020000586
-9890.793851651031   2010.6428429664095   1         29.54681824216486
-3186.834083547372   13815.627794188786   1         23.806495187204654
-5644.111540074911   8783.092151462299    1         9.138059443696731
5788.70865000413     16292.67686683101    1         4.341627681171335
4110.708755267723    -8861.355778947236   1         37.017180614485575
-6389.095520140708   252.0148324528296    1         0.9559102000692554
7072.859395765027    1337.6744528262634   1         0.4733008710850638
-3184.6360094202932  -2340.7365047768008  1         0.8757849208193303
-813.9762616064514   -10319.833240406411  1         1.095236726144282
8621.73152421643     -1036.799822364528   1         0.13759110936997335
-11440.303181581921  4507.789080120478    1         5.276068285513444
-10344.087690182978  -3077.2519778167075  1         0.4220953779778519
-916.9936250956966   1164.4836336167464   1         1.2140068558743913
-4175.577147352654   7723.575249904558    1         0.6629577276109198
-4140.724804169777   -477.10109469552566  1         0.7351900903635199
-697.9084124947584   8756.30449166956     1         0.9079322097681605
644.4599570170619    -1509.723503584556   1         1.1290659381530028
-7070.062987191192   7269.0915652649865   1         0.22498284189001844
8782.507348557745    4720.639820885548    1         0.7721982118559533
-4638.674700486016   -3061.088294291844   1         0.857824994692662
