trucks_count 3
drones_count 5
customers 55
depot 0.0 0.0
Coordinate X         Coordinate Y         Dronable Demand
2913.648534158703    10846.422152173469   1         26.76549046664429
3714.9149600513333   5317.849423188695    1         0.4757118608450116
2061.6205179265203   5051.392057771463    1         19.439672158945775
4173.810724051452    605.4171147472108    1         18.19931510942222
657.4048440864768    -1589.870698619562   1         23.29625984311049
5487.927363019162    4858.448392419971    1         0.2464264832933184
-4236.366039645955   -8162.906333966222   1         0.21825890901656142
-2442.1593892723886  2763.4318908616797   1         8.233069354734212
10752.135091237122   -1819.6044163759486  1         0.538791680983647
-3368.0623696449084  6158.378742562639    1         1.1205431137608681
-2931.3994244874343  1689.7253800850158   1         29.52509840989216
-3321.4142428899368  -10252.45777020124   1         0.684406839346
-6261.522890034666   -3456.6379129363227  1         13.61643482244148
-9521.40388754578    4665.382209741634    1         0.312309190730944
-5915.299929395678   6717.094025317703    1         0.5102914807542029
8135.473283724504    -2720.777338431954   1         0.7476137014281009
6467.505426527265    -3997.157392615585   1         0.16986223391249955
5197.7497456273795   4744.001317980629    1         1.1116363705494698
7555.980191942433    602.206299219139     1         16.922931329816247
-2445.1054562639492  -6084.951951537965   1         1.1518341669799528
-6928.124458781665   5878.01406921092     1         0.8746532996918296
6243.257645551768    -5999.673917527224   1         0.7564747643000886
-7877.749811705663   3191.1885483932683   1         0.2295832228648306
14257.814245459616   -10540.704615852803  1         0.3988272646476424
-3047.4619503545537  -1241.846610327676   1         2.2869714982351184
7464.782110038372    -6041.503259224008   1         0.7634211971142972
5754.924813942638    -1913.5439025747946  1         0.7388904042515917
8098.689929880597    6951.5072031751      1         0.2865222921893472
8456.985885499773    4778.066341737169    1         0.42177738179966884
4804.075805621195    6873.734325345637    1         0.872893964876717
5181.606595516709    -1378.229596579373   1         1.050797261644843
3465.8038517012064   -3460.564132840713   1         43.83599719903349
-9475.232531500009   1976.3543633197064   1         0.3239305094421573
2046.1411499653248   -2646.7159489268515  1         1.13708068089925
6290.51987373285     -7314.331160366219   1         0.40583809342728583
-14313.193372335769  11893.40092026933    1         16.722829320910115
1498.367481261584    -4118.969370990976   1         4.321144115925897
6214.24581365821     10313.676412073397   1         0.6872962388044982
9816.973657810073    -1097.6674440508318  1         0.28581271557670784
2915.6300716647647   -3415.70805654349    1         0.8120933590256395
-6458.337368956201   -475.34589063589414  1         1.1814761844021913
3274.081785300876    4528.433344155464    1         0.9084860736495107
9330.985252029079    4227.7469225842515   1         0.7373680994890635
6343.524644461879    2852.175802858481    1         0.5610268487194928
-6153.292308848971   -8573.177612618229   1         0.6268899046209883
9373.454973993095    -3355.762937598013   1         0.4414545754985225
5989.233885567493    -10617.896939289194  1         41.72202174305888
-6804.125549866482   852.3781957786347    1         0.9659248445259698
3193.963526719478    3791.445392498087    1         0.20064251904685815
3256.278001910036    4869.867464324809    1         0.6156645174736466
9784.22879986574     724.8435188824265    1         0.9218605017952864
8199.452687027733    -4683.930221036563   1         1.2240628939848104
4479.438986985661    -9086.956887742206   1         26.83350581896278
1205.5652089650744   -7863.821608254706   1         0.7810808996248801
11159.06574904337    -10636.773064859335  1         0.6110920983297674
