trucks_count 3
drones_count 3
customers 34
depot 0.0 0.0
Coordinate X         Coordinate Y         Dronable Demand
-944.0710885374347   -2491.166657796218   1         0.15226862415429818
-1436.5889211155477  -4182.960956440882   1         0.8600550919895139
-627.2830156497238   -3994.019554208285   1         0.5388512717062038
-4285.057147792791   -1385.7506952535218  1         1.0681949055537325
-3069.868473486529   -3321.731419458533   1         0.6258124201767962
5072.173934599299    4113.361850805422    1         0.6077034061322535
-1756.9698968417715  3446.2127398614657   1         1.0128855760937638
-5001.556601588236   4298.148335520002    1         0.9642701477431319
-3726.921989274203   -1740.9239065032402  1         0.13278071654522366
4675.862753511069    5088.12707881608     1         35.7420463062794
-1206.02995394285    3670.1862362276115   1         0.6715733094229701
-2514.474215712995   4213.141233838293    1         36.40289420893536
-5119.0017893188     -2771.2340579223433  1         1.0114829026592507
777.426226134716     700.8223187081998    1         0.6226052322793253
3599.0931757238036   -4942.007606973439   1         1.0670463280967
-1451.8827131631178  -2672.532305401577   1         0.6604289740392744
1701.1010445221339   2552.556736703968    1         0.9661567952507673
-3791.9861930743155  4840.230995675612    1         0.21053620981418525
-16.952641247945795  -2424.994921394897   1         0.4674281344987993
2258.8938709330264   3350.157964473019    1         0.14683680765893475
1469.0998742978918   2819.204133047683    1         0.16972606586295436
-2355.830878098119   1288.0021046195093   1         0.2909989933561892
3021.61761601412     3713.4275659036075   1         0.16063869291983773
-5017.94599847137    1538.61888172212     1         16.30752781164925
-2963.0294019420166  -5158.178781160078   1         19.105924086669848
-3541.298997866118   611.8665527619833    1         0.3005795720919186
653.051572234468     3137.157583902592    1         0.5609951683568632
1572.2022559875352   3507.4014287487635   1         0.6111463224240554
2978.248300162182    -437.4663159155196   1         1.097257302707828
-1669.7677544924684  -2537.8802086252217  1         0.6360447940225128
-3530.8271077614327  -1018.5006383436603  1         0.6381099139147779
2778.4458052763407   4157.427255250397    1         0.7995036010921878
-2554.454025426277   -2022.9777102954733  1         0.31859733830234616
-3693.485840021009   4481.849355360157    1         0.6367592380683635
