trucks_count 4
drones_count 5
customers 63
depot 0.0 0.0
Coordinate X         Coordinate Y         Dronable Demand
-278.7555567494228   -232.98400768210084  1         2.6379847915107306
-3427.0716726654878  8078.163206121725    1         45.21042785697206
7502.012083909727    -1535.224810083472   1         0.5400461589312229
1158.4483851127877   1673.6629983653334   1         0.25125011872969805
-9229.218780073657   -5741.439427538666   1         0.48691145011183634
-2097.5821904231666  8682.918692471847    1         0.8356417828534238
-3271.4790203911734  8319.571478918459    1         0.8661878888958608
1798.56702548908     -1706.0347654134769  1         0.8492002300218283
1727.5850081429994   1619.1340785849745   1         0.15438093626749286
-626.8277277007239   -7256.532618638871   1         0.6948643854140321
7955.4876436692775   2175.283047965725    1         1.2176648462797874
-13117.055413466824  -12814.067733245032  1         0.3023149933979363
2349.9772544180955   -1193.2354199649674  1         0.5319002318716047
-6418.948435461745   -4376.808000888346   1         30.144306363601476
-1876.621888174566   -1120.8649591353173  1         1.2475490992377298
-995.6539130220507   -8478.51372503441    1         0.8942381048693879
4237.95264313342     7653.290519829237    1         0.893843843272176
14768.669179409088   -3686.678769963608   1         0.5067534985607204
5068.230313963006    -1529.8121490247904  1         0.7998882212000865
10492.569398074902   2549.760208073466    1         0.3426037603270377
-1640.671901717035   1241.032370205555    1         0.14935010633784956
682.7780438722223    -8778.390363658475   1         0.2946565819566905
-4092.187493692059   -5114.214223140023   1         1.0351550598246473
7243.8993340651905   4601.4897933496      1         0.81015544347645
-6178.028761017116   -6877.602281941923   1         1.1493643626037922
-1738.4318360359748  6157.308697294773    1         0.9520990383050149
11835.62531052485    9016.601590864233    1         1.0642114828941485
-2607.842932483791   8859.650784773658    1         0.2962754901653539
-2114.4918731931057  -6627.235490971054   1         40.71556568945835
842.6623386611047    3231.6050518879015   1         0.3505773261839885
3114.813579122392    370.22165430093384   1         0.966410224370539
-7569.633929671572   7152.2408150312385   1         0.6453049461997352
-1807.3838672909158  -1018.9246858318745  1         0.42827009507937197
1604.7407902270274   -791.6034464739226   1         0.27064090233284605
6574.810719820334    955.0223139635       1         0.5712699737641658
-7838.661384286038   7379.538301695583    1         0.9090596635734964
-1793.122703936269   6951.019565514452    1         0.664398596476164
11673.08593139621    -8186.2851311368     1         18.803004427653526
-817.5890511256841   -7062.911194401182   1         0.9931993594139951
3468.890895946045    1362.454198853841    1         0.6360787589648768
-4556.423679544154   13384.088495055505   1         0.5186972248000972
-2693.635627155595   -9061.25442869068    1         0.2722506891589819
-5303.361218391766   8972.821947274675    1         0.651110017104835
-4821.127503530886   1420.510305183583    1         0.42850126448257597
-13989.066447394396  4114.74528472931     1         19.55518877911876
2278.6367853948004   -74.1262916606441    1         17.32375218153441
7458.758582455236    -3042.9138110353115  1         1.1644687263469518
-4209.546131263752   2478.857905666535    1         0.1645864122754485
5730.77676456029     7427.73361223941     1         0.23349982808556807
9951.19751248375     -896.4435942607523   1         1.0402450221954138
10021.623309485825   4134.407492316677    1         0.8854668338827758
7594.839647856569    6491.158240600418    1         0.4093912824132113
-488.6233727602741   -9348.01866430405    1         0.2052791380567403
7665.089178251374    3840.871743837325    1         0.1478401636511994
3885.3891593109693   8852.180340303988    1         0.3961488570057299
6855.540999491379    12668.931619925253   1         36.837213656611524
-1671.2239725885072  5062.060060655136    1         0.983987867168348
-3506.600084714781   5960.061862682083    1         0.44651345464811387
-4687.278251767574   -6162.556278740262   1         0.34391956563723003
-908.954666956292    6184.1020819484775   1         0.5287770517056442
6046.137382857662    11653.714041964315   1         2.181605262248827
13748.76173119721    14565.157912484963   1         24.534188062354026
-1005.0803567761538  8433.989444817966    1         0.6843712300017676
