trucks_count 6
drones_count 5
customers 100
depot 0.0 0.0
Coordinate X         Coordinate Y         Dronable Demand
-7927.494342174278   -5322.6642790215965  1         0.39825960504290103
-5630.554314225135   1601.5412134250982   1         0.1128974433101454
3016.384009557727    -461.8607908322756   1         0.1173536144340339
3135.8110147576717   -6480.6337907454035  1         0.4760358825465071
-9224.58889363492    1353.1461431202226   1         40.38147281467835
2343.3959169925856   -7844.840084453103   1         0.6007597951145109
7845.504649974681    3104.4721097813467   1         0.5749744670666583
3289.3130867927002   -2108.107306128001   1         0.22012943371314625
5994.913836595881    -3890.2631923635695  1         31.93833916072331
2636.120694604997    -7202.152738970244   1         9.29925938168265
8828.94014652942     -518.0379512417546   1         0.7777932238918441
-7904.303441098224   -13613.927726870837  1         30.94513180919041
-6967.658675424994   3730.5194587605392   1         0.5683798139321973
1018.2610618263909   5662.308892301825    1         1.1866744206588147
-7470.4438769170265  -4403.26872497414    1         0.6209055790750998
-6204.670609118184   708.9076306607202    1         0.19832352993147545
-11452.233323016368  8262.068626908158    1         3.7173386735457274
-4564.446268030392   -87.50026058002113   1         48.297710833015
8593.376861384799    -13225.195740936902  1         47.26947357195644
-8019.62565668353    7192.5778707969075   1         1.2483567121034571
1311.6931817219152   7605.020949298037    1         0.2361794229578851
6334.742021279083    -6826.446125086325   1         42.703963793914255
-60.858464318847844  1412.3239361451854   1         1.2183077929364932
-1521.673425648812   -9569.426055922531   1         0.9040065625493512
-4325.691882280909   2008.4372640438469   1         0.3917537736609362
1850.5219136136736   -1425.120579327116   1         0.6437147823642119
11443.097814251936   -3585.2752974081322  1         44.58817326877997
-1799.6434150148737  470.13952363494536   1         11.498522354708633
1668.4888388803101   -5086.616473147893   1         0.42649615594534473
7753.225208503722    -2417.7027829885346  1         0.9025850916788948
820.8713967124374    -7049.48984690666    1         0.9793462237398606
-1781.3047149797185  -520.6384260906943   1         0.24725562243467192
-8064.4334475716805  -1142.011509307685   1         1.0981546237389446
-10647.66805003356   -8421.939199408062   1         44.90294749678359
-404.53970423235415  -5577.676279723609   1         0.905033157899275
-297.4373558151165   4571.43004511283     1         0.6305502676455538
9923.015135857737    2633.8794251397617   1         0.7086769080876436
5805.917982567109    -6052.986261269766   1         0.41742446228146624
-370.7793170943957   2964.3075727999444   1         0.6764075698710176
-6618.661494424546   11219.852258448687   1         2.090387164172739
6.485287669585514    4137.254236009426    1         0.9138931113684641
7608.2037149706575   -11323.441294805547  1         1.0046673862706943
-2622.166745570328   10391.153321806289   1         0.711637953266067
6525.880511200274    3375.4086555192616   1         0.9635319966862873
5836.504481827347    -4619.829891324934   1         0.9192043053938987
636.8682190700348    -4670.9372012924305  1         1.1822734049060435
-5436.985481141843   -3557.8015381351356  1         0.527129513612916
-11698.827826986171  -7564.157603577373   1         23.202043704672725
1620.8857605904302   -635.0358933204684   1         1.0996776760040294
8304.967861141957    5254.511581749748    1         1.1694849558223828
8828.790488292543    1985.6170387832212   1         23.74357661052136
4404.723132588898    4496.816346111688    1         0.6368374271841467
-8084.552162250599   308.0558148408839    1         0.21757162090964288
-2702.573440990893   11627.107588606783   1         5.587323253479004
3498.695547480973    9612.061988250114    1         0.5781808143298441
-3656.4682951757986  3767.7980692868277   1         42.883216376989196
-10064.048597992001  -8975.994877962523   1         0.6252182816536264
9289.667981368937    -2560.5097261502333  1         0.4484162498308141
2199.1100085417856   2680.631056502856    1         0.8327543775293745
-3632.1101595403347  7570.95420602509     1         1.1163968079401392
5469.9962508583885   -2174.686576861974   1         0.9734857966681485
-1633.1384906094938  -2658.98821963017    1         0.5339381391220168
-9386.591490906247   1663.4482558816806   1         0.6835015331736212
8893.758762304618    -5235.127524226198   1         0.690013893938856
1202.4088563693022   5271.434192907398    1         0.4423306908235788
3264.5306928266455   8064.182532137544    1         0.29926575311614245
3122.6037677962277   -3242.4704540011703  1         0.1731692229107583
-9378.25420233032    3361.455158121299    1         0.8977323761705255
9793.46063366303     2149.490676854388    1         22.076457283552386
9366.078067302775    -3653.9513622525437  1         0.6710426990134833
4784.966564770126    -4969.622044953151   1         1.0654234659268496
-308.0886887222815   -8807.8403833954     1         0.4480494666086692
-10368.037517737383  1630.1178844997796   1         0.8140044307792175
1899.2336645766595   7663.016194401596    1         0.9722212363271148
-294.068576623444    -9053.371309308224   1         38.39528938610417
-4710.788048709567   8837.990911563084    1         0.5809715097434516
-2281.5963549877647  -1738.6202949439225  1         39.12987031988947
12474.486837994196   -4267.435384180837   1         48.53987842445988
7780.1428774296155   -3515.1153674318166  1         1.0609104298266818
4393.593937169716    7583.962274265354    1         6.814534831673301
-1509.6681270856816  9324.908058837067    1         0.45417277105553777
-9951.912089857771   2443.922910357825    1         5.2063399662792085
9354.572816811202    -661.9400952546921   1         1.0452632740613117
5605.219946923158    5157.674020249836    1         0.9084721853796435
-6643.993284395226   10617.94127592883    1         1.8118656636123605
121.55651460995686   8649.009899820565    1         0.3830538048941171
-13423.989293349769  13461.107849418264   1         0.5022596898458677
12487.746037360712   -2740.7129540907663  1         0.43383518471884175
2975.385487032999    -4263.049017352523   1         0.23249823759769053
-9579.903917353036   -4898.95343759812    1         1.1326665158910243
-7638.040797048897   -2293.7974143932297  1         0.8408194347741611
-3215.2618507721104  8531.804173652441    1         1.1915924733909977
2418.2154292055075   -1253.4440018628675  1         0.9430164242139216
3078.6781428315026   6249.193304878366    1         0.9111289845212063
4182.202763852728    -8812.880371889438   1         3.6280624862652684
-9149.52217577071    4183.424117951531    1         0.7157522175393455
4486.071432149749    658.4521646281337    1         0.577218304508574
-6818.66211253058    -5087.124943594073   1         0.3780797134665913
-4484.308075535095   9605.34907676789     1         0.8217603031379817
-1077.9144647333603  1692.7337118083144   1         0.17046953839191437
