trucks_count 6
drones_count 5
customers 92
depot 0.0 0.0
Coordinate X         Coordinate Y         Dronable Demand
-1129.7682198176133  4908.95363350466     1         0.7519858970703124
-399.2654295564158   1816.6796807088685   1         1.1061818606619247
6135.926440980321    5917.156226195351    1         1.0623795505627607
-7979.602202746527   -5649.097314216288   1         0.703311161569308
7443.958165780655    975.632268291959     1         0.3069477396694741
7657.519261717319    5021.115344268465    1         37.15574877565297
6890.141384532082    302.75487007476994   1         0.6234275140766348
-2331.854939211941   -1878.405453751801   1         1.0545678353280046
-571.3760131240372   -3786.533643822176   1         0.8954964099422674
-1111.4754229487032  1754.0432050201039   1         0.46964473348952174
-3051.037453014348   -2960.589799549914   1         41.478194290611754
-5187.9116456609245  -7877.921196252737   1         0.27652019169366315
4161.900319357475    -4229.488876772213   1         1.2201120608110316
5738.316509889444    6694.068889020556    1         0.9120920331660484
-3777.0098876432885  -756.9431292141385   1         0.14907829662138472
2819.836240608768    5908.777600004323    1         0.29305236343667357
3643.4228460622744   -1142.6262304053482  1         9.454631416236339
-5362.299222821852   -3189.592454241805   1         0.10701105899195665
-5698.390121509873   3264.2585954405567   1         1.157732341714829
-3274.3774153295512  485.2376567244363    1         38.93769447908146
-2113.8598455949204  -423.70941502398455  1         0.7340587868474768
4213.424985941482    4254.036320399782    1         0.6468305171258036
-1880.4649294123326  -1934.0550112531819  1         0.19001857640019928
1751.212676563777    3887.047468629856    1         0.8543805709010214
6819.923133539907    -1553.9066999254924  1         0.9004757524766823
-2828.3428377707637  1137.4476459471844   1         0.7455950709698212
5626.602913863027    -6050.312576051869   1         47.915429819532
-1484.2410037613736  -4727.269251920068   1         0.632954397611826
-1117.485945096947   -1524.2895227531296  1         0.45889327098458454
-2346.9158604500153  -6999.878855087857   1         0.953869846333362
480.5711409375112    -4801.426582086672   1         39.19283039970903
-2318.373449873977   2200.960990152739    1         1.214606193108078
2806.7643204273027   -6243.236903970192   1         0.22375650021489762
-6872.917869887501   1428.9436914284095   1         1.145165842968682
5226.352733471771    1348.008417925239    1         0.5981785621469672
-3876.703401707491   4767.727396115794    1         0.9031408923990938
4748.163790773495    1768.572716509503    1         0.9217413380633692
-4438.291259912421   -5620.601329285732   1         25.777461994493578
-1147.7783140862666  -2667.879495433377   1         0.12472909195565636
-2220.1556915343194  -539.0726905403391   1         0.9896337392065633
-6824.5484804360185  5132.245715706614    1         0.6754457433481384
3815.354996344652    4262.672570264777    1         30.276090507748894
192.1342541619514    -134.30574143860466  1         1.098127668082108
-7643.022860942091   1207.040366614355    1         0.24175431361717736
3797.950976550912    -6647.482716056601   1         0.5925875511219633
5180.844288602376    1987.1856678673505   1         0.64932111403455
-3141.448559514328   -6206.200778506149   1         0.3410579131404317
-4822.356366130251   2063.023431930679    1         1.0911160729049811
5354.046067904989    -4396.793291451624   1         11.005477697467793
-2475.6372180517487  -252.56569389701014  1         0.9871555120149211
-3573.7355679709435  -2009.1904692796952  1         0.30618423588484095
-5479.909600528482   7274.849160825969    1         0.48968148418014945
-6053.0406866287685  5412.118942065071    1         0.541217799050066
-5606.7708751166     5825.257055059157    1         1.6165483758337105
-2100.489157471123   -3719.4294075549583  1         0.39886269017591136
8065.54296437661     -5425.586149782463   1         1.0982994065774603
7496.874247599621    -2435.4355318509993  1         0.7866270401671198
6284.047798958071    -3476.3603556027497  1         0.7180872723991165
2727.82115732023     -5231.652641155662   1         26.778256342495084
1596.694728454992    -91.79292598723003   1         43.21956308504212
-216.68083416399332  2277.4228490744235   1         0.3317416171985492
5766.4542322814095   -4966.752819993238   1         1.063689198540426
6359.459701648048    -3578.141635214686   1         0.8430015039759997
6084.10029825957     -7470.377492506446   1         0.9660451447429549
855.724034440208     -6266.298204031337   1         28.316744798903038
2077.9665201991006   4797.164340122265    1         0.33543296905761844
-1243.9486658689416  5977.8472249590495   1         0.5992256594919895
-7932.346795881094   5805.684670108095    1         0.9645076815220707
-7283.109753277576   1500.0339513405625   1         0.8153347057496791
2839.947082694292    574.0887522224349    1         0.4398223466662692
4358.660687870034    3325.0310342484527   1         0.3937262888550158
4825.737732847371    -2024.780805888242   1         0.9582369335053722
5686.114371571846    -4246.35885124994    1         47.34705764539959
-4393.081079625737   3269.4349591810433   1         0.6079508324828892
-3271.249410441588   936.546892347892     1         1.1786019068971498
3470.18702835961     -4674.313529131642   1         0.4940477862792647
-1121.093529091035   -4314.817158899642   1         0.4711191814744431
5812.262592329895    -6057.927144478112   1         8.648437131603725
6370.017849169281    6353.392540667333    1         0.10827074839596254
6325.163499605412    -4027.2264556678474  1         0.7434305504969044
7429.777218457905    -1814.2764401234072  1         21.25277932865315
5735.323415529198    7448.256822070677    1         1.026040375522364
2355.405927832595    5335.557857820797    1         0.9615507529552203
4322.520546501039    4664.844135756808    1         0.6082601632642768
4082.8084538162243   7663.735719512649    1         0.5038009290527157
7806.159330379069    -7512.316319000982   1         6.4086896577307515
-6240.2035463086595  -6617.938143196243   1         22.257661150714227
-6713.850869389513   -668.3593905786804   1         0.6509205292815784
-5226.641148528674   7051.341766849419    1         14.511703819905932
-6985.373185323459   4812.943110252585    1         0.49775363761874214
-3444.908641235358   6559.221941222293    1         0.1907691933573814
-619.9657139867795   -5384.817827323173   1         12.038366433589868
