trucks_count 5
drones_count 3
customers 53
depot 0.0 0.0
Coordinate X         Coordinate Y         Dronable Demand
9162.796173306353    -2312.056687803793   1         20.15929653238731
7382.882993860871    4342.27212726316     1         0.3041117200717342
643.387490345919     2161.678922683867    1         0.24283211065604704
2742.552984755651    8690.437312220345    1         41.49682403468214
-3189.434669823773   -7556.087129787415   1         0.3231734460536614
3565.0453252441434   1932.9854900726664   1         43.43937776176441
1314.4489989508604   8452.781061860474    1         9.291626719211395
7004.00222543453     -6630.975446686475   1         0.7626079178856454
-8977.459618988247   1446.8780583966436   1         0.46274553951042985
5505.235749487949    -2163.594462150415   1         0.6992778979645633
4244.985696130241    4983.467232083891    1         0.30117750348428785
-5924.929197983385   6003.404127656468    1         5.059023134816796
6360.939264557363    -2217.131128288153   1         0.9856445496764707
-1998.2250181487645  1571.9010326458692   1         0.14922416326497617
-2023.245249371784   -222.61733327490788  1         0.8845556775111699
-3085.7875808322115  6694.341550707883    1         0.8039673532492562
9680.033147683593    -4716.535617702328   1         0.1454072776015437
2760.5687383073837   7355.649067093716    1         0.4491651679422588
5722.015836487721    3717.852774965445    1         0.9952587674426682
-2211.260563843171   -2929.342583488745   1         0.5736868316261933
6412.087147262546    -2324.072008941537   1         0.4441944281614528
4074.494765735892    -6140.147441595438   1         2.2380372316711217
45.60300348489796    -7563.777969960212   1         1.1293134508444158
-2857.1190052013394  8430.479113935344    1         0.7037058012980267
6621.441307767472    1631.8926913731766   1         44.962134910008146
-5840.390018814186   6218.697454311695    1         1.0753044338686784
8188.244051862157    2783.431284528044    1         0.7879196994697844
-8335.731522357437   6963.048350567122    1         0.6188265743608232
-9668.279169833735   -1776.639651993321   1         0.8990903679885425
-81.34566407971381   -7598.512289855007   1         1.0621542782889615
8536.239889921964    -1342.2443247158164  1         0.36366313323286714
-2218.4004676716636  -3074.6748620813887  1         4.527494108696686
3158.258571875899    -913.1089885487975   1         0.679163722198085
-602.323439382164    -9697.041361641639   1         1.2021224015418093
-8999.697268026643   -1951.2968993916736  1         0.18540880610944308
-3762.0979428091387  -1777.7996203257871  1         1.0409917916360847
-3569.0165429049553  9540.842977287095    1         0.8531048849976217
7710.990508132326    6127.4165148161555   1         0.7076625907599658
4432.254527748287    -7809.001575783009   1         0.9261008570467429
3800.9891902546115   9028.221099209646    1         25.974990766586338
-5205.772885443219   -6857.83796838592    1         0.8128665377917963
-7069.4578121928     -8164.872612784987   1         1.0893170026243184
1456.5271496761616   -4452.618781556186   1         1.0896450000554398
-8120.860659206044   491.1166090214055    1         1.0024381483478502
8733.552847731033    -3571.5848790147224  1         0.32262710193919947
9.112985387660803    -8043.476820879298   1         0.7558994057803862
-7773.687891940418   -4032.73636415027    1         1.150227271954964
-3419.632004809401   -8477.389591752984   1         0.4452954086333052
5703.925270735566    -6127.643087977855   1         0.8017264887365706
5616.797497183393    5036.037449220005    1         0.1303511404684928
-2795.5819775804202  -9463.620919139543   1         45.67227267665435
-9175.453441658065   4344.618209453286    1         0.5344449202831015
-3117.5083686388325  6987.285571071691    1         0.6084024722960655
