trucks_count 3
drones_count 4
customers 46
depot 0.0 0.0
Coordinate X         Coordinate Y         Dronable Demand
8280.728905851329    -47.96463775482698   1         0.8939121154849256
1720.482760885504    4251.6376131852      1         1.189290961495333
7051.498856067867    4436.157763085021    1         0.8489631408318149
-3089.982650768471   1587.1285384014077   1         0.981648936789895
8359.992502357483    -3041.148730989472   1         0.8011898059140016
4134.984692970672    2769.0122658457917   1         0.6759818125652598
4132.0674734485765   7910.857867872202    1         0.778746901947791
-7572.077402786166   -14426.55123140196   1         0.8048772936814389
1289.0311618573085   7672.172535068813    1         10.633994301554038
-3083.8856396460674  -2332.4044623465343  1         1.0431648782305085
7168.648922457751    -10757.622455581715  1         13.163925067315073
-1687.3492804208358  -6697.554661450328   1         0.7774953209148421
-6610.4169086418715  4307.696332379752    1         0.3002585363987933
-70.06812606556402   6221.779039023284    1         15.098914046106263
-9302.686849247457   5749.150330722421    1         0.9947420624216728
7480.148246334358    5859.878718491469    1         1.0778346289686194
-3849.3749789861067  -10044.51626801482   1         1.0294510540992525
6564.9721179164435   -2078.1591283106372  1         19.860319888965204
5854.074903547948    -8718.46902518088    1         0.48455084140913873
-2050.4624432565843  -2653.488753899295   1         15.068503155047777
-8926.220503522818   -5354.134984707605   1         0.1099963558608027
-1375.4532450742731  6183.232831287892    1         1.2047479347609091
-4404.1322516555465  -6388.9390998243725  1         0.2777871543616913
-8366.81504443389    -159.8764751295298   1         14.609816167027889
-3063.979482515915   9758.450092923187    1         1.12472573542009
-7983.1523186920795  -6020.732950931757   1         0.2954149347644951
-7139.402068029147   -573.3662109606486   1         2.772381029693223
-2016.2706562053365  9925.445022139907    1         47.24742821534366
2570.0371947232343   -3294.474733245383   1         0.39157649910592207
-4694.821703557181   5868.770006365833    1         1.0276162296330857
-4954.94254934327    -7583.857996040641   1         0.7273127865437018
959.3167975647664    -10835.766352904713  1         25.648323824050454
8783.037445008486    2856.6272253084253   1         1.2070752130944984
13597.140898794818   6662.72834690807     1         1.035840987729222
11408.586540957373   -12265.452523236816  1         41.514360045370466
6992.681888954109    3907.8132393883425   1         16.665535873504687
7836.927415518475    -5516.555433843496   1         0.37282470406296975
-10775.095601188055  -9181.160596822472   1         0.6811928129603153
6936.3383007001785   4911.4119953041045   1         0.6663177558035391
7816.978638619071    1221.6730367545774   1         0.3156491532015823
-1982.4334693451174  6794.122745099511    1         0.48697162822221696
4430.161733846469    -8549.249740023755   1         43.94480959673473
-3429.875510406231   -5855.705825258818   1         0.5603134179242583
52.68464137092087    -16104.959730264414  1         31.221085460066707
-9683.525976602792   -4757.837914031094   1         0.8899161990541453
1498.2732976427353   -5222.6372386824705  1         0.8290462239723915
