trucks_count 2
drones_count 3
customers 20
depot 0.0 0.0
Coordinate X         Coordinate Y         Dronable Demand
-3471.000328362889   3287.427129073357    1         0.5189209874573661
6253.341922949244    -4705.849314098124   1         0.6052968366209139
6752.45337039029     -7102.749925570647   1         0.9141370526976824
-10166.612327392824  8942.373656395788    1         13.966162974765462
-2487.8387046563034  1025.7077816460244   1         0.9501455753588489
10760.167834273509   -1748.2578237015684  1         1.1111455342241394
877.8635887881453    9798.302300179308    1         1.0312353812819939
-7618.342819197718   -7382.696958807963   1         0.736685962100154
9549.121873456093    -2249.0417982408476  1         1.0679961705345262
3517.133790716677    8134.510974776779    1         0.2943999373899754
5293.343044844822    6937.917012332973    1         43.66057667514669
-10501.42121070351   294.0776887178011    1         0.6257268786718991
3980.8056810725843   4791.513726420573    1         0.700076152273379
8741.84271548152     -6072.738934028653   1         0.1459449388290745
4104.220555073149    -6070.819241495755   1         1.0764137255900885
5517.454589304645    372.5134861115398    1         0.3458920326293653
457.07419365661116   4765.895748383364    1         0.6467549296118752
-5288.492905346776   -5807.217413700095   1         0.8169393732596185
1916.476244129       -6599.685979601724   1         47.70178783232576
1409.2613110329094   10608.74431828029    1         0.7495918353939937
