trucks_count 5
drones_count 4
customers 100
depot 0.0 0.0
Coordinate X         Coordinate Y         Dronable Demand
-761.1057207207679   4339.315307840962    1         11.009898948520556
-2868.2290752820386  4591.4240321934285   1         0.140206208159408
4959.1361538907795   3679.379787528661    1         24.864974389881407
370.6132927165734    -4200.778197820179   1         0.6363880343217634
3847.971211025084    4191.412196211216    1         1.0989654034441505
3331.168249092595    -3470.561131612754   1         25.614334127910194
4968.134888910998    1603.407227103659    1         22.498977273263936
-3.7263527237690304  2675.717623536646    1         1.0534043025070998
-3153.931211793983   2183.7234467432563   1         0.13136270688590423
-2679.340781811839   -1790.9655583904523  1         1.059170887567171
2680.081545885095    -539.4862890580208   1         0.13704694223702574
-4126.9659545885415  -4327.3682361066785  1         0.41716221751472005
2266.265766244933    -2325.7661121136935  1         0.8703999958330563
3729.9462485692775   -1397.282911185441   1         1.218149010759467
2624.002903364079    -3751.098697781577   1         0.45657923787334054
-3981.4785320827114  2422.7087805720475   1         1.0013922109210933
519.7585031589686    808.2550743739065    1         0.37764334457811977
-374.600509894963    -1046.965078791474   1         40.56899770716347
1637.6590544466198   -1637.4338216263304  1         0.2070605049661856
-3991.482865007691   -4001.898801325435   1         0.15744859098727776
1612.6555241911653   2267.7476662403556   1         33.17610413495459
1478.2824536553783   908.1276859393106    1         0.24646461268336453
2582.761818719855    -3315.053011153959   1         0.9701056539928704
-4143.941584100703   3689.164689316981    1         0.26567809673412174
-1550.871440137769   541.8754201678987    1         0.345640947554362
3185.995074780547    -357.8060959284064   1         34.34282803734
-452.1739827818194   2123.402314033276    1         1.012936149718313
416.25133151261537   245.3090262265326    1         18.700615145007333
-2295.5359908021646  4425.0864643309915   1         0.28972748535473297
2629.9718541144753   3012.8689288350333   1         0.8431858864648745
2228.0947819780117   3038.976465694627    1         1.162104893475885
-297.6824483580058   692.1097001612592    1         0.83420811179744
-662.5533159249417   -1692.7304288464459  1         17.363760691578786
1355.9285431451653   -4774.148922710751   1         0.535664262518061
-1638.9499475734478  -4873.416226415003   1         0.7505328886927684
1940.4874023048205   1052.6038727785901   1         9.12227255957265
140.74408001826941   -837.1252230294665   1         1.171527950412994
1236.4400409726195   -2884.9247144429073  1         12.54662782326301
1490.8891561178516   -1943.6955463206345  1         1.2304913213073712
-587.1022698096797   3622.3535269440717   1         0.37836058898536284
-1516.1721995783407  3838.863737511482    1         0.5277649879672328
1680.082013695896    -4377.383495755494   1         0.8526477500205506
-2020.6271580742564  -4033.415182118353   1         0.8144970793692242
-3437.942891836122   -1318.925886926771   1         14.363282572712762
-1156.1821883401683  4344.981177960075    1         0.6086359763700511
1740.6929263668605   4324.65788900005     1         1.7132485420333186
-1060.4298408155923  629.3805664653989    1         24.50237766013574
2181.689791853268    3832.5695201995686   1         0.3767984424628932
1372.1912309182799   4972.363340873939    1         1.0055731435383888
-3691.06021246247    -3723.1754145720415  1         0.8757005113366614
4477.712753730253    -1003.926654009427   1         0.9505103930864011
78.24453729832732    2595.183009899698    1         0.32524042176961654
1328.1689903210156   -2402.1951849919733  1         0.8600150679593208
2607.1314618028323   1769.7658716827648   1         6.011436700484254
333.93793696056105   3887.3069493431003   1         1.2354680556656146
-223.03926285054635  -1240.9418895494173  1         0.7462044929669689
1881.2395081055488   -2077.272479459068   1         0.8266817833595423
4232.101737810902    559.7933898538176    1         1.1757031915980618
4381.394466562952    -1967.625478572133   1         0.23239689433315447
-1586.3126634712157  -3998.9702766983755  1         0.6721651427736041
584.2912288590728    -775.3629324384424   1         12.279533109742589
1518.6740012039932   -1413.213753228194   1         43.21221316268803
2233.81245987556     1255.3633999496922   1         0.9692041775506711
-115.18539816005455  2988.2362190612407   1         0.428285008336447
-4801.255388823553   -3946.8615180564148  1         5.713504372319263
4363.805766310642    2452.3593466787975   1         0.6693555322474148
4292.063482918054    363.769681005666     1         0.9299284282250161
-3644.915931020316   -4714.888001710578   1         0.37265182726282553
2727.5854358231704   1899.430533736436    1         1.2091393558067995
-4226.311119583569   -627.0017976837455   1         0.3775392078980577
-2917.6884771525897  -511.0766686449215   1         0.4656096047620103
-1228.329572259635   -1596.4451525958639  1         0.2647945276459042
4304.227354493595    1658.6360459966727   1         36.03390238983655
2853.663421755251    -4584.679925919713   1         0.7172924899167147
2212.654510232844    -3391.4994327676823  1         0.5656333366910264
-550.981327500751    254.95275361327253   1         0.24678755617063017
398.6607087706391    -3459.6908709940653  1         0.1634705543898503
-2383.8050361547193  -3094.001273595277   1         0.47560619197607656
4294.978982134499    -1545.3762905532733  1         0.25798996692924114
-308.8736307262786   -3661.02382201472    1         0.20122760645214643
-3105.100227622922   -2258.4473330813335  1         0.6067286251308333
2733.3807261096326   1330.3358255485055   1         0.6705969821972024
22.20159162954922    -1947.5345675318267  1         0.44726571399982895
-2264.2539929854315  3825.3349305498155   1         0.4649866282175952
3643.3454964552357   1970.9491139733252   1         38.02642509658366
-2986.2479239037784  2590.2371856820123   1         0.8329942011944993
-1866.5080414155964  -72.26095716866621   1         0.9786835359031955
-3419.6802411944172  -3072.852237683416   1         0.7307581249864947
3601.348419072311    -829.1101887430768   1         1.140106652111575
-358.6985429971446   472.5740502467059    1         1.236990420021292
-569.528248575637    1044.6761342014552   1         35.89481527579525
-1079.607369279628   2967.646994933504    1         0.2620604157457756
-2100.7237943013247  -2628.2161992164356  1         1.0985630165871885
3913.4970774434883   3111.9904161592467   1         1.0036754671355053
-1829.9020401035675  4664.818021546284    1         0.9501635070481955
1290.8012489688692   -1737.914969430648   1         0.3943051202189093
763.4983461425066    1531.7221593425597   1         0.16887567334365677
-1680.8689118467667  1988.8118947501844   1         46.39061937796742
-1572.9735295255382  281.349261994927     1         0.20390119305729726
3633.9604662987554   -575.9435299592592   1         0.545438159394449
