trucks_count 4
drones_count 3
customers 55
depot 0.0 0.0
Coordinate X         Coordinate Y         Dronable Demand
-7275.056314647515   -7910.331365230378   1         1.859977150868228
4024.338754514526    2685.3813628788544   1         0.6697991086143577
-8913.640463213018   -2078.63838789931    1         22.25318363319713
450.7100898908654    2866.7276007428786   1         0.5708204736854807
-8733.718291534964   -2051.3553969347854  1         0.5012748205916162
-10341.609591628294  -2412.252345811607   1         6.997268972704098
1960.3929468595215   -7317.33484362959    1         0.7947029229626482
9730.673124275289    3359.8487917740335   1         0.13726814716070412
-319.2474310921632   5853.83011601315     1         0.20978733165169464
3368.6296733074632   1153.7717816262177   1         0.6373632769002475
3413.6954894327      8143.485057622723    1         1.182788680533397
-307.4738583451006   9039.52339433089     1         0.531186081026161
-5621.427039820621   -16695.597626443974  1         30.988980589105495
9432.228446208172    -1682.089661531576   1         33.97895272301381
-5663.553612980593   -1878.3757143858693  1         0.46840174504079546
7660.845736081477    -6797.712354519318   1         0.514896323325134
1079.2709895780513   -9584.537566207859   1         9.309347294189536
7488.362986845614    -424.6782960568744   1         0.29113325127157363
-519.1101780944304   -9419.123873294608   1         0.5590078334086297
7028.442415316595    6404.221692590026    1         1.0183451521045521
10236.936409466456   262.55321265730316   1         45.39650278114782
-5695.9206349981805  6527.239357990387    1         27.64435257344115
9206.387846658066    -2373.473007241902   1         0.22492987186807845
-3991.916624713033   -8555.671067538613   1         0.4754497614962392
7687.579679159665    -1821.9788967507566  1         0.5119258726737085
-4564.49920948068    1862.233111976112    1         1.0287035916737626
3139.4773320140494   9619.276269731687    1         0.5236573774226342
-4267.405838787807   6570.380387125115    1         1.2460212491306337
7993.023964844768    -1262.5227325495002  1         48.35178148458228
7840.7701391954015   -2700.8738837723336  1         0.44857123715311287
-14619.90285258504   15918.951393774278   1         0.2608753605185459
-3141.1160011769703  882.1740355798447    1         0.4256433029390132
-7816.989704109473   4908.146599595549    1         17.938272765992963
-2358.258574938249   5938.888394129797    1         36.25516016099556
-4837.962678624044   -6976.06139419371    1         37.25759461182462
6642.209916519354    -3948.512596620134   1         0.17792095317559065
-4568.942619785344   2677.229029057716    1         0.8266830777455135
-2369.071003053685   7601.322634733879    1         1.1016683632086979
1682.635356138791    -3718.1212324906733  1         30.036779297253386
-2615.9709004111337  -5579.640958360542   1         0.913512722064139
6479.670264765595    -1739.1854876771235  1         1.146391597261021
6037.798072936995    8583.387668956444    1         1.0732530583529163
-1022.6237307269106  1430.5581036268375   1         9.319929473823922
-13266.656482861601  16506.3448438613     1         0.7840710466993469
3339.50226355827     -4887.710001109199   1         0.9556771074534617
9183.25009550103     1408.835966855724    1         0.13069962115454337
4233.136985598955    -589.3133556831752   1         1.233642576140619
-10458.960073770833  2075.5811869891722   1         3.854667891964297
-9562.299987798891   -1736.0512121809297  1         0.9764098216337165
-13738.996983580699  4460.569460016017    1         39.01675718335113
1930.8237876850515   -6903.489023719145   1         0.8269468537037488
-2692.752605080119   11256.544201758294   1         44.83040444111192
1873.1229542791036   -10641.368070925893  1         0.17930404475153416
-2903.6445220920505  572.738578954031     1         0.3747047381337403
3925.248901410201    3816.7355581119596   1         0.4250309183962445
