trucks_count 5
drones_count 6
customers 97
depot 0.0 0.0
Coordinate X         Coordinate Y         Dronable Demand
1449.6236560283455   -6524.042114416434   1         14.359028631113821
6059.44475861592     -1968.2840650936482  1         0.5177422833530421
2527.1573545950346   -1050.1903511502192  1         35.706718090526785
-34.29238083884525   1842.3122718412496   1         1.2220195560142122
-11484.189287473422  -510.4621190368671   1         0.37841264416330556
-2443.2088192997     16384.619393590303   1         44.208793218354096
4943.52921103319     -55.24648170134872   1         0.2923881479101992
-6217.92113446096    -2142.356446361817   1         0.4699885757602901
8279.026927505492    6742.05555302262     1         0.7712660947408895
2778.9798461436426   -4600.583256625363   1         0.7855033945767853
6210.585026299759    -4166.577492561855   1         1.109651557043862
4530.169535248494    9324.047999457322    1         0.4427709571276798
-2044.4605659195506  2323.769872336935    1         1.051099987209054
-4610.016551971283   -3194.981195190335   1         6.4755991866228
-5079.805986749488   -3396.2670796991924  1         1.1294392439697538
801.5043475727457    4805.354643079065    1         0.5735278918220161
-5044.086796311754   -6497.897705786717   1         43.652735351093064
-12025.347274553944  -7818.952289194134   1         46.65532154759591
-4475.91184357976    -853.5956193581859   1         29.632078946029942
6341.287631323309    -1933.6335991074823  1         0.7372111009854536
7680.676962147178    -457.56110599803714  1         1.0114986333598617
1033.787530656279    -6607.071776263021   1         0.8557005681770925
-38.27125589976398   9231.318941291263    1         1.1944762603100494
580.9622114443305    -7814.6786022788365  1         0.5295277984809509
823.9484174167592    2398.4774463587164   1         1.131683524555862
5676.945250677192    -988.6361563847149   1         1.2495209710718915
8979.684842208062    -2155.305526295889   1         0.5471840541580393
-9112.879053844326   -258.2337731144497   1         0.7097735097347204
2115.245315402023    597.4541539291384    1         22.889273949804064
-7479.4111303059935  1687.4574851471966   1         28.263245400644255
4346.595501471621    -8054.564536375916   1         0.5068656084341524
-817.4090673780174   2570.3525475991664   1         5.063148508180086
8267.39666952669     5758.977474687417    1         0.6514208161626188
-9262.205066378276   -1762.0857555970897  1         0.3624154326728408
98.91608217605118    7620.3002932448835   1         0.14129701073463893
9266.112290157027    5182.048348987035    1         0.11322620989076994
1027.8423468027847   -10618.373898927448  1         0.1273866188662541
3217.1923175840097   -924.4913170275992   1         1.0859071970725174
4075.0800373670654   77.53816786947966    1         0.47423976616829344
-2370.4080932799134  3862.1195361557716   1         33.65369016587031
-1089.1408781684204  6290.8392429640735   1         0.4174164246607428
-6377.296094971199   -1344.564853040779   1         31.623086172796352
-316.6287157482075   -6047.668870133478   1         0.6918146132018463
2198.256506220034    -9943.165875423007   1         0.8890462265286931
545.9449808521786    -10042.381154689872  1         37.495206378904655
-4760.451098966072   8151.959088681005    1         0.14994231279263714
-3892.4619998917924  6932.5972366676215   1         1.2001628449229862
-12720.041923287157  -9691.022155226134   1         24.55669129966088
1698.8945312982362   6082.438091303257    1         0.9928444565592687
-8584.008375902045   6651.653115221221    1         0.27417152420469204
-461.2017409768238   -134.61173433196453  1         7.88767566973349
-5934.6034828178     8665.02544067829     1         0.31509143306788356
1250.8183233871578   -464.7375118412241   1         0.7766258168483522
6612.746138639772    7520.877820534194    1         0.8525288595517768
4703.568460740291    13725.210113509733   1         0.23255042389434696
2216.593833881382    5427.404706955832    1         0.8186096675448623
-6346.94939783       -16024.864478412084  1         0.21741322777051708
-1628.5795990669208  -1605.4329244536564  1         0.6384388498185867
-3707.364114643115   -9980.982672054515   1         0.17280712623007016
2409.572041485239    9588.740406327337    1         1.196854877944625
8410.183696125365    -11447.668826502811  1         43.54447512443856
7505.292117169401    5925.7071896367215   1         0.27241877675923537
-2273.6772894321316  2234.101367222954    1         0.9423650838462181
-138.07010647826246  16347.343977830104   1         4.023809198298871
-8750.894908458638   2848.841649105508    1         0.3078807990918427
-10769.69086299411   -12610.670640879363  1         9.68366803131533
2260.471843507727    -1032.0133835767238  1         0.9162745585795982
-6543.1563245489015  -1469.1149089351643  1         0.1894704550360469
6168.142577826388    -8260.204623267546   1         0.25980409039734664
3638.2357534356925   14472.55547857656    1         13.625652855040927
-1930.87426638843    97.83968423088525    1         0.16042618236297507
3794.017272752556    -4824.948722816484   1         0.9576948006558472
192.12107939426207   -2021.7969605361639  1         0.983776249177865
-5102.480168730079   7196.967606248514    1         0.17923892854468096
1072.3693410064018   7972.163233953214    1         1.198062032972525
2993.115131536594    -550.842876658367    1         0.3982481326514441
-8455.518207752      6030.105810222276    1         4.417464708876919
-588.7107124114088   4862.982197053028    1         0.6358849939775177
-4725.9326167425415  -4228.889225002287   1         24.022012036876983
-898.9871097311674   6366.3729943668095   1         0.7902141355813491
-9053.654071961202   -2210.365870175897   1         0.4913968899194101
1626.3593137482733   -6789.663111960784   1         0.6474931497601951
9971.695021224828    4488.830573207082    1         0.1260447757899573
-1460.7590178779928  4191.332148054794    1         1.2217686038033893
2570.5435925307556   -2531.1739694133043  1         0.2886198562374467
-13307.545671772401  -6783.875059305088   1         39.657570651158
182.39876061580765   -8686.362830726419   1         0.7855246658879393
1533.6816782688882   2288.889619514154    1         1.0205538953025635
-812.3937582868546   -257.673902494087    1         25.687386809917204
4096.4853750624825   9322.328221775173    1         0.5967488658322051
-4976.674654016175   -7283.273875736269   1         0.36709908963010407
1685.9114260582758   9282.198540076113    1         3.628513737271718
4894.161552353874    9758.947766457664    1         0.6013073325743502
-2703.139048435105   1737.5928173114992   1         0.22103189430947717
-9302.656601665574   -1210.4644978747642  1         1.0614241016766872
9732.264018403936    -2346.529666338775   1         0.8316504383878937
12464.085148274029   -4779.738888829941   1         12.156200889134999
