trucks_count 6
drones_count 5
customers 100
depot 0.0 0.0
Coordinate X         Coordinate Y         Dronable Demand
12635.797747964598   6443.761676636195    1         35.85106532718671
-3926.2903363422583  -554.1090829020912   1         0.7416264923987624
-1030.6434998034235  8429.9081258809      1         0.4542972859846385
-2544.74224547064    4041.7055268917316   1         1.1259362963854835
3388.7659339922347   -1654.1629832022325  1         0.8729073052302668
-12094.006665802528  -2606.4769471070376  1         0.6114202048681845
6776.184981516682    -4459.158161558101   1         0.8408133848381938
-8403.335495348605   329.8751099221656    1         0.869678082598736
-3009.33255964272    3988.49697988023     1         0.43033254139730726
7073.339511296238    -1535.9105540651472  1         0.3392862931658903
4447.97339215728     -8748.26468102483    1         0.9190742234986206
-8749.0893960169     -1533.9882775685028  1         0.23952458406780133
-7412.107613631442   4831.605525298803    1         0.6718234108818213
-9023.30712297906    5945.649795437605    1         0.9839439940420939
8347.472015393716    -2338.478001526371   1         33.6122899565968
-910.9490456500224   461.88506460519113   1         0.5143426144202966
-8411.11347673187    2968.0751678022602   1         0.4981367643827421
8449.195055435077    5775.423639665775    1         0.8316181077763718
-947.6106780472011   6011.883541419727    1         0.32085131086172014
6102.967701432241    -3464.27168724768    1         0.7478288331584074
-2977.94597178954    3388.35512366497     1         0.32589137199370594
3337.53847126817     -3562.1014934379214  1         6.60988952925725
4657.53283612585     3869.476737109433    1         0.2780030285197194
11627.88297842454    13027.751086902217   1         1.2294689515835053
1023.1817416264195   610.8605164244908    1         0.7262982813743597
6795.097717128156    -8462.982298591043   1         1.1869008145236002
7776.87506166134     -4423.2051109301     1         0.19548455821480626
-6573.730016430483   1629.8245966084196   1         0.6403591814174613
-8789.938141005405   -4664.3543502402235  1         0.2974717146321739
-8018.403689031459   988.5100138588183    1         0.5786087436893338
308.22936169907734   -14699.433303273705  1         1.168852508924846
-2718.7600518297595  2340.8929801605855   1         0.9205194914926037
-1015.58478203552    -4943.112019850102   1         0.6908512702397186
-1527.628842740881   -10465.945741149899  1         0.17703822687089843
-3752.3005883554333  -1918.7958098411434  1         0.3906865241685006
9593.122139252699    4335.024567235332    1         0.6496691954642071
-4783.525977925079   -7826.815210158429   1         0.68823748679791
13693.208914941742   -12344.890865061414  1         21.3803867283629
-9251.737088928137   1807.6817117425223   1         0.3004917557079316
-4735.535071491715   2915.451785519708    1         15.172700832538396
2210.018601201976    2684.8115284063633   1         0.6902618348429628
-8754.702361580024   -3092.5132513938024  1         27.428276944657647
8373.638073032456    2632.752858295479    1         47.80454734578672
-1184.1243904590021  -5897.134127689256   1         1.0169687565044314
-2491.586088301109   -5198.251322036982   1         1.1239395685563924
9238.821076147915    3416.3253202676433   1         26.350185547687662
1990.916139259365    -10295.047032766626  1         1.189613728157335
-541.9666248877872   8136.591940690342    1         0.585749891265901
9304.021519199006    1492.1495802162308   1         0.8155957184107139
66.93655702042244    6397.836673705525    1         20.034015799922315
5529.82545400884     10949.68642659093    1         47.70818715300255
-5600.227826437275   -5620.771717763669   1         0.479047790755615
933.0263645768119    5582.367609778307    1         0.7087665375110477
-5847.110347671988   -8915.940923237029   1         0.35514613569846853
2767.0934204179825   -9396.49232405255    1         0.43846653359575016
-11540.642117485133  -2199.0615405881854  1         0.38795065538546336
2297.6851705853273   1524.9823259085806   1         0.40073190358385136
278.54173040626415   2821.689857424059    1         0.4125313348686409
-3712.6332777442753  5550.363393244622    1         2.731229126981143
4680.93955235798     -2372.26334512872    1         0.7950295070467691
50.72183968144614    1888.362725803172    1         0.14789816790894478
6059.265639585179    711.0513459285903    1         44.64311709681895
-8526.338354415793   6433.869079503279    1         0.8616120400329453
2128.1519576105566   -6924.233120483909   1         0.5077464171513159
6395.941449974512    7749.209357775533    1         19.418779519815853
-1102.767535632003   -7140.072277787275   1         0.32733832759673903
-7479.301813750443   1920.7211347318193   1         3.2028549527420402
-7448.651760880411   2806.367381836413    1         28.206837526114253
4091.9215542434595   8642.4989478847      1         0.47035765564487586
1413.1451289441272   -6986.808897889512   1         41.61282901338957
5184.887628401313    6758.0845173766775   1         0.2471633119719638
-7148.597133292866   73.71037884689913    1         0.44392608205472406
-7949.470085368884   11196.45413556797    1         0.16596095134850275
-2677.8176146808983  -3604.483271750203   1         0.3205210462192083
-1194.8493591873344  -6086.185031366707   1         22.9871454095492
-5343.1028927626885  7955.168198624601    1         0.8945461050913346
4368.917925257769    375.2964721281773    1         0.11905797576641101
4007.45751198318     -4280.554198924107   1         0.8956415822245374
-9609.061967885194   684.0091590091067    1         21.034628890520693
-6610.689182696792   -4159.503379896467   1         1.0626658939431812
-9238.923206842395   -10150.616341320329  1         24.76971727924381
-926.2938313446349   8385.398774099202    1         22.705214993013318
-5486.688769387898   -15171.018214657168  1         0.2686066835862938
9548.256546559758    1300.5480958151952   1         0.7865664667169251
-7689.534868695746   3980.471114775777    1         45.488768199773496
10379.41438277501    -7013.336577324853   1         38.390487400544544
-6245.249479544479   -4708.81966895073    1         0.708789118302943
-5661.239510829034   6315.316660515143    1         0.5003659102295976
3254.0761097247632   1794.7014366203912   1         19.08945269139793
413.2512146340311    -5389.868151654922   1         0.2961590319335623
8822.296216542       -4582.374528713463   1         0.647717418068257
12186.701049148533   3171.642392179221    1         44.1367190065139
2026.3983029294898   2472.2509170972703   1         0.23320842092275212
9969.026776154467    -2981.5029079190626  1         0.8478392054789613
-2512.280740366518   9108.152809618534    1         38.225886669242115
-10876.046018530924  7822.845614922297    1         40.65690605589184
3579.9475478117492   6409.819514671881    1         0.16978610628878835
835.2444349161317    8868.212372428061    1         0.8210107844851459
-1326.6083983768428  331.7544829726269    1         0.38873622416865683
-3389.2503636642346  5213.063193974921    1         0.3768462326454932
