trucks_count 2
drones_count 2
customers 38
depot 0.0 0.0
Coordinate X         Coordinate Y         Dronable Demand
3114.8148842067576   -6064.225296666907   1         0.6506545581331651
466.45107681160334   7567.095554695325    1         1.007373479782699
-3843.346791269073   168.6202332501696    1         0.7334405061946403
2190.6930121883715   -421.2926549520739   1         0.2918762364470496
673.3478022912605    4921.0351726149      1         24.788122655751188
3523.6703788251307   -8292.472799882195   1         0.14363895625400588
-981.0010389207182   -4187.608681070566   1         24.760921933281995
-6471.541698243686   3712.3984288898705   1         20.573691643323784
-4316.236311289818   -1248.1184537907648  1         1.1744213327263737
194.93374802489842   1870.5132305973423   1         0.8222806240504321
5721.176307161392    -7805.414601272332   1         0.6497877854106633
-3027.538614487013   -5255.340069946847   1         0.1988593865845168
-4.891830028425497   1218.4925861369916   1         0.8837143154094491
-2873.668798149415   4648.546833310094    1         0.5010590253747699
-556.6555894023986   6834.222315257524    1         43.03878865892306
484.00973996316577   7569.497132488576    1         0.1896544221220186
2527.13368459273     -8162.415835073418   1         0.8865778219615712
-6492.8405028193     1773.9129599748837   1         0.4245666497941524
-1394.190391317696   -5862.2506196097665  1         0.5902217214899039
230.96376389988473   -3669.121748812142   1         0.21929910265568114
5735.809563581093    1725.7161984507386   1         0.7665345283383269
-6483.221180432656   -5488.4219652889215  1         13.26532043865007
1918.3645346869503   -1191.1684348137383  1         0.879585282181328
6181.01752782925     6791.823596805174    1         0.6626502228111398
-7979.942837866395   392.6570795694162    1         1.2319672468948515
2433.302842571445    -7172.554638488219   1         0.9579727660505624
-4753.740927274634   -4173.194435522681   1         0.5488652625825154
5445.546153049803    -5035.329479389158   1         0.10859320000128789
-3254.596810537159   6983.665213880517    1         1.122359047068641
-2696.9586636597123  -3873.6109325493703  1         9.039215101191886
2999.5315702526914   39.26761409344181    1         33.92833543876515
-2468.9129199354697  1023.6830313158447   1         1.0725390344567476
-4325.422973331001   1244.970201954885    1         0.6216605546477036
-4365.940970576317   5324.969809382794    1         0.36148523614058525
137.10779643664864   -5791.586766240209   1         41.117593417419485
2326.7840279227526   -7589.468319143177   1         1.2077237573964132
-3856.356507440068   2638.0713019562345   1         0.9296926744842856
-4974.402772818409   -459.3177245113157   1         0.9494999089713344
