trucks_count 5
drones_count 4
customers 67
depot 0.0 0.0
Coordinate X         Coordinate Y         Dronable Demand
-885.8405094453477   -3332.4153632116518  1         1.1968310727637321
2271.812343525402    2224.2790013191407   1         0.5766385520668079
-2821.151995767466   -4953.463114468571   1         0.19350695290918063
-5116.475163996558   -3625.016098368282   1         0.3509221836168106
-3295.1489704301443  -4454.381481543204   1         0.9258710365843569
-1816.4824806601364  5270.022550590553    1         1.2374624420853433
4811.852050369876    4728.138640762168    1         0.6194021041658329
-4120.565708373911   -1391.9674658811746  1         34.028049552958194
3098.750122045024    2993.95050676776     1         0.2956748604195511
-4855.061317095888   -5170.556815557039   1         0.17376561181452746
-3194.4767350338575  -610.9811966922543   1         32.52598751274155
-72.07061290780668   4672.739664278773    1         0.4892763372339234
566.969568815487     3676.219238035923    1         0.5471617845539007
4482.634939685343    1206.0421531283416   1         0.2193887735845098
2900.056706820171    3771.187722832441    1         0.7488812321477554
3366.0689102853526   -5941.786135723922   1         0.17886900848655035
5590.7991168687995   2843.389067986474    1         0.10598595433896696
4562.560973559873    5090.158879588891    1         0.6957372785388347
973.8078382083623    -5556.830389099254   1         19.795474794309417
1982.0656582930906   -48.79025905982129   1         28.106876436245177
-3452.7946138887123  4047.5845776764545   1         0.6810635463956838
-2137.4944162512083  601.6567216705961    1         1.2392416681432863
-4896.117424431333   -3683.7251030546972  1         0.800763595724267
5242.750772659991    312.1603654578414    1         0.7618648703930735
1611.9832934987232   4749.105849892592    1         0.3841678970338265
2745.5359033278974   5027.818784852707    1         1.0227012044676806
4153.595986542937    -4616.663979386584   1         0.7399885646369445
-1860.861918780327   405.56027698440596   1         0.7528112677640826
-1487.7284550566692  -4440.820637153968   1         0.8073674024902426
-2150.8798089702605  3980.117299334678    1         0.23919761266285677
-221.21860505915976  -4788.111887725001   1         0.5154996280815205
3554.4796867584473   3683.4566448246014   1         0.7171169806700918
-3098.281635609055   3616.1600305447446   1         0.23736125568272667
-3041.6449565956964  798.9222529859255    1         1.091081069597476
4601.42907719323     -1119.7819542351772  1         0.2516167517782945
-2282.8148510929973  574.4316917434112    1         0.1793725258765701
1479.6164673239355   1401.9804173183884   1         0.815751704826731
-1152.400111528736   1161.4677945041851   1         0.34027192490843966
-770.7334572908221   -3021.462753098955   1         10.394112609525596
-2602.38923105663    -887.624536139347    1         1.1428611272080746
-1573.6877760808757  833.0544254284969    1         0.4057565246160031
-2020.9824286214712  -396.4460373813194   1         0.3586918059634714
-1989.3953934873396  -3457.4225020353124  1         0.8864440039559934
-2063.957216447162   -1613.6254892994266  1         0.4729033812961274
-5823.500043170445   4065.663315413087    1         44.80608275929817
-2565.3591636070214  -1337.0641047715421  1         1.0016680338776658
-3842.8434334795534  4091.440242265211    1         0.6723739869661257
1518.2345098585386   1767.1043569444928   1         0.8135368144886592
-2335.8277100962396  -1678.0176806224338  1         0.208210106375329
792.3274352404347    -80.08400761126002   1         0.459219632529411
297.19794929834404   1958.2241110465386   1         0.5924629801402089
2303.0411056222447   1787.3032765586436   1         0.7482113206547862
-3219.4673424410807  4678.788047477641    1         0.5988514472088557
3838.0739032314204   -3252.267373043654   1         0.9698623675160197
-139.53561936003916  4968.714378156945    1         1.1220265898621757
4115.908413740532    577.5432009436205    1         0.8140073672781634
-3420.2915029267815  -309.2657906108107   1         38.36882793672385
-3556.293456912032   -1780.655088277706   1         0.19200731841784252
-3600.8223774499706  2526.2337296352193   1         0.5758404720946314
-4745.124575930171   -5319.526760340179   1         0.3696877731398234
-4470.724081503964   -2838.215518178298   1         22.00186985598576
2127.2227937119887   1679.0004972426327   1         0.556178368242076
-3645.0694436622393  -2765.4239551442392  1         11.602494430112742
3186.450223663742    3472.540093769614    1         0.2798961655576889
-4566.534861564948   771.4426870228345    1         0.4167973285468437
1743.2824645697556   1957.296138218782    1         1.1802673514789015
3784.484616086162    2828.172489456018    1         43.99639062909456
