trucks_count 3
drones_count 3
customers 32
depot 0.0 0.0
Coordinate X         Coordinate Y         Dronable Demand
1933.1953813327848   2404.6522396612495   1         0.6432946195504728
-10143.11985574387   266.76071109133653   1         0.8068271237549423
-3272.29428090518    8175.469608616437    1         0.31237259878027435
743.6362606119377    1903.8062914169204   1         0.4614753966340188
-4230.403844037154   2831.2147244558378   1         1.0992814839692022
-404.8432943813109   9320.355261260045    1         0.5681651998023838
-4054.622543394102   -3680.4112305300196  1         0.3843338291989453
-3519.360761853895   -924.6852128623539   1         0.4105853332105711
-5902.494744932817   -7209.340253182478   1         0.7896603384333101
-7969.852739396434   -6580.430113615651   1         0.6386779124967665
-2435.1029292296157  -6961.6998028495855  1         0.47903234219378754
-3706.8749448256476  -8747.814140086122   1         0.8455833352814919
-10491.8589383871    -2801.8224937915943  1         0.37614300735563466
-170.8642751477821   -3141.274450333266   1         4.773110453888954
3259.5934904654137   -2226.8553108890533  1         5.2709536793230285
773.7946490753432    -4018.2422465785908  1         4.4195832542927
-1197.301583103453   5206.851713590718    1         0.18879897710969737
-630.7753381169512   -7437.950456130424   1         0.42470675803387925
4115.849415179549    12284.532272886936   1         0.7999726042235109
4317.890956265162    9213.744627901704    1         0.3943234844291468
1316.868489782318    9280.411114426111    1         1.2422322482764776
11955.139602928903   -98.51412383812749   1         0.9384538746471972
-3796.2698887771844  10117.284334522159   1         0.9628603655530433
2062.6889000857514   2006.1673296159051   1         0.76221168411927
-6665.531400801941   1893.7859353333556   1         0.25130746699076784
10579.501586300037   10713.517092854563   1         47.46724153938689
7450.960174263618    2703.4333675193525   1         28.047888743044208
2851.861808183666    -1149.1632558558367  1         9.548842139546302
1899.5851196616932   5848.1574230400765   1         0.9957524877283149
4488.41343911293     -8841.507116047018   1         0.6081592283146373
-8000.103911079951   -363.60139282995306  1         0.6520873746613812
3825.938846423672    -9945.046466191438   1         0.5548935792517372
