trucks_count 2
drones_count 2
customers 28
depot 0.0 0.0
Coordinate X         Coordinate Y         Dronable Demand
-4260.67365491141    191.6661594095336    1         0.7978967618890038
-3469.0367769776553  3979.878342690523    1         0.405060491918388
-10550.53245796825   -788.3509356782675   1         9.380622249517346
1197.500620963332    3618.5797508840287   1         0.3206536668580886
5607.408582645666    -8149.07040932278    1         0.8480413702206299
-2065.6501523318657  9988.524330772358    1         0.9968300084140028
-6159.167306391393   3022.0455727511358   1         47.51191633287599
-794.4673561632342   -9653.074581351359   1         0.37078664089169777
3976.1664919964987   -8236.876042122887   1         0.4298089716236153
-7978.54456319915    -497.7570151400952   1         0.7208081181186058
13063.935785673551   12258.26115562749    1         8.96928746864991
5296.370180079667    -6179.637525070402   1         27.428040019235038
8909.380797203477    1320.2616067931967   1         0.7952239854772691
335.85822699995697   5407.840105204148    1         0.9524490571678744
2604.2681971924812   1965.006560393263    1         0.4031588049733801
6307.498562290618    -6420.157784267364   1         0.7460036337114831
159.33168362827928   -14788.723888896358  1         41.7833817588077
-1166.5554462598986  482.3625450093457    1         0.7847568111630665
-9746.08189059633    2686.35044767168     1         0.7740439387487722
1656.9139330044927   -7176.444917640653   1         0.5555530762123868
-2408.073514084881   -6186.965511128247   1         0.5182348304052581
-6833.0466899728835  15157.611103392053   1         0.3332956817869669
-8375.429609653325   -5420.538849263878   1         6.5904566927248664
-11968.401250561947  -14663.51438949136   1         12.815647007044571
1336.640432959226    -517.0278176097506   1         0.92391748673479
7974.446830926965    -5180.393417451957   1         0.28968526796722016
-9417.106640820244   15301.477102492096   1         20.1753064473112
-6751.209956745584   -11808.55563028111   1         17.133786223446215
