trucks_count 2
drones_count 3
customers 38
depot 0.0 0.0
Coordinate X         Coordinate Y         Dronable Demand
-4097.820048037577   5316.292510231685    1         0.7733640014362299
4090.735746853445    121.59275846219461   1         0.26875520267600717
-97.5503119226303    -702.0799996055551   1         0.2844927919734992
-65.64076042541276   -16.518685268416128  1         0.6922866559007452
-7810.0938625996905  -5897.015656260218   1         0.23308184751547248
3917.207893514496    -4572.161352588091   1         1.1685634873814112
-449.52550882071546  -2779.2953088202066  1         18.816189732896383
-1832.7062431759925  -7484.0116899839     1         0.6463080776596898
-2401.1062282294165  5092.622378943673    1         1.0542397837306474
4136.390070551032    4534.156685011999    1         36.5806802833428
5360.368488370851    -1268.3126709749192  1         1.024056757045269
-6101.904484276101   1675.689167174731    1         0.9853381702062488
-4572.737882992992   2613.903156966086    1         1.0588883913578746
-3225.4464340554377  -3087.9831106397382  1         0.41126547590593077
-369.53953737600176  5179.44184115746     1         0.9784259105362296
-1741.5650424908831  -5182.071044472044   1         0.45131658032532196
7854.970436205395    -4054.0895444962716  1         2.50350544520691
192.599827526451     1298.5016213417339   1         0.3970838774426967
-4000.4269795816786  -6728.537817234136   1         1.0269856416556824
-7221.984481159122   -6918.384103023414   1         6.988328467771899
-3167.2054245201566  -5609.732016142112   1         1.0292911785989156
-2867.680715143799   3841.4515825355343   1         1.1732364160413813
-7013.961064546235   -5041.20316797277    1         18.004825304285536
5020.826749762862    -4795.068577500032   1         0.9563148598286069
-4975.65831966358    -1527.4950195803283  1         1.032668012273107
3878.186200090475    5916.535242762756    1         1.123580513364911
-4805.043027445348   4049.300378008088    1         0.9144844294246943
7768.144607606285    7072.805590973876    1         0.8350493704954853
-5715.275599095201   -3830.4471362021677  1         0.690836663171897
-6868.593176120018   -159.2064752491913   1         41.956964262762334
2219.992463791301    7320.175013712606    1         0.24959755991158958
-4550.515353062928   1168.541941385397    1         1.1212840860103193
2273.480011123275    -1133.5609204813857  1         0.8289240652851698
2096.40695228849     8025.501081987842    1         0.7736021587369613
5783.2818219349565   3996.4681100848857   1         0.1018704967752293
4049.563490397382    7567.094537148982    1         0.7518467851521141
-7372.681512868192   -6073.6697230453565  1         0.12762079468536314
1362.182514946637    -95.77397493650449   1         22.255726935997494
