trucks_count 3
drones_count 3
customers 36
depot 0.0 0.0
Coordinate X         Coordinate Y         Dronable Demand
2451.9346425350477   -5454.674842037513   1         0.11053924988929792
-5336.082386546715   5414.843425141277    1         0.2568881519030216
6950.928744611912    2184.743461729862    1         1.2010737118858439
3952.351380449656    -1101.1846558050054  1         0.18258966543618696
-5640.119116417255   -3898.310321618609   1         45.73579046625174
1376.5198497382853   1724.7967193188963   1         47.288877162227955
-5679.645708808175   3733.1326067235404   1         47.678280363651055
-6545.483325791513   189.14967667934243   1         0.6233188185943797
-2502.178440228502   5976.541722429398    1         37.25280895439982
-4019.4624847565065  7144.704872348597    1         0.7399244024035744
1203.9288465320287   -30.58228221927046   1         1.120980826023016
6591.0886153661395   -3450.280527810091   1         12.129218339249306
-1674.5722401026198  2638.3585259815472   1         1.231980191187241
-2208.010771126516   -2209.7811042660283  1         0.21557364978949267
1073.0125700733486   -5313.895341889199   1         0.6023069121169043
4952.916896880206    -2399.06492095272    1         13.952484369862727
5792.55605093918     4100.561730029098    1         0.8639604658753052
5491.3156356866175   1582.5785392306966   1         0.41562816395823476
-39.27945671304042   -4074.848685689618   1         1.1990597552644993
-6529.369747500718   -2247.4548026014527  1         0.7811551087102334
-2776.7565595034007  -562.1760823980377   1         0.762205054772168
781.2675752901114    5782.524358626888    1         48.56922324361375
1782.547625713428    2221.2966109619924   1         0.15576223274081524
6122.297097951174    -2717.2492233660705  1         0.3914697544687684
3406.2699979270383   5432.751395460916    1         1.0291159462582136
-3304.520675707717   -6167.256453821907   1         22.412181358607434
-888.253391223113    4133.628751567059    1         28.375317715131192
-2821.141310307933   -6561.052815243571   1         0.7996360091826868
-4247.931366835807   4516.959077694856    1         36.65433265101178
-1723.72139428339    63.591711639627164   1         45.37133993760995
3639.864437491932    2102.284535488565    1         0.5817345482830893
-5710.385359650007   -6070.293298761473   1         0.9858291119766137
5005.19704433217     -2914.1174410881113  1         0.6388778871966533
4965.2426796768605   916.7454549976646    1         0.36482891245814686
6802.2376348596335   -3102.6039926645635  1         4.826113632836673
-2814.2959524564762  5760.62199211837     1         6.232861581917301
