trucks_count 6
drones_count 6
customers 87
depot 0.0 0.0
Coordinate X         Coordinate Y         Dronable Demand
3207.7060524306366   3328.920580916259    1         0.9330330653541317
-7626.874425027207   900.1051605717463    1         0.713165096558552
-7979.531750511104   -1444.7143783816582  1         0.5887198953794504
7932.488315117538    -7262.904661421017   1         0.6150508467025381
4911.570107403559    8426.67301761425     1         43.80358077733939
-2396.868727054648   -7089.303991226597   1         0.8708198474275312
-7170.324021728355   1521.0693607953112   1         0.5967809818689839
8980.719336916809    6193.484606399848    1         0.6399799963965459
6567.647038151654    781.3699216902398    1         0.6386813428228979
-894.3639799525135   9356.915097632344    1         0.7160347448747525
8873.290770711854    2189.2524657820545   1         21.1785010315992
5267.299967339772    6031.298978969489    1         1.1125776139732086
-4599.208829132528   3208.6531929511684   1         0.8090464837987524
5621.948187621149    -9296.738379793316   1         0.31539698397014326
1565.1868737723453   6814.873313118238    1         1.0472632693568604
-4702.792018195662   1212.210166591958    1         0.3118342710092664
-974.0379768225433   -913.6830680022277   1         46.69544073763719
-8401.695224450772   -6446.002886280727   1         39.03195508886165
4383.672046415454    4152.499845223621    1         15.89775425436562
-8156.827281252445   3330.1582206287167   1         23.470360251832975
4814.538533415041    -5301.754267178499   1         0.9597301012567099
8604.778352062536    832.0966379544884    1         0.7370163775048368
-7032.239433986177   -4124.99713388947    1         0.10577057031172417
-4984.406662672153   1074.7247984426622   1         22.950381570259736
-2163.937314312186   -8920.369715891828   1         0.7106540695528342
-1992.5976959365971  -8549.253344978419   1         0.8030032311967457
4283.627172481201    -4629.026427518758   1         11.138123561337679
-9127.576734119782   -2854.491597885121   1         0.17061592271549098
4676.873822897787    1387.242424932061    1         12.303573045991879
5857.595218391559    8810.523285276111    1         1.1761479091335527
1239.866286137212    -8300.843603737487   1         0.31147464528908486
-9917.504432753374   2461.5033765366725   1         0.9297573958996281
-8965.174806840889   2253.325600959076    1         0.530741238101613
3141.0161619266773   -7345.949085705983   1         6.30451653331591
6221.8399945414785   -3706.3227325793923  1         0.6461018473936565
-5499.041908861065   -725.9040724769599   1         0.3098301812589676
-4351.848359776427   9450.3370421469      1         0.5943161564706293
9059.618800282191    1890.2928444107147   1         0.912862529972462
6017.914290325569    8701.440046382655    1         0.6135316765487345
-1517.8739920234675  8254.229331943116    1         0.5640051025930248
8478.702103046751    -4847.0265853373385  1         0.8778483685819098
-270.6981179361323   -7969.378458456681   1         1.0225806626362366
8776.138302210251    6011.412288670519    1         0.5718307165792769
1121.3273346264693   4403.205969162453    1         0.7057626924230405
2858.8529395594146   -9274.84285396259    1         0.9895893803195227
5823.315060298875    -2035.4168968065633  1         0.8794279571616814
-1838.1837523100223  -6808.51233910406    1         1.201894558865113
-3557.1748512403465  -4857.771164226499   1         0.7928867315535931
4167.15269217614     4138.213088450431    1         0.7017950615510585
6581.125175142059    -2355.8450873009897  1         0.3412242039923235
5994.892009573139    -945.3217574820283   1         0.7855464288164483
-3755.0818172421555  9175.30383898989     1         0.9662401657184132
405.13531362174575   5013.934161314328    1         0.9758324586619641
4288.865501239261    3747.1510740874674   1         1.1714211356295112
-5996.64892295148    -5123.086691552653   1         29.353248560258344
-6017.245278063645   -1082.880939452456   1         31.3852966314464
-2481.774390394091   3196.669302744135    1         27.17070654382409
-5420.576382122876   -6006.232064206411   1         0.8367196486414241
-5830.10891734805    -5765.151473419392   1         0.4172602007440276
1901.7597279757908   -1598.8549750796265  1         0.2052943240077582
6915.885607551095    4734.227802426955    1         1.0865494768770414
6410.981537267008    -6878.827385502703   1         44.25544457741814
-6774.519987639397   -5188.083149123051   1         0.6143335762904034
6667.526470015885    -4763.365973665675   1         1.050298152434705
4363.762869907086    -73.36605356582814   1         0.8811959641697329
-9923.977847423512   2040.8062315581478   1         0.3325183565106937
-3997.2241955355184  3813.9130201197113   1         42.79789328256831
-6262.840237185747   2370.554525663694    1         37.684210825747066
-9061.21240820652    3864.9801912876474   1         0.5355775961019594
-130.936069878961    6938.011388738961    1         0.18936826644980273
-8423.735162103061   5827.786744987168    1         1.0172660540485698
-5570.608668213568   -9026.981953997414   1         0.8915182582993091
-3791.650374871054   7974.835702768807    1         1.117904938614089
5771.343367795598    3127.3246928663666   1         1.1848585001733556
-5329.309400819333   -5973.32522043473    1         0.796562293433421
1512.0210380434596   497.58213477573975   1         0.8090306524928291
5325.148158525388    10000.054543561546   1         0.35074290833425603
8540.949075985181    1830.0522287666724   1         0.8727347865056346
-2898.370411399449   1390.6078226233608   1         46.47454498762814
-5441.23421513795    2277.637224310698    1         1.240589820937458
1252.3649585673556   -374.27297904630876  1         0.9371718949336217
-2441.8793680579615  -5670.695870101669   1         29.065827273028745
7099.5577303639875   8519.793282230661    1         14.959737039512984
1397.9540762305953   -6142.489550124959   1         0.6775699094113259
-7155.864483902053   919.0185046838697    1         0.8568160056372462
61.89119450751914    -1900.5491160317415  1         0.1433655355502993
-8978.0695879454     -6188.702884628942   1         0.4707732908590797
