trucks_count 3
drones_count 2
customers 34
depot 0.0 0.0
Coordinate X         Coordinate Y         Dronable Demand
-991.2209963504234   -4998.873760394257   1         4.909236392385122
9299.553621397132    1006.1764355092669   1         15.431598131041776
-4162.758677418445   -5225.586764738675   1         0.8352124152966406
1898.7254638667464   -6534.8095266501205  1         17.11942503323599
-6551.014310509478   5675.212840708698    1         0.2559588199664707
-1038.5722747822085  -555.9660843617305   1         0.21431735721204087
12135.398249867023   3758.3075648291597   1         40.62592233431689
7619.990325211669    -3600.808535213048   1         0.2753922390381009
5374.025109747367    7851.360044765718    1         41.29230959920257
-746.3029843897363   -4554.977845624279   1         0.33120066309140606
7207.42040463358     -200.5163614271897   1         0.7315774508698865
-10291.798877031577  -2293.3935479164593  1         1.1950692643367924
7780.966895950211    -5784.253830551854   1         0.36379744367313216
7032.817570101368    877.7264350560421    1         1.2119754467324562
-2659.1744237651474  -10209.842097877628  1         0.33116420840014393
966.7621458988103    -2935.0814426465354  1         0.20298052119904525
738.2992750301719    6082.94340974633     1         0.7140119205316097
-7746.725961808805   -2796.0918628911663  1         0.9006349166516162
10615.062918809948   12959.717489233371   1         40.92757805313134
8005.812072112937    4574.279680877415    1         0.7828568391077438
-3415.9489702414526  1012.9408389892682   1         0.2428496288049817
1866.5395474135494   1889.3959685216855   1         0.9805548066941077
7664.992881371505    -3498.805027076938   1         29.396983442664073
-4176.646760603594   3635.883420911666    1         0.2311995423272319
1445.402280114788    163.60861852095672   1         0.574668881175907
-5069.688706538123   -3280.2585140996944  1         0.640057669151527
-3616.8472832836937  4710.412000717311    1         0.6590496878047033
-6819.383985466399   -315.07238529174555  1         0.10474176874186233
-4709.586549103768   -6213.88922976225    1         0.47613011629533997
2660.9802458862137   -7707.733463976636   1         0.9155057240955383
2909.8471714986335   -6717.885433524449   1         0.23623490407942038
1437.0610652667983   -3341.2656254021313  1         0.6958893616447621
3969.624854509861    5730.559487465528    1         0.5929171247229083
253.44995768250868   10833.686912388073   1         38.18147879943983
