trucks_count 2
drones_count 2
customers 37
depot 0.0 0.0
Coordinate X         Coordinate Y         Dronable Demand
5318.740508494775    1446.0373997436354   1         12.223177242234042
1973.1403417365702   -4958.567184294994   1         0.7108202076451005
-3049.147037644551   5081.888959900953    1         1.1168824616471826
6404.746645126741    -6178.212687462635   1         0.6359200882464708
1817.260730941072    1432.3319552078508   1         0.9540480555848346
-3599.2738437545586  6383.585595814423    1         26.635494542882125
8927.589994816703    -3495.7601030148935  1         33.22357261202057
-8340.759897730828   3545.6988911852263   1         1.0822307429916311
-2418.49456924618    -2962.243386087609   1         0.4915650658697589
-1051.77596150346    3062.847604085996    1         0.43319707920544637
424.2186315861298    -2420.197724438027   1         0.46525300581286344
-7343.994833005887   5155.98710020263     1         0.8837319272486349
4125.365257389567    -6916.9092611763335  1         1.0443973016654737
-1171.8560794269172  -3700.429414496033   1         0.7822024116526933
948.5448505979564    -4236.410159125875   1         0.11375996131437913
2987.660858859472    -6694.290956490236   1         1.2155510480348768
6421.09037536473     2123.75504989521     1         0.10337501099653103
6554.264035953414    -89.0433006047098    1         0.30419539312043
-4683.060949074555   -1902.711303079023   1         0.9887340328077538
-1843.9898609880006  147.2713374938461    1         0.8057024515904158
2499.2122097887413   -8903.302392938098   1         0.8722257141654072
-6862.761471617631   -6420.332661428182   1         0.42498849224606416
7479.58199582763     2236.452571823418    1         0.4546327087884382
8954.813467727596    154.76659873462813   1         46.74546527894175
-48.20743127627975   -7083.6168344325315  1         0.9573391431488445
-6216.137875086231   2729.2387908656624   1         11.97279961476313
1868.431824028101    8911.655805118342    1         0.49972887018946455
-783.1503919154711   106.12678935774238   1         0.43888421752020945
-7825.710372594103   6054.200792335058    1         21.844301087922677
-7207.96268178844    -4565.034817460865   1         1.1837699864388134
7148.208680704867    -4547.051380708595   1         0.18797099968813477
6084.8541598927795   7596.4475515910335   1         0.3914013028469039
4430.2116211924      -5273.901140164951   1         0.1493919329952957
-5462.157647915843   4510.884531718307    1         44.79602394855526
8565.433025927587    336.99529803158885   1         0.21542831265003975
95.04167775586939    -4191.940668733096   1         1.028959764961953
-7968.0608785427885  5176.599394207209    1         48.67035864433038
