trucks_count 3
drones_count 4
customers 71
depot 0.0 0.0
Coordinate X         Coordinate Y         Dronable Demand
1322.7241875162351   6018.7869738712225   1         0.4442476348420282
729.3783350738437    -4678.38998592431    1         0.7740015323455324
-14880.803280122784  15837.918329621745   1         19.61402892114873
6703.8731690870945   3049.644532559292    1         0.7234666675243271
-6485.955450842058   6146.330437686797    1         0.4400704997946636
5621.802614682191    6914.684976138893    1         0.7265910814102147
10175.64022603979    -4050.6720110979445  1         27.215903103539226
-7057.98180855325    7125.022050696488    1         0.5573501585404592
-8552.154392606892   -6602.328172480036   1         10.005060893120774
9695.747176720839    -2171.9406899957776  1         13.812364291608885
8056.059455128298    -5355.245658910029   1         9.264739801367226
10688.117848837972   1422.963317161797    1         0.6535199951425277
1062.6323177847098   4665.4852432797215   1         0.5863136619092815
-531.8330461295375   4018.316260611193    1         0.45724531215372066
-2239.417081682401   -4621.847483142564   1         27.37528345501052
9969.533828087198    -1156.16376866258    1         0.7552842241128173
1589.7234461996338   6231.662457730418    1         48.177670359590905
7088.871839327657    7489.092388394104    1         47.38472156056006
-2665.1848352320794  -8408.94705479793    1         0.8455291967994705
5457.483146952229    6099.723849031289    1         0.20621596261472794
3158.759892500711    9829.73690611449     1         0.38699179506343084
2470.1564588363526   -6822.509168550076   1         0.24204859587785046
-481.39844443207875  -8574.904795377563   1         0.1047851288139063
11966.29204680345    22.408048272940505   1         29.612625839273107
7553.355409009379    6870.20340209675     1         0.3895740389394413
-7201.043340736714   -4641.5893006553015  1         0.9855647938264223
-3354.3156065716457  8936.2810982212      1         0.31578999702919935
-9564.59640818002    -3783.963489424815   1         0.20848431966527964
2451.2042820428514   -1153.6246992469123  1         0.7409616432597886
512.664566282412     -7357.617349614568   1         0.4022399878915357
3999.772400177237    71.06480365571315    1         0.4018727256457597
2399.0465309257015   -3701.210358350647   1         1.002460143760634
7489.246398059412    -1102.1308732012383  1         34.987520608395954
14079.410312374748   1487.697936395849    1         38.858761026484935
-6139.504275730476   -9013.330529604444   1         0.8122938023038905
-6590.291778936919   -54.76383059784391   1         1.0830892843553859
1773.3472409836409   119.42693454080896   1         0.781126942210114
-3842.5574391917457  2098.0070390243113   1         0.2748708052278846
1649.1171151688075   -5565.600209594321   1         0.3839356368641538
-955.581976183168    10508.973261170753   1         1.1183694941100313
6160.810761258591    7655.599698012599    1         1.242656748652545
8629.500737433575    1178.6696559691864   1         0.5102640673283152
390.06835978411397   -10543.04918559545   1         0.8156657097321546
-3761.256488684362   9446.784638653775    1         1.2032090419039212
15998.957571245497   11777.003363875683   1         1.1067594649483854
-1370.1413705644404  8201.91045227306     1         1.2316540060540455
2036.194754564418    -17725.94143968084   1         0.30348269693583757
-3577.8313360373095  -1037.1299423800724  1         0.5765835064859106
-15387.997412948995  17783.842575610834   1         0.9854048388851536
2240.4242944554953   -2391.273353079351   1         0.5126122869947016
-6574.159414645684   -2612.589924693478   1         28.253034148341257
1624.7033895005866   -304.0974665163587   1         0.27124381358572114
5788.102460098605    6848.810199207482    1         1.0599220735830093
9697.115842422185    -3589.5802795814175  1         0.6914795508649652
541.2732825555031    15002.533863880417   1         10.03496464066641
2059.1857598877536   -7822.6780259353245  1         10.188874712756148
8163.181259076359    -5635.00804005674    1         1.2224524235894838
-3984.0202702512925  5630.747111815607    1         0.4357736666993963
4849.6795183615395   5190.7276941528435   1         0.3338199105257165
4220.752656248503    4515.120424666111    1         29.598943941637504
-14496.961138908711  4184.161936412671    1         32.133787087874666
14309.99012553251    -7441.162632558289   1         20.378708847137958
-7882.411745034555   -3438.493940403125   1         0.9440709634015669
-14067.287224159001  -13174.088858799907  1         32.31571037903372
-15817.593524281527  17682.960232690268   1         0.1840193474065432
-7434.080899969625   -4274.372780827098   1         0.7949957846475961
-5256.440693372549   2416.8666459875253   1         0.6124474213196337
-8894.146314256204   2526.707978450035    1         1.2347270135482546
-2066.5529339514446  -4588.371012452739   1         0.9188129217021541
-5867.666226685704   -3133.5028454235103  1         1.0531008836986813
9381.233910322933    1026.2291961171404   1         0.4590626156794393
