trucks_count 3
drones_count 5
customers 42
depot 0.0 0.0
Coordinate X         Coordinate Y         Dronable Demand
691.821959067535     -4235.151363363829   1         0.7250766974154375
3629.3958518560694   8793.524895939283    1         0.9367547288146564
-9650.496179515185   -1153.883464004051   1         34.84484295715285
1677.588827992184    -5789.582935505105   1         7.226588852197295
-15.286346301057003  -4474.914112179181   1         0.7526390825618926
-1491.8709149329313  -5936.238818353115   1         0.19367565459139074
8315.498816320693    2086.2371316430176   1         0.5958689169849863
-5885.880616276511   5992.05616758171     1         0.9372025104339027
15885.69989877208    13354.053631789702   1         1.0868632287177349
10822.724309627241   418.3755273317572    1         0.9934451736710834
-6386.640873540918   5855.964144816136    1         0.2758717375187296
14472.51385208355    -7945.230796797368   1         4.9702084162921345
10146.680101637048   -4363.245779432402   1         40.76018832161151
-11310.093519501701  -14689.778158788637  1         0.11614234600613801
-2101.2995467157093  -764.6750881220134   1         0.6959273335092248
8370.006669819042    -806.516968395394    1         46.050497338884185
-6007.113987079756   2414.224331037442    1         0.909695651909561
13153.021531962528   9388.1089260304      1         0.7993899002659947
-725.4650999342915   5644.78051046343     1         0.3439909698631375
-3935.157771625614   6774.0078982295145   1         0.23591221806877588
2299.2906302003767   788.9953249044497    1         11.071761461621138
12392.445523195132   1173.81490314666     1         33.67918076226336
2841.9851664950947   4763.100088090439    1         1.0276806111623722
1717.4294429799115   8227.42896968636     1         0.42307823211275064
-5038.230089713656   -4312.452073933759   1         0.5801795722635401
-5342.502004657333   8963.362675109953    1         0.5444890489375008
-8671.602368599893   5899.3842106612165   1         1.0524756736808876
-7039.642026530834   2729.219990269052    1         1.036218856730239
1127.405852107852    429.0497036594509    1         0.989452854561363
2034.6728224863791   1525.9922719924468   1         0.896838669607235
2805.783904974001    1088.3794901374038   1         0.6429662633633506
-319.8163650184832   5770.989613198728    1         21.034162252035195
3517.295639027746    -744.5032796837313   1         0.9069730978204774
-3336.522541705531   1312.460479293404    1         0.486578241866943
1076.4446072134367   10803.046395284095   1         0.6411638372256036
-843.7114969746102   -3118.4810846381447  1         0.23887021000725742
-2231.3375846049157  -7437.887166023804   1         0.2515574606914495
2926.7972250836356   -7499.405968909989   1         0.5473316034340159
-638.1133396863634   295.45704632089115   1         38.33159575953815
-4402.667763885259   3249.415986333276    1         0.37981409019804424
4412.742368033509    -906.729589455815    1         48.79729982878241
-8357.66128900538    4126.053348706999    1         37.10222548206318
