trucks_count 6
drones_count 5
customers 85
depot 0.0 0.0
Coordinate X         Coordinate Y         Dronable Demand
10117.533976741928   -730.9804607876223   1         0.2361343061766164
-6031.5135222689905  -5288.1447680583005  1         0.7916945162312309
-1212.3165042099663  -13388.750803270885  1         0.9316328844244092
-2069.8577328638257  4836.340660929887    1         0.1500792938622978
-3926.248646514188   -5033.624492129024   1         28.977114318989422
11909.626213525906   -14357.916980400807  1         35.611745442847244
501.2270474153578    -6523.996086930174   1         0.5920358230815137
2401.088085875341    -2476.1384128311092  1         37.03695804008579
-2024.4655898152596  7853.512902963627    1         1.1308452366576789
-12278.388596850144  15959.041415983458   1         47.50031146534824
-6533.463571823936   4301.132371312542    1         29.599935809657346
-10191.122785399912  -667.9912131130247   1         1.0119236496412134
626.4246969665229    10133.554602822991   1         36.887060021418634
8129.134643979675    -4238.668717716699   1         0.5174739919129184
5739.8003939516575   -4101.3167212090975  1         1.03560582407584
-5461.572936152828   -9881.053708008461   1         0.32363087063642987
87.26124197344113    5480.867125785589    1         0.13994780210493435
-2474.5715933229903  -51.5839417881997    1         0.3732001704676984
-15875.648329143276  -2519.460349921408   1         0.7007252514448407
8856.740120682027    2389.335078283953    1         0.12972795699822953
-13142.04124552822   -9552.287908691902   1         0.6349053839587598
-4436.126601778452   -808.1154840045751   1         0.3282025884491663
6261.558007411135    6052.052031561787    1         0.8630335367726706
3882.1767944190624   -3525.5175848748754  1         0.7592778989402996
-2366.840052791049   11389.617872772815   1         0.8073271385486429
8069.050408552619    -7293.749089032132   1         0.3305265723566342
252.24258709348396   5103.725543386976    1         27.11793012542116
4889.102131413765    935.6290535448292    1         17.360018929449506
7196.05762754133     3154.2154022203617   1         43.996932974643265
2617.2945313192627   -8006.891110534735   1         30.205776955607952
3681.8779112532334   8582.648705460082    1         0.216574045051025
7649.051938977093    2723.693304545906    1         0.6549622548732706
2867.4552284338642   -6254.993948595741   1         0.10694421348366033
-3568.6200588229513  -469.9213547500014   1         0.8269036317743095
2549.326228761316    -9407.184765519833   1         27.423811439042233
-6269.609479459883   -3541.2420041818978  1         0.49888831680964085
3661.5366694963895   2522.6432490632174   1         1.1336344805806895
-10121.158218192402  14831.699478924707   1         35.627929613454214
2252.9732555789087   -3284.1951452569283  1         0.8096749958546245
6225.255190446772    5577.437869073507    1         0.785796127709216
-7548.764497492688   4400.224176718184    1         0.1784727537775167
3684.2102591443277   -3334.7558761756018  1         0.924923016551686
6115.302724621981    -8856.356164999792   1         0.9383810113798582
-4969.9409934182795  6517.245352784525    1         0.8639102939763812
2677.521892916844    -2577.5924977542963  1         0.514645872036212
5424.520953829193    8601.026367501969    1         0.6910074271771508
572.0640718343093    717.9453653034761    1         0.3165832919058881
11647.539390601316   9847.6644946491      1         0.32000921834278534
4575.770603584348    -7206.00028954254    1         0.430241913113494
6632.974927170681    -91.64266039844131   1         39.3214365908607
1137.0530996346076   -1583.7710479521188  1         0.514196139899411
-4352.365258939212   -2049.69413730489    1         0.4401222646034031
-3724.416049408088   -2512.515905822274   1         26.334774123427916
-1283.8692920073595  -8727.037287232202   1         1.0853896612134668
3543.6916372383257   -4524.646279194013   1         0.3513584444614831
-5716.79904267721    -2963.1142053045005  1         23.604456619797556
-2759.771414281545   4617.446038887518    1         0.16346035781857854
-3693.5459981188224  -6073.514458299529   1         46.10587556222557
1488.0909887107455   -8582.807579779848   1         20.09856214815365
-1287.255407746966   6000.387096176066    1         0.753916075231792
249.51831532446997   -4869.980351435808   1         0.21952725188755395
200.10605215256172   -7435.524043824711   1         14.86966841207152
8839.779596334181    373.49639961440823   1         0.7996889417094548
8331.966161469527    6364.355544493513    1         1.164582169358215
3498.5500324772183   -6781.774493725205   1         1.1233999495169205
2978.9329649440515   -10495.13808501061   1         1.2188590248236744
-5030.613394568518   6691.578040580452    1         0.5332996392038706
5157.742412818043    -126.11283596441172  1         1.180940182704372
461.4744580777426    5511.937391698656    1         0.5669083480212981
8881.936064019821    5096.302704574214    1         0.5180277998298252
6877.145118290004    -6508.561370083885   1         0.1709273609721733
3967.115037592902    -9865.14642331649    1         0.9075491713015261
12123.791902158806   -6561.514149485578   1         16.221831694983077
4047.8309382512534   -283.58601447513684  1         0.9663606518126732
9741.312748286333    674.594377668127     1         0.8763861023576095
-6700.2526274196425  6681.188690251247    1         12.903434998952351
-13994.106975145312  -9043.485758811894   1         1.242547920065631
1608.3645283768385   7853.112327159232    1         1.21758420451124
-4854.050379308632   -3582.3994526684523  1         0.6026555893756084
12186.868448967118   -13455.714319895498  1         0.6566264765668376
-8349.745084706954   4274.408393466099    1         1.1734781925188018
4665.787595440196    -6983.2195288681205  1         42.78014150075891
5187.904448357672    5994.061360653141    1         0.8398757205515809
2336.041115770211    4071.3982186273615   1         0.2577059649985095
-12864.367441834474  881.3438257751513    1         0.40646612921439473
