trucks_count 3
drones_count 2
customers 37
depot 0.0 0.0
Coordinate X         Coordinate Y         Dronable Demand
-10118.749023871105  -3839.5046166692678  1         0.6602765297402099
1815.4347387978044   -4890.442826439592   1         25.73477102696306
-5352.944759474528   2956.8309058357577   1         1.1071620546323633
4747.8483885843225   -4130.953288929989   1         7.403570771971398
-1669.4551626750124  -7810.34423296186    1         0.35131064247719956
-14343.14332362666   -12633.155206664005  1         25.92159246791249
-1672.5969130085027  -8590.172408310984   1         0.935056596035977
3283.8915034784995   -730.2164801471746   1         0.9066582654919356
9154.601485939873    -3972.8900107509485  1         0.3197619124654255
11454.76574238175    15101.957771167425   1         29.187941291879213
-4792.916747840104   3018.6712282836584   1         0.16534140068190373
7620.985348634828    2975.847258794388    1         0.22449025081615803
3608.115276277354    -8213.962103465403   1         0.9411320504181016
-6951.805868463362   8162.813989441349    1         0.9178475727690454
-1037.6867388560158  -10006.59454908721   1         0.6226313477843969
9791.814545777754    -2096.141009555822   1         0.977970917416915
-6700.321539638488   -16357.652085707552  1         0.989550799315794
10501.018952418217   -778.3846412884536   1         0.1445186761029889
2360.79501071549     5752.836252069115    1         0.15025923320697424
-8544.2815050904     8196.806993407794    1         9.815761718663955
7152.142074318248    -686.3689447894118   1         0.35524890616364313
-3638.529665130093   1232.8235894915476   1         3.476693985954193
-291.36174631808535  -11178.264552649269  1         0.6864180617324309
-1764.7405801565326  7441.684202471323    1         19.969834865976836
-1232.2155759729465  5387.373519042677    1         0.4055279687441007
9829.95012392616     3419.4960913602054   1         0.5843480243498242
8915.19348105795     5662.766488013462    1         12.151764000674298
-9478.407148707927   -10922.36295664214   1         38.86863035935223
-3231.427528614748   8914.70473631907     1         0.4680073531640735
-1516.9864061302196  4229.013656020945    1         1.2141529012239038
-2315.618097746524   -6725.319167400417   1         32.27306742984869
-717.3619015884732   1612.5641810464178   1         0.4116675769589152
4316.732693690317    -6599.263915135597   1         0.2859005450120003
-4666.670843720942   9380.50015129973     1         0.6335479171917171
-8060.682733221819   -2933.998522713611   1         0.407204324756516
8905.1858480897      2971.9815927726604   1         0.9907751210409739
-6180.268595015144   -6423.220269209783   1         0.44216478290390415
