trucks_count 5
drones_count 5
customers 46
depot 0.0 0.0
Coordinate X         Coordinate Y         Dronable Demand
921.4517971958741    -7373.822598170249   1         1.0334172768221903
-2442.7378973232494  -6891.592564186943   1         5.8151431002163
4120.692918696526    1187.6002154071234   1         0.4300831561118107
1570.6312981405106   -4260.629562736414   1         1.117259137511925
-3427.1247704335633  -5282.402111416482   1         42.26018252012278
-5668.768325207667   5336.398139788846    1         0.7348734034087809
-7080.12058331631    -5372.91102438114    1         24.214758092382464
5066.129883285048    29.872705065366507   1         0.5518499797185872
-5084.042185711439   -7536.019499216241   1         0.5774485971208352
-4456.1488173850175  -2351.6945590547734  1         0.37757663019577703
158.91008175485325   7112.686136587764    1         1.1569098652805367
4692.456708022521    2868.211285166781    1         0.7715053956666962
3598.0750934458893   2097.805245582271    1         1.450619535799131
3782.8387656548502   -7254.8319029364875  1         0.6610071898371275
-5205.491378741365   5792.2490131146305   1         0.88923730809859
684.9399078993515    -2594.6999388530407  1         0.1696993864993628
-4391.795545076011   -7359.054087153102   1         0.5569683724206154
5999.750575467055    309.1867255401485    1         0.5128314331144609
7330.575408388766    1869.2973495426686   1         0.4911351510917923
-7814.293546299956   -880.6931365895465   1         0.5225115458030386
-6753.112942442537   7603.456307256219    1         0.9423703295174674
-807.3428490665668   1976.5343365189024   1         1.2479744099510894
6894.151937144848    4366.565609659443    1         0.8997835732897856
-1673.231941023165   7362.69538441865     1         1.2275256795912401
7173.079635113757    -3273.5837821874343  1         48.65371735562697
974.1070099908902    -3523.2671041525173  1         1.1751233343139853
666.6174789370216    -544.6762923656006   1         0.2792387231720873
-6594.775253484075   -5775.888354024302   1         0.2656132057775036
-7475.943011011632   5570.259292885112    1         1.1689877109300109
4282.25923909877     -7439.381556735304   1         0.7105413670339789
-879.0840876552655   -5122.540948747881   1         0.9105611613920064
2157.2031735343026   -1403.5837730956937  1         21.728438619351994
-5439.109329696133   6474.161675303259    1         0.27112820895692885
-7272.385638961085   3752.6521761949584   1         0.6165102556900769
5555.3328666365405   2567.2521770259877   1         0.3896887126899411
5230.057833037188    -5167.83247295345    1         0.1338034287147229
4733.702045411309    -560.6622485516656   1         1.1988298179885353
508.74970771171985   2089.0301290349407   1         0.46721617663993165
6383.4451508663515   -7433.3804251961055  1         38.028549162174784
4547.675840559387    -6572.405057799274   1         33.090710918862925
6814.54678871818     -1518.838580611171   1         1.1132313331122206
-2484.1528131432206  -5181.536481441381   1         0.7583731827011121
6674.483754037414    -2950.967305483835   1         8.829742536090148
-358.1291481453037   6953.244575504682    1         1.1278352957977524
6621.616540812349    272.133928190955     1         0.14134879699211786
3486.6426204520785   -1190.4984183471104  1         1.2498599629600198
