trucks_count 5
drones_count 6
customers 87
depot 0.0 0.0
Coordinate X         Coordinate Y         Dronable Demand
6614.339145543933    3097.206981132044    1         0.1836959760852499
2538.2345138355763   -1693.1643331110356  1         0.7917853555482394
1331.4287879215926   -5185.220275374439   1         0.8295115383483803
-4991.957488576762   -5658.42905360764    1         0.5191818664266299
-3728.719819866207   -1608.4831199184107  1         0.6235342984465412
-5212.354401134049   -6501.098527669992   1         45.5352282028631
-4436.540609722409   6537.9300559937365   1         5.8459000796932665
-5308.996285425616   -1487.752406506428   1         16.283148696529683
584.9681598707397    4019.749149173036    1         0.18630720386340865
3876.764685546828    -3531.8389927088783  1         41.17673336027793
-1085.9866508213863  1552.960952490016    1         0.19409835451161928
-6576.0775125852315  -4246.463307714004   1         1.0832415860197244
-2391.895784622304   -5048.6242115405     1         0.2793299844251328
1129.5029072707964   5487.737668148201    1         7.911720201144887
-2865.712786861961   5886.447901994631    1         0.8012414163707338
1166.1773641572597   -1686.2450909742897  1         1.17292653084673
1396.494180883482    5371.611777169411    1         0.770033628096592
-6545.840251665935   -3569.5781027336275  1         1.2184103799906483
-1375.2634884649558  -2604.2916008067564  1         4.336463893561547
-2612.73995688814    4769.536396793114    1         0.3826068232860903
-4536.6999768651995  -4694.606003123255   1         11.654679026509239
-4685.883271030651   -6208.314130837362   1         8.27396820549463
-3493.806268074505   -1384.4896968057492  1         0.32237314488081215
-2347.8037777444165  -577.4551634808048   1         0.6477517516264295
5002.963323187577    -919.04751319359     1         0.9710670895946258
2740.4910038953217   -5757.0541702533355  1         0.6231972618948434
-81.24039552215254   -4465.838875574607   1         0.3608602881880818
2426.736011360953    -3656.3102756231438  1         0.45346966509309683
-2476.5640947199827  -5846.759030633322   1         36.439424170422875
4016.013161728341    -2542.3081900632974  1         0.9203712924675271
-5541.374670645803   -5438.764227225438   1         0.7932138115173304
-1162.3715319553098  -4803.98535913456    1         0.6664618564771562
2177.69586844641     1889.9972931882062   1         35.80965170221983
848.5519045950876    -2288.300794427842   1         0.10233627951838382
4256.542246169925    4744.81127721182     1         0.8823515401159936
-3767.8802198597923  -1948.8803754839232  1         0.6496450292536127
1961.014530746046    -3141.8573043637084  1         0.21617208517338862
-5906.953285817194   521.9874976914231    1         1.1395827011909445
5644.496535927073    -1633.9115211659903  1         1.2149176395353827
2261.295930646639    -241.18009450782276  1         0.4263888836086793
4637.980778814991    5585.72382866994     1         0.5319722026440014
-3790.655190833276   6619.756499119329    1         7.524997807378616
-2590.5860951430323  1770.5266187622858   1         0.8275066746890224
-4081.4373943517116  -5609.513032485267   1         0.19597802840267506
3590.8378428126352   -884.764064638679    1         0.5018754445016954
-1875.3484161751762  -1964.8114634461365  1         0.8957892125777602
2825.928480358702    -1267.7723269980809  1         9.139661694122314
3049.2014101938407   -314.5391838119384   1         3.2934117770640663
3153.6079173147937   -4567.180211800446   1         0.4266651290718638
-162.94342071240135  2934.414170675661    1         1.184586912482866
-2473.9791042770885  204.0944096569483    1         0.7408161029954552
-6171.772808383983   -1466.5388956867573  1         2.3158685550517246
3561.0454341176264   -4539.310509849955   1         1.1974368630358923
-115.10015942476186  189.02813521107092   1         43.18729046732103
1682.9169707446367   -3971.4060209998283  1         1.1651480926903823
4027.6267057715577   3839.429646243649    1         0.23615723746803524
4131.922609627552    -3358.1351283454783  1         0.40751302539984313
6440.004486309356    3976.58578205248     1         0.9682408254570682
4477.88189541456     3959.6632139825406   1         0.5027720452334963
2984.0459254836937   1544.6608889057372   1         0.6030303503224328
4012.5349689036816   -4438.298773107071   1         14.068846871845308
-333.21544984401027  -1736.597301861526   1         0.8159776016201669
-3107.3292243984606  -1629.9884204583645  1         9.673948372912871
2905.028970645256    6125.211051645899    1         0.6179819211242056
4627.136941897905    432.7661046269266    1         8.230031953342452
-1837.6496844101614  -2333.68186895985    1         0.9541294355891358
-2589.053704721879   -182.37313300256415  1         1.1765822811121867
-5030.63235671296    -4020.851953696813   1         35.42516708586548
-3660.3192228612843  1236.462599833963    1         1.240120624346241
3940.6668308310736   -1276.0590155222026  1         21.227217109164425
-5510.715477198155   -3804.1096545962505  1         1.138962653076685
1018.6701083778944   4513.112726326418    1         1.017964876602873
-6446.769003763493   5507.888175340665    1         1.0622763901790984
-742.4723868916211   3386.8990931861317   1         0.20972458369541594
-68.40401877610033   4126.9276717265975   1         0.45984064261113977
2170.547900341092    -3548.8522141091566  1         0.6697454826573959
3027.3543949119244   -5915.926732535157   1         0.4878743878493297
1617.134918182695    -5190.455986754018   1         31.786475619798978
-6025.037519691411   1853.042584953132    1         0.4709506993766872
-4306.453036791102   4886.364302760583    1         0.70656168580579
-4146.623644980109   4257.1437063620315   1         0.855553324852187
1777.057675555362    448.0502061715015    1         42.68316154564729
6096.701149697924    -4472.468727488091   1         1.1322123309951415
1160.8498182603755   -5064.409580008093   1         21.654853363250158
-557.5350045237328   1252.5324344323108   1         0.41181021845535815
-46.15303139097832   155.1607017948638    1         13.809999446571297
-4820.5607195420225  -3046.350573410097   1         9.99853933292123
