trucks_count 5
drones_count 5
customers 86
depot 0.0 0.0
Coordinate X         Coordinate Y         Dronable Demand
10036.422616931768   -3451.2117215706485  1         35.35001981982491
-1960.5549063839555  5822.620981033277    1         1.109130544693956
5080.742417803012    -16959.285714822632  1         30.52509974610566
-3383.4971139934614  -4533.25130119324    1         1.063960294881375
-15553.922851873967  -1136.9247570885054  1         9.745008836188005
7017.167382023633    6504.284199084146    1         36.43112207829181
-8566.687916729497   4460.611331835083    1         20.17552725085388
5497.446796196707    8463.520118860959    1         0.7623156061477552
9519.518859581181    1360.8116034128982   1         44.67383526389242
4134.510795408791    4450.384011837694    1         0.4961447395596782
3580.1858177821123   6517.32421400472     1         42.04983629983918
5958.969964301011    8300.367738232422    1         0.14703928462805052
-5185.158150764302   -841.7765586712637   1         0.2614644285431661
6905.1052952959835   7177.80738293126     1         0.2516017535373043
-8514.763162890871   -4335.094251283626   1         0.3738953823795864
-265.98685846180524  -649.395646656496    1         1.0116612614849416
-14865.52578968263   -16511.304509358688  1         0.8475469066833563
7747.712366249123    -131.44857421842497  1         42.86857758137986
-3882.555952534009   -6953.806822613519   1         0.3359644052052859
-4110.32198112335    2320.585197504778    1         22.645891727381578
2494.5658129482877   8155.59128851908     1         0.21619953872083975
272.43574709163295   10129.738805574201   1         0.3650217005086337
26.111966917096066   3816.836142534678    1         47.09176045893728
3913.6071599359357   -8184.282676543457   1         0.5997556941012172
1027.1785320311428   -16418.971778563766  1         0.4002655283184898
13732.91439714979    15327.92602498889    1         0.7286479487185029
5158.706461000771    214.4278742831502    1         6.51094823533531
-16856.20618672515   -10562.61525576641   1         48.890758439626104
-10402.5608094151    -10513.981357999053  1         0.4749844057820328
-6889.924543884713   5633.710714104718    1         0.6629803854860592
6217.5274559091795   -4128.0722034411265  1         0.5468523029529777
6509.099333064268    2637.4830274269425   1         0.45735058034170306
7549.074727612415    -7606.614917027032   1         13.252939512154617
-2235.3727951939054  11977.93414951345    1         16.00703855108015
-13810.441356981664  -11700.394422143025  1         0.8418705102734655
-308.15212160401273  -5297.692201219439   1         1.1986353085170802
-344.43527431612586  5336.356810095263    1         0.21558060101895077
-66.11338922898722   -7907.973482377418   1         0.1596933257010415
-13972.521032426946  -15162.976218522588  1         0.6548698480061718
2552.3577784365234   -768.1828132660602   1         29.12193412484632
-7448.4062686300995  -1798.409518736157   1         38.47817094972738
8000.8393928887      7003.710772850027    1         0.165120809361731
-1412.2268511057848  8537.436946121981    1         0.2493478039310621
-8209.124683610049   6984.146195529545    1         37.445701754762304
-2599.0023127924655  -2551.584849683126   1         0.24549244950082752
-38.97792838739474   397.0246712733187    1         0.6109971253798987
1899.5464714473592   5749.922338266433    1         4.214169699562968
-6372.587683682588   -5790.30869215238    1         0.17560637885902047
685.8765733032886    1961.8409753298008   1         2.4023704769922847
4651.54678035963     3683.3645831740237   1         40.98003999720283
8848.477746451683    -6263.611558905888   1         0.15421021427698844
-7833.019757791655   3963.689379856071    1         0.7810567027962482
-10454.371488257806  -1669.7986107021115  1         14.407682117527846
-7892.808247345917   5024.706625961053    1         0.9309291744284959
8829.695127966674    -2365.209839296834   1         1.0736327222313886
11468.606946266114   -17451.7419190481    1         0.560798718958229
6391.7748273029065   -8365.393121965706   1         35.46507679058701
7030.910883982875    3646.7455559737195   1         0.48928012324368875
-10437.004703478686  -162.46720766757946  1         1.2263522142528185
-392.5396535879465   -9380.162536395852   1         0.7700059838199074
14824.560098214642   -7811.4333971237065  1         2.9939898348309217
-6919.081208322867   17561.90491208891    1         13.344739746116305
-413.37444123623794  2019.3840255123264   1         42.39567060736369
7222.684653130037    4770.592523988266    1         0.9863674324354553
-582.3038032466227   -4496.948087302846   1         0.41499930991571166
593.4805844340605    10641.283316205063   1         1.071963099233923
-4061.049458387784   8349.608715526208    1         22.843505518542774
3732.4095751547948   -113.34541873166718  1         0.9905357416406304
6982.83192778818     -3655.523399125424   1         0.16514305635632104
-269.94294723218025  -5349.632776976136   1         0.9620695839815344
11566.387602150498   3103.933040084208    1         38.68293735876591
4952.631539744211    7284.592147437694    1         1.0463790077154569
5374.706323832566    4021.8632527859354   1         0.8696320003680512
-3499.1450884504065  8144.290315587082    1         39.00056448322807
5767.4053039520295   16147.057893528596   1         45.6292664324667
3766.7134510031883   -7559.000281634258   1         39.49174290376266
7897.787213184902    125.981215884788     1         44.947499467414616
3505.5530272055166   7099.406211537488    1         0.1399005846398742
3321.675032076295    1102.0420658189141   1         0.32852263886446154
6585.190412122797    -2247.8960157102774  1         31.362895994136256
7569.778479332845    4211.15601142137     1         18.025577765585403
-15733.12819515734   -17334.626331542073  1         30.930735478139763
-3180.0638538543153  -9498.758543799251   1         1.1269624600412884
4076.39255329672     -2137.617881609639   1         0.9191742492069116
-2406.8337812382442  -1236.6411687995028  1         42.59938250891246
-3466.612674291273   -11780.604664673072  1         2.9856925867294195
