trucks_count 4
drones_count 3
customers 48
depot 0.0 0.0
Coordinate X         Coordinate Y         Dronable Demand
3670.14181470057     -720.4236666179664   1         1.126679322784342
5718.393277258689    -5748.572823590388   1         0.7549657122445877
7260.573038740233    1787.6393737168698   1         0.22543851463710163
2554.214642537694    -8705.463897866724   1         2.3746253624866656
59.73564956660408    -3108.53351121637    1         0.52114626063137
-4834.452848327681   6717.049837531065    1         0.816176146634262
4414.359386072389    905.9595945236362    1         0.4948754034113373
-283.0123231185475   -5719.88701412257    1         0.9007844024297953
-503.51652111569456  -5648.217558858456   1         23.275215566825214
1834.4649409003796   -10653.757899442251  1         0.7128693484079589
-7867.449085139143   6140.798254237498    1         0.4629767310215429
-6439.040614762798   -4679.0416432853635  1         0.5892000215324703
3695.4538476626853   -8910.500796344682   1         17.830858110206
-4868.36899489381    5779.902026025063    1         0.7422153061473322
-7140.288447644604   2685.615554012796    1         17.527408530046625
4257.9520678791405   8714.752555152962    1         0.671035205406097
1338.1019122734567   10164.750690987872   1         14.24120052692952
-5311.581888305244   1273.2611646291232   1         0.6725804327547886
1365.251262360381    6942.431721013341    1         0.1375016457960198
-1249.6712828422926  9514.850733494804    1         0.5096512136903629
360.40092438144086   6600.870698577021    1         0.6586139741625913
2970.822115733621    -5112.112941152891   1         35.823645613916895
-5970.16591265529    7516.648531186018    1         1.012725427722382
-2790.4743972582037  -2250.7242729408013  1         0.4656924715623898
9582.616797397493    4467.00521669321     1         0.5204663315190872
9658.901791420409    -2612.9445954657376  1         0.21493863388874573
3681.962863235486    5544.988155381222    1         1.047005405379381
10531.662110375253   -9450.934254798742   1         10.59632969756811
-1799.9586612170517  372.09835910741094   1         0.6486947813091631
8555.320330198778    2154.8498083398244   1         0.4893391974942982
2292.334831633473    -9693.191420208452   1         0.20838702967746198
-5262.650670352814   -5176.641216104914   1         0.5823095423613635
-2415.0874141797763  -4170.462980821432   1         42.18958569029041
-8611.941591023551   5473.963600468976    1         0.4553319232124895
-6824.922266353335   -5839.195264290247   1         36.37559895958308
6121.6150560249425   -11291.741422056835  1         48.65069644430378
9281.814966101323    3888.179236215757    1         0.7277627315217946
3862.4591306496245   2956.5305084204833   1         9.343263378255529
-5148.337215243722   -7400.618384672838   1         1.1846401086912315
-13877.872981114588  -5595.528392083366   1         0.7407215388049684
-6982.674974323103   -7786.390729890007   1         1.0420006192276414
4212.4697042170865   12279.538175385964   1         0.8589273416420274
7261.134342101404    -2348.920373474217   1         9.855252940512106
846.9450360071405    -6853.489841262178   1         44.99866928010321
4141.269486395747    6934.7320206804225   1         0.39419577188375343
898.8538948736309    -9985.651401408039   1         0.9668524251323948
4555.236631623518    -5075.182641343897   1         35.4908902989615
-4310.094558101402   115.13461101881221   1         1.0292135508904514
