trucks_count 2
drones_count 3
customers 34
depot 0.0 0.0
Coordinate X         Coordinate Y         Dronable Demand
4322.207156495942    -5758.626378571296   1         0.5960829662416659
-637.8434199773733   3576.921340418712    1         0.20523772065325047
-7016.152968482476   1385.253097297793    1         23.128616957252767
-4019.5511626595517  -6103.162897764923   1         0.3780289598298273
8637.277253118013    -3255.901496816621   1         0.7826126402369498
7964.7630439044915   3938.202844900845    1         1.2231255722135808
6945.698258706789    -6870.873020144493   1         1.0018933048060192
2840.148660793119    -5640.340954192096   1         0.41026940820847335
-4701.966316731386   -4966.403046206401   1         38.160958346793464
-4933.693129949755   -1284.393765811513   1         0.34996779096527414
7932.41341335888     5218.486633527214    1         1.2152144880510762
-8335.907963434582   -3974.8099636214515  1         0.4548924744785938
6946.015231030547    2741.8077793170846   1         0.3453694485120522
-2732.381602555646   -5270.576780640309   1         3.287246512684916
-7071.556976235885   4924.7840058997945   1         1.0515739015511716
-6627.966564737949   5887.936398437853    1         1.0983897292498044
-1730.985500925533   -5699.782283694004   1         0.5926089511597116
1563.919537612778    -8366.347413300104   1         43.93252219540653
-4478.635479077286   6766.823067030726    1         24.89054928146864
-6984.657258139992   -4292.724173057023   1         6.771233214194737
-7281.772739697526   -997.7215462650471   1         16.862836241501213
6152.280900923515    -1960.9785195889026  1         0.8904132509452061
6604.055676720432    1123.556592053272    1         0.7347171540548758
5648.666483823404    2572.14110945831     1         0.6367283112540917
-6363.852578654449   -2344.0419125623075  1         0.519435093849587
1557.8423652502122   -1951.359606103311   1         0.6351756601935968
-3853.8402169604824  -1682.3653795346127  1         0.38851853513419954
-1267.7677008017774  -4166.874721216419   1         32.839792185566736
-2062.9563471099978  -328.5834794856531   1         0.5746921258017436
7541.057406584641    1825.65218776632     1         0.5819703142285065
8411.875013383746    -3985.3586310319306  1         0.6932547056863497
8440.942923634018    -4999.8139421331025  1         0.12054237536301252
-7027.061633917665   4288.17459437118     1         45.23927858858027
-4319.401342457322   5263.5029654758855   1         0.44501589136492525
