trucks_count 4
drones_count 4
customers 98
depot 0.0 0.0
Coordinate X         Coordinate Y         Dronable Demand
-5041.682621731249   677.1328793269624    1         1.1541842257265176
-4935.311495462081   -4075.1346128606847  1         18.88269244224718
-595.7970549444087   4954.890494575189    1         0.5498994638194935
4459.132425149864    -3480.7997877278717  1         0.6327339358796428
-6285.935776785355   4681.309287541118    1         1.1805000733712063
-6883.348090873643   2284.750638136747    1         7.853505681326783
-4213.340676926722   3637.940668610014    1         0.5129346033207892
6548.798824283352    3966.118769895706    1         0.2645679982456052
882.2752045394163    6813.190515125973    1         47.68569760804497
551.1362810972269    111.04732807161326   1         0.1339848637703273
2335.76630317922     -7047.287993837071   1         1.0848066508186733
-235.48696239249168  2877.9754465681576   1         0.23913500846985278
6215.84582134377     -3188.80504762807    1         39.011847312602036
4209.744686829692    3992.617357558125    1         0.6906938207317471
955.270583788558     -4652.895610526056   1         0.9402949340232568
5739.564853825003    5273.160142952148    1         0.8729720927646486
-6198.02934037766    2514.73855270122     1         0.6383450694508889
5300.705758506161    3271.726190545086    1         0.2149105140397815
7001.840479157557    4879.930396428399    1         21.330967147568323
723.9852280678028    6548.3842216018      1         0.251879922540538
1159.083516665226    -1919.583511227108   1         0.5664659516646195
6603.5310789984715   7080.201765904478    1         0.372494130233734
4052.703817685684    -614.906709203885    1         0.6123195539385332
4996.266392006418    -1451.2229503174212  1         0.24160786459451827
-3730.510624791315   5685.902751775448    1         0.47437856074446216
-4211.416408149122   -690.6662147070715   1         1.242100438789324
2631.290509748137    5632.1622632622975   1         0.39503599282473356
-3196.1322960677944  6987.401502741983    1         0.28564128376899134
5022.8400341143615   -3451.5354887427075  1         0.8353644414917257
-1438.5175113072119  6721.781197382614    1         1.150147824680678
5198.195690092711    -6209.835304865476   1         0.5747458664939235
1776.9464447885193   2188.444458412424    1         0.8885576089413124
2457.5312669377404   1025.7973651318898   1         29.7338823596795
-6639.401985029441   958.93916359909      1         0.10335751231891938
-5176.386341011466   -5456.630606587017   1         0.25315876218230227
-675.335353626012    -6845.865920981539   1         0.9253656108647195
5044.728033701172    6746.769980685332    1         34.70996361588322
6744.814830297982    -1348.909476355085   1         0.14668751275171818
5462.8125958681285   1501.4688919648283   1         0.8890684418041489
6652.412171189662    58.89297801592105    1         7.7781058303393245
-109.43083184431588  -5177.597940948172   1         0.11328902252055614
-3017.96876138872    -2817.176729886936   1         0.5611192246329291
-1953.0067472214419  6463.919350637081    1         1.0643099886382514
1710.253315109413    -3166.3373923867107  1         5.739077092371937
1964.8463993344003   6462.537264166892    1         1.0625219798952101
4476.002735298686    -6723.26890119137    1         0.5628390718041388
-1030.0611403920248  -1444.1408348105479  1         0.6399696964773935
1023.172259046868    2512.241316802828    1         1.1581833535556607
3227.651241074435    -6995.175456338001   1         0.5659917824965893
5068.905078035495    2511.6560785103825   1         0.972263500350562
5354.953450089384    -2429.0535000570744  1         0.5917424300980266
5198.364817788677    5182.60110691167     1         1.0960346923403503
5572.245641849755    -5796.836104453668   1         0.544555114923639
1281.6924479308632   2949.82731934075     1         16.886623995768744
4489.428660241238    -5225.269296122062   1         0.3283510875802659
-4687.125305210135   -5027.787698356322   1         0.8497408597211112
6689.111602016566    -1017.6339261566825  1         0.44950922948601557
-4956.404321195442   1441.9342459078825   1         0.8026265850440335
-123.43849614812193  2488.6522749882115   1         0.23144711796463405
-234.93451814797552  -4898.853379541533   1         0.5615025277844409
1146.4901223613388   -4573.030795105433   1         0.4662954465207524
5970.114023653133    -6649.649647459237   1         0.11069090205319905
-745.6458374732856   1830.6966129379189   1         0.5656757955512882
5510.4970743478125   -7016.880480559976   1         0.980577504110854
1287.8442827491058   -1042.597172390016   1         0.4505964660466786
-107.04229745506746  1929.120528887096    1         0.9339490894074898
-711.6740548999396   -2996.5477797662043  1         5.07553656832398
1978.7577662196472   -4572.252972972745   1         0.6837467354026496
2933.2415141270812   2576.357501592898    1         0.9337772893947502
-2060.544118223411   6669.112677526879    1         0.7866142780661947
-5411.680529256674   -3482.980898467598   1         0.9589010365401959
4026.229593415297    -3329.4335550734872  1         0.3406532436178118
-4570.4453391841225  2772.772941516953    1         0.7934960360917608
-520.9713305701807   6647.039696098197    1         1.247640176286783
3793.851606886576    6758.722249974208    1         1.113423407874643
-1800.0666091795156  -6950.6740325758055  1         27.69761689244489
1181.0299315198345   -6224.192717241595   1         27.328208961771427
2864.1628040372066   6764.6618479464405   1         0.20417199753480114
6096.751341044847    6422.414157214101    1         0.724231406862036
-5382.284367864673   3863.6309823280976   1         0.5750675239508825
-3426.9030047415636  -4270.075688478522   1         0.4167379269994922
-7014.919273292537   -2484.0616048332145  1         0.6552550736988627
-6780.3139096648865  1549.2273012741018   1         10.415041335300927
2268.597260438885    6872.104912351309    1         1.1148473934464156
-3285.8791006685087  6263.413761212132    1         0.8551256831657985
-3025.0064196310423  -4537.230351224419   1         10.395701658130468
3797.8696587475974   2022.1220827571135   1         0.8168880015784584
2588.171355764161    -5260.347414864108   1         0.9052937747520172
-5686.477738547112   343.1200462483676    1         0.18292375598079563
510.79855962786695   2407.8633609620947   1         0.4776865864281733
7094.420097463937    -5689.917604303644   1         1.0945081590907981
4451.194913144489    -5723.166535198723   1         0.43124943688203676
4786.490316158494    195.3152656195179    1         0.20490514715045738
-2857.3837684369732  -4274.512572189994   1         1.056442909760378
2065.2688686541887   1879.735542861069    1         0.31131274755736826
1435.2260861441691   -4584.467493973152   1         0.9098215185082904
-5999.947765658637   6166.29981521927     1         1.0978930839037442
3219.5287061370336   -2160.786826212522   1         11.108141703123444
