trucks_count 4
drones_count 3
customers 55
depot 0.0 0.0
Coordinate X         Coordinate Y         Dronable Demand
2988.7803893068317   -9146.699185822386   1         41.42517917644148
9094.498725117748    -12417.76205552087   1         35.08174090600244
-4962.318376567026   5760.917007753553    1         0.662547035524378
-18517.960489268673  -7129.961122008788   1         1.1265749531313576
6022.312330308614    7062.283940015489    1         0.18499051397470617
-9076.118112138942   7696.9761818737425   1         0.5870614677986742
591.690705454176     4107.412853120654    1         0.5782862485004323
-1606.9556969418034  9531.164391251279    1         33.379991272492894
-3805.92732654527    -6853.265398058888   1         0.9206202173330942
4858.1604566489      8543.28997216418     1         32.510090142224556
-5389.310398815085   -930.5874222094823   1         0.7352724934982631
4936.418994609202    8857.736435264844    1         0.3171505694541755
-6073.421740113112   6601.651260932801    1         0.9802601430502488
3622.132897156458    -8776.534089838493   1         0.2958474127211328
4516.145280030323    7116.907942399083    1         0.4730914151716774
-989.508264701697    5949.506113076939    1         0.9873935328649606
9576.781375120438    -19073.48312708291   1         0.5446383212009559
-18037.748568933013  19382.465745071797   1         8.684242745543715
-2419.8565046581325  10214.344177356146   1         0.3890951905856239
671.0734342415045    1433.6895791483369   1         0.2667257720629692
3805.062509468075    9884.937264195445    1         0.823697072264382
3563.957086911593    -3585.370959497106   1         0.20618943136285894
-5791.105554589723   -47.84516266625924   1         0.26263147078554694
4433.309300343084    -4887.039353565476   1         1.2014612418052049
-6300.048713100316   2617.221047272531    1         0.7483611437111568
-2938.6296700055655  -8694.152246003247   1         0.7224867761165573
-3829.217344078454   -3984.895583021709   1         0.38568439258590004
3839.484225353693    -9263.577858254868   1         0.7098848764817388
-875.07612016278     5973.4862199266645   1         41.82396458512341
8583.676896003662    -3423.639671977282   1         0.23625770646846894
-4279.947984776297   -2473.2593906890434  1         1.077034586045971
3161.0237651057214   -6170.7164031176935  1         39.036001188735874
5359.931802749       8250.935351015076    1         0.21926299196715726
8016.70093075905     -1118.7145381352443  1         0.2010356082234337
-16304.106048267362  8092.80565671184     1         26.687443878697792
4711.421143442635    4474.807228553058    1         0.28210016868782906
1304.3477519366534   -1545.5750939389106  1         19.774408031078742
10555.736738451114   -1833.0493263563649  1         26.693803331097733
1227.3198376525474   5787.84033060875     1         1.076214912540547
-6688.212444880782   -2749.3801677418082  1         21.645566512447104
3061.927917393973    5958.424436255367    1         0.528012795259844
2437.449804990986    -6122.420939223507   1         0.19186435497568716
8591.414084801992    -4341.493148492029   1         0.22409715106198763
-4090.643710730075   389.6233199091783    1         0.7798056597491333
367.91003225870884   -6801.925183607435   1         0.4368748742761541
-8095.252747302865   6766.86080370533     1         6.73670325748965
8072.2143777533975   -3177.2729094810693  1         0.213427983639203
-4824.614895032981   1934.6138653737169   1         1.160163275923471
7695.439595365039    3336.8835242375208   1         0.7617643514631482
-7955.37012098699    -1508.275254741605   1         1.20547046081951
2123.3162842437587   270.5614329976937    1         41.168559155631165
19136.612578631906   18785.263730671995   1         1.2481089371725753
2912.6727066593753   -8630.54295081404    1         1.2191046903741747
8657.530897942866    -4259.546611127786   1         0.27162445872276136
2451.3723527810803   -2495.832860541929   1         29.105889554027698
