trucks_count 3
drones_count 4
customers 64
depot 0.0 0.0
Coordinate X         Coordinate Y         Dronable Demand
9930.776573484553    -408.2880393979439   1         0.2027576673948532
8568.796621433328    2810.0260359165754   1         22.281065831057937
5073.679533097649    663.5196441351117    1         1.1872714657714254
9774.321729185764    -3533.7026257410507  1         0.6566848972155649
-6996.102666706765   -14861.773090437693  1         0.672292636422695
2161.375608493512    1429.355103680298    1         0.6571137108318552
7453.36380078941     5445.792063166523    1         0.43097635285027147
-14270.302533414915  -7385.918083953386   1         0.2454216761599255
-1984.7986961651677  -4564.599485762654   1         0.6737974626383376
-1926.4730465475707  -413.2094369968004   1         1.2160313328381989
-622.6399910893742   -6482.304626636639   1         0.8347669167941759
7213.932816543784    1097.242613208651    1         32.80631478481462
792.7158529038588    7690.626395433491    1         0.9804527738341722
1461.8705814915359   2776.377105220097    1         1.6033429298653767
-4615.804256155987   -4347.711470000966   1         0.9936211152925577
3513.3624197114736   9216.69884967118     1         1.204894093361707
-8995.365562048772   -12514.180685813832  1         38.955955939252966
7014.272283688126    5364.597430137978    1         0.3209217880615046
-10140.946611154304  2820.3091537864334   1         0.10321856995197427
-7341.490189776972   -7689.240442638712   1         0.9532941145117029
-2570.584197237333   9452.827581811092    1         0.3810921179457818
4213.648449584599    9984.993613530312    1         0.5329299600750982
2288.244008243946    14319.86781049567    1         20.192406265010813
6766.039694014024    7598.539740283595    1         1.1508746913490988
-1134.156129381563   -13088.146132264708  1         0.3715205364757126
-439.45193573104746  8832.5599811535      1         39.31683004584619
-1904.0638574906243  -13486.154956939023  1         0.5610262034768911
539.5263817040408    -839.0464110581263   1         0.23823745308796646
2069.880691867027    6441.805352409483    1         0.9437328401627051
3238.888139189994    -1828.8633010596159  1         0.1945757210578583
-15061.306312555304  -11361.641954820467  1         0.49919625829821623
2686.0872955884447   1369.8124538003283   1         32.76566906993797
-4307.439324254545   -3927.2549420137057  1         0.19474464882823478
-5361.150536048801   -4814.813372512941   1         40.02939899740369
9145.605500619451    -4812.916478002093   1         0.5318082431856355
11699.272744558803   11018.783485866545   1         0.14030932791720208
17319.98326672718    -14258.736288979753  1         0.8895572262246049
2233.6206218564857   -10682.56950388487   1         0.46231744524389884
4600.08290006869     -5360.062828736854   1         40.587555548049096
-6456.002500622421   2231.650067355224    1         0.3435457644934806
7171.498286613574    -3503.808481458091   1         14.037820565198743
5197.696681453001    -2104.9581127913575  1         0.8857781050937857
-7986.551196282908   -14449.41743334236   1         42.225741864169215
-5052.456590978574   -6226.966738674498   1         1.1792142442631655
5119.888289887926    -7057.456658978928   1         0.8149856869870881
-8026.88592456089    -2566.4166854237956  1         0.8469932518724989
-6878.399253425904   -1295.5068622109422  1         0.5607443547326709
928.0319010072303    -6850.923581825324   1         0.5678949854304489
6290.743789786331    2582.64873465021     1         0.996795410666734
-547.3353871469878   1030.2260438126607   1         0.5180010265855486
4640.819354731981    3229.207262652801    1         0.9279413573835957
964.6658280100525    -205.74787131625342  1         0.5749302040519555
-3229.7929464314016  5464.531413668462    1         20.830523293094192
1425.6554529888456   8047.41198032241     1         0.495263092646824
49.0705730276205     9693.458756628153    1         0.5898399223464574
1374.492576635876    -8844.117730837108   1         0.23374975563799508
-3663.8404493185667  -4061.2029395778663  1         1.0445323020077963
8798.587715155145    -2248.983449435494   1         0.5617479546696166
-4582.336045833321   -1156.2742947806685  1         0.37245847284366307
3028.204942008757    -16967.338238291413  1         46.86391502765836
3041.546760378886    -2581.991023449257   1         38.62305689085274
-15623.50009960809   15629.73796221751    1         39.63841366569661
6185.252156276283    8226.772289736726    1         0.7369187576020759
-7724.598742598354   -1644.4114821465275  1         0.8317340295867395
