trucks_count 6
drones_count 6
customers 93
depot 0.0 0.0
Coordinate X         Coordinate Y         Dronable Demand
8108.703810566095    3915.587530515039    1         0.337361023780245
-1825.7297218937929  -4604.409124318552   1         0.7081638848415787
-5143.396787412054   -2034.8579831353113  1         0.9128874468187603
501.3114018599079    975.7778247442949    1         40.78538007738286
-196.9985943744739   -8235.277519879719   1         0.1526907761475348
-4061.1044072946793  9077.862102281704    1         0.868956497630834
10566.455566296463   14082.912168900162   1         0.6948306283128522
-18525.841687237888  11565.259188838092   1         0.7207532538295423
973.8223135465273    334.26785299555155   1         0.26212385167943575
-5416.510395460634   1989.5259135497624   1         0.9920241269335106
7635.111303791486    -1567.3660316506189  1         1.1331511925000477
898.5240797263236    10022.984305914058   1         0.5593585272084863
3507.9355145104337   9564.646673717503    1         0.4093932176765075
-991.2779730166229   -285.7832280004566   1         0.11006353479540885
10470.09031788959    -5608.306724782027   1         0.4079167951638707
-12104.21970646728   11061.845629010928   1         0.3449197711194876
7760.919472831295    -4938.146694293036   1         0.12695867471743974
-28.19142886417965   9435.672604307143    1         0.18342184807199496
2327.977872096623    8880.972653564373    1         13.97760604088949
15432.561042574875   15904.87413195095    1         12.035999608839381
-956.5420957096638   -6575.38448908152    1         0.2513130232764894
-8517.126534994646   2795.47464471096     1         0.5649212583075417
15037.143752266682   -853.6166413891333   1         0.5195599219660118
1086.8903212121484   874.3143354079428    1         16.310188497364194
-18905.645395968215  -6052.386697973665   1         18.0177327921592
4854.7317819971595   -3543.2342752024206  1         2.440021470321911
-1160.8557747588925  7296.155052560879    1         47.9193819116587
6575.167530137466    -7602.150688057507   1         0.8763364801039235
2743.790798113223    -12307.851645924417  1         1.713696997836586
7092.503444033023    -4879.60745219965    1         6.25101528473128
-2386.203167706597   8211.362579136863    1         0.922756607577578
9953.732722161807    -2360.6693349598936  1         0.26984866145782227
2738.088878505686    -3357.5863762041663  1         28.548235992565324
15335.031491452602   -19198.910799431167  1         30.6166086078373
14131.935866219093   6823.818361461141    1         28.979762354184246
-1456.4119691960018  7476.4340282744415   1         0.5236366306246109
-4854.138348372802   -6384.20462470538    1         0.286027028545186
6434.946609698497    6380.8099575809465   1         33.40180861982125
-9933.442343694018   4375.919528584038    1         1.114461962116732
-3995.0014536402427  6337.44698221819     1         0.14630186744345267
4768.18926806923     -5675.871845400118   1         0.39197748221504014
-7978.694003461177   -2563.08298229367    1         0.9729393781466195
3286.8014983741873   4205.630424285856    1         1.1163747422128694
-2945.239676989803   286.87737464576423   1         1.1433149526672235
4286.5170452213315   2899.671824692792    1         0.7272025480750304
2421.2585552504497   -14121.296866247063  1         0.5446830189619862
5292.760162140204    5363.299048417211    1         0.6953139774820204
8345.554535984593    4110.460768292461    1         0.46519452525191474
14402.947920042949   4748.991303571071    1         45.04857737222942
12779.411224323809   7562.256950139814    1         26.03549671848747
8198.936488539463    -1795.2044337578748  1         0.3858259959960898
-2821.2595194084947  -9393.713164316534   1         0.6335802291060036
1831.8090476896466   8594.475262301332    1         1.244947469777139
8978.062832638385    -5645.008400930345   1         43.615887011383585
13374.438455839867   -18712.39551241046   1         17.254845935300615
-6060.7792165140645  -4337.633856640768   1         12.772923333065975
-7465.878878714643   -7418.520844677049   1         0.9138961801274295
5015.281394478987    1560.85937422876     1         0.28925898334883526
-503.48967385581204  5314.958427852756    1         1.1502471803863255
9727.468498651831    -2855.5260062035904  1         0.6088318264323714
10693.207139266664   146.81820863774087   1         0.2617948224038385
2746.097686449328    4247.132399305888    1         0.11170143116423917
-728.4486008154364   10048.482309042614   1         0.2810971472458418
-267.19597641513303  -4668.570502191829   1         0.32386958111552827
-2180.3616795785438  -9974.021887102772   1         0.9579355093025002
2609.5833865207787   -625.0870021980935   1         0.8677990799043214
9237.067173829602    5008.275544318533    1         1.2226468473685062
-8929.08740523432    2053.9058748160296   1         0.4468982253503072
-5769.457015699031   7761.435883377076    1         0.1375193943554045
-610.2661517168713   -4199.6288821354865  1         27.725666130369785
1881.1601490093637   -858.1477202129752   1         27.808453185846297
-3585.4356153899803  1073.1521912938153   1         11.480403525543649
714.01229484823      -9540.29924653348    1         0.9619788268906504
10918.124043278403   449.69621481371655   1         0.9173582362823146
-10956.445125071496  9769.282054870619    1         0.789421171662506
7744.951643534205    -4783.2881103772115  1         44.86332037074438
1691.9326887874236   9177.47265321855     1         1.0957401615867763
-7367.4677211133985  -5120.875618899322   1         0.8588662075906018
10475.766621048362   -2532.244138038592   1         0.4412120044807455
7477.255834403536    -629.4708989717677   1         19.325358660456224
-7864.303936382042   7208.878356725367    1         0.8053291881411528
14218.408361660186   1141.9380124362906   1         0.29763323442269085
-5112.434325457313   6680.61620281201     1         0.5398967247705614
2675.334535428927    5355.436690492861    1         0.7401051604502574
-8486.005800967096   84.82700757143317    1         0.4550523797067194
3991.6761876910828   -9278.309062620183   1         0.7859774084269237
3767.587921486828    -1341.6956979253155  1         0.9099877852765924
-4056.585499125432   -2736.5444415341867  1         0.1803471947431497
6564.505223384746    -4003.0398807676615  1         0.577680069610136
-1398.876589653885   9688.739392780484    1         0.752878588840505
-1680.0259355820901  -343.10492150634354  1         0.7995221704443197
1519.5539931007304   3870.937687065414    1         1.2076155642140236
-4772.370492868198   6564.254520554086    1         0.3189211646366679
