trucks_count 3
drones_count 3
customers 24
depot 0.0 0.0
Coordinate X         Coordinate Y         Dronable Demand
-7913.0071127297915  178.83974450996175   1         0.7418732856893498
-850.7535539761016   10286.065088962343   1         0.5159469358839156
4881.172431244905    -8626.209195923899   1         0.6403437961620545
-4148.25958607989    -5984.931674276566   1         31.33541858071396
-2616.4974753917213  6406.020195061739    1         33.15323402364704
-1102.9488665866393  3198.263693063503    1         35.313906525557506
1477.131217844375    1329.8222865334628   1         1.008665932252781
-1290.0855285715518  -4256.57288003856    1         1.0341714565563036
2164.283501250231    8384.84518741807     1         0.18541510201643419
-6563.979902015048   5556.088527745934    1         0.11095392695861019
-1435.3501069794672  -7369.92732323748    1         0.5044715382930506
12876.4213642466     9161.623662959582    1         3.868848853710103
13515.361454665033   4253.864997529787    1         20.572469416562928
6767.345938778413    3494.6388771435263   1         0.4769145537794487
-10838.83784057465   637.0276241874371    1         0.8991531289100945
943.3412375095104    2645.662499267224    1         16.83075598941005
12972.631685072307   -6650.247828003861   1         0.5244929129817737
2853.776428444794    1077.6948224402436   1         0.31673612704081416
-8269.626010361058   7005.683498289893    1         0.6088078090690654
-7261.5580912807445  7783.263681430875    1         0.7726551416509555
-1067.2206886793253  -1896.2227151106908  1         0.5267508336425316
-13584.109205138677  3598.3507219922085   1         0.7297193569422662
9980.477365946468    -30.132788182484738  1         0.1592777499320706
7253.799242901094    4351.690536734795    1         0.24599296819416117
