trucks_count 4
drones_count 4
customers 84
depot 0.0 0.0
Coordinate X         Coordinate Y         Dronable Demand
8612.502189815987    6981.041494163506    1         27.200469445201314
-6900.553705082609   2136.2546550211596   1         0.7545755005908807
8505.39723340074     -2252.27084912917    1         0.43362222623387403
2983.231523174178    1004.5548687357622   1         0.40582563936286264
-2855.2753090372744  5684.712793699454    1         1.1616754298588565
-1104.6376122478985  -4447.620272773149   1         0.2857858569024147
-356.6380188661853   707.9351719769188    1         1.0241570515540568
12712.725771972982   -2078.709494536195   1         7.2526109838667026
6862.529398147608    2411.848725594805    1         0.9016358368310881
2667.5103362804225   2980.0084991455346   1         18.868520117924202
-4177.663761638295   7022.346655443092    1         0.708126748919245
-5400.45767292827    -3293.948184819192   1         32.76582093470795
-1509.89309534986    1107.7593362391688   1         0.6183349228117155
3198.1210252144324   5622.217207051741    1         0.19618596493267848
-3585.331094088633   -6255.871407716515   1         0.12598877848609324
3772.978143685482    10149.54701610763    1         1.1259278951148106
-4154.4333048708995  -4887.259110741519   1         0.3652461990292811
-4676.64788735709    -4939.369000975746   1         0.4589357703872552
-3300.5418506440906  -6260.765390164805   1         0.48168555205274366
14259.156393461013   -12415.78084438822   1         37.427638977855935
8600.021305924707    -976.0910804597208   1         0.7224607066985774
-8152.249282962348   6682.119056417059    1         0.5854489954937037
-7200.009565785414   5255.024889007091    1         0.7104107475951106
-11266.412018823174  5224.366745175226    1         33.318240140643965
3563.9504863826587   11199.55500122179    1         26.406512977797313
-1145.3236277240135  8285.8874778073      1         0.844544173678704
13579.080724800737   -5320.429454096346   1         0.3035681849799568
11977.01743392821    -4254.662543154804   1         47.47468588865698
-8435.130965414286   -2117.4245930548186  1         0.7624027016771742
-1550.538866056769   -6083.211431928095   1         0.7551622447993939
-7731.346078898729   -2108.3628045604764  1         1.155921581021814
3782.2243184507424   3097.833685830916    1         0.4292752248840853
-2720.8994758261097  1580.4381537018116   1         41.53793348366882
10344.448329927083   -1295.0328428332684  1         1.003788866716651
-8996.369871808523   -2506.873674653797   1         0.8810061706839142
-3410.7219834177517  -9926.596047230656   1         0.40648609024109783
-8642.647470751383   -4321.305160160222   1         0.510433085144191
-5167.5485671048955  -9163.07320792501    1         1.1145511410896352
-3783.1799562637434  7697.384142631388    1         17.533184384721213
-4360.336866250039   7735.370871344981    1         11.896401729144648
3143.7664570666766   -1553.7653756402667  1         13.279088845250612
-6385.042122054219   8332.670685315963    1         1.0863569366636492
-3499.6405277098966  4029.7428613629672   1         0.3416651484540266
-10975.856481681596  -10940.50380292508   1         44.58267459366671
-21.75163714150938   -4716.306312047207   1         0.5222058435590696
-2278.525471267965   4234.592856181725    1         0.3316773815756556
3901.738060386763    3412.7726956462907   1         2.5969413871396405
3367.7985618589555   2093.615933846969    1         10.19379720100706
-3991.6801964120773  7465.705607175643    1         0.7106430760446985
1587.3375877695075   2164.013782239361    1         0.7064836420937706
-6137.988466505653   1500.3618158505808   1         13.398861622721613
-1918.5498559631108  4313.971354120445    1         0.26166415346674365
9471.944754932883    3588.009236655028    1         0.3984084433488019
896.2898192047934    3489.594164224163    1         0.8623745114177614
1906.1308935714442   -5431.088636216549   1         0.8062215934338035
-1165.225894993534   -10839.5764529786    1         1.0432089028160432
171.77758202183216   -419.6919892389084   1         1.1089762022362823
11064.070691719997   14226.981844814338   1         1.0520382954707952
7333.309481062908    -1970.487025054681   1         0.5891431873157905
285.2198541058151    1530.0283178954196   1         0.7923735681280567
-3692.611897557401   -5058.727299074174   1         1.2483948768242696
1059.5103024032933   -4646.455506582228   1         0.198483507234532
-4545.231069252668   -4349.058307081037   1         1.1069870046269625
893.5936076495481    10739.152613483959   1         1.094429861007115
2065.236016299176    8436.469387133808    1         0.896163013485093
-4765.257789344258   3027.4833663879526   1         10.673032591930454
2299.2854052701787   -4359.082851747194   1         0.12204766405827741
-3287.4701715230694  -7416.807045480674   1         17.790738173063872
-4145.898051501142   -3234.0890011914935  1         0.412387325909799
-163.3428574700206   -7939.54830607237    1         0.5176320886976322
-6925.5402647486435  6253.082031141797    1         0.7521375774471988
7801.6003308525615   9395.359187175338    1         2.2164620901430823
11117.087056117867   6524.4154702997985   1         26.258955911463254
1773.1934335062422   -8243.578749413731   1         41.637414455161476
8675.437966155478    1297.03374561528     1         0.739676092380946
5390.129205119029    2514.049052563477    1         1.0308186507620465
3909.3888370250334   5099.388432233178    1         6.062132005398133
10550.237264057712   2098.9051367635925   1         23.34791496977871
5473.312085304836    -4048.618496424047   1         0.5877721834776259
6997.879117551136    11069.031875361223   1         0.8865131642187992
6375.517863169716    12105.709678004027   1         44.24474589351898
5099.028321210013    1732.419351696957    1         0.4160166833516554
-5156.7513367081265  4442.599581516086    1         0.9833427770509583
3743.941293426969    3607.7596022731404   1         1.0578073639330077
