trucks_count 3
drones_count 2
customers 25
depot 0.0 0.0
Coordinate X         Coordinate Y         Dronable Demand
-1196.7169523782018  -9889.989969274577   1         47.19722355394228
5295.052381619856    -5680.392260491266   1         0.2735253142543942
-3653.149253766419   6997.391018924122    1         0.2670114620087679
-5288.667789888811   919.4305275335264    1         48.6586884947352
-5782.989068637331   -537.9324464333833   1         0.3314375205803777
-3585.1795256101373  -8354.996841441718   1         0.7756942107292484
-4977.130030147053   -8034.364558030829   1         0.9868035624488424
2468.601073585172    -4722.666738921685   1         0.6270963448409982
-6072.469362485359   -3419.7006974766655  1         0.8704219090549826
1552.0238853955614   -7599.913390092852   1         0.26041092554472844
6974.403866499588    466.3314761316605    1         34.85461458850521
-3301.1410390402893  -1881.1624650825363  1         0.4324417503209479
6332.913756381934    8473.100327512979    1         1.765761381553574
1173.8309496478578   -3876.725432996882   1         0.6733116602490726
-4653.318658849774   -5606.469337899019   1         0.5263972370734119
4484.675785495204    -3299.0241407475537  1         0.5628022581322307
-5399.119288194629   8254.592595753478    1         0.412008968064996
-9458.803424280604   2709.9305653083848   1         0.4346345816057836
5589.471434643103    -3004.099741463293   1         38.614157315709164
-7485.939322427633   4509.045506448273    1         0.1798756418764255
-6629.58992873981    -10954.964859565927  1         0.9432180798816253
-5423.647117028114   -7271.752747360365   1         1.056264533424672
-8359.62548640675    6347.971633108895    1         0.6815082520205984
10778.573667210216   -487.29248470297745  1         0.5300676445384361
162.99502054606285   525.6176031872174    1         1.0627523956636022
