trucks_count 6
drones_count 6
customers 86
depot 0.0 0.0
Coordinate X         Coordinate Y         Dronable Demand
1337.7266307224359   7410.393891396613    1         26.543367317787787
8247.113066235674    -4664.122518611689   1         0.6248369729488475
8251.39680764913     -2256.1273820406773  1         46.29230831396319
2332.238787687781    8814.910249616772    1         0.5788452591996983
8895.503301186262    4581.863338435255    1         0.2656688390350963
-284.55825075588837  -4758.400212894029   1         0.20854638503559075
10869.373194921001   1387.9997481290793   1         0.40995460691744257
-9561.863803859493   -2794.788444833392   1         1.1037821446677487
10129.893718950832   -8995.031176031243   1         0.31611900959206307
-2134.748187996808   -36.67511201496599   1         0.6414165926085474
2474.5723804446407   -8636.992854459546   1         0.913637101010971
-453.6196519185288   4600.753979180962    1         0.6085905889456645
-560.1777075069585   -1146.3982132087622  1         20.670638975740466
8853.996294967003    3452.101410678216    1         0.9673922676167944
4052.5519717141347   -1040.767392128926   1         0.6420196355889716
-9657.910647447829   4733.317357776467    1         0.8103552708549547
-8663.558855748352   4389.599640591497    1         0.6610256121658425
4833.909219737486    5441.072757991771    1         1.185584017145795
-8376.665928495588   -8162.382722313616   1         0.3921176986427377
-6108.291973804093   -2259.1205281228467  1         41.62762261157193
10117.276754008744   2328.461106764442    1         0.3567565263299646
6358.0019902765025   -4466.578962551987   1         18.17717560128132
7896.107909822072    6803.473794263295    1         0.16628749215634056
-5362.984055258633   -5801.929686844258   1         0.9313962990390185
6762.386790843358    -6658.07237247014    1         39.90086100349
5968.347972688914    -7822.901548912567   1         1.2017060884153157
-6740.465617730495   4661.016872448524    1         29.78052674402678
-5126.332362544912   -3948.902255021722   1         0.6652121549118218
8732.562402831414    3977.918646463822    1         0.7535162668523789
981.5446316373907    -1991.0871315194677  1         0.3898315394189088
-1039.7913507396927  10375.22244756731    1         7.5994925648768845
1058.5330924102857   -8971.39990100042    1         48.88238707187882
-8346.934712840639   5857.721302456283    1         0.35600912776392424
2213.552418326196    8998.560509418581    1         16.35915476854826
-4319.922596782583   255.56869272060612   1         1.237297092493333
-4264.047670162666   5535.6889042802395   1         0.6378072808161683
4459.8840965310565   -8789.343892042401   1         0.9120716594743726
2690.197466284405    -9000.308714776385   1         0.1048964711667667
4767.830232193815    732.173230592486     1         0.14277926499910945
1819.8450468616084   -8578.944741264673   1         0.30820934909573033
9972.179685890063    -2094.995516939994   1         0.4413132786612227
5928.440690699313    6465.954056888267    1         0.4822358892128893
721.7705866922388    -7782.274856106686   1         0.18714991744349238
-2646.5873361997365  10222.05885887157    1         16.06050866433911
-56.36704106646929   -4790.499744309213   1         1.0394722097738176
4690.681460427629    877.3232536103732    1         0.4445424596384391
-3916.06216185476    -3753.207674477871   1         1.7972491798769663
-10051.468211682999  -5871.554852563222   1         11.313906832265154
-9579.433497514126   2578.617649088448    1         0.23421874496531692
6027.145367903369    -3766.22816887587    1         0.998076175684856
-8683.032605911258   10615.082482395916   1         0.31712113823992716
-1487.2752057013508  -72.83671968787004   1         1.0376576702034679
6987.3200755979      -2821.5767473917554  1         0.820029479317917
5662.823622071563    -5213.125636735376   1         0.42552930081150786
-2305.324147372584   -1727.3870157895203  1         1.2188870349793026
-1331.4817982982113  6024.1974981308485   1         0.2756725851999122
8900.846744727116    -4420.569631798483   1         0.9899047007645317
1554.4623055164884   10195.149341709654   1         0.5378401180459973
-6103.28778584131    2109.7413131212343   1         0.11480144830136199
404.9767777543729    6408.135448947165    1         0.9740667384409479
10570.140295634548   -10794.543703326606  1         0.2889319867673078
-4018.5436503387086  2530.6198505026327   1         1.1033220338715306
6115.532756495651    -1776.2207406106634  1         38.897282901202985
-6847.271393643004   2261.577073976219    1         3.4692178542272516
125.65491008006352   3750.0712273453187   1         1.1570824992210396
4728.15971485367     868.8300203509874    1         4.916440298985258
9272.841755398582    5100.017001439367    1         0.7405912564387795
286.0165008870134    -9798.470920769187   1         0.8634136501646468
1734.2036179289705   6868.6835933463      1         0.8956185312370611
-10347.998257252933  -1508.402148713797   1         0.7718008803244675
9811.158533421909    268.88381757535717   1         0.2626653836344103
-5409.672827208175   7982.076778033159    1         1.13230389523866
6781.598611526255    -6240.149083530347   1         1.0255474020784123
-8561.494821276976   6772.674346043193    1         0.3506406224432419
-6735.708258400022   4481.419172870354    1         0.5538716148664236
-2849.557513420646   2819.232063400827    1         0.8809088908090111
-329.84231014123685  -8853.459103844225   1         1.199818852357836
2973.0613957905025   9390.054875348518    1         0.9241599035855719
5298.297089723082    -838.082191765747    1         0.559481012738325
-4676.935426916379   6531.215069073917    1         1.1371534251603488
1467.692825455924    3799.8488609483898   1         5.261308831023104
-9712.80791695104    -2103.527683285209   1         0.4968554396837168
3267.1297852307616   941.6126381174654    1         1.0646370345604608
-4443.799268523314   -5421.695446997968   1         33.87685364892496
-1778.0434720279056  8368.993589519552    1         0.22984103025729688
-2654.6932398489225  -343.7287749372734   1         8.199951271481105
