trucks_count 3
drones_count 2
customers 31
depot 0.0 0.0
Coordinate X         Coordinate Y         Dronable Demand
-9682.055232003731   1555.1042103415132   1         0.5224514678080928
3150.5448381611277   -3306.2229157369084  1         1.1823190837250652
1546.84811858376     3919.922934431302    1         0.33072192454548455
-13816.579751949092  -10503.01856011706   1         37.58350924608901
-9208.65893836182    -5331.745774380715   1         0.6358094747614079
10831.197884007774   1556.1194913183242   1         0.5879719977358987
34.2127393027542     -2890.6391655825805  1         1.1920758399804616
-1343.8515463940937  -3242.062262621777   1         0.755813293443983
4953.816292528756    6056.989719163744    1         0.623736806833249
3204.202753572911    -651.8238589157966   1         0.4843061738866703
9791.778678548731    -3726.1184144534213  1         0.36969625826380026
-8855.663052340153   -4522.45685074041    1         1.1067071722479356
-1684.3181827047022  -1964.0703931120593  1         0.4796521686003945
5036.516950325612    -5445.8653605510835  1         0.5243989944982574
9861.652677505776    12147.836057030578   1         0.42293249972918867
-6576.230227857522   237.53426475230506   1         0.6260926747037464
2773.2727531448836   -5079.619119489147   1         0.5711070151541489
-7942.5918985596445  -1945.2789680566755  1         31.238971222139778
8470.476179624238    -5418.486681289918   1         0.21125998018438913
-3398.897176186378   -6448.756223290532   1         0.2040782946935923
4107.224858578303    -9342.206082490804   1         0.9805838148913082
-2475.983682654338   -4676.64818957595    1         0.13694235434651864
4255.558607947114    -806.5116765374021   1         1.0787179087300762
-357.93973036762327  -17265.101674275655  1         5.3783017910702124
5300.937930810532    522.9189753716423    1         0.6288012069476081
-5893.441682190787   5560.171979146058    1         0.5209400352162676
-10209.240073352317  -10597.328626794235  1         4.576464619095598
239.4314780755896    -10033.055736464494  1         0.5236762333079686
5889.681104803366    5486.772656822225    1         0.3109195069887234
-2097.6364715374434  9746.521092839475    1         48.64539497237534
3027.978374032279    -4061.084735296623   1         0.7129458523823561
