trucks_count 5
drones_count 3
customers 60
depot 0.0 0.0
Coordinate X         Coordinate Y         Dronable Demand
-4056.169375992792   2614.1246150137176   1         0.42848893708225844
-1311.8144026565903  9833.762541978194    1         1.1609106103835642
7234.906342393123    -4469.115528913811   1         0.9804754209492192
2042.8872253787963   -2582.04169277653    1         0.9867412532564367
-4258.770919272498   -625.7214318617938   1         5.871670731211204
-1505.19354030489    1763.9929128326778   1         0.676494200048518
-4034.116083968149   7053.682849664042    1         0.6867521125758357
5370.631258869836    -5126.035453751973   1         0.9720012652066863
136.32718437280317   6777.071680260256    1         38.332054244372706
3122.1552589887124   -7757.843025853665   1         0.26421073137712825
-4898.014909515455   9280.89987634757     1         1.0702704925960922
-6798.889761161003   -4572.452351160145   1         0.7385445852623432
5706.335834999312    2391.2258130766313   1         33.63623667524015
-5194.459882088465   -2475.2430985575447  1         0.1485724847041282
1563.1272853057508   2444.513646661904    1         1.0647631345161082
-9802.957241967451   -4830.349193454485   1         0.1841102002572675
5128.124774576638    5642.343487012488    1         4.050376306019368
10435.600628077149   603.8191098069932    1         36.79766794324958
-1296.3329811918918  -8538.084620623757   1         5.885567296046557
1873.3593613209232   7152.529009737379    1         0.9253376874819744
1355.485581716132    -4137.83802642853    1         7.191723140201263
8883.317233313182    -10989.768052841731  1         26.93125337582576
4152.021737662302    7983.782221014537    1         20.151559752372084
-1036.657096929522   6988.965810980838    1         5.492163170352601
-2732.005405482601   -288.60682977094194  1         0.5477815445495897
-8766.398897845618   7213.469477664445    1         0.5266068997003712
443.73531587706447   7942.839941254947    1         0.43353703398851084
3323.544082947668    -8706.31323092192    1         21.123330889095122
3779.7574358752872   -3495.645346388102   1         1.0867275074192253
-8048.180272896957   -4780.973723713436   1         37.680393966204896
2165.867070984862    -3278.042056914855   1         1.1822075477498977
6501.567678881132    6120.218263591565    1         46.24411964258329
-7789.757973543229   41.82512659800796    1         1.1646886362319897
-3861.2050571916843  -4206.418805616419   1         0.10169124109098114
2668.829047618127    9110.314775255292    1         0.9429123733405531
-7934.938603085275   -7828.479919715012   1         0.6145719065046142
7809.313087051122    -272.3693198242731   1         0.8878152833895411
2854.399840096768    2605.742769749978    1         0.42577272469683325
-6197.490727148807   8214.615818405378    1         0.7319824780524621
8276.987792190912    -3176.1945332581236  1         30.201734183370863
-3607.2723647474677  -5243.055540142509   1         1.228049175763118
8761.17135037893     -7467.953904750671   1         34.50960279481223
1761.3902734914902   -7658.073331904182   1         0.42450656617224825
-4193.5280023615605  -3758.2409012160156  1         0.10658869632078306
-8352.925478750309   -2614.277014750501   1         0.12675009409354218
2468.555580422873    -9386.911054696151   1         0.9028413095595534
-1055.5169918479392  -7402.856383904907   1         0.6388280124285025
3215.4196437522505   -9370.16474970489    1         38.850325653810835
543.8594044372961    5503.412426884787    1         0.3661626439686745
-5881.008894870804   2494.869883620771    1         0.7177311078421285
-6734.553038832663   -8252.28690372471    1         1.1563742689866883
-780.7331025479203   -599.1639072469978   1         0.32461787370617873
2283.0706621953796   -9752.080613291571   1         0.4747394063850653
-3082.590899827663   -5925.472435544991   1         1.2135595327239945
6754.16397366409     -7395.660300592896   1         0.8438123974287859
4552.0156715211515   6613.327579987673    1         0.5284160945387174
-3541.013733071594   -5535.029534293503   1         31.545420037082497
2817.668001412302    -3246.3387325762706  1         0.7274120841888758
6374.813466817897    3479.4012805790017   1         41.4778399965428
-2747.733884526482   -4867.2019990112285  1         0.7497142337428704
