trucks_count 2
drones_count 3
customers 27
depot 0.0 0.0
Coordinate X         Coordinate Y         Dronable Demand
-2791.7294867321216  -2557.4517565689957  1         0.8430950827289665
6462.58316379117     4795.849219146854    1         1.0749451786509507
6875.80099079322     1403.3277962076995   1         1.1601906578614916
3844.8109784515227   -2445.985886893812   1         0.5145715343777706
-7548.92530328512    5265.771478622114    1         1.103612999540148
4548.825285833667    2382.341572459493    1         15.66510858237091
820.7268688502983    1520.3181871571496   1         0.5282825191425693
-2713.6647754148034  -13924.952174577353  1         0.7590227253743295
1208.8310123316605   -10400.217114911844  1         0.21080225434365013
-1787.2697346147388  9540.120801407578    1         0.7409284873347325
7993.019037269118    -4682.798914204743   1         1.0222560543503156
-42.96112877903828   5077.018134090035    1         0.24701702152809976
-9389.300759587422   -5446.964380804133   1         0.5311079729537123
-1624.2940033086688  -445.7604383374244   1         1.2440494282160144
4637.891279977108    2065.4944955139918   1         0.4782089335022126
-5450.289389154257   -1620.326205297885   1         0.17764157980588735
-6549.104383509699   1505.3932423458264   1         2.9412304426907756
11043.001301314445   8230.221048714084    1         10.35476308720647
1982.7638129486113   -5834.489850855811   1         0.16352712891434196
221.370795814607     3588.5476584605058   1         0.48034371195945935
-8162.972369033594   3737.4422195425714   1         1.1282572410482261
-9589.735614468293   -1951.4058714400505  1         0.48350938416967715
-4903.948669272118   -4926.183389721115   1         0.9293519405841676
11646.103004721503   11967.260239075928   1         30.622731082255918
-1975.972729835857   8297.234852861944    1         10.816485144913424
-1414.1861201026704  -9964.087895427556   1         46.5721042575325
-13630.357563058706  -3130.452892611347   1         0.12745156885028322
