trucks_count 5
drones_count 3
customers 58
depot 0.0 0.0
Coordinate X         Coordinate Y         Dronable Demand
-4249.828065324021   6798.174604587625    1         1.1196084182958363
-4045.8133846320634  -8756.589984669139   1         1.099905937100939
-9468.539989808298   -1610.7805709479387  1         22.02563028454388
-674.1676693768102   2283.3377719882487   1         0.14723378216030267
-4516.769810272941   8522.218326274893    1         1.0884840667582056
9334.280142510856    5330.434791401645    1         0.13577049839377026
-13594.106164127363  11490.230308761296   1         1.1485525998989603
-1011.9163431187402  -8721.171666447413   1         40.89758530452144
-2911.5314642100097  347.0517049514256    1         0.12305013595842948
-6069.153497429049   -5449.256798527234   1         0.9339220738708452
6067.747865772971    -8708.743362128867   1         0.6365070666275222
-4195.3980813992175  7093.149739361112    1         0.1737876209842391
-2882.849645690516   -3486.8571852369146  1         0.5644884923974592
-6911.628658240626   5739.409624863933    1         0.39483397044187063
-5900.835050573876   2128.9938833778215   1         0.7282061200110724
-3247.4897911075773  -9449.139565698686   1         47.825401160770134
-7524.779446824147   2249.9017517853517   1         0.38197733780928356
2271.2979085401325   -2624.097575987952   1         0.36721645961734695
8471.430974968094    4077.8045476462303   1         0.4596490218471194
9450.251338100912    -1701.1234384528934  1         0.7641043184992226
9150.79782913206     972.4016379014738    1         0.9904883308999916
-5070.453344214156   -7520.615129643666   1         1.1449625909411003
-6516.19605184336    -2135.2892088228723  1         0.8993734684063509
200.66786352592143   -5052.087790575977   1         0.8489501374901752
-1102.6687062753265  -10325.67038572182   1         0.3288359597578072
5328.018675600506    -1433.5537210746343  1         0.807040801072658
1219.6991559883663   5902.705447779045    1         0.5006198551431721
-7419.12273592674    9364.952345371963    1         0.7402181055866112
2621.1720484502825   -3618.8388671587995  1         0.4416786605905292
1718.59759511601     -5079.301653503146   1         12.430026280115248
4301.444661318791    -6929.7184930391395  1         0.6973530687341422
-14188.131977331625  18773.748986694052   1         11.034129581419789
444.2052384309       5301.570200743235    1         0.7020843758297637
-6902.085404216773   -5118.289084758109   1         0.6285952649817476
3842.8320507696794   1609.4807985125221   1         0.4582235624286404
-4484.362301428515   9635.217724625307    1         0.2740896236706343
159.19766590371103   4590.080179019638    1         26.553227107458518
-9840.2150268345     -9672.488190368178   1         40.05301718346662
-8440.77915922404    -5105.030937151885   1         0.8305554937946767
-1319.753631974668   -9460.118326897435   1         26.458336994201346
5453.3031524772305   -8097.771102425172   1         0.5175601001003871
-3113.3867188384374  10468.966219412026   1         0.17778445665407316
3642.9873462692503   4090.1026944499627   1         0.28087064942794876
696.1482603915065    -1171.1153329519366  1         0.9779082286163873
67.92494001049648    -4494.441829353463   1         1.230849159339341
6130.8639577841905   -7567.5074424581     1         0.6478564992239095
14053.12028538141    -14100.472293779487  1         9.960007292207695
908.9613467050905    -324.82226208740065  1         0.7431003703547573
-8834.749802333836   -1095.2594658293237  1         0.9563211100783703
-2024.3688902623503  1288.1120816414816   1         5.008929300447741
4687.689038113716    -7153.111640823767   1         0.9246838974630472
-3958.8077010525626  5232.499308251533    1         1.2007347687959384
724.6671143384119    17401.170545316832   1         0.2660141491906344
-428.66627675268114  8167.417807436888    1         1.1174500970471768
4254.332146805535    -9176.524897176967   1         0.9094210029181063
1010.465783488068    -10123.959426166655  1         24.956178085986036
2493.6280444639674   9745.008834596161    1         0.23837540949696007
-7207.927590614347   1132.0814644730715   1         1.0597145746924819
