trucks_count 5
drones_count 3
customers 45
depot 0.0 0.0
Coordinate X         Coordinate Y         Dronable Demand
1164.6285064559722   5224.656456266574    1         25.24265786564984
6967.448787412754    -6181.768952480767   1         38.8085775849074
-10571.05597516641   -112.55617258847124  1         0.573787192061469
-7019.665377259715   -9729.121040738417   1         14.405661582281693
-7646.9599399143135  2828.9130981491785   1         1.0667955765472825
-7303.883233867316   3198.704797606473    1         1.1920249663332865
-85.52372947546344   -7986.1169440684935  1         1.2461070202558797
-2816.9720476204825  -5977.007667162204   1         0.5378230005586601
7167.049126140849    -7376.059806026253   1         1.142210291567301
6117.324743092649    -5788.269212192508   1         0.498526446461827
5602.34690932726     -4376.425684505208   1         0.6839629546190791
-7547.875559749346   3734.3344241180334   1         0.17835431910424426
7185.187496916025    439.1311349402275    1         0.7653849239134068
-2673.019332003746   -121.23945036576669  1         0.5631176569816577
-5149.237531955008   -1148.0037588876755  1         0.5121005297616606
-2661.6775551301866  8666.606629407075    1         0.2716250642225114
-3788.4019114282646  7157.133888807122    1         0.6866755960263965
-16577.488923310535  3430.832573401505    1         26.404504885563256
-550.0696934792322   173.53352595171964   1         0.8844780252355526
-3327.1152101352036  9773.147625845766    1         0.7680974037600866
-1365.3813074708116  8133.075684650157    1         0.6869645286954841
8993.019433790136    1044.7824022225684   1         0.6350883112126076
-2168.7315377699015  3861.858578834418    1         0.9470419816477377
2200.0506545298376   -5400.188278715126   1         0.8197905278555252
-4617.041895325004   -1320.5726055525836  1         0.10517494531741256
3506.181170821018    -716.5817041925577   1         0.26587025493251987
-5579.731232403696   1434.4793867752094   1         5.430531968078695
14883.583493559861   -12052.145086953682  1         0.1175760377689834
3621.1218030638875   -7323.964165226734   1         1.0785239607624286
-16106.619062475942  -9812.07047888675    1         32.50721867315599
-1899.9666820048515  10319.272560646015   1         0.63659443674117
-8576.592082718384   -2882.0736240899714  1         10.462245725743953
-5099.889207600989   508.9750399932962    1         0.2578528570402086
-5197.610846658824   -2982.770628906098   1         0.5365702254004048
-84.5462511891349    -7678.163693071862   1         1.1955037974210336
-4887.432291652157   876.1241338962284    1         21.77353732021777
-133.59761821967865  3380.1093326277496   1         0.7525806483428886
845.6673099883519    9147.757406113542    1         0.10817105856516206
2329.760498024961    -4828.797989461996   1         1.2121860848226147
-18026.713124570266  -4504.753859655952   1         1.0548050851589985
15786.27175966376    -13695.395022153     1         46.61221448242075
4419.210850124782    -10952.041954973218  1         1.0559895517674955
-6606.153208410642   7412.844505695117    1         0.537138446085601
380.24093677212375   8425.446302703822    1         1.1522563868472415
2888.4802606287326   10278.266992596895   1         1.1246450931866305
