trucks_count 4
drones_count 5
customers 73
depot 0.0 0.0
Coordinate X         Coordinate Y         Dronable Demand
-9719.972113955268   -3965.8479632765316  1         1.0704474954475491
1291.2936466731226   126.95281029941725   1         1.0709720852261468
-2655.5915487274983  5732.289512814067    1         0.6078622669241124
-603.2926207612659   896.3763241476973    1         24.140916169498276
-10067.067740685063  7383.361837615541    1         48.680404465456576
692.0761871076902    -314.5813373685851   1         0.5772823965042552
5574.463280652206    -8442.05153317453    1         38.32427150397576
-2910.018047382659   1306.5163062656459   1         1.2173407747484986
-384.8897530449485   -9485.241282381257   1         1.0879944539639514
7330.890442782571    -5661.608283056536   1         0.45692318806446175
6587.265278664459    7700.917120158918    1         0.8278947995326853
-7388.2146305005845  -7307.395896852942   1         34.10587463364718
3011.101070084296    4509.527811689559    1         1.2143464886590603
-1890.3208562305085  -9332.524417830846   1         0.477348255350421
-8047.460736156014   -2313.4156263491845  1         0.9075330751726562
-5658.804608529638   -5597.62988337767    1         1.156646618810063
-2969.016073204454   760.7073291028101    1         45.78601959801077
3715.8508031841484   -4478.263130348701   1         0.20759217182844902
-6895.368589297765   -5815.605132303359   1         1.0821786057547982
9789.238990326927    -2401.2862868424313  1         0.9135166443059363
-9208.654004752305   1435.3081448741937   1         0.6461042395711158
5784.133678434558    2852.559826952385    1         0.6611182864873689
-7186.481257928366   -455.12922817660217  1         0.8981397990605507
1292.918696946244    8147.300198113002    1         1.1221164796984924
927.8795757079624    -3615.4805341650135  1         0.13089640519802834
-5608.628592602717   -1970.592422310267   1         0.7634581716418309
-7723.275825912214   1602.0381541069369   1         0.2607884689012707
-9290.592459965685   -4620.9729899233635  1         0.7609410836971727
-1707.466286871617   -2910.1421585345943  1         0.242872413715696
3770.586494947556    1135.3919461753185   1         0.607838536893118
-7825.676424498295   3691.6160682666173   1         31.557728848320153
-1007.157122065029   1530.5937127509649   1         0.4996984871178466
-4856.290519682973   564.0745463707743    1         1.051453718978187
6195.371398023888    4350.197401607738    1         0.4100075802329921
9351.912249663077    5628.970204257991    1         1.1230672121569425
8339.298075556357    -2961.660611554902   1         1.1680609829640662
-9922.182292656638   -10575.729775553778  1         1.2467017104068814
8450.003393738034    689.8963314461989    1         26.098100515840223
4713.301493293884    2444.3028621614167   1         20.438518487872
8764.555919456106    1700.731472376028    1         0.2009636709476763
-2823.8890727425905  -4782.211829703822   1         0.7581544327543995
4207.411711512697    -2349.4537603454664  1         0.742250126834911
-8075.743071410151   1048.994815268862    1         38.822418459485505
7919.319630447068    -4892.563215501278   1         0.35866968838288116
703.7632198722087    220.92896159844656   1         30.1639164482699
-1911.0283972601655  -8987.494419317853   1         0.9550923644396453
2454.9118760004094   -5385.657303938297   1         0.3542134433819203
-4897.387242665973   -7869.9696676842705  1         0.13350722861959372
-7038.495594420214   -5238.660655555163   1         0.6141165833012355
2361.78123209033     -5125.882185476269   1         1.1120446160900752
7021.422369105365    -8798.467336827574   1         0.3543785008908582
-1695.0501890122491  -6098.991982665737   1         0.6150481371684208
-3758.1547718576653  9344.780952387711    1         1.1124137785099117
-3548.276242247065   -3328.951538396723   1         0.3254958821591698
-478.22274492284214  -5411.534159646418   1         0.26603870002013863
1924.368960871594    3040.4194301309763   1         0.5857780345376253
-9636.402678409635   1043.0818864322114   1         1.129925756758228
3499.177181403473    -5522.400158506505   1         0.5308987771536751
8216.08733859287     3885.5663489761882   1         1.0038506135319902
9580.609925387029    3969.2961435552293   1         0.7398303941972574
-3093.502717680298   -619.3599036608334   1         17.48719461023023
-5708.654772706453   -1936.1375357198367  1         0.3992960818543615
10463.920592973614   718.2281538263865    1         0.6134018157315456
6970.954408149608    252.73311675931032   1         1.164273130518384
-3610.670549814743   6253.079546554136    1         0.5703911346465341
4368.413104447729    8462.057131832684    1         0.3440977699475296
-2017.6234470131012  8633.908859938527    1         0.8325573729390588
951.8063656843151    6194.06736953668     1         1.2309410684678688
7817.003268066687    2943.2533968053435   1         0.6188740105626014
715.2058904430415    10405.543292341352   1         1.1734505582136778
8596.556419421024    1884.8741071323886   1         0.45020137865543386
-7507.014280862579   -6661.298551853807   1         0.5926816085675214
-3194.0444974839047  5935.709373283618    1         31.249212535262075
