trucks_count 4
drones_count 4
customers 100
depot 0.0 0.0
Coordinate X         Coordinate Y         Dronable Demand
-2479.809140144829   816.1123678782442    1         0.45984408324981774
5191.931868267911    -5745.287639119898   1         0.3665267447797803
-7827.416086260595   3401.2720598761243   1         0.6628984238555611
2581.6571244790275   10386.28521546439    1         0.5194305396711886
-7485.277427704229   -4907.432903550836   1         20.8395896826976
6061.552666651336    7776.647061424059    1         0.2986829855490313
-9668.05828181727    2979.7607824272773   1         0.36125677572335346
3611.083182235629    3414.056280665421    1         1.162805957082612
9363.67108146004     2866.97774960226     1         0.39407950602076824
-12601.4292087658    4342.685810235793    1         0.15770008220072868
6850.60570723813     3977.619650757919    1         1.090488632173785
-378.81571760740235  3332.9839925615097   1         0.9476124466075172
1950.603015705175    -3230.3744002085373  1         0.5979224705481168
-6431.158018390197   -8004.831920773792   1         1.2336529395934686
-7374.515556547996   -3089.385110301858   1         0.32133637846727947
125.65401444069788   -5936.597623908568   1         0.7039095176656246
-3904.2359240733463  3905.0625610498187   1         0.9268694510904758
-3427.5629474631114  -5337.498935804928   1         0.4531001304413218
-279.9896214237044   41.366605899542506   1         1.1527031184566974
1865.1606645923612   4032.2504527969445   1         0.8272428691361067
3811.358735386987    2236.3042072106805   1         8.967242792787083
9456.796733023491    -790.6204528215309   1         0.539248426245006
1502.6985612148835   -6039.789314851414   1         0.9747708685597557
1106.7843039469294   7197.1461180822735   1         0.29379137014924506
1077.8562052654213   3276.403170925475    1         0.3557660784854866
2907.709588847696    -3417.449206482629   1         0.36857034051055537
181.67973713038586   -10529.911613463317  1         0.6350153171602493
-10185.865127114259  -3495.052992161482   1         0.5912398014146811
-2164.543864125833   -754.1565591424002   1         0.7570859340931819
-1135.426796822465   -6927.7151420242335  1         0.6086567395604533
8453.09426816637     1935.0090360140143   1         0.3763454893293936
-6772.8379894479585  1000.8677812393789   1         0.7363908193417807
-4293.0792879788005  13007.20936619702    1         35.562347015279634
2400.288133134546    -338.4830115083097   1         38.54470449714729
2754.051723976762    9526.590129206119    1         1.2480085889549983
-3436.6311948814478  -319.3473274972416   1         0.6725520425195418
5328.229835590295    -7291.096733493406   1         23.168090302647258
6690.7268635077535   2470.409148224465    1         1.11565769545553
-5316.37876274571    9374.234277566437    1         1.0140025859015138
6336.089808560525    37.806417912184024   1         1.1088388982146558
2901.3051739962402   9789.09979040678     1         0.3310997592781516
5244.875161966107    8168.902130702614    1         1.0090159296718972
-8556.003684570474   8109.142653366422    1         38.6903758741829
3474.820513856153    3893.6091398447716   1         0.46979826554772497
7743.010080725549    3815.1103600534498   1         1.1420796977735137
-739.151059579901    4284.530879640892    1         0.5587617511226173
3955.1173314864423   -6279.003772727021   1         20.772655132160512
5180.291274872169    4202.715947634538    1         0.8410140403343024
-447.0465108101619   10868.151797998855   1         7.591730322497547
5538.687027785033    -2595.2403035891743  1         0.3249246391194943
2181.5587887875913   63.05744211305702    1         1.0550815359859345
-9164.619331005197   -5712.575092805156   1         27.6816265192853
-9375.661954702122   11815.85399291908    1         13.281152718451514
8338.04003098466     -5239.071975275662   1         0.5677521905867903
-5923.623614670109   3401.628134581998    1         0.46432648041843294
6084.533888025456    -2473.9425366544715  1         0.13256687652212296
9847.774840421715    -325.7046969186973   1         0.4129905780268751
-6730.727595954575   8441.79405579358     1         0.36103422291524356
8143.504721515124    -3731.094201813612   1         0.9258630002372131
-6071.005938061689   -6204.663108038698   1         0.3307720948899409
4260.1257218986475   -6645.813842232437   1         1.2220626545909197
4325.0614582294975   -3269.1262087667787  1         0.1939549480510136
-10785.34641853357   -980.0980042343255   1         0.9231859425659444
3785.5259291176353   5252.391496497796    1         48.473181568247654
-5704.290609305692   12941.345268615793   1         28.808704077492617
-6754.656639091723   -6800.487717655173   1         1.0762815123791472
568.3665972974936    -7683.261589753196   1         0.8720474031811732
-1555.7573636934671  -3954.241675696787   1         0.8003063764036099
-1332.2592516188038  -7272.7390548319645  1         17.857851645110152
9172.418939528752    3554.485391947084    1         1.083946136549714
-2155.787577024823   7921.480656201513    1         0.7446576935600263
3695.417522785735    -2922.6776878166443  1         0.5935601260623434
3588.107716030058    -7334.790328996591   1         0.2610652264452702
-2726.9515706296693  10480.718188016788   1         0.2935243919444366
7671.111001275369    -7343.72596585133    1         0.9658869432189183
-382.0234738570838   10612.819598550412   1         0.21491451336621545
-10385.35109670991   406.5200883695295    1         1.235690319951314
-357.5480812174477   8133.897904652912    1         0.7577308976980538
5828.019504163688    1505.6323726123778   1         6.51266519795484
-10289.419297039613  2500.3094169955107   1         0.6471885209315482
5618.9842675957825   -872.5627251032305   1         0.5890965423401587
-9448.895190109093   -4614.40918187771    1         1.0707695446006367
337.83643585747825   2709.830198425962    1         0.15500547336646628
-6060.174344435897   124.85304157020418   1         0.5668028397503333
5063.768528011834    8189.036875402286    1         0.9465877521273309
1985.183128219916    -6010.374242391174   1         0.3162361670271667
-2990.29026360896    4736.260215221718    1         0.11362190392872604
6189.815020221829    2044.8172658438712   1         28.739609522081874
-4613.753620436367   -8335.84550847647    1         0.7472063556352694
3141.3616175090137   -4320.591162667279   1         29.250538735001516
-2824.116359795116   -5352.092562936265   1         0.5110690917465464
-4767.725227123829   8516.822336907646    1         0.3477082788777218
4077.9201376168185   1698.5449719854169   1         0.42899960335120124
-2355.5018897451982  -7377.972113614479   1         0.823299603638639
7473.293556652019    7240.167927648173    1         1.016485014692716
4407.6028021594975   1391.2729387873985   1         0.34994780245916157
13545.96151259517    -10726.352705497979  1         25.46710747589246
4426.670150122438    4010.864647426943    1         37.91117114637335
-3427.0896344238563  -5476.711964232726   1         0.44400192523904547
-2261.639729543865   -9973.572001863822   1         0.6197773070407437
