trucks_count 4
drones_count 5
customers 91
depot 0.0 0.0
Coordinate X         Coordinate Y         Dronable Demand
-6343.961257451423   -7439.279711422628   1         1.080775673633315
7602.51394233889     -5576.758525275923   1         1.190086045790193
-7597.493772510874   -720.5307278393564   1         0.40068434175124534
-4915.443883815144   -7661.680077705143   1         0.17046754955162868
-9485.491701592779   -427.65110058910045  1         1.1740560438250391
2876.7364744013807   10167.797164919535   1         39.30559173886748
-4342.419690944063   -15759.11191471253   1         6.213935414590167
-5798.205619298483   -8512.35504394616    1         6.053796072317717
1125.6957423383928   -9467.929144682996   1         0.8074063064458021
-5101.346200250495   2074.7058265997052   1         0.4447599142874433
-8640.765490287462   1314.5296401518783   1         0.3604832067118351
-9333.335185343305   -22.70632685561037   1         0.22195622108136903
1166.8319079606226   16287.453045341215   1         19.55150521581418
-5300.028253206068   3064.0501876416583   1         1.215437023628904
-2526.2074261931884  5360.8349133498705   1         1.1294675736914843
-4840.098221195842   8097.768627476302    1         22.7607110306435
5618.84161291953     -72.08722514554961   1         25.848747449976834
-6872.111301951931   4845.733043350774    1         0.6667733560610611
4316.5441854735545   -6879.523788488653   1         0.15449706442701389
5915.573283943224    3301.903259306963    1         0.4490688808753913
6792.106797191296    -12429.398024690814  1         0.9935798099694135
-4893.360402507716   -9139.653985972425   1         0.18141063491799153
-27.647091777282544  5318.103399438029    1         37.95938973839264
-8553.777837903626   -2196.572335397527   1         0.5116884201922991
5898.60344562275     11113.657146879192   1         0.3486638686887659
-5236.86496405464    3610.4865153741694   1         1.1030199655304052
2916.3073006382456   7935.6208078957225   1         1.011313902260454
-8518.918628594356   4923.645973213099    1         0.7546233490643497
9534.125171638858    -1798.8043095416238  1         1.1536923431597919
-15389.311777000214  -15368.703178888341  1         1.1203396988866678
-9283.926887787227   -4610.981078004982   1         0.8386620558927738
-6946.110270536075   7243.013764771618    1         0.6757299440225298
7084.099427910096    -1290.924112758008   1         0.7758234048258427
4161.3005642147655   9811.282557372931    1         7.398620079779597
-9002.881301601912   -4422.3555625789795  1         0.9476200705213168
12244.029382853638   6116.761580153234    1         7.499260835965061
-7745.74420847097    -4865.230682753832   1         0.7969742912737448
-2397.8426445096247  -625.2612328746247   1         0.6723912417951199
-4613.917598307604   -8522.081601317213   1         0.16374092493801326
17476.403014222      1653.527138826943    1         1.0854599989342737
5177.922883164018    4889.516304417263    1         0.491582176410445
6905.370092413133    2255.878323366937    1         0.5809890469403957
-8314.533509264977   7205.95404450615     1         40.7435095757025
-4371.523950891652   6625.407571833775    1         0.4349224209237996
-11016.437888131     -16344.865890332438  1         9.109805136322997
8575.278327070178    -2775.5669547548873  1         0.11708441475012626
-11751.726877134455  2032.8002749148      1         24.226520288302993
10560.882104786331   -1188.6606529016165  1         0.323526966826986
-4451.398619133805   2238.5551993113118   1         0.16400124566681262
-2594.399678537879   -1055.2391578337167  1         1.0265225182444142
-4502.512741936249   6242.779635578744    1         1.0337294142699278
620.3606393842252    -8673.41978987321    1         1.173976651933595
2191.6622444010104   -5854.336464082201   1         0.23924941597731322
-5063.773266611458   3841.602634685251    1         0.9133670301749095
-1190.4490475816938  -7490.967443760892   1         0.6987038830725067
8781.584760850536    -6934.746626311346   1         0.5481870828271473
-5412.992729507942   -612.218322609705    1         1.2065502726666055
-3067.054746229415   770.2494127463099    1         0.6118221365143548
3129.1004678098698   -5487.853440505567   1         0.9350390680812822
-4359.585829129626   -7307.247916332281   1         0.2284169354037938
7465.078210780979    9191.56391172329     1         1.2446421994070156
4224.702563450646    -2504.9897366109526  1         0.751929917733082
3149.360395057766    2991.400232289554    1         0.5249378865707113
-5026.477215704717   -158.90946617459664  1         46.2295128303268
-306.73478441522985  -210.8088548668687   1         0.457891416595415
-1613.418567517463   -8413.111002487722   1         0.30244600463881477
-2870.9568487088045  -6902.180787957238   1         0.9307480833514874
-6568.178544058464   7219.785987577053    1         29.00335641374633
-1341.932768916892   10676.341308557418   1         0.5359555763240045
692.380488316664     -2267.1598508474917  1         0.17211093549798587
11280.203711583596   17851.48234383273    1         11.985892637516285
3490.058717846645    495.870637406907     1         0.750472697966919
-9165.965574079508   2573.3487556062632   1         1.2337237632213767
5541.931456376675    -9406.78948208521    1         0.8534000733661267
1010.9399838092701   -7499.566108301457   1         0.18131901597192074
17535.064364625287   -6406.992697992864   1         16.42673429036116
8500.644638120106    -16794.118737023382  1         6.944873986279937
-5558.541320151153   3512.757007031545    1         9.646015278023757
3071.2263751108335   6040.778498437073    1         0.66656160125676
-1324.3760510205     -5319.110116750975   1         0.7201837015774515
1629.4165044138347   9854.446871580429    1         0.39676112959893894
14253.38271896063    -10287.421800406302  1         39.43596332310915
6373.919020071133    -7950.095966920671   1         39.3102003017869
9139.219806894622    -1775.295039751767   1         0.9021850033959696
921.164211506199     -3004.126520442185   1         32.63795089013485
-6609.205100784441   2622.9878419347033   1         0.8761330481301419
-6446.550818088668   2151.2513870618614   1         0.8768620749388117
-15780.613180926077  -6386.806087092145   1         38.519319270683326
-5345.025579656558   6645.993707381529    1         12.38836210482531
-5498.393208940529   -7442.336781797204   1         21.997214983684806
2274.397151398478    4907.868940523204    1         0.36381444936399465
