trucks_count 6
drones_count 6
customers 93
depot 0.0 0.0
Coordinate X         Coordinate Y         Dronable Demand
-6252.995640317538   -6221.988396359972   1         0.11314190522379938
-5117.860730311782   -9660.266883538743   1         0.23885329014166812
105.60852085918668   -3291.787943596899   1         0.33015719259313203
4005.250269462326    3484.4074607147973   1         0.7502976271047092
4524.740650832038    -3895.5535411267774  1         0.9236429379760179
-6821.522927259294   -2358.548881366576   1         0.5290936622997667
-5259.587085924931   -7375.4087534608625  1         1.1049577210162076
7582.793991425315    7858.022119435773    1         4.117426445276782
3188.788747703548    8710.159715783044    1         0.10978762417067427
9440.345951076917    3645.368750652434    1         0.3781925696871302
5426.327906479906    -2814.6502312785165  1         1.1566881554098427
44.53020556169584    629.9619987009664    1         0.37928592619866275
1901.207402994145    11172.2959452996     1         45.40581083705869
-6286.1081260399405  9937.45196058181     1         0.9077830440296313
6033.113664955166    -525.4674533015132   1         0.5706653629381623
6473.469205574031    7257.619260131262    1         0.8026627348153629
-896.8249107774335   10466.162465699328   1         0.19356566070538642
-4248.016771255068   4890.641352853988    1         0.3709031999390645
7899.320632206628    -4118.819270539016   1         0.5109232428751733
-3586.492255504454   -1657.4116415520293  1         0.5214266319692644
-8774.410579686864   -989.3210844028927   1         0.26495263797808855
7282.0237401988425   -4388.05456845614    1         1.0007931610938676
9521.399414241809    11535.251362298564   1         40.2871001890195
4674.043881667323    -6025.615927986072   1         0.5326304460809238
4652.495129848602    -3683.0516244897967  1         0.7223192266160645
-8895.083484245368   293.04872188969614   1         0.5235422787102161
7609.610896293678    -661.4995682684997   1         0.699858337298031
-9423.935960254272   -733.1899382417905   1         10.136518125900853
264.2846440021139    -7972.674465388513   1         1.1669491459509178
1145.3917023214726   -8546.089858485973   1         0.274645458001258
-2899.309293530463   9461.707848277376    1         29.500216351061148
6208.481765346588    -2629.8971379328473  1         0.5324022862826563
-9421.319311344527   3301.3226961910136   1         0.4349746443331437
-6042.322778607279   1851.3937936459788   1         0.6299824050977912
-8399.284969929691   -5398.451291516524   1         0.6750562488845256
-4746.699340352884   -2692.246526352134   1         0.6542655143956282
-3556.9771580500533  -2497.5726218121886  1         42.21255749317071
705.6585156672655    -5114.319262050612   1         0.5609999410723174
10727.080624668926   -238.64738353909274  1         47.54552730886862
3107.4679376253243   -1790.2953787824536  1         24.514918374126456
-11505.514475982041  8594.009166256175    1         37.241825418074804
5240.82251506171     -5445.796829128367   1         1.0353211706882501
4780.072821509826    -5825.447116818486   1         0.8342412910210897
4406.222953225774    7461.3294721800785   1         0.7702113052621893
-6614.859365442416   3375.277667974617    1         1.0235666785696431
-199.39445948010163  -7279.7156180444745  1         0.3341341927924539
-5832.349255067114   -4286.31758253057    1         0.552636825057704
-4616.132844248661   5820.53103336653     1         0.3464391089425156
-1390.708223934483   -9183.564415373754   1         0.12615970457374936
-3603.160468441745   -5036.967758393236   1         0.266898450499395
1755.6955528035771   -5544.579276587238   1         26.50910971625881
1327.7600018175515   -3278.1797778548535  1         0.3585674396655115
1618.9197709214902   -3173.3932040177597  1         40.18382365591638
-2940.831528518195   9835.493738013556    1         0.6240964269603105
-7392.063114490428   1807.4936709041242   1         36.76968711700914
8294.185490691994    4222.854249050535    1         0.36534237837294525
-843.3185908246273   -137.33280363900604  1         7.141022395917903
-6653.922794680802   -7234.614640823369   1         0.18483608611683366
-1092.7132965674627  -8262.4383183237     1         0.5310090681896011
7492.864981874954    1381.0041769613474   1         1.0501067259436778
-8915.781705492882   -687.9586624624473   1         0.38854172135666376
5033.274797287036    -8407.272898158977   1         0.6054786283717648
8771.723008078368    6539.156277753119    1         1.0235802785578128
-569.9081876923613   -7648.379097125592   1         1.1515123951671866
7155.245621319578    7850.957050798092    1         0.6953277876787652
2678.2648140950346   -8869.517577393086   1         0.6032884455692867
-3373.3452766545925  8848.626715063237    1         0.6475240417531714
-7757.136600120759   -6404.289945007792   1         0.14339161706375197
-9448.474820821322   -1228.8390497178134  1         0.7638390568604829
-4085.298570022536   7331.0795184438675   1         1.0614952136182891
124.22898488816641   1612.015500902118    1         0.940820204705224
4036.9616692393793   -3063.7080988482676  1         18.183350643975842
1550.5634266148104   4720.867910484922    1         1.1591832422352026
-8723.854984854375   7152.871660780402    1         37.234527202854935
3948.9161166701      1390.3351540847993   1         31.49288856177635
10849.542027272102   12352.596913937781   1         0.9164636931462052
1955.7815897880696   -4381.638624319961   1         0.8341438614320082
4361.210441545372    8251.100641137862    1         0.6446417909877258
-7211.052873055296   1052.7340469727758   1         0.5606915978807682
-969.5497095422688   4187.511068391794    1         1.0355166810969418
-5199.4878429305645  -817.8644565886664   1         0.6439810060652598
6284.732200722548    -8774.038395646256   1         0.5162095982913906
-6596.516541354102   8338.916330475098    1         9.17122410326641
-5119.830408057885   -8160.668203439458   1         31.135335393046237
6687.8651609997005   7492.030978405871    1         1.221731206940114
161.4645330211354    2979.6565076653346   1         0.3488540919489411
-1836.7128814000605  1649.03635879255     1         1.0102960055708103
-212.31337617927514  -7112.5973815397965  1         0.23029479162352762
-406.51675443477296  5837.297653665415    1         1.2035957185816595
1751.9096642727245   -6884.583112447867   1         1.1400710625974326
-7291.268719247814   -5080.825349069952   1         0.26769289379330685
-7829.276251562192   9699.545886298849    1         7.217506949221561
-4597.419461966197   -7313.288156769591   1         1.2355453483296592
