trucks_count 3
drones_count 3
customers 42
depot 0.0 0.0
Coordinate X         Coordinate Y         Dronable Demand
-1626.6036005109281  2323.7862881082006   1         0.4557424786561204
-4665.028190745114   -2900.5404268475813  1         0.27181989022024533
-5959.641601574672   2663.3429582969525   1         47.008234759711804
4861.543326304286    3788.7126961414106   1         8.28994567869504
196.85856358380454   3451.347917012002    1         14.438964281682438
-5041.1273320541595  2721.948078591244    1         18.717048389156428
4681.919972100297    2310.1855666789174   1         0.7776541714916891
3035.2506199085915   4809.9742594520985   1         1.033339033381622
1859.6919818399574   -1861.946161014185   1         0.99822989125465
-807.2039243954523   1068.7176543586947   1         0.7788230960086262
723.3558808004511    2179.583255852882    1         28.909452714617412
2186.5260349625396   2445.805046666985    1         5.590181988611872
-4318.582459498208   -1044.0835644757424  1         0.11348801819723679
-2091.439088524904   361.05749059913086   1         1.0691050171723555
431.0886028094419    4556.3556340741125   1         19.61024356063021
2508.5212120611623   -4725.0391370727475  1         0.35721182861342626
-282.5028107163096   5109.457694463025    1         0.37319694973008755
627.410290587427     4219.313756509052    1         0.266889825107097
5839.426913203614    375.6667519267517    1         21.240908508848356
2644.2524053089346   1302.4589088542107   1         0.13797282420111645
-294.8344161336462   2847.651510447394    1         1.1271739816757818
-2343.607388787465   -2144.562026981885   1         0.9835769369569941
636.6211095680577    -655.0043575638053   1         0.3619824816682006
2869.3555686248774   5809.068573078073    1         45.84892136567841
-3691.8833435499896  -5462.257418651122   1         3.57107279442706
-1119.5954283684523  -5647.4966100964875  1         0.6532310584721599
-901.3283135946122   4216.3998467676865   1         0.6220734531646054
-2681.3979651330455  -4876.803628522472   1         1.2141607062477657
-5922.728440112146   -2807.298265129851   1         0.5640234327588274
5838.264935833022    -5733.199736348717   1         0.4403869090971323
280.12705686993945   -3487.940511021814   1         0.3912485284775915
4459.300921201904    3731.8204230156275   1         0.16873701737029562
-4288.0043595719435  -1409.0142525197534  1         1.0599057079406198
4776.83609061037     -1696.8213478311227  1         0.812023580764655
-4059.4937342358958  4955.016547021513    1         0.4469380988125563
-3261.868082600016   -388.8421377577171   1         1.0271036212233953
-3843.694571155749   -1989.4903587840722  1         0.9536172659203265
-1445.4679720231363  -5100.656656287324   1         1.1690336645365547
3511.9027618338023   5909.532636613357    1         38.64983289972206
-443.10544324822513  -2625.4338566743627  1         41.47128781743031
-1344.7797335849273  -1762.4076457914837  1         0.45763362681403275
1917.6303163426603   -1183.715591426057   1         0.8003110640191992
