trucks_count 2
drones_count 3
customers 22
depot 0.0 0.0
Coordinate X         Coordinate Y         Dronable Demand
-3627.2271925957566  -1063.6651479602533  1         32.32246398386341
-5648.798794351331   9086.983332548141    1         0.6051975034216296
8633.51076428733     -9625.91698845779    1         0.32581591265293025
-6817.786810520923   -4326.805346481324   1         7.262601036485633
-8774.242596024482   5615.187632083143    1         1.0458606223647648
-8166.356594651557   4411.661733599638    1         0.9089962704920733
3681.711801247708    -8104.971922640887   1         0.5968699350510739
-6154.434474608501   3491.2780169295042   1         1.2194530072253842
-267.4340515382866   4405.01056397629     1         0.10597854833571449
5303.334874182448    -1685.098575870852   1         0.5159169324919771
-3192.471551931735   -4570.232690039652   1         0.9202224229445021
2247.3052309831273   -1858.2597534643562  1         27.988777551068114
2131.241745535128    -9595.087062092798   1         1.1540037786550494
-6962.280027262098   -3559.0482921523108  1         0.5407197700809434
4438.6986875515195   -8126.599954912404   1         1.0701469350035255
381.5282280727823    -727.4578132383251   1         0.637802801813834
-3342.753592811524   9167.597730487658    1         17.376352756247243
-7136.938323414452   4734.697005977786    1         0.3752732136585093
7973.239147819121    1947.7715402547535   1         0.8586540491964955
9500.518945423526    -4307.447079959861   1         0.4270456550102931
-6141.345365469427   -1505.4049073503966  1         0.3787231736562954
-3725.6520948959633  -260.0662836628792   1         0.6306935269360991
