trucks_count 4
drones_count 6
customers 100
depot 0.0 0.0
Coordinate X         Coordinate Y         Dronable Demand
-1102.8643236600683  -3602.9006422066795  1         0.6159944390311034
-10119.794897915886  -15246.885812642267  1         0.9991897034617527
-9027.024433186223   -85.12000407803271   1         27.489193473852957
6749.63155691467     -7023.6204135916505  1         0.1648245150592297
6300.515380097276    -4072.1671806257787  1         0.9213958849278304
-1518.449439528479   -1509.263902223639   1         0.5781667727403024
-2331.0943712791204  7666.079364401254    1         0.3291279635305707
1097.2418803578987   3357.3820838892148   1         41.290743174516784
-3463.1919407019363  10199.438057884976   1         0.24813419663217534
-10714.492515330243  -13562.948216007793  1         0.588809385908191
-933.7474658692831   838.938844398494     1         0.7858366653552167
1713.1893614223002   4251.880307024526    1         35.00714199394666
2787.4580509849357   -1870.524770042021   1         0.3711249631441589
-2694.598306950871   1701.494728150683    1         0.8839324343700684
-6855.681895761352   -9156.482885280135   1         19.051699229840523
-3786.866476259825   10015.673703785476   1         0.9964823741373899
5225.3199168064075   981.694342939137     1         0.755514662988851
4525.497767727157    8796.047958504136    1         42.967788246400765
-5687.087036738204   -5101.490383302041   1         0.5440918506481512
-6681.600638449251   -2990.093515157542   1         0.661076971494263
3276.746781842325    -5644.798041987533   1         0.8114704031173129
-353.1353519772933   3025.2820134355798   1         0.7261948517566484
10191.1760385403     -1621.514075931641   1         0.20923274539499484
-8320.55872929079    2331.4032983315815   1         0.14285800105020208
8644.547222166886    -4376.926825334023   1         1.128179612855192
997.1882891751166    3310.1488326096123   1         0.9983437200033372
-5031.939308390511   1947.8621764944428   1         0.12364515684425068
4132.860333660245    8522.4610706629      1         1.0689486409094942
-1791.5753275630977  -4540.009084762662   1         0.5255189923924797
-3113.730699152207   5834.844250755726    1         0.19220152334082546
5530.515776763619    659.8136362520254    1         0.71168985441928
-3849.32408721878    -7017.973687455661   1         10.176810501918133
7916.056881373129    5028.507271175765    1         0.8070678511677888
6841.761793338113    6156.383480940376    1         0.829431425414917
7222.321537811103    1300.570496548272    1         0.20670021681085476
14674.704879410936   -6092.805325705029   1         3.424316457026646
-3007.6770413940003  -8288.747984481468   1         22.46753796825833
-6058.734727861587   3591.824024940996    1         0.5166523911190583
-6594.462743056297   -5560.683191271189   1         0.14411747285292714
-6281.591831847521   -6862.800412027026   1         46.084575544355864
5021.40780508328     781.1566799004731    1         48.289670589713396
-14220.648049324243  -6265.288860515791   1         0.17951121906740725
-1341.4063613169685  2135.216986503801    1         28.502725609082834
7204.12020447656     -8818.446901177864   1         0.27571673888849213
-6728.519222348484   -3107.821072041172   1         46.527258502376625
3947.6035517552787   4107.764376873912    1         1.0500635602951947
-1544.2626014040734  -2926.3143486153745  1         0.42744232457490405
-7267.358435960559   -3328.51841246725    1         0.8863546948430772
10739.758886262669   929.2630867605727    1         0.5903431196805558
-3784.458822315223   -2018.591086787268   1         0.40618323063340134
2562.2355165218446   -10345.350475034547  1         0.8301049733473997
7685.595889400891    -7073.7842817112005  1         0.8077278815760052
2653.9259484590657   -6138.510701833981   1         0.5542687204040765
4353.90678680854     -11526.677065839793  1         3.1213163976174503
-6386.547972549384   -304.4705543854143   1         0.639330809626664
-7718.253302188819   5435.792807221586    1         18.350951417480882
3592.5662904857863   -8332.019545251167   1         0.9468762357303369
886.2052087612047    -296.16257482062497  1         0.4306066605885477
-8304.52335179261    -13061.3886186921    1         27.586998174605515
8748.921383831977    -5180.816467017512   1         11.479811194563096
-460.5229121234484   -418.2857452626102   1         0.18836206060107724
-1238.4283058443068  2797.6366112528935   1         0.40470027956446564
2316.5685009289846   -11539.298967034374  1         1.0433324102794388
13657.577858389941   -2684.8495134309596  1         0.9802335251575601
-8333.379980996193   2091.6674901359183   1         0.7930307069140624
3203.3784643042177   -5707.786153597739   1         0.16230685848748636
-10076.889629223766  7739.974450198977    1         1.0202883599051369
10026.733208437785   -4424.692299702978   1         0.5395056163095578
-609.156542172       9966.187626760106    1         0.17267711668416716
4553.020821311361    -471.19805774289284  1         0.7837016812391296
6054.186852176406    -7814.34794193397    1         1.0731150177124844
2054.626548463491    -5035.035291505073   1         14.20925690995757
1971.4109738784016   5431.92746002858     1         0.534947562718254
-970.2936165829512   -4031.113348998615   1         0.4898384609651376
-4112.440800716012   416.39872143229866   1         1.1222636668698136
-6481.946278668888   619.8668072423225    1         36.74430794301309
5773.608281146692    -9107.769697337519   1         0.5934489382104263
2282.4111452451452   7414.1974625186585   1         0.8253424585176742
-661.8718447644359   2350.435804963624    1         0.7954184776305856
-3187.8244265416074  -5260.214639437489   1         0.4417408767822987
-6728.52876677164    5912.567128296616    1         0.7372016972449746
8789.69429740218     592.5903881301822    1         37.45813061485943
4934.487379063969    5227.544023724003    1         1.1116876239857978
-4224.342506534774   1666.4860610578953   1         1.165543874790107
-3039.166532263697   9264.153458471       1         21.971805906388497
-10241.326921271477  1440.2902903656618   1         0.545716998707374
-3024.9698712767654  4218.188910262631    1         1.1963603339567903
2052.11445151174     -7806.225961602356   1         8.712371585244487
-6368.21370560744    -3395.589488220655   1         0.28236697519570897
-1732.8827689945265  7263.553284231672    1         0.42115156834146816
-4817.902937613408   9694.271810785685    1         0.2121417556178833
2534.9130554818958   3999.5688765077784   1         32.49588063798223
-5979.622720137919   8229.324949476355    1         0.5729338934852808
6169.7058044150845   -7824.659581427023   1         0.8976902768633419
-49.2070861252428    9060.33186746569     1         26.939888728240398
-7721.163919154737   6892.752566590418    1         1.2450329319125024
-4692.438551201714   -316.8241054699912   1         0.9117534398905879
4473.168410989951    -6689.318089994784   1         39.2660509044515
8275.116612252044    590.2493910328986    1         0.6832931542467678
1213.73819693284     -5726.434299309358   1         1.0246905309051246
