trucks_count 6
drones_count 5
customers 81
depot 0.0 0.0
Coordinate X         Coordinate Y         Dronable Demand
-2861.9068832902994  -9025.449444670365   1         0.45026410676821094
853.6138670061653    8547.360681263368    1         0.8664141375204485
-6270.428082916217   7107.850328458705    1         0.6057299111599099
2290.169693966754    8934.957946824446    1         1.1849316463112929
-11666.165339020203  -3800.982430264641   1         0.34827654991148993
761.3308668298316    -8700.94704842277    1         0.9521926686621516
6247.8780873542055   5877.718920071823    1         0.834896888547045
-12241.012614191852  11457.70473495838    1         0.18155112435137194
2951.9407217466833   8296.03762896779     1         0.392908479079751
3724.546895054259    9160.1594634179      1         0.34186582899963625
-1020.1281689048594  -298.60161857026384  1         0.21369982699563067
8671.874062412653    -413.3541502335426   1         1.2226353288327056
-1227.029263561845   4656.995454000654    1         0.616736977324672
12933.066448174519   11581.841535789332   1         0.9708321575609057
-6395.935251209337   6126.691590768041    1         1.1757281073216403
-5123.367618976091   3251.7760204256397   1         0.9734309644387594
-12623.784972580068  1865.200324449037    1         42.81572412350756
-5558.81796139296    -511.8258554086769   1         0.34546872834792863
-3500.7079646938914  2293.8097375933107   1         0.7446572207124624
-1017.8922160449988  -9616.496237043233   1         15.100583477208126
-11691.797560008055  -881.6824625437002   1         1.1435281434094322
3242.408722641666    -9779.699669795957   1         25.799545323758327
180.83499604386583   499.0024570345836    1         1.2119688503070092
575.4506713363145    -7085.093435499442   1         0.933975287129499
3639.5873879709434   9431.10785723955     1         0.8899900603331979
-4834.238139452412   -1290.2873089025786  1         0.306626371891048
4169.550841625646    5360.73627492504     1         46.339049533649906
3070.8727052025806   -2209.7827195358996  1         0.22612481584869887
2710.0921212126086   -520.8435980427785   1         0.34540829268034207
-3943.885509723693   284.33252655044174   1         0.8579044949730787
-4587.273416570998   4035.713608964727    1         0.5192384308050033
9161.104907850447    -3509.643818136609   1         0.3464604835793529
1260.3432962817096   8044.455993002743    1         1.0137141820336293
375.3268141876297    6295.943232672544    1         0.25315407956135016
-1777.2499693154728  -10046.298855235313  1         10.98667382053875
-8286.156390537968   3312.112605387752    1         0.798645690513021
-4291.222759112583   -6014.79080216003    1         39.130987931524274
-3761.518450713239   -2511.50550567329    1         0.12906240469957436
-2237.939019399601   6878.345100803997    1         0.3273021256909666
-7311.608475018694   4093.6386933937774   1         0.8379782854830283
-1409.1617865868918  3173.135992125089    1         0.9436667489844924
-4899.09798306627    -7470.623220273411   1         0.8383795005922712
-1349.9623664086341  -8357.7316270353     1         0.4683396889767206
190.71632354820653   8360.422987345632    1         1.023645057793796
7837.475141699409    2061.7050945151514   1         24.459918550527487
-8129.2332026490385  -3532.741057889509   1         1.172628755845952
3890.106819829811    3724.694654064681    1         1.0518831593087135
-2008.305805729642   -6864.836839157451   1         1.1098782498437685
-14191.268065077651  11470.613877052128   1         0.6156235634769345
10463.703294355719   -1138.4499802642017  1         0.7411534852954795
791.5780695512512    8122.41106613919     1         4.463132617996956
4711.08418677195     1592.1170428636472   1         0.2553435934333358
-5099.4023500175335  -550.537535947251    1         0.15942381086909882
-549.2695987747646   -4889.981973098774   1         0.41796233382270587
3958.451728367597    -1967.7359766805434  1         11.900172095099524
8909.64990913941     2079.3367972934075   1         1.0789054524346915
-5676.813067025476   -3647.6030295480678  1         0.7794723227478926
1850.1924646794237   4075.7192062048007   1         0.8621903184572008
-2570.8537667014702  -926.016548635432    1         0.24522494605116066
-3151.3631206896607  3308.637171626698    1         0.46960768117710605
4655.944751243216    6759.030910307556    1         39.93372097377723
-1830.7829893555277  -6407.137966875904   1         0.27948406948817167
3077.0584334493196   9321.33356639869     1         0.43826299974817495
10319.646011809817   -2911.8479648652374  1         41.478625663929584
190.05915121131332   -1804.9399368526313  1         33.580128476756876
3031.789220767682    3562.411159003415    1         0.6485045653833437
8051.884835105897    -4485.2317988233535  1         37.491561851174616
-2818.783009925414   -1628.4217918909362  1         0.8917493767069841
-2215.7277948089727  -1019.7893158138369  1         0.9309561272207288
-6975.440737607714   -13467.023712129401  1         9.039440475463277
6769.221332465245    6988.866398286266    1         0.8442176046553257
-1158.9303450745651  2244.8465240421738   1         41.950232252464836
-5487.738708191764   4123.924632093211    1         23.705787613869813
6055.983171337752    -6241.046812092408   1         0.7673507397242258
-3270.070562053268   -8003.355154134148   1         25.109784073715385
4835.421896982395    -7613.856747124775   1         0.8343022755720317
2468.3581739346055   -3020.6961287570043  1         0.17759533523638374
5072.081805766452    8564.916405133099    1         1.0031186613796654
-13892.830280836539  2573.8237958573154   1         27.72995582037217
-460.41581595059915  -9226.34980446849    1         1.0394471108080885
-6127.607688213757   2929.6136542346862   1         0.5135653657814925
