trucks_count 4
drones_count 4
customers 93
depot 0.0 0.0
Coordinate X         Coordinate Y         Dronable Demand
1829.4920350050793   -1045.643196530044   1         1.1525636685504288
-836.3097031928073   -6040.872700805734   1         0.6736467249523239
1924.4514598020487   -5078.743929357459   1         1.1905589800207765
5837.417286345394    -599.0864183737932   1         1.1530187847983415
2414.7091370552544   1215.3092287228187   1         0.9711878170929581
1062.0460101275455   -5013.370523281808   1         13.694796228581831
6462.946114103568    -4580.74029157207    1         0.6861663521368463
6177.770629951146    -2581.381971354876   1         0.8885950175095237
-6115.210077666096   -6390.040175631783   1         0.9186501651423225
1717.5036476709217   -3680.309195637537   1         11.228335555017441
-6444.917942707411   -2957.906967705523   1         0.7653024592271419
5501.275756215318    -2989.5789651713785  1         0.7728979518240302
2755.4944065428576   -4021.020813396894   1         1.1851876892432296
-4584.823620500844   -3489.037586824824   1         1.1808420988524693
-1794.9741421639974  4496.362640954723    1         0.8518102178818286
-5793.3451349941315  5781.517963168163    1         18.93137507692337
-3900.1946824983925  2470.4872761062106   1         0.9513897779491507
-3091.0129703668986  -2385.7339648023462  1         1.1697966414454923
-6217.220413077615   6542.558382032535    1         0.6896968942612572
-3784.7543374574475  -4503.8905031717695  1         0.2230855613289897
728.0126717952731    -2224.747112211723   1         0.18423068345112187
-5688.227438426809   -5255.596784326376   1         0.35578242659032044
-5867.531920031323   -3003.617881929917   1         43.40019203360459
-2680.409592752077   -6266.739320234087   1         1.240021366835236
-6443.828419595616   -472.9081108958225   1         1.167602636479625
4353.016649830889    -112.19973027283     1         0.5096456407180511
-4049.2539902131152  6609.930506115328    1         0.20386088757522308
5931.489878789551    -2088.800275479679   1         0.26690103929241693
6742.487808372242    1780.5049463608218   1         0.36056348184187004
-82.83187841958716   -6665.7851568619735  1         0.477024396770348
-3197.262943352634   -4482.551069610348   1         0.32894400589879114
5016.275224331004    -5595.714828441429   1         1.0862817902476876
-5964.960967181563   5454.409106798426    1         0.7324008001402068
-5200.3821816207055  -3019.684509443067   1         0.30075702696177253
-2718.0137711001776  1836.1572357597981   1         26.441219981079083
-6249.94246944021    6645.291169071201    1         1.1155854808852101
-5043.717002887216   -2073.747101231769   1         45.72507090743168
-213.59188582671504  -2511.237261205265   1         0.25826730353827254
5240.13963101084     -3452.3197083959635  1         0.9524772260135703
-576.2154437471532   -1436.8275104398726  1         2.218399549542349
-4192.051236384206   -1312.036217629622   1         0.8878353025073401
-480.34265451288974  -6278.9097269571275  1         1.149320965108218
-1701.9657482926607  6899.095475957215    1         1.000283527403786
-6192.865768707532   6821.712812387947    1         0.20619616374704727
3701.535505074483    493.23772633170233   1         0.25744493597534124
-31.228457612956845  1205.2498864662812   1         0.5875520867165243
391.6466676352622    4544.1756485698215   1         0.4490601493681172
-3521.9310143019475  5608.156876395251    1         41.178834993271295
6942.361980861495    -2280.4916067183885  1         1.1749491018087597
-1467.2010517691979  2712.663330619084    1         0.8211515779419942
4620.674405766516    1466.755019953752    1         0.34551453857821324
2649.153178962902    5176.273665487016    1         0.3746427450394797
5881.779011593668    -590.3733000068869   1         25.674661708249204
-5655.774204817535   -2822.394204571798   1         0.9220302194773913
2056.2060122509943   -6187.803921766959   1         1.204818407655295
-5533.736935341982   -1513.7819704753022  1         0.13773726844323636
-4505.937052685194   4527.0160068215055   1         0.6481015336340289
-5902.326034191485   -2054.2953054793325  1         0.15784544900385583
-4854.750894657957   6937.183294547674    1         28.017989903886125
1351.3140520046256   2933.42427445308     1         38.809494090931544
3359.356011216481    -4934.899395716074   1         15.486120925502156
-6147.083255473639   -6390.238130730728   1         0.1540157977201957
3795.18859180361     -4716.295361442643   1         0.2377979426556897
-3632.289092551399   -4030.8131615192883  1         0.20527829094441508
3724.959616500018    -4392.646432563899   1         0.1565140041142638
-2833.798832401911   -4740.699830687513   1         0.5006912507751021
6428.05423326201     -4905.535943580372   1         1.1792764880785496
2675.786132899005    5902.070314813981    1         1.105451268420854
-772.0334336862134   -1222.9862754282776  1         0.712544862078595
5992.3724199503895   1722.024713926984    1         0.7894687426007606
4700.300008561485    1224.6473976216228   1         0.7820624336639272
5001.766876971806    5631.951444793791    1         0.8282169400266581
-1263.0845786333875  625.6342166636357    1         0.9563674932141789
163.42219304398776   2897.967624332395    1         10.550321631916963
624.5844371162442    3236.7873571072246   1         1.235789703993604
-2034.0247561256917  2086.0181478575582   1         0.5585470189938474
-842.6725914277386   -6883.2950919518125  1         0.9826820684063781
-5693.244709140169   -1064.110830186055   1         22.126817215401392
-5364.048540198586   -1028.67664399615    1         0.9073935737418122
6093.38956073686     -302.1944065854195   1         1.203564101063358
-2326.536230491597   -4804.138076535789   1         25.78801144865956
5656.9216322164575   -5373.160186163671   1         0.823864626686912
4795.395501921606    6795.285079089135    1         1.1887583186132835
-5653.101299810805   -1290.4130246023515  1         0.9602915816696823
3060.814209293029    -2403.4316968689504  1         0.43738208015738
-5409.557628462531   4853.480483516272    1         0.9303029065583949
-4474.954006323272   123.57510854180998   1         0.9150194453106939
4669.371133157935    2565.4516346104997   1         40.173602692734654
6712.909223495001    -6096.31092972861    1         0.25645087240723696
5546.564598418061    -1830.1609693316298  1         1.1214421966679582
4351.564658015335    -2243.822268390079   1         1.2294155260455053
6574.226939305325    -2522.6929820439873  1         6.338554274402579
-4962.522502169454   3913.5431350549025   1         0.1472945007720363
