trucks_count 6
drones_count 4
customers 100
depot 0.0 0.0
Coordinate X         Coordinate Y         Dronable Demand
-4558.028480341268   5559.606418858275    1         17.79096186564642
7678.0939592647455   -2631.076413205782   1         0.3012792879831122
6750.408362147902    514.695291384062     1         7.966852350771516
160.2353547287401    7658.655816565904    1         24.865070124554276
-3029.9410260627255  -5031.7089891938895  1         1.0943647198430313
-4919.619705250012   -6360.692185656378   1         0.2964140862321981
408.80626461677076   6691.651603158552    1         0.7412821868003544
6535.781018814754    11078.76020921892    1         4.41094132052706
-1657.2507503580334  7696.228354607049    1         0.1578207388313575
-1015.8121152474615  -7510.410329010889   1         1.0146275510436853
1464.8303544078142   5057.5963098653465   1         11.368902213350264
6461.8521991786165   7495.987897591049    1         0.7632441494744927
10324.924022217205   757.0114148516203    1         24.500990471711876
-4703.83800860656    1742.8402608039764   1         0.22782258542504866
696.6379982129838    7760.389828946549    1         19.549690356491837
2281.8946237443806   -8157.095445175027   1         2.405244805277423
5757.0738967857205   514.4092246698954    1         0.1611210432161358
6059.709084418963    8107.716141511138    1         0.4356190536804986
9625.346057686269    3846.5966857514704   1         0.8773286952958562
4350.5876789901795   -4623.566580013122   1         0.6391238114136033
-11320.262449111988  -11875.382409377591  1         16.314251538074465
-1100.540817233003   -4858.94282906718    1         26.87166528102093
6262.435717494564    -8753.786737159815   1         0.1600941768287362
2064.9752241831557   4935.301239254394    1         1.2414769843607714
-1421.724935961382   -6016.928344876073   1         0.8723555622852341
5910.3201649888615   -3195.5549067665165  1         0.9761360518548907
-6146.474787045101   5492.149995489629    1         0.1577064178993106
1883.0318855421388   4132.6814810467495   1         21.27509938347915
-7855.694035437804   938.488229461349     1         0.20229127805061245
-9631.384099614246   -7760.35745038979    1         24.915813934487637
11635.327419382562   8937.863906258366    1         21.68950143679346
-987.5429959025619   4700.6742569021035   1         35.318921115139105
331.9367456276543    -4822.730131801964   1         0.3185869070108981
-3750.2192636016916  2725.5248404164868   1         0.11009776034880155
437.94316906856494   4821.005423337031    1         0.16693369067837244
3552.2076880044847   -6233.567527873848   1         0.21934765704151438
-6710.643963577315   8639.459743912052    1         1.2429976945471917
-7664.99727318516    6514.774584975195    1         0.6919218936683637
-10439.487392236982  2690.2512787965256   1         1.121228079524241
-3679.863018072688   5304.772217447925    1         1.2364496749770548
-4319.6684478748675  -9075.618102501361   1         1.0307510848842512
3139.9950019500648   6949.905727082298    1         4.901801700249047
-3420.1522880723364  -5062.580781007002   1         45.39987470360746
2761.243420636371    6886.405381968467    1         0.3683077951448839
7465.593926033405    6010.608599234984    1         0.46645122804159733
7502.0495304668375   -374.1158742817507   1         0.6979915111745721
4365.196877897166    4348.325623189065    1         37.53969588535863
5126.320727937106    1615.4318765785085   1         0.992243209764904
4934.984523798562    -2578.938229180857   1         0.3173041545039005
-2766.63491055571    -5040.148722704206   1         0.6231482806140428
10851.625456659918   101.97059345323751   1         0.7775357984666322
6413.032298086999    -1270.7152357002287  1         0.9145126531794873
3553.713630576576    645.4437462052273    1         0.8008488186220648
-9368.155636643754   -5535.432402708024   1         1.0503439728011825
2369.4077916480214   5613.065589964729    1         0.96240445272392
3512.5776532804334   -6182.437679021599   1         0.492105549213099
5730.289654721991    -3524.849265216167   1         1.1010980668886325
775.1898106974586    7823.335208593335    1         1.0176895478860175
893.7909062396321    368.4334867745205    1         1.72064324830297
-6543.503383477261   -2849.6461489852754  1         1.0106570835476691
925.3523721135574    846.4819993904923    1         13.269453108194016
-3167.826013945887   8768.008948374872    1         0.6675579590246281
4507.954715220497    -1183.2613638466676  1         1.0692907642114544
-4425.651639483846   -1436.1982696932664  1         1.0381894744716862
-1104.149636599948   -1126.351007797284   1         0.2634790590566761
4451.25258816367     159.06432465222449   1         0.9292194918806562
-1446.6870431906298  -6567.1907715854595  1         41.87378402757643
-6623.577378519299   4286.93304948742     1         0.39889417870746713
-2676.728178778209   -5354.208191713755   1         0.14858939336724217
7381.926913619872    -6022.037894271881   1         11.539281078898952
3458.7478046441356   -8968.925602989648   1         0.5334277996448407
-5401.1369388334815  -4515.545690311559   1         0.7391872256438374
-6388.141677886607   5144.315376181073    1         0.2306657424034677
1184.1352343032424   6111.901483462747    1         0.12773029522403823
2267.012831184488    -9416.83485321134    1         0.3150784532354802
6709.087239157108    5098.8314805235      1         0.9872648012039135
1145.3828929109986   -12543.475548017439  1         32.97103776348993
12832.304549798007   1576.7205613112583   1         1.111123589621638
11702.682264982186   11427.936269694683   1         0.5435275456306228
3124.0121554626276   339.6911205359877    1         0.22793338390850756
72.09953504629593    1094.2259072520126   1         2.613223690165703
3678.3332224463347   -3926.8451352204593  1         0.3956074689940968
-1159.8673660052664  -3622.1006847282533  1         0.7297076099595192
-5036.599136980435   -1429.5254363529514  1         1.190804561967196
3664.6193602022795   -1484.2691935364671  1         0.8367816640440247
-9160.956864769934   4434.186511844184    1         0.15632225973709696
-3490.888768324985   10101.561768696167   1         0.1621974964055231
984.3833679508059    -9851.222367496568   1         40.120683519133266
9542.705641214428    -1629.2990337367369  1         1.1185221675464885
-5018.690278837005   8431.76835917128     1         0.3467595672092419
2526.9298708651345   9419.260249621075    1         0.2245549163128125
-9378.57448399981    1437.014735272396    1         0.5203355631995356
-6016.260399335137   -6568.267724570893   1         1.0296432424758288
6028.393490373885    3684.837846361125    1         7.202909463999247
5068.117983261074    -6310.3867663637675  1         1.537598828880669
-7420.710307379624   3022.3957039960637   1         0.17880565360287876
-445.1839182286595   9046.874814050141    1         0.15292686947336304
-10290.774494267458  -4176.033618036969   1         34.02246851246837
5120.6100765282845   1964.4062771127658   1         0.38039526689867986
-6444.854217750447   5503.560607223396    1         0.7922500634338583
