trucks_count 5
drones_count 5
customers 44
depot 0.0 0.0
Coordinate X         Coordinate Y         Dronable Demand
3311.738041732424    3933.8307789923965   1         1.2472422564521768
10233.783826753199   692.8911819732884    1         0.2069094401287988
4244.282838646626    1618.8240298754597   1         0.707235403566839
2901.3695038562073   -5808.9380418405835  1         0.6856344972466996
14498.062816599991   11436.285288541203   1         1.2047778057875425
-8116.57826587234    -2545.3833724853594  1         0.36154511577532356
-3434.572022936156   17156.16626362883    1         41.685526242826555
-5971.761162876003   -101.38045081023417  1         0.5382763405312707
1414.2834396694354   -9530.721775236243   1         10.372650405726965
-1069.4151892375178  -224.33790878374018  1         0.3227113225319523
3631.7194080470276   -5669.098907518416   1         0.887632149696301
-9132.44250914583    2780.299236528426    1         1.1844409760577337
-1948.420693874018   -10152.726356637     1         1.1126345420531205
282.8070084871797    10261.41559826256    1         0.2657763230515493
-1395.5006920411324  -15.684159428392816  1         0.48616619808692707
8590.936758247815    -3625.0352869417784  1         0.6184177491460507
6066.592672836898    -8870.76268080827    1         0.3920072180700708
9791.094127437153    4285.454349927938    1         1.1865438731203262
-6251.683877195782   -2926.234192204935   1         0.18946250544432164
6683.240076377223    -1055.2676299552436  1         0.7066325812361086
1620.9456159399165   -8909.381060790683   1         0.21866838897807156
-231.2729302467524   6624.501790591322    1         1.1060289726863204
3600.2954597905036   -481.8061831090519   1         0.11904017195780674
3310.2660516649416   -9102.153622435097   1         21.309549726125532
-6410.501255007679   -5862.415529747966   1         0.7393436039993627
-292.90544426812266  -4857.582008983358   1         27.04153994244593
7410.192279818202    -7293.734734103735   1         0.556146541177347
-1488.42738178491    1836.519936273742    1         0.8903322393438703
638.6611259882111    -10506.201655429868  1         0.33082625892470774
2785.0768938210535   115.33189272966638   1         1.1457873009293338
-6399.2997766406215  -3139.463670100253   1         0.8753652767512246
-1070.8311569661137  9261.797943001626    1         1.0941653053433975
2474.689952631127    -10115.35756627579   1         42.743682954995336
-15374.443639768142  -6254.738935804928   1         0.8321306304181711
-961.5060186806331   10800.270259550183   1         0.48433119204608344
9102.062342181871    12044.84917316524    1         0.3384098167169801
5962.792915954698    -847.5966148657077   1         0.38063207647545094
3910.9523509931496   4682.599643388004    1         33.1168874167882
6066.7267150230855   2372.6063139453663   1         31.55095425513106
185.1545009353872    -204.33189627650466  1         0.6309423887251416
-8161.1669613124795  9396.562278806545    1         1.0358040601836063
9166.853132377904    -3804.1194851560317  1         0.11715641380637501
2578.0138749584385   7572.853922509624    1         0.8228344940932066
-8804.920487576805   6404.611357319261    1         0.5732915985050056
