trucks_count 4
drones_count 3
customers 50
depot 0.0 0.0
Coordinate X         Coordinate Y         Dronable Demand
1213.2898220680984   -4470.717001998755   1         0.43651228066826264
15239.362556192533   -7777.796710233844   1         39.10464407982852
-10589.788464663023  -6439.790537292984   1         48.043295550731855
-1444.9914641460095  -4388.633762060107   1         1.1296404820498134
-7963.137285311314   -6143.06383883064    1         0.395264115250451
-4509.460109208418   3881.9023507187317   1         0.5594477693274338
9893.623060358457    3146.529794353528    1         0.3642512368693712
-715.04076411978     -9550.38409481377    1         28.7522619952924
-12281.889570374167  -14154.677520352654  1         44.5573386020064
7268.278748976816    -9430.19141511165    1         42.260304646965466
2840.9712797090765   4972.5178437234335   1         0.4311134680453631
758.5222353955654    4553.469129542635    1         6.9265347136414785
-3613.856052019569   5864.955831440174    1         25.438302422054313
-1009.4273689403715  6254.623361051986    1         0.24037315192047445
2224.7792783873874   6941.943846219003    1         1.1118687155423872
-1491.254018725977   -8620.805984814453   1         0.7801910547271332
-5069.722848304949   -7061.286773764094   1         46.438570314624485
-10335.32178473795   11271.311162996652   1         1.2364534915866359
12277.410860152162   -13948.041898565205  1         0.3722147416101751
-6017.168836066044   -8949.532297477504   1         1.0113448853447309
-9836.731373918854   4536.9798708692515   1         0.4568935927674477
-4669.578876178126   4961.569513842482    1         0.6420601544640973
-4091.4047562048336  1824.3528955479767   1         11.201717841418631
-8288.799719188062   341.8627548673683    1         0.940196568916227
-7042.0307282750455  401.61780377704855   1         0.5651831430589883
2063.3778191788656   -3137.1204431067927  1         0.792978331320282
7042.697542392085    5942.848096479779    1         0.9524192946141188
-13390.272858464456  7961.147751930686    1         42.017061641255914
10453.57091929092    -2305.56202701461    1         0.44103049769993186
6719.246158713042    -10867.876262544149  1         44.12763912258116
2570.6806281792074   963.4121590044283    1         0.7257154841183817
-6446.2671922483705  -4396.580884548932   1         44.7440889448086
-5868.433217166393   -747.1676627469499   1         1.0252214125719676
-1270.3198077426605  8897.645442838228    1         1.233049556709331
9938.533558395504    1250.2966258730823   1         0.44788873308701016
2931.800479901338    10318.561049828342   1         0.2379789818024615
8428.092771156988    2150.5650389832895   1         22.448737410108254
7520.046766859621    113.25667012023735   1         4.384925598877441
5359.979136733102    -8588.44006661659    1         24.221314654327852
5320.509686661422    3912.8011581192154   1         0.5373675698235524
5295.073880164542    -5044.357249709599   1         0.31170229206623845
-15007.076210056044  -9970.484287774409   1         18.777568527647073
4918.427515138989    9456.036820492744    1         0.459909137709559
8745.818977489473    3075.4680833245843   1         0.37202928576895555
-7012.651179241908   -3746.011849739224   1         29.976271604033773
-8282.754999424144   -2292.6470043569316  1         0.6348688027578795
2786.8019825931783   6398.285898938401    1         0.5758579596188067
-5215.078162454852   8763.892585279567    1         0.6695862399456527
-2495.0359375670428  -7794.0103424048475  1         0.2771714424088191
3190.771182613518    10205.535747214126   1         1.1940180959774365
