trucks_count 2
drones_count 3
customers 20
depot 0.0 0.0
Coordinate X         Coordinate Y         Dronable Demand
-3033.5925501780803  -5132.282334193517   1         0.8865343179608984
1992.3621433739827   -7.524781745428194   1         0.5139264083457056
-9226.831674457615   -1513.6605275305437  1         0.8060553368868041
-1971.2772755972057  9426.276674521121    1         0.708779822796077
1406.8486089244227   -8914.59795783578    1         22.89343327818275
4481.221221965954    247.1769024889254    1         0.9577726422884553
-3474.2066850163087  -7300.135217410883   1         1.235105648183127
1530.321393886261    3956.985602665313    1         6.043715330767682
6787.867705875611    -7163.25993183516    1         1.0541925101529985
-5960.607397296221   -1325.6799143995286  1         0.4111839925464119
-4504.4484338938255  -1080.2902343470241  1         0.15323767297659954
-1015.3890525660628  -5092.8964322690235  1         0.5703510431132586
4199.732972484756    2464.8634137950567   1         0.17547507148823027
-2154.0102349821955  7460.676547142235    1         0.9327399742502972
4141.577734599908    210.24810717134181   1         0.9505310394017277
-354.9429535435802   3789.101863484398    1         20.748157438302993
-7505.167605053076   -6908.915277278914   1         0.9328324496032637
2319.34515402001     -5576.030579588571   1         1.1559109630545328
-503.55817525410004  844.0526974650621    1         0.20493883192829343
-6041.998262851088   -4646.679224772951   1         0.5581285039621275
