trucks_count 3
drones_count 3
customers 28
depot 0.0 0.0
Coordinate X         Coordinate Y         Dronable Demand
1135.8554882493863   1251.314925044368    1         0.9893057860063895
10050.566065134377   -2094.79068262343    1         0.23732728383620585
2068.128848103156    -730.9807008233996   1         0.41696465691257134
9334.572848603475    4127.174021921044    1         41.96470520637445
-5904.953323253661   -7629.213388222217   1         13.724958470837826
207.76135918819637   5187.2997252432415   1         15.556343019094017
-6135.053774888012   -13685.763428797549  1         0.1129554200344781
7923.209908471005    -6580.531766417861   1         30.098807706275863
8729.219865367982    3535.4324934340707   1         0.21071124140278652
-5928.480980868676   7941.399291821532    1         0.3220162108517738
4041.1494136686697   6976.230772807831    1         0.47546860085112175
-7141.758245187794   -1388.9820394513124  1         0.9902465346539023
-7808.164777312805   -3039.1217525738984  1         0.7276360448999328
2119.0542541193518   14849.597813810384   1         40.01577625631608
-398.743691510761    10749.422897962851   1         0.1526966919859865
-550.171982609261    -4895.1222421229695  1         1.1057130361377248
7926.049265035994    -891.4682596338025   1         0.6321220539761487
2823.7798889859137   3396.609892762218    1         0.8747405053706301
-2881.5041780998845  8303.676402121642    1         0.4973466265117191
-1150.2654317141416  10378.6090677509     1         0.5966527551932067
3841.668533873106    6701.997864724104    1         21.371500654293158
-11481.983805129343  8457.593522010231    1         0.7262576145936241
-6802.591553086692   -6557.149803284866   1         1.159850929950019
-6252.480052464313   2410.387137084027    1         0.4749569124672929
1566.1674180665193   -5230.450387289614   1         0.8213330047942536
7354.966769277814    7643.9908703610745   1         1.0141427676451629
-948.5877491350096   -7586.2220461931765  1         0.6285474721974973
944.5741351829201    -1701.4645163355508  1         0.13501962974926005
