trucks_count 4
drones_count 6
customers 94
depot 0.0 0.0
Coordinate X         Coordinate Y         Dronable Demand
4639.881605540951    2058.271347992609    1         0.2856018220549338
-120.79563763836956  5562.49733785026     1         0.411150859683897
2562.667471581478    -2445.4295711402356  1         0.804866437205789
1596.6432762844324   -548.0180314176531   1         0.9858456818357668
3870.325441044285    -1609.424835683244   1         0.12416327077347397
-2729.3155559737384  -1458.802003916298   1         0.9924545533747399
-2570.3500482364057  -728.022244512115    1         0.5042844755067261
3045.832408622292    -1125.580815340382   1         0.7083237955325327
-3930.0015901579995  4305.259221427655    1         1.2010043349781343
3842.254177853677    -3116.196078628139   1         42.913398049344586
-5038.476118377757   -514.6933329316361   1         5.852340351171606
-4782.521981853973   -5729.873108447867   1         1.179309073086665
3940.018132686783    4367.0488396645615   1         0.4912456088408048
-4280.152893256328   -3995.014126043122   1         17.073156875572344
-3558.924982546053   -2501.4493708647638  1         1.2453733044931314
3429.5259541437713   5600.224137141184    1         3.903628858445843
4227.659280029312    3375.0549497499196   1         0.11561561502265284
-2989.3136681832875  2943.4734145544544   1         0.8826355559300293
-3383.480124684507   998.3732120975084    1         0.5853759862965139
-5067.456918440854   -2344.8057490164238  1         0.7178438093375786
3403.5991200115614   5309.737526337168    1         0.3008682669470445
-5305.197983002055   1143.6634746109644   1         0.8020689331388479
5269.473301647075    806.5316215282606    1         22.15863644298426
3786.953726449731    -4206.637978597686   1         0.4962304278544043
3197.6799765401333   1039.6047096448326   1         1.0892419112265739
3511.7255171315023   1129.136913868106    1         0.89003100439935
-1985.1095673294894  -5168.6798407349725  1         1.0456439105042794
-2153.2758169940676  4803.89531918716     1         0.23789036965718502
3232.7866174637843   -4907.482204460594   1         1.1907589079339167
-4243.955333195001   2829.4460047773055   1         0.4742056783926272
-715.7715568305694   -1372.0136945351405  1         0.7088760936392354
5638.124399006402    -3188.9610018656044  1         0.6530076615120315
-3805.7316181569972  -2971.614984587133   1         0.2105511056053988
-2275.736532642873   -5209.735469620382   1         0.5127715252005307
5843.720453616319    4997.788067988795    1         1.170087526249235
-3393.1434495219883  -324.6285777744089   1         0.8532438584975143
-682.7108421939603   2452.4381756936323   1         0.6501992743891669
-315.80580409253326  -5484.951892167901   1         0.9526972837879253
3651.559320557163    3335.7703198064946   1         0.27481775365813255
3303.036764276781    5036.056720914043    1         0.8771933623018813
-1020.5698775827242  2742.68412688833     1         0.39010377625145287
4930.627541652274    1606.8551908336199   1         2.8816989426011608
4013.710310640926    -2852.53294991083    1         0.6811813690417999
1392.543064388542    1369.2393720353066   1         1.0697801583174906
-782.8695154169076   -1683.2323852675615  1         1.0314091862789552
-1552.6620763264755  1543.334644522698    1         33.81638865576785
667.2178237695036    -3339.2749291876175  1         0.48506749710121533
1664.330740314981    -572.0257313086813   1         0.6213794296504799
1039.9129651888297   -4840.222659843125   1         0.5153162351187285
-904.3733961760955   -3043.6636887271343  1         1.248172425934275
-3908.352809235605   2212.1191614308627   1         41.31165932959681
-3717.7977692363293  -1203.9190107753095  1         1.038737179787413
1887.1896043947709   4046.6861378297876   1         0.16158032775317496
-216.52375268389807  5484.890610958464    1         0.7066764498122333
-3567.711958704224   5029.223082258427    1         1.1111653639897736
5822.178737530381    -2712.096799843331   1         0.4520191179417191
5514.938441771349    -2243.319884082222   1         0.8433877428553809
2774.2045630025536   3591.130971031225    1         0.13612448783501427
-2445.6476186922046  1380.2306544098985   1         0.5885031430969712
-2972.065238541228   -3731.119325315449   1         0.7296432968314349
2702.638813119881    -2778.677575247604   1         0.4218302287537239
-4217.960221242674   5088.337041499301    1         0.17714142003450786
-463.89663981168997  -717.6104365143256   1         1.1120405111807925
-169.66725979725197  -791.4545074611215   1         0.5141963762341623
200.52043074181344   1393.3309185899154   1         21.43103843995154
1547.1173496840556   -3878.3538162911736  1         48.42421110297896
-709.392497418       -4054.5272190878513  1         0.19974992837753908
-1143.6973905662987  -726.2787400174383   1         0.5312070981519679
-2286.2101413806618  -72.64721879945228   1         11.736291786487776
-808.2645146352334   1703.8242453604726   1         1.127966351374698
-1346.3841577265086  -1971.3723061157395  1         22.68373105673435
-1927.1510453274084  2400.681861676656    1         0.47346730145301286
-3176.588418939327   -2738.824837451938   1         0.7890217605772243
-5310.384270783653   -1122.6101342712518  1         0.4272359739234529
3728.773260176079    -4234.681388897528   1         0.5515367060226635
-3410.385491209227   -1641.2560087619675  1         1.0924912257206691
-5671.361749356202   1027.740670340678    1         0.18019677658464686
3233.8191424629795   -2354.8212633096414  1         1.1083265555279826
-2412.8551284033615  -2666.4424938007605  1         25.019842938781615
4356.615474076133    2294.414447138425    1         0.7345849160503795
2580.15451188719     -1370.2653301641385  1         0.9493195367935234
-18.918273343632944  -1743.6297387081306  1         0.10553381381309063
-5139.380146021007   -1348.3322044921547  1         1.1574321075945964
-1520.7962484926375  -911.4338150016748   1         1.1928810265944436
5326.143775350233    3745.8046717152247   1         0.9746931579040831
2725.538574161068    -3960.443837812172   1         0.8730853007950831
5695.67034201188     3510.84148526991     1         1.1810972958587302
-1044.2983119327646  -5025.361449318875   1         0.8750254012186411
464.01561686382263   -1069.633702601928   1         17.521365896419507
2242.699314252545    -691.360687812696    1         0.8486837040079245
725.661513827786     -4918.9075932977985  1         0.73118575686885
-5536.54658546422    1739.2777952509302   1         1.2068705653638978
4787.884547258617    1581.4503642119512   1         0.556378296930806
-2994.8526182026326  1634.9965791573163   1         11.42530382223087
