trucks_count 4
drones_count 3
customers 43
depot 0.0 0.0
Coordinate X         Coordinate Y         Dronable Demand
-1406.4673839729653  2868.203169962133    1         0.6944418931729646
4452.8339250379095   2100.1559592356166   1         0.5258802964658207
-53.64196516500181   -2444.955143556138   1         0.3649163803040616
-106.4501064867118   4676.533426215589    1         1.1528826408234434
-1292.9440392380523  -5164.0739974706075  1         0.1205435655492516
2106.113840207094    162.95386965404163   1         0.9004683782062557
1076.8982475185435   3222.3266052336335   1         16.596056034723432
1589.003939288888    -570.3869002720521   1         0.5337481214460857
-1126.3536488045725  599.9790780105172    1         1.0852063768933997
-712.7247621382439   2641.6207955899954   1         0.9665826082085988
-3121.430504872589   1439.9044873965674   1         0.11455921001098364
261.86197555763846   -1987.8644342384162  1         1.2473106065546111
-3403.9558573596146  -2794.234876899379   1         0.85090260560383
-329.60660177756233  -5227.7224459057925  1         0.5742029661759463
805.7603275281817    -4257.944670638673   1         0.40079420881993344
2786.600439980418    -5006.549056307128   1         44.23219402965911
-2168.80066382376    3067.7737905240033   1         0.7343328796383115
3228.811053429233    -3047.959174624408   1         0.655221768182854
1012.5712800748543   2451.002609809878    1         0.9928349662608345
2686.0887510418042   3572.0935090301045   1         0.7429895895036613
3385.999390205843    -1249.5682085716874  1         0.43796536830395194
2569.4895761291527   -4582.367605956849   1         0.624821420750948
4956.292583637101    138.03928418558746   1         0.32343156996220435
-774.8065893535713   -766.9600511505566   1         0.5855454737586843
-2546.06481731137    -3328.384068741174   1         13.459276700331406
919.4102702564434    -1960.4070131556439  1         42.54889798059956
2290.934654919144    479.5901346870587    1         0.40122283762699773
-4503.792109069938   -1169.7248764715894  1         0.5872531270879812
-3329.6204927023055  -2976.514183133324   1         0.5842965114576475
-1501.7301752574058  2044.7521961771417   1         0.9962257006480799
-2114.552019176283   3033.352512173972    1         1.2437924509353104
-3963.956249351387   -163.29057719472877  1         0.2767741335415026
1925.493917368801    -1716.6866728239168  1         39.58976259299015
2784.309095847566    -2286.208968499325   1         0.23425854109444386
1181.5656215255517   5033.930079340253    1         36.16440719037861
-3966.9634423445436  1485.2165721547415   1         0.5912758201084815
-1642.3773927899372  3222.5623863016713   1         0.8147636926651188
-3654.6148504617536  -1600.4140887388385  1         0.9067395609326145
-1628.0478009415308  -17.334542280283266  1         1.000612676332969
4835.230045047265    4574.424271119664    1         33.06804579539694
-1050.7920492330131  922.211702542103     1         0.11769256864285906
2761.863943209342    1617.881466371201    1         0.24580615671707226
-3382.77490264814    -1908.91153571277    1         0.6798346511209032
