trucks_count 4
drones_count 5
customers 67
depot 0.0 0.0
Coordinate X         Coordinate Y         Dronable Demand
-181.81340679387398  3389.080679271552    1         0.9423979637440664
1196.2992861023188   3250.2235592913676   1         17.13142091232989
3108.38191485791     7155.63047097011     1         46.832152280777336
7211.1915646334555   7290.033687997213    1         0.7867495731708508
171.61452604946552   2486.5517688497885   1         14.72698178739363
-5933.489933242693   -11767.774282226444  1         46.114644825115754
-11165.447263638634  3037.0264131897748   1         21.457153840410452
10837.247797480417   -25.849380655250872  1         1.0917133611836582
-5726.270703889772   -1391.2575135102177  1         0.2917472020962899
6657.952897423148    1060.536541786933    1         0.6177428278960656
2233.5084903994775   -7238.498336298309   1         0.1843950617659682
145.47946907642535   7795.737329486786    1         0.15940296830950967
-10240.41357947821   4127.413794493526    1         31.433462579781903
2399.7012106260295   -3449.7210482893965  1         0.2401750244054796
3865.2264344256455   6441.728157246647    1         15.196539611663006
9889.32800628241     3651.9970970626528   1         0.5250208243429236
6569.355522057562    5222.827977567467    1         0.3215042168129606
-5855.94426752992    -5943.891650850815   1         0.5886485598074088
-7296.737838150128   2739.251230182612    1         0.7328124502713743
-916.0689378483335   -6343.241828376643   1         0.3179336992415025
10676.294086862217   902.3045115725046    1         1.1226875159402474
-6392.957540308099   8611.435416500404    1         0.5693535476256623
-1981.4009699116957  -5512.584897119069   1         0.8608403825293041
6289.882018544709    -5435.57122747093    1         1.1803209565295643
8025.451980145555    9183.793129891337    1         0.5968390515457278
-9140.472813350101   1582.511432226298    1         0.22673862925449131
3272.453501107559    -969.7331896040328   1         0.8890037500553378
-4995.868737096081   -9694.974646821054   1         0.5235149176008137
-2636.399134284093   1607.699595312391    1         1.187582096988364
1747.3210899232333   1705.384408183289    1         1.1659001163602813
7356.83220030672     6192.801752370237    1         0.615956166647401
684.8369348195723    7542.54867166996     1         0.34315085646108734
3009.430293182857    -4663.98237780139    1         0.7328150755718603
-4158.160849724865   -8867.39552785079    1         0.8549866833579546
-1292.382883583036   -9375.119135993951   1         0.9325968783255881
-8229.91322144128    6969.717086245563    1         0.43594670001797486
1510.0723173220356   10025.323889561381   1         0.2447963194500712
2022.1400122119667   3990.6185085307097   1         1.244880412216309
-4159.830697488784   -3368.9931186743215  1         0.4765966629391637
-2146.0329747341534  -10086.942300151408  1         0.8185826464338104
890.230156533371     -7273.921232545978   1         0.14192308227085865
-6663.206473641672   4939.125471646533    1         23.34440449310956
-4576.905116635821   -158.53032548736468  1         1.1199493470974902
8017.5545667064025   -6870.3997709623745  1         17.438157981933276
2428.8593432880125   -4321.2163426598045  1         0.7047924426775912
-1976.8406059350236  7698.392547591107    1         0.7830964609164501
-10037.809315215181  2531.153644210515    1         0.457388869586434
4192.192212493793    9236.900637677178    1         0.16390071014428598
-11567.674557505152  6849.3207784473      1         0.6134078894158297
-351.3109122310055   7444.68203435599     1         0.6384349785516912
-1104.8710297759533  4690.4334356040345   1         35.32889103226424
299.68931879005675   -9214.754410146135   1         0.5802213058605761
-3125.162292066802   -6666.588730254821   1         0.13634496778416333
9359.392330690513    -4614.759473261099   1         0.49833636150690575
-2630.796091821503   1309.7790426185747   1         1.1577602875426718
-9435.662659603346   3323.175032110997    1         1.6955407500044644
-5416.467284461256   -8078.463738347266   1         0.12038787699551746
367.44915888620017   211.4762630555906    1         1.0647671088787292
-6329.622101733496   -6630.396081191145   1         0.8555762209187134
-146.5991344124003   3716.6144003533427   1         0.748247886715987
-2437.1655394219324  -3093.0092411913556  1         0.4976689113725651
7258.970459244856    -11101.342283666934  1         4.718954747184917
-721.8642616399638   1805.9007008017147   1         1.2412278692833263
543.3599513551402    -4137.227178730843   1         1.1680070058788439
-7745.94565171779    -2483.1074554716483  1         0.6407483931256085
8720.658832450565    1512.2558690131914   1         0.2444290041654656
-6184.873552725647   -2613.2078572871796  1         1.1858852562932283
