trucks_count 5
drones_count 3
customers 78
depot 0.0 0.0
Coordinate X         Coordinate Y         Dronable Demand
-3868.3684461430003  8291.402916377474    1         20.07529134567672
-2468.629659109644   -7924.3142362933995  1         26.010129504516062
-1988.2760562771355  -3509.4349619270497  1         34.50309326512315
5782.790533731967    -6592.332216776131   1         0.6620493456966827
4206.29193919743     -3879.780156367846   1         0.11815364695110007
-856.3824649030433   9750.837743455799    1         0.487187342835128
-4768.4603604484655  -6182.913834681719   1         1.0400910622987865
6822.984553664812    -4538.434626145266   1         1.111371074985391
-7180.421544020326   1820.54420625302     1         0.3066953827984743
10454.252389543437   -12765.83469048707   1         0.989110238044669
9852.484859515534    4629.111293365023    1         0.985626719927231
10068.043442338907   -8331.082812428285   1         29.187473041376936
-809.1085707712382   -3899.9286987360088  1         0.7026758216553167
-4394.976180190926   48.372119602114275   1         0.7464368913160607
-6547.2779343207085  5143.595969940211    1         0.100386210309014
-8031.934643794847   -119.46807600846478  1         3.139173779379063
-135.77367503992073  3891.6610105251348   1         1.2103673537320268
-5137.780919184723   3191.146928867139    1         11.73582125257808
-9875.167488648665   1731.7625775350066   1         0.5921732957586648
7721.568859377096    -4078.0188933555055  1         1.0067958735945248
10561.958541927226   -1308.1109244170161  1         0.1257527980454187
305.19046591942674   -4825.724368251392   1         0.7383677400317976
-5811.3226973381625  6240.930035444246    1         1.10630156570023
5418.175015946542    -7293.103977527542   1         26.13429570324791
465.31634980623113   8977.619222395295    1         25.215442424894725
-5440.622419285415   -908.2118132787796   1         0.18994631292435715
-1781.4720481128704  -8512.784452959528   1         1.0903305737564986
1111.9199013108266   7833.741380049775    1         0.4742758783010509
-1307.8890314943017  -10314.33562680508   1         1.0056048667552282
3289.7656856956173   -2395.431512363006   1         0.24030776837999593
146.07552441488224   -8970.251727333203   1         1.0547143830795616
2225.6054594437956   -11569.940877522662  1         1.211595298921325
7578.853947871181    7154.314722422396    1         0.31628452766848053
5638.731517762725    8052.269345942407    1         0.5393973118316049
-2658.493487615225   -2708.9727772327988  1         0.3690952151735697
2429.3282917373267   -7803.351145021084   1         0.47341291249700934
11552.935656807289   -10208.490685295019  1         0.20946846328408542
-1491.7646032923108  989.1957247549566    1         0.11836278833577
-7155.375549594157   8190.236178132641    1         1.1702480414950263
-2554.0323687050745  3257.8423426385675   1         1.062055536412557
1999.830381771197    -5256.773877316011   1         41.0410525167202
10202.147971722316   1502.0528432096712   1         1.019038957542622
7534.907066168757    5307.633078865032    1         10.234839541885613
3563.6340462699723   2882.3373860919505   1         0.46669395472094477
-2911.7231760042637  8526.356145533262    1         39.96976051223027
-6475.335773360557   -4917.0266001157715  1         0.8333758050707878
-532.2741769436616   -3400.392033511662   1         0.40601376570862513
5895.959962877035    5554.033154779373    1         1.0398706684366155
65.86033386990049    6310.886589268162    1         0.7520939928296804
-3791.458741466833   -2945.653142055048   1         0.9243027324781142
4363.027866759417    5781.090851366781    1         0.6751674764249799
-6409.557818300747   2736.821972290176    1         0.9969384633045612
-3269.3668420563445  11269.897147002705   1         1.1025278209109324
2875.3288405232706   -1853.6455035873992  1         0.6083196510264756
-6542.736964504397   5624.80453730524     1         33.14572001814544
-11932.44230887873   448.3461094301729    1         16.866121231738283
614.8906178870911    -4783.397542057074   1         0.9194814729726241
-4316.184111533861   3102.1547447047274   1         44.02802038192728
-8347.87133238486    3791.564845079394    1         10.61758566853687
-2645.226211696332   -152.49391109266253  1         47.98713749738279
1223.7725040656653   -2560.3263659091535  1         14.436766902755068
4580.089524830779    -4831.828742956562   1         0.6490736137137203
2875.511177709015    8851.757385439198    1         0.3276824474858637
-8844.893860448426   12235.072902714079   1         11.555066702936458
-11033.891540722121  -7541.8329063461215  1         9.822831158885757
-1434.8854916176692  5199.623879307572    1         1.2095506930122886
4263.911640421638    -7539.675921796184   1         0.253752009701504
-4626.859310957583   339.30816975456133   1         0.3569385516639937
-6220.186700629911   8425.91562645128     1         0.27599280976220797
-2974.324225534628   3320.8369389932423   1         1.156316143688177
10411.21147589396    1605.3139746495517   1         0.4517133338583408
4806.967577876323    6930.928690225327    1         0.5511697205400875
2877.8264740856207   7254.821192968492    1         0.5160278384639037
5487.4607169083865   5841.792618098036    1         0.22585250929789913
-3234.531902509565   1280.9178626501744   1         32.30992141100276
7598.977261469359    -4219.379050520627   1         0.8491697270077567
11671.459855391606   9413.363142047323    1         22.890556408976824
2385.8461044957817   8232.540836367003    1         0.49984953363429585
