trucks_count 5
drones_count 3
customers 49
depot 0.0 0.0
Coordinate X         Coordinate Y         Dronable Demand
760.909031483663     3550.78734110027     1         0.21269383013372087
-6300.854939946307   -1339.9446297437107  1         1.140310678222845
4460.956594562226    6406.898404254142    1         28.333852412616586
5167.570126883189    587.5987962596936    1         1.0883562020378679
-5641.817576432324   1349.3988674229163   1         1.1981654517064697
-7267.74134685639    -7834.552325153219   1         1.2304064604589076
-2032.6889722227158  8747.816699578323    1         0.7024056647113658
2067.250079698774    -8722.797016444327   1         0.20570434021779532
-7003.310461982307   4765.752640021608    1         0.2963543910691069
-2463.5781499639097  -10041.68257644988   1         23.76919328656811
5512.646624091951    3988.7058640708065   1         0.7055549455416886
-2084.240696016117   1436.302529465813    1         0.15487272747796754
-3508.550640930183   -1792.7959586023965  1         47.14128942801889
2027.1522409146164   -7518.741701728449   1         0.17555242605660157
4191.646428073464    -374.0654181353242   1         0.8453409774183318
-3916.096287429622   8566.122184778736    1         0.4902539500009674
-5059.94311655943    2792.220771987753    1         0.8179139819442365
12160.987475363017   -6135.13584893173    1         15.236266185717579
-4928.369070671411   -6137.541971373949   1         0.5738974442255619
-8202.697715603703   -186.96098558313497  1         0.18991210935101072
6635.188538342586    1050.906509767514    1         0.1716847824382023
-9461.552292902106   -6826.471132040177   1         1.1354696875817047
9082.391514993617    -5778.573236280216   1         17.69973480844845
7800.255598378178    2867.8923651189434   1         0.9121245445169317
-5990.856332060519   6646.200070699046    1         1.005471190394003
-8599.812676075653   -3585.0847012068934  1         0.16740168053088791
69.27796435253971    -8869.278955394917   1         0.1931321796792756
-4934.866719241213   -5974.08423045408    1         38.09670881469518
1435.2720853477113   -4997.83486358493    1         0.6435345563740196
-2980.414270030864   -8426.32023739071    1         0.7465438694149236
-11327.537631129338  9591.45596346886     1         0.2672496822375787
-1698.0574508252391  8228.953370395759    1         10.627800094883904
-8054.314222003111   -834.5266479357215   1         1.0658526891119962
-6299.422674012154   -1121.6824761531761  1         0.10119822765033748
-4780.092891661019   9134.554161999185    1         0.13984588733195524
8825.768363748008    4668.930702439387    1         0.7857766487311384
-11544.28224367279   -1141.7393452920005  1         1.0692015120612153
9842.673230230477    1672.4970599598519   1         1.1101475204721483
-8312.566526776904   -1746.8656274623117  1         0.9812204408833463
-3501.320349437845   -10295.417340708322  1         0.2654823470740807
-6060.718206908925   1382.6940825601857   1         39.221152014120385
3581.2112400383708   9353.458270222882    1         35.22412998086648
7991.500639816053    3789.9767768896004   1         0.8456164482115018
-1368.2056561429351  -8681.189540763231   1         0.5456287554530916
-5974.473223676487   -3842.8671079834667  1         0.22253320888575318
9426.084659106607    -3217.132189641359   1         0.47370744426572176
-6138.437629781045   5753.518375467709    1         0.577372693327046
-6903.5539654280365  6050.658579383915    1         0.1722052688447402
-5563.403495947193   -3927.201244791822   1         1.162350545072902
