trucks_count 2
drones_count 3
customers 29
depot 0.0 0.0
Coordinate X         Coordinate Y         Dronable Demand
3385.756792898741    2225.8860540338974   1         0.8890360160198072
3788.1112310690914   -2861.769233763766   1         0.5767952468142885
6091.57537791124     -812.116606888163    1         0.44612648984330006
4212.391507821927    -1338.819041480218   1         0.401370494798967
-5905.350721542      -6758.5137315975     1         30.015092401789683
-3757.593950409619   -312.8782644142184   1         17.713348668971637
-4776.877196575795   766.7510975112835    1         0.2519088486959817
4363.740909685797    4516.1494609058955   1         0.7323408410998834
6317.732442448423    3417.6117285183846   1         0.9141494361885725
-2266.3968260167444  3641.213289325468    1         0.6582615544594407
298.5886195052976    -3491.0423082676443  1         1.0692930404007674
-6756.7342966284705  3427.5858780765357   1         1.1331398416112788
-4140.959335473725   1352.2449799593114   1         12.801425026594147
2658.0743891247002   -490.74474055479686  1         1.184967841156378
-6210.247398751769   2361.2812520480625   1         0.9569426679800945
-7103.622774207743   -2984.8255437127827  1         0.7557485866472488
-7387.027877469494   948.8515585075677    1         1.1952177632015737
-2208.6241502118096  -1321.5553921378705  1         0.15076957931783477
-3937.726146468601   653.9018298384865    1         1.080247151573121
-1203.4088343673177  -747.4259377690157   1         1.2362308270021225
-129.99115847372778  6963.391333208455    1         16.29163900959815
-3484.729319471189   -5309.664856188568   1         0.10634135449509667
6791.073809508387    -4692.101600088859   1         0.802722017551659
-4846.470219068775   4204.046786419788    1         9.18565844567496
3916.681260091594    -7464.960270323064   1         20.59922830091404
-1126.2802175408792  909.3040363440247    1         0.10204551141162925
-7476.826656318239   6307.578689617498    1         0.12193682878845684
1574.9758984423852   882.375469454483     1         10.828322768565425
-4436.034695858209   -2459.860332060084   1         0.7789727281352816
