trucks_count 5
drones_count 6
customers 100
depot 0.0 0.0
Coordinate X         Coordinate Y         Dronable Demand
-1960.831870967712   2609.7254081885726   1         16.29107380036071
370.2499343343834    4950.3262478748575   1         0.11510939497831649
3857.593532456637    -116.92997986271621  1         0.8622217393165929
-3075.706022164596   2463.549297755765    1         0.7429544356289904
-2172.262805408077   -892.8444839847907   1         0.49656450066290947
-5227.438938098325   5821.519673070422    1         1.2078218146913626
6125.200085575867    1399.7465535992114   1         4.655842693040517
-1570.2280056039085  -3616.456713099805   1         1.011397963615121
-1631.1695285487806  -1666.7811921568014  1         0.5643197955627737
5440.536235589882    -2402.6630596359546  1         0.6836916591271112
-1791.9581350190683  -4985.67264230551    1         1.1424896410433063
-4635.240960416797   -4078.8052433978787  1         0.29970903873049987
6241.985464291708    4368.693756488706    1         1.1422397463499132
2685.2584988973786   -596.6985665405688   1         1.2474762498106422
870.9559838329442    -6106.440426790304   1         0.9148340188207372
6375.140077683182    -3928.1541242039657  1         1.1825258951818998
-3882.9208848752814  2613.435036154088    1         0.2543706072415659
-2135.990581290177   -347.5363461007382   1         0.5965144881407232
-889.3959028105514   -3786.697981407355   1         0.8544601136602643
4254.29381785191     94.07471364495632    1         7.675531000986668
-4071.765662067875   1542.686458895537    1         1.1533857648567785
4706.094871668848    3478.8318819848      1         0.538750169841936
-1976.0981492194444  -1378.2720161987563  1         0.1363475211503052
387.1254223882402    6141.116357441069    1         1.0306657270532258
-2326.5247903926147  1697.6454341878807   1         0.5500775041266145
1852.3125430634705   2740.9959777453523   1         0.12935253998952098
2440.5129207897417   1247.6511547838736   1         0.5443352658964686
6201.812143319074    -1730.04487586195    1         43.432721524949166
-2244.521089364379   2789.349898712944    1         1.0257696068375073
3422.8626331356686   -2161.509600523579   1         0.6369107471807789
-2735.531621385579   243.51597061320365   1         0.8957240500018626
3210.1513037571485   2423.7129551687544   1         0.5404094037532411
-1679.516320956123   -768.7150603565144   1         0.5319081734556572
5037.30599023995     -2583.6472746506183  1         28.183725094636703
-2506.1314394323663  -867.7368583715398   1         47.923923393661404
-802.1248337209727   -2206.6897959180715  1         0.19256721272495148
3395.860344342063    -1381.0586005704604  1         1.244824797876075
1972.5691777396353   -1561.4007769794105  1         0.9080698308224449
6319.344580643255    1614.8019473458728   1         0.5121446473581156
1079.0137807570982   2674.334022133792    1         0.9227381936166545
-4802.279792371493   4276.505270773373    1         2.2504636213336155
-2303.150439135651   -4842.856542724522   1         0.1277043519059804
-2958.212594132003   -2205.7096126063284  1         0.24980714977563473
-2844.6593477144384  4469.676006919819    1         1.2301657740244436
1992.0464463493217   -1458.7941578303194  1         0.6378761638930882
-426.0157876727225   4718.7872628652385   1         0.9164993524788002
-1571.9645197216855  -172.82150798944946  1         45.09830448990389
5450.347337956119    3865.4737727910524   1         0.5609205855074738
1207.1949178106277   5464.088033582527    1         32.342701983234136
117.9068275848069    -2204.6077232696985  1         0.32489947208410985
4490.753311399611    -589.9816300603406   1         0.9738723201711541
-3022.1898455845308  508.95963658104836   1         0.5210132960170243
5704.231444431652    2657.2315448619415   1         29.07353632694656
-4703.526724759816   -300.91802201515384  1         0.4068689098544255
-413.87787336874663  -1702.5735720281652  1         0.16907262148890778
-6274.633057315564   -5336.940059214431   1         21.861209354007077
4751.274476181295    -1640.2947610731899  1         0.965459520612367
5903.944631431385    5870.52753476544     1         0.6286894471789467
-3252.4963422618157  1285.2627512824072   1         1.1882410858983674
3409.2218248148515   -1356.0143018767894  1         0.5602995565733428
-4680.899879629922   -1198.0738531672193  1         0.32315660952804937
-4745.063060381456   5611.449782939709    1         0.28393421539694363
-4884.992600890427   -5807.460462097789   1         26.216357452705502
-191.89924081993308  -1301.3855328280272  1         0.4139459108646074
-6380.2510631195355  3482.025110560221    1         1.0678663536081834
2450.302422433253    -5492.777168641881   1         1.0945436509935125
4714.932079941235    2689.5017580578346   1         0.4959960862165793
392.3214141500011    -3106.004549894655   1         7.53351049543421
-4293.3790128734545  -5758.922329928691   1         0.571986880119183
2735.7121907939063   -4818.173324072133   1         47.097467457769056
-5971.978188417602   1711.8509596724725   1         1.2084082232606614
1369.4755756488773   -213.5367885139097   1         39.74566842246204
-4981.948271124789   3379.848473161069    1         0.716948187209426
1545.7096347367287   2247.062371206805    1         1.0812855375935038
-2573.8372663328228  -1604.9268243226156  1         0.8843635318895997
-6196.13391845264    -1859.2888811824205  1         46.61499507230207
-1849.1732245954909  -2621.074946838607   1         0.4206172772444724
3375.6720453867956   995.8614400584083    1         2.0332488540589613
400.2310536159454    331.3495020768123    1         0.4114014002639983
-5557.620993843976   -4839.794748773923   1         1.1417667800301359
3493.8531630548796   -4172.185282700202   1         0.37814823193853564
-1236.04470293964    6393.610025300611    1         39.24342669418298
-669.2494434626105   4463.053787320278    1         0.43799027998314344
5398.561912106777    3101.8333782512686   1         0.8158518482614926
-5639.559350275199   6310.979459571968    1         0.14549647901036242
234.46954485174345   -2605.7181356882993  1         0.1756848907847014
791.2588474516465    3868.6271564308927   1         0.6055231186977313
-3555.002187666109   -3374.46660883304    1         0.7480631332501096
-365.0468712538067   1960.1289972491122   1         0.31212043787829497
3503.1991433839726   6270.321034149907    1         0.6638093575575416
-3306.473314400832   -2504.9030011798122  1         0.5560524149976676
3141.4161620180535   1005.2866896583135   1         2.6209163218834695
3777.6308730385435   1737.2025263014093   1         0.9227824375937219
4657.16402493349     -6030.164560973309   1         19.55426217183121
4251.649924777111    2396.974298478677    1         0.5380784593649277
3731.2633553985324   -456.46910451780514  1         1.227124092094271
2850.3919315365174   -3214.894457242347   1         0.8195524054376889
3627.8507872814666   2785.416155421322    1         1.0685496133870682
-4576.828840515521   -778.4952945493633   1         0.7887335995468675
2819.016913485547    3243.9475972818573   1         0.6205590070234046
