trucks_count 4
drones_count 4
customers 70
depot 0.0 0.0
Coordinate X         Coordinate Y         Dronable Demand
322.03346192362807   -10454.369763654531  1         34.70997470570546
-419.9465698357039   4319.545890914411    1         0.7126379272682021
-8598.850648468331   3050.9162179315335   1         1.1674169406308113
1815.1039188663128   -3028.88703246814    1         0.3112065917263459
7221.040944873793    -7957.277737048262   1         0.9397243659399112
7314.108378531691    -6978.100704931157   1         1.0870968291439937
9156.211235607047    -5933.327021319481   1         0.7139369090425952
-7129.803372873865   -4405.52233033254    1         47.942717855824924
-4322.319917412179   -4772.908006688623   1         0.5235155045978291
4612.48531857574     308.25321442638517   1         0.3753332047990888
3720.853693558502    4439.441501511616    1         1.1383228766960825
-4755.257778623974   4215.336961718795    1         0.9283622935702978
5661.696913803622    4687.688482637977    1         0.7034988849179205
8417.833645726658    -1598.49464601192    1         0.7882476563071666
-9436.124179786459   -5139.119740839897   1         0.7558440995404831
8725.282002382975    -3895.7011533588984  1         29.52712685370505
-2922.8044182617555  5626.386142547003    1         1.0311135906948374
-10072.796917608282  -2404.565559722237   1         41.60052970622433
2197.0626914354907   472.8007553841748    1         0.2271915042306704
3540.8313097975133   -10208.244052190876  1         0.5341133906336756
-8065.105023345939   5375.823925833283    1         0.7604008167203713
4923.852260115604    3621.043986454367    1         0.5832495086536604
-5922.521447374488   4290.447049570929    1         1.1373617992962164
-5404.688486782585   -1999.585222293918   1         1.0975841813178961
-443.89080808225276  6942.439497102733    1         0.852496662772077
10147.369093305006   -2953.3451533306156  1         0.9969644481875536
-6567.845812084657   -4456.882266343993   1         0.6360627062440259
-5838.203269685953   -9864.935520598048   1         0.7970663751236347
2400.7541701240434   -3677.832201344678   1         0.7661121767057053
3980.8022501324344   -551.6685314100165   1         0.3639055431253212
10327.302712993685   2312.630516418856    1         0.5479670885947692
1125.3863261333663   -9233.070557758203   1         1.1926771709904365
-1068.3612066859928  -1531.8512493484143  1         1.1805617512985829
1425.6307842672302   1434.8232216204194   1         21.338658691803573
-4604.071197895512   4099.0780644446      1         0.5779069720974488
8117.402989790849    -1620.2749178382053  1         0.6690757471766047
-4296.456893402515   -1922.9945446335357  1         0.111783250159392
-6075.391227334282   8403.467002649837    1         0.26933191717772165
187.83570821763027   2131.2245713207612   1         0.6771686417464036
2325.7202865802574   -10370.134288378746  1         1.1125866194247125
-71.5877016720009    -8596.255937856145   1         0.5955916328149797
9741.192824917733    -4174.29423011096    1         0.6880095952522287
-10314.46622717887   -10822.55099836354   1         5.583058488107469
6588.5611532530675   4766.667197011459    1         0.521938649050882
3757.2758863901176   3674.9482580496765   1         14.740814160468775
-9571.568386927116   -543.2445269004279   1         1.100698394543368
-907.2671000204604   5495.35447367513     1         0.6950610411306628
9263.178056761397    2451.5162272348966   1         0.40781179286740477
2061.9300778856245   -3095.7775713897404  1         0.6410674950932513
-3411.7379871329376  1500.555376610256    1         1.0556933391301138
-9274.48036046074    429.16801337091863   1         23.415229671500715
-10582.829926573713  120.90574842776252   1         0.5732498571875048
477.144678721299     -4072.275180325373   1         0.2439243756329612
8919.862503698549    -5493.310723978295   1         1.2267071924876969
7998.875944947812    -6594.934943643231   1         14.285290943681872
6427.701729276741    -5989.927701893961   1         0.25399343095961097
-2380.483258366123   -3102.5581110844537  1         32.04617145168478
8216.427354510257    -959.243292847245    1         1.1251197760578378
-3030.731065277375   6710.573072176216    1         0.2340734588053318
4039.0751085528864   -9679.745565305668   1         0.21510352325865773
-1523.3597605588507  -2191.283555136665   1         0.1297233157423996
2220.6101688152116   7732.126902631908    1         0.7469765750481482
10080.595511689458   -24.414254957702365  1         0.45487145270629414
-4691.669284012218   -582.4998577395469   1         1.203854758730084
-7019.788833149865   -636.7102497763742   1         0.577707830867283
-5732.181859335857   -5555.262836040594   1         46.08450745924274
-3289.917055082963   -3860.7442532167142  1         1.086784825850592
-4897.95732255448    -1397.4420988038123  1         0.5741753741900314
9872.796536762111    2634.054380331826    1         24.475291956527656
-4062.1436796323924  -8116.793996556588   1         39.056874993596175
