trucks_count 4
drones_count 6
customers 100
depot 0.0 0.0
Coordinate X         Coordinate Y         Dronable Demand
7154.933971333039    -4262.695992913724   1         0.8412430215566749
5760.459131635891    -845.9909170772258   1         0.45259080999546897
2159.6292854261737   -329.5153410195306   1         2.2925254506083017
-5881.977903532075   2206.861464638747    1         1.2380369176781043
-6861.490468751719   -3295.2661707633542  1         1.0498167618905858
-1234.1693541541606  -6216.2023841624505  1         0.16622618495168975
-2230.125901154704   3441.237600274298    1         25.012369939488295
-4193.651754078025   -1658.0557669731447  1         0.33907750825376115
519.0317788540026    1997.8971273444154   1         39.395257231250135
5381.463136320242    -1643.0252997255827  1         0.2226885615992566
7227.777026224761    -3623.068742480192   1         0.3643979606066756
-7398.876898017115   -3877.787146235424   1         0.7269102110037308
933.409592113976     3845.069017420521    1         43.460167129390875
6707.1527780336755   -5532.755697473133   1         27.88834576756851
-1812.2811485068087  -1155.8496986184273  1         36.107686999903606
5456.320525316343    -1809.2184739259646  1         0.9535456097003439
-3106.906308877056   -872.5989623010208   1         0.325316284714894
1873.5009321817777   6361.868117528671    1         1.1998345598952267
6800.0808491671205   -4308.443332761719   1         1.0417164399548506
-7580.745172396519   7093.050885430691    1         1.0327122796889823
3775.4316533193573   -7193.620731367821   1         0.4424400311727297
5932.377518740539    1413.0431809376676   1         48.813098296672514
3011.290037966959    -869.7387990666411   1         0.6897208761781788
-2148.203937577833   6612.784856959338    1         21.511673323049397
7072.949137699461    -157.58039614256083  1         0.22826477420008054
2681.193137048943    1828.8131016071202   1         0.5793267026134971
-6875.615649003848   -1427.602312834416   1         44.15628643300255
-1230.3419069313895  -3170.7570791195576  1         1.0133118960959866
4331.6093374447355   43.23386419824692    1         0.8265831326257099
7369.604230058764    6563.788160834507    1         0.6959796860885897
4312.105826604777    1573.091109627333    1         0.35556006975154675
-5699.60536465197    5000.770432834338    1         0.13731787995974298
-6416.212259043998   7753.9161367893685   1         0.7167709945582057
5875.9746675815095   5303.411425874074    1         0.8203546637645961
5840.79614185629     7266.094310887649    1         1.1221825513014068
-5753.379812498162   7505.373956520303    1         44.031704805595545
-6022.401714951255   -1615.435194234714   1         0.4691305766468151
534.3592172962791    -4552.972634038786   1         0.5585297581355375
-5084.004274228603   -647.9865681932807   1         0.989574729002869
1616.83282911725     -5812.245510310436   1         1.071873594758363
610.0974255484508    3503.0086669101074   1         0.8028423522483297
-6154.595207560274   -4338.419690711698   1         0.925701325217664
-2645.4643230951697  2583.883298645277    1         4.9906688192816935
7586.1798306072815   -5239.3490437112505  1         0.22166597809865268
-2488.7566597592663  5223.598594862565    1         0.6057956146981784
-4429.715112663392   1052.3458398175687   1         20.774584732278676
3565.6658235885516   -3532.792872769563   1         0.623883903613503
1970.0265994417196   -2600.4909400664224  1         0.31173421531887446
6851.257275344724    -5628.322701111158   1         1.1892884317150312
226.74826944091004   5464.592294847064    1         0.9698700268160851
-5904.432756730475   550.4150492616957    1         0.9350775167686872
4442.876499964688    -4292.696943270523   1         37.81578945383489
2032.4168256625342   -5183.877160856921   1         32.09732958602031
1568.4039967875362   -1676.0067862547976  1         0.8156994115657062
-5361.856583227616   6855.899756488734    1         1.2063775730979793
-5584.091196250757   -7525.2545435292195  1         0.2634664635999584
-2975.309381298632   -4259.99454465148    1         0.21051394469140636
7036.04890598087     -3988.535282639369   1         4.524048845978134
4075.7818630967586   -1004.0827230182997  1         0.1626406141362876
-5131.214522924748   5590.703962932552    1         1.2397065599679253
-1196.116170953418   -283.35458974680853  1         0.46462050890881545
1784.0311152478098   3338.7068528232      1         36.912485184152985
-3177.7574980687195  3000.589538874101    1         0.3368410598801123
6884.752004304276    -288.01497740201825  1         0.8749135110613021
840.171576496661     -1907.570889298728   1         43.062686983249556
-3452.0213774607887  4327.707972981064    1         38.272734328174586
-7392.460212719846   5635.375381272614    1         0.33767851465822457
-2939.881227099653   -2883.320355871514   1         15.556008471661666
7701.671741550448    -2038.8969138431366  1         0.6329437474056983
-3348.1437711836156  -6789.481957848033   1         1.2216656024506827
369.7651036285652    4654.628537095281    1         0.2526891119321554
6569.642281320852    -3540.4481174702078  1         25.852911114959365
4313.643817944737    -6621.85334631488    1         0.6747380865176704
-3592.069015640975   -7494.3821569203565  1         0.5752282711758373
-7573.338721464514   -502.82198928138587  1         0.638055283667148
6928.154078635438    6514.9879402887145   1         30.56633634970433
-2567.6443189224997  618.1372611982312    1         1.2203883104591986
698.9683876727522    -1476.0095463162052  1         0.10086738326952979
1572.074191941427    2389.5577669062563   1         0.6435829215196505
169.55344360361119   3838.413427673887    1         0.6472803938596862
-4625.878707726934   -3887.0332398106116  1         0.7385394763688272
-1934.5908152925888  -3340.7184217629615  1         0.544404290387245
-290.13999353389505  5021.0941640873125   1         13.955339326148433
-4640.053924753462   5297.161203171902    1         41.16090286975516
2919.033512438502    -2976.5554442413713  1         1.070238718391331
6204.413342900607    -6657.751923430382   1         16.152294194710908
5018.688846229498    2192.7978363980396   1         0.378177855393357
-1787.579254434552   2903.631562226639    1         0.7985200960235247
-5913.9955327818     -2565.773633533389   1         33.20440739190073
-2136.480712251616   5289.092536983699    1         23.605171343818533
3540.6012349792627   -1015.2289292401332  1         40.24546747145763
-1011.9328677115575  5044.963138570621    1         2.276158453724407
3225.136125446004    3145.7024829198576   1         0.288846819489319
-2764.846134265287   -2623.7575079023463  1         0.11706684756301142
-3828.762692324957   1373.5570535365805   1         0.881242104435695
2022.9043926737304   -2403.479071072182   1         0.9741685189099163
3239.052902079245    6668.370458493113    1         0.9510995048244589
-7765.97495676755    5863.093580067177    1         1.0643743408498336
-6718.6767018422615  7121.946000782417    1         0.8253228690049224
-5663.782768635677   105.41311803439598   1         0.19283012239644737
