trucks_count 4
drones_count 4
customers 99
depot 0.0 0.0
Coordinate X         Coordinate Y         Dronable Demand
-6575.598423296202   8307.747400871032    1         0.6362824427528623
3730.9032197939086   6546.203900958375    1         18.32481641156255
4510.949609488598    5430.472117253712    1         0.679043043506662
7220.974069811154    -5848.82936256608    1         35.63690407759222
-5845.418389030488   -4379.383335429595   1         45.8402691554974
-668.4174811638386   -5675.487797688671   1         0.5183406831522475
4596.1279193256705   3745.972988458475    1         0.42916037377382454
3856.1572569136397   5580.813679240422    1         0.5131590807714643
2877.671459428323    3767.8947715256586   1         1.229682089075245
2780.5601670213114   -7276.631461857519   1         3.0244974330737175
4061.9027505252707   -3634.1290456404804  1         0.1409685113547493
-4202.352111492756   5888.732564573331    1         34.16680348067886
-6064.524055936692   4781.651344380612    1         0.4744298897959718
-320.2341012212273   7952.346406812645    1         0.554430327936382
-4005.425995438369   8256.834890433152    1         0.9187256323506217
1465.9418781628276   -7906.978035852386   1         0.10887575008941192
2063.7038983822495   -7955.657530233263   1         0.5158624317982556
-7593.102189991006   1021.1404193486563   1         0.1334131285637234
-716.4863643933444   -5308.129304672217   1         34.95335121658595
-987.9713886321526   -2255.9196043961647  1         0.20124341843707877
-564.4727672831526   -618.574830017805    1         0.32070242456117576
3167.9121150490137   -4918.688824824317   1         16.486652289201807
7034.8738336500965   -8301.88312730967    1         0.23330785339698537
816.9843208777036    2992.9707597585907   1         0.7385726938321998
3308.6451852365863   4564.585537116685    1         14.233276296591585
-3390.6245136431894  4262.77564955728     1         0.8248177228047087
4706.588553827486    -3333.1910017197943  1         0.8254584814370388
-996.8561828773948   -8233.00714852454    1         19.02554633626042
-5596.165788619487   -5064.127310432895   1         1.062808406600592
-3405.5976075150284  -3822.9828724934896  1         26.40834505432183
-423.2751057767263   7578.766597282144    1         4.375191181301533
-3002.708984614096   -5836.937798639946   1         0.4264415814167216
3534.025458598068    -1766.7714011997389  1         0.9010848732185514
627.6287010506176    4864.234888376962    1         0.5070157520812686
-3712.1821717711255  -3566.5404917244323  1         0.32863867922297363
1085.611071233221    -4675.0871349991685  1         25.56541026954558
3192.6550608029133   2169.7267774243587   1         1.1728613525375617
-3324.1784285593967  6286.852215101914    1         38.74727737088709
7707.478390568052    -4762.493017458641   1         0.6394323160857337
-4963.701001418725   -6229.578124008379   1         0.1637171531517237
2003.9069551817893   4619.906176325157    1         1.2329674204250725
3719.113282256586    -4336.398952790028   1         1.021872547581164
-55.08720214065435   2233.003017184366    1         30.289240301125616
7031.459393378528    8206.788662647215    1         0.6562591251309351
-6768.841841499105   -6674.666409374235   1         0.43890388633024047
-4881.802288121471   6886.33565920949     1         42.18782858456958
3530.2422330495992   5099.2382279077465   1         0.6139175167795737
-1015.8425961304918  -7446.166742689155   1         1.0444335927359172
-3038.139313008053   5594.034811332696    1         0.34764512915134516
-5705.979546630497   -1665.8419592575144  1         0.8942986368807883
-5916.157782826709   3578.884095283507    1         0.8846692602985743
4821.940460573733    3271.9168889161992   1         0.5958758899634231
-611.3291461050779   -893.9418355428497   1         0.49623778933751306
-5545.419089719298   4132.845326395728    1         0.11501415598567889
-6249.890317719379   6404.337380774703    1         0.6770924267155637
-1230.9334847307641  4080.0353485300425   1         1.015354851530963
-5441.357248486799   -6984.8048031875205  1         0.39788114804280217
2110.641392048979    -7073.400707457384   1         6.658434386774128
1859.1587051851923   -4216.384078792279   1         0.9085638417608553
2243.735087405965    3496.9492964446085   1         14.55550081752218
5404.313878602174    -3277.6927663898887  1         1.0283978312314557
-2622.1223965336194  -5426.493371720516   1         0.5020341353501049
2572.7553754961014   248.67931407211768   1         1.003132370895257
-7378.844615946356   -6388.366313661504   1         0.6538576723802634
8063.927324769668    7363.158181460681    1         18.405261495015772
-4762.625769440643   5644.399121311529    1         0.458846913186829
1964.3197015275289   3501.273664237831    1         0.1868631799005101
-7565.724059809089   861.070133374771     1         0.9130663373696712
-2007.0746700043246  -1172.4307957074188  1         0.13115509264376884
1210.74929694482     2668.621731482679    1         28.92399345715331
5502.69077376803     -1874.1649346686013  1         0.953663113485706
1747.0517750267966   -6341.521900589521   1         40.368188684974655
4643.95914546546     -295.7887129056283   1         17.68093635710878
6050.568047199472    6970.109152915355    1         0.5809706604699678
7680.6070723642815   3182.8924534608723   1         31.37981937996446
-4345.874094618043   2127.992682111293    1         0.7603317355894017
6715.728493501459    -589.2279154175745   1         0.9805122781799589
4559.070885004555    -6277.565484171281   1         0.32122570448636656
7641.327453582885    -1449.0994441275673  1         4.576790190041244
-5090.880005988838   8221.761425086821    1         0.1326346241963706
-1951.7707474173274  -6079.331840756081   1         20.872159257723375
-4031.3372812561875  1201.6701142081035   1         0.2897394023424399
8041.265063091278    -5409.2378594634865  1         1.0937267506443649
3548.3274591148493   -2251.6376508949916  1         0.3889346479590423
954.9602649275694    -202.69793554419266  1         47.07009035343488
6716.405106532026    -3780.984050716888   1         0.3504512886983321
2779.673191999339    8371.13694246269     1         0.5630190914950342
-6569.972466972795   6926.9294783663      1         0.4334399516718028
-4031.699389032593   4641.862992846743    1         1.1249106202211503
8040.653321238899    -2603.1188272026175  1         0.721140416324832
-5251.913482022668   8284.141415963022    1         1.2002754684752275
-3705.686279786783   -6760.233545422018   1         1.2464318916011492
967.119091609017     5238.948281912118    1         0.1299267434898649
8293.03035295035     1738.3280452093209   1         1.2297234690110765
6486.998259072014    -4997.801914950517   1         1.179189505952287
-2392.3578247093196  5720.112618689617    1         1.3216147649854553
-6854.178358355742   3788.550989045148    1         36.26765657431747
6767.554096166322    -2914.422411550544   1         35.36756489915695
-1404.1445328507618  4972.218196112828    1         1.1006050180708893
