trucks_count 5
drones_count 6
customers 100
depot 0.0 0.0
Coordinate X         Coordinate Y         Dronable Demand
-6034.352102619412   -1750.2313719305766  1         46.5524139883716
-204.0030245536066   1538.0245150736343   1         42.88766814783227
3188.5029126771465   2342.2719660283783   1         3.931296308461707
-6873.933459409305   569.6899908594555    1         0.7701830432760329
4993.900336400936    44.21000170134719    1         12.708803462708639
-2189.4918234298943  -6806.465342096252   1         1.1935615445150356
-4565.377150701183   1568.8392894977787   1         1.1277158372613652
-743.6930782761973   -348.77987972397653  1         1.0343918183797476
-1707.8972307145048  -998.7431862559617   1         0.4309741411442517
-1857.9843989764413  7028.56620698024     1         0.217813084998142
-2768.62193773891    -5990.663573859103   1         0.9647975168363387
-6301.778035540475   -4972.434884385898   1         0.8086014764013533
-1346.5666038097825  5829.864337312019    1         0.35243068303599745
-6653.852509932307   -1510.4666258375262  1         1.1154372542477202
-2149.0374843715363  5923.0917272607385   1         0.35503707163232745
-4354.521709737636   3739.57934292175     1         0.6160774847097039
6627.5249954262845   2391.101079752653    1         0.7672840064716027
239.5683313457213    1892.9030195415721   1         0.39834382134792923
-2328.7677925464677  -6611.721801552161   1         0.9016178042313386
-1294.2515361782825  5136.111550168229    1         0.5435017544022309
-2146.927652604741   -3854.4618747678164  1         0.13074953346574086
-3779.0980283627327  6139.970594605721    1         13.183541421472068
1654.8699263085891   3126.385470576191    1         0.7502869622117647
-6180.383568060007   5134.971734526426    1         0.9925682879511906
885.7112777612272    -490.93912560111016  1         1.211664796865863
-7130.967510760652   -3728.520029974325   1         0.968415907469427
177.39702015553263   3390.666111136345    1         0.6926828892429331
-2209.0688589423635  -7039.943531935598   1         0.8937579595892845
3609.1914344493657   -3818.3854072331224  1         0.4057586987618994
-2057.7989263847494  -6506.564682985231   1         1.218315176004224
-3091.480384311842   -3400.950229294162   1         42.007787098485366
-879.7151671549727   2220.851841628782    1         24.73662740639078
-6739.242680108249   3015.4805742511726   1         1.0131753244646444
624.1626138484954    -6870.03791643862    1         0.8067870957956376
-1614.3567610930445  3370.6097430556697   1         12.421531655584445
-1080.5964134351088  -2407.3416749245507  1         0.8791200536666873
2791.7982022396727   -1001.4544831121389  1         0.6306894929810618
-4878.278924199477   162.24940164961265   1         0.3833326083267071
4604.0027805548825   4232.586684414926    1         14.111980121519542
3535.1436938865318   5930.379470021733    1         0.19924119703413312
3612.3145003968875   1055.6784042245054   1         18.564602765446647
-6811.639359108166   3168.336112388267    1         0.6888882423128594
-311.5860261925848   3001.574640905695    1         0.9608812835097782
2472.2028168994293   -1710.5685302108734  1         32.650255520022625
-4414.971575601278   -5162.283881158498   1         0.9843009124890421
-1645.7502104259001  3803.8215764329757   1         0.12147379692443155
1250.9467775906528   -1934.129705110915   1         0.1817634697175355
-5464.929439997906   -419.31622868205125  1         42.7583884303108
-5514.377424473099   -5148.067118684856   1         0.361714099003719
4463.889370575003    -3368.5378716276487  1         1.1155211484868826
-4852.52560686376    -5117.293044869522   1         1.1966559880134031
353.47675171207175   -6765.533008942617   1         0.5398983028813906
849.1698607472215    -5470.091482117259   1         1.1377080785249507
5491.758687527477    -952.0070684412883   1         0.46123636445803473
-5572.45812552789    -2481.172755255217   1         0.3939942351310325
-1409.0415456279015  4297.859254250369    1         0.6426009463256284
2954.188048648341    -3244.9253669162463  1         9.38755871951938
-6319.144219491058   1902.9456871410468   1         1.135695476829756
-3572.6296659020336  3898.19897537375     1         0.37300351462631853
-2682.7474852236724  -6554.4394451439075  1         1.1445209499756306
2371.6552631014647   -263.048312973768    1         0.1486495943828818
-4511.180181294682   6575.466092611557    1         1.029574398810419
5688.624412521537    -3069.8865830464338  1         0.17302985046022495
-7023.661728863747   2203.6018590317835   1         0.580709488532983
3943.92963302443     1901.7020077113182   1         0.4174408951211215
-4658.744165411944   4666.452696124518    1         0.31365104081424766
-5128.403233433143   3593.488655561929    1         1.2108667977703311
3758.885226274213    5672.61697338592     1         0.40859732658403536
-6806.0763725924135  5147.611118874051    1         0.6821466134078487
561.8788262827829    3980.717759064276    1         0.42315270190828147
-1082.4947743442135  -1331.0061460117067  1         0.3482083024706696
5450.849776260098    -2226.437701902797   1         40.28600907489331
-133.863784594255    1478.0394693398855   1         0.2874437716648394
384.54415267560216   -6006.281410534562   1         0.7497382313651505
2249.97753690745     2417.3330914042663   1         0.3990752860120991
-3987.6192891952087  5847.694820914004    1         0.5773845672867028
-1916.2781851668988  1109.095771985234    1         0.3654423824413693
3453.1513027921196   -3200.6078527036793  1         0.16437724236255508
5469.8796572508545   -3073.44361606143    1         0.24536072684880306
4245.552142468937    -5647.112834964405   1         0.7639208824202136
5375.623724997836    -2038.175122858755   1         0.5264817789370627
1848.3483104476434   3298.737509375731    1         1.0602095111657854
6710.73645723706     -2676.170075994681   1         0.8871625603746307
-4425.072578149152   2812.606661606062    1         29.91594305591005
-6626.537317842137   -2612.1548871945706  1         4.611761455277828
4637.340252087941    -5590.848155571592   1         14.809575455617008
-6638.953231216566   -3521.2333912904974  1         0.1580045347174902
556.2984547978776    3605.372345944804    1         0.5886906915162965
4698.918752205893    -6169.310233336157   1         0.826560553483528
508.4249766242019    5385.22325081772     1         0.536540205716843
514.1317907780704    -6384.234888459242   1         0.400990809145355
1827.6359982850367   3381.6001458186042   1         0.6378579364328375
-1384.9829299829646  572.2293956346073    1         1.2087616407159198
246.04692164443665   -4591.873639263748   1         0.6305504819922618
-6150.913121733822   4422.8361950823855   1         0.2320681623167147
5113.178372562403    -5408.943326691853   1         0.9886021099915618
4377.624787873133    2615.2136162100014   1         0.9737614587629435
-1173.561513996398   3958.993617517048    1         0.14937118034881564
1160.1915173345508   -5994.564670892763   1         1.1578868580750825
-3744.4826223114887  -2992.9873396898893  1         45.0594647870853
