trucks_count 4
drones_count 4
customers 77
depot 0.0 0.0
Coordinate X         Coordinate Y         Dronable Demand
-6048.979841730234   -3204.582980437335   1         0.24597960234784852
5691.336390732999    -6141.427170945098   1         40.62491043790876
7028.686124387438    -8173.154401596243   1         0.35637857903464765
2711.5650807962543   4797.239757755283    1         0.41137592862025185
-4132.618919928163   473.9647035150633    1         12.257744711043943
-4760.3444984835405  6454.428021180302    1         43.47908389348641
7677.211655858426    4063.5304187518814   1         1.0552370166913505
-6554.606350053405   -2052.9375022981963  1         0.9091811232567554
7241.04524759955     6459.198064611681    1         14.89231275087781
3013.577140345868    8473.054167435032    1         0.2500637042296079
1887.251989052682    2826.6850447794404   1         37.423944724473664
2121.018187344358    -6348.620318836495   1         0.5648132209388821
4749.998979629331    -8230.596730731244   1         20.526170778778354
4195.3430927959635   2962.957829015135    1         1.2229013511687294
5616.983099280324    7295.863984386384    1         1.0335742602720954
3747.871134736579    7747.314937290192    1         31.84752450944155
4264.69538516927     -3672.1366148547518  1         11.43869602335075
-2104.847018390991   -6346.52161792651    1         1.0980460283397608
8231.747530466195    3329.2809018727294   1         0.7058402847313641
7327.25341702124     7224.796661815954    1         0.7909207716743386
-7912.36068452935    -5307.223830127225   1         14.81914053583493
-2852.1456812765423  644.787039899643     1         0.27073802912406275
-6086.198263828778   8221.050787802666    1         29.25610443206291
-1922.2883012267916  8010.610225579259    1         0.7953122449457871
1840.6584015827939   -7686.570438897551   1         1.05159955420487
-110.11689596684049  3671.909437818761    1         1.0826747760751727
7047.706286085594    3658.344262390161    1         9.644629465738268
-2733.4368936706383  -3150.676006948889   1         0.8928443526786866
2727.3411988016746   3917.482673430323    1         0.7667398734788559
-4772.14677962718    1240.4439397326335   1         2.543262779463982
2387.3449527304965   -8152.2533720604215  1         0.6241700869530241
-5394.678624369197   -5933.171627265783   1         0.4764050492130262
835.0801304191463    3260.6471330712898   1         0.326669038511465
-4249.590852397809   328.3636969778207    1         0.8158859929493261
1845.4132340260537   -1926.838914158627   1         0.19818529443259367
-3613.6790639495657  7105.27954871891     1         0.40326476870577865
-5793.926928566581   -1924.0188917253045  1         0.6798635107232474
-3984.9831273605073  5653.446445956922    1         0.7829780268640075
-1457.9022184005635  3062.6967889475836   1         0.5526358134237132
-2272.462360282522   3317.1850813399365   1         0.2233079464344611
-3232.6658222065153  -4380.3330417715615  1         24.53950987953825
6665.859516954693    -8585.211154119144   1         0.15407238997712694
6435.467916634196    6559.196151630097    1         0.22094952306987098
-1521.1329812962654  7660.043870599599    1         0.9749605690181734
-5494.221316106345   952.7529431779316    1         1.245569843116633
-844.9446956674637   1660.6189116445003   1         0.21306184654299654
6984.9042751787365   -2205.955316173495   1         0.30917471395783136
6290.358333923854    -8535.709289975879   1         0.43300361465085213
-3694.535821138864   -1594.4817804169743  1         0.9627979409191572
8272.718024402391    -4858.849409353724   1         0.6855165314612333
-5604.271171376738   -2548.743940285305   1         45.98482937250219
8310.77130452123     -4864.709387242884   1         30.414018970789723
-1401.8558478094394  -6331.98880656261    1         1.2496337220629523
-2344.701624052085   -8009.807417516463   1         0.8212183434071471
527.0835185155171    8353.282398146734    1         0.9022109254632975
5668.555767962002    6413.677163480934    1         1.1555290711768096
-6637.8651227641485  -4244.683531372462   1         0.8730353804474765
-5839.598749695479   1843.8495539312926   1         0.9265047427531863
-6896.137888743981   397.4147850167697    1         27.65535385230862
3299.910101234047    -5744.813614431351   1         0.7818232062607218
-588.2932816731142   5352.894982359533    1         0.5927182613147969
-2013.8957843135454  -2276.668160463021   1         0.33253016619687237
-6128.255821172538   4333.485616516496    1         1.177062596702673
-5168.367388720066   -2568.80222317202    1         10.62168841163896
5209.3914618656      8308.114618317863    1         0.7302988707443139
6054.197316601285    8571.70988381674     1         1.135065487990329
-6537.032099960471   -1615.1734281343263  1         3.7298136729575933
8207.208029546844    -4015.2225761454883  1         1.026391492763451
-4681.435088756404   5314.245220355455    1         0.7069804754320829
8523.835140782503    -1556.2619537911269  1         0.2407281936672612
-6689.453726640401   -2852.124460903455   1         0.8847361839334186
-4472.273234846287   3253.991199969114    1         1.0369673072977406
5188.256529261238    -5225.981994236995   1         0.41809790366391963
-4538.223405576069   -2592.691978841351   1         13.310416497946624
-2744.9257862432637  6313.050797655161    1         0.4377257493678236
-3997.55629481809    126.58362467615234   1         1.2130371280157939
6484.586170026377    -4024.6793929688474  1         0.6242771276576434
