trucks_count 5
drones_count 5
customers 100
depot 0.0 0.0
Coordinate X         Coordinate Y         Dronable Demand
-7809.560570001147   -3454.821925621034   1         0.10422554628640064
4673.14564931045     2533.795979686158    1         0.3048609322711142
262.5908178940371    -9099.982434440535   1         40.26079280612686
-10769.01942772582   8276.706532824715    1         0.13883761955332868
5170.430374441414    -8155.3382499672325  1         39.212393995131094
-5156.052947511278   5949.557738995689    1         0.7235636912620864
-2774.2468296672155  -10016.37527519893   1         0.9162432101498998
2158.0616902006655   5507.583657692581    1         38.29049546882392
-4116.610003027987   -8330.303555101333   1         0.6375821382277174
7961.79993915325     -139.17299971920147  1         0.9428653794430674
-9052.8893442725     3437.93604718897     1         0.2744614913765767
6402.933442646464    -2337.1858917224986  1         26.720143404754044
-3437.2343220686203  1411.946832982397    1         22.756397444990043
263.651854239125     -3438.526673576502   1         0.6106959640709958
-3986.8569883524465  6933.199410082488    1         40.55436596649012
2601.5743184174835   -2966.0863723211273  1         39.5499559508018
-3176.744814691176   338.9554542291991    1         0.9163063814634138
-2713.8381758609503  -9199.851093897958   1         0.23779829062604202
-3782.531761292742   -5606.214654863778   1         0.7767899307204094
3475.6109476107085   -3123.621829037791   1         1.1682796185215722
-8649.316908785167   2411.935203485182    1         0.7521224207402628
-5536.10801057274    -7202.254266095835   1         1.0115168520861797
3718.573335066696    -97.6892087549995    1         0.8208922548434366
6931.098950040596    4019.3838437909108   1         1.095134002416753
2753.4560634704508   -6972.852279284738   1         0.43291399173095246
-619.9149998821704   2753.863314051163    1         1.2489794611911078
5486.825853500392    5819.312315913266    1         1.1366053405572858
2514.499950511659    -3551.0687812568644  1         3.3307569411415634
1005.6604043935433   -8592.628367438536   1         0.29019968186071443
-9349.073325025807   2652.563880872265    1         24.155466262448982
-9904.315669983609   2742.4523048317087   1         0.7306215066590611
-8411.759558078273   -6602.086391973675   1         0.19993914017625825
6909.789727655859    6190.065121997286    1         1.0928169737092819
-8357.55670317708    3306.8520542237147   1         30.85896428859108
3.5224546260963394   -7005.386243733513   1         47.27095716544355
-7929.312180597888   3858.0839273039514   1         0.7830520395625109
-4851.093594497457   8895.155978953217    1         0.42985749633383197
7441.211057472999    3836.2715353344665   1         0.7703503561687719
11645.849432298615   4333.8261300779595   1         0.42182816204257934
7542.574298169977    -3510.070810843159   1         1.0522858640446808
-7791.132586984059   -811.5811707199847   1         0.9030482184219355
-11863.027394444503  -10219.17749419277   1         23.610260572646677
-5900.14281439087    2934.627089724352    1         22.503479007455987
-3589.079127807463   -4783.675659632018   1         39.038478520136586
5215.475448132026    -5920.800215267007   1         0.6443469116195518
-3373.878995834355   1364.8271330835455   1         0.2505164640411011
-4910.015279640003   -5345.09567164839    1         0.7239277689470293
-7314.010018712652   -6731.468358742939   1         0.3378092949500092
-1579.5693212933168  1784.324075560464    1         0.9703994449714288
-1056.5118097350078  -2019.0633324816727  1         0.7231714120922962
-7784.615748014383   -6958.008388643986   1         1.137090993080544
3930.1752402607544   -2531.0714001454166  1         0.7964280005736409
6254.440745041422    -11435.898291105963  1         0.8957505959835145
6551.771348633796    2311.636495472836    1         1.1784862345351927
9248.651901671827    7515.713888256167    1         0.13157077479825532
-7821.167526857942   5220.007784053632    1         0.17200611283827394
-8749.692113331366   -6252.381347886641   1         1.1292215801306786
289.04382392369416   1524.7599251818317   1         40.2620681481131
-3261.076535825366   -2863.712943882826   1         1.0214177356516279
-3524.4933529087402  -3852.501171871421   1         1.0756085894941716
2217.3322661045886   819.8163192050143    1         0.7914945767661181
5200.803141766552    -38.160620560028185  1         0.28764567318026124
607.1037490276555    -6401.975098116026   1         27.839726197079106
-6340.188827721563   -7393.2229461525     1         0.5634434822135214
-484.5686191806303   1461.5826778559604   1         48.114752390694946
-3431.1099339584143  -4058.9497547608535  1         38.18263354585025
-8298.00343835697    1804.891506027274    1         0.9559853837075897
-1902.1473650192406  10169.085275664886   1         30.593853988417592
-8820.49829393256    11861.386382406894   1         0.6010921855827042
8787.437951511345    301.69847603892356   1         1.0507329907853276
5176.612979345907    -9430.371950556191   1         1.1577851549657594
-10361.730277839148  1328.2375927740045   1         0.3093746852967998
-10767.951114675468  1928.4373349218492   1         0.6741673063461566
-287.339579241856    6913.118185947933    1         0.895356123772505
2057.559080418448    -7730.256509506102   1         0.2835649580497698
1113.736480946369    -1399.7011274523386  1         23.222192251476745
-6946.460460879088   4355.935103896197    1         0.15893595243950168
-4751.829739895388   -4589.717909787265   1         0.2457640764447273
-2352.264135878917   98.26558230482442    1         0.7738507181388993
8740.627584196489    6443.297632863704    1         27.595470501633304
-2884.4600109254206  7525.513880852828    1         0.7140467685895152
-894.745388378693    1813.575405197822    1         1.2273947446544629
-734.9500266901217   -4672.475434900603   1         0.7429021223730686
7324.75514290551     5813.3661973918815   1         0.5356090276416994
2398.0277565611086   -1421.3988292389258  1         16.483040317840754
-3365.0587522776623  3743.2391964709323   1         20.284304133194265
9491.796737039043    -8662.38692045815    1         4.2542114191330835
-5428.6282591280315  -8869.746059118297   1         22.67028663607115
6318.2201161632765   -11194.028280581628  1         42.265516486832986
-10545.611826238694  -2819.978643108458   1         0.5205811176970616
5786.821964943799    2901.7977958801634   1         0.503261061233612
8553.669434371415    4169.04104507946     1         0.8447847543460452
1559.3238342134043   -5510.649108959313   1         0.7823547352427008
-4358.737280245949   9011.290783197626    1         0.824728195266046
3344.2273395022744   -1333.6904056575017  1         40.67311569725085
1908.0580685738678   -2486.6631508236906  1         41.51905699629069
-5210.67002316761    9462.298573288648    1         1.1374906837113863
-1544.89833123912    6851.88424937418     1         0.1879836497869728
-4571.791928941834   6114.154949227161    1         0.2578910966569544
6530.0907047182955   4949.884003539811    1         0.8565581370859523
