trucks_count 5
drones_count 5
customers 73
depot 0.0 0.0
Coordinate X         Coordinate Y         Dronable Demand
3009.5407219916233   -3107.9812744907963  1         1.018611651872782
-3416.175713592257   -1403.9577323874526  1         0.7298992695022453
-4872.71009923369    -4522.50703726302    1         0.5036158798047489
-1292.9368902645126  -754.2811522318013   1         0.7126506151180076
1391.4208272864864   -4731.949140548352   1         0.17685583558935752
-4028.618691070584   375.9645990433029    1         0.8208142381960336
-3934.877560328423   168.9095357134305    1         0.567230854730963
-3751.1324347972163  -4210.034153722066   1         0.6341027622652858
4176.948135333701    -1714.4625489977218  1         1.1032125847881606
892.1293125300949    -1665.929699005875   1         1.0448466801338216
3770.927708681959    2919.786831849955    1         32.7927289891977
-3129.1079659637776  -3657.6511466301868  1         38.77660521747718
-3516.1548195665905  -1837.1752601080652  1         0.17635802352156257
-4283.841357500003   -4584.8354832723135  1         31.22561549367851
-2419.426060319526   3949.3177684977145   1         0.22019200050033835
1580.5356743235407   1535.774583427434    1         7.370033469520655
-2077.9836378664427  4464.911077616816    1         0.13697055255939464
-1773.3139845603018  -1776.9277180825338  1         0.25018653655850753
3675.845433860844    -4316.932627752922   1         16.245568538672888
2659.8797833639105   -2909.9688213242175  1         20.98924534858832
3070.253665011287    -3969.3007964775875  1         1.121462619103082
4190.788377781384    -4874.614081004286   1         36.88953113652238
3836.687997578993    -4738.3074595910775  1         0.5111076920031709
-2241.5416583266133  336.1962168261178    1         1.0440786907847013
1370.8875633627872   -3423.0140875927186  1         0.4672102408560086
2696.1749888653753   4279.21927788231     1         0.2099237614654752
-375.89801232273186  4619.024545898893    1         0.5907327452892458
-1448.8219084600994  1806.347984315935    1         0.8626287535507285
2794.798430373302    -3923.8779277380713  1         0.7931471295507005
-1034.201203487404   -3233.441073000191   1         0.2006483716828647
1716.941540460841    263.0807970744777    1         0.48221081507965946
-3393.274165700469   -2432.083783925266   1         33.43245530601532
10.365062318156763   -3951.2758464808007  1         0.931895989587542
-81.63703819585928   -3092.549511816221   1         0.12042878034768723
-463.5292945991798   3939.5686834357593   1         0.8108645531457541
-1172.6961305205282  -2171.6454700834574  1         0.3550205614356986
-4171.570868025911   1081.388954475453    1         0.7099853115096357
4599.405866865608    4524.053125649559    1         0.2346054571010035
-4107.9110274649565  2750.7772156878636   1         0.8158333541923016
-3138.6490391341717  2346.20744074477     1         0.235653210959434
-3309.3487502220505  1496.3150844948286   1         22.910132750667266
-4076.852522102708   -1991.2627094312566  1         1.118072751086428
-4149.818326771893   2508.8989994916597   1         13.425261192019894
-4595.670383062325   3653.43628069204     1         0.1029605944310954
-2646.641784556128   -138.4220300213358   1         0.8790371734578952
-1290.7207364225173  3050.779786513849    1         15.042351214478769
-283.0209005517933   346.64342806418193   1         0.627393065668401
3077.4887525691825   2348.6869583253633   1         12.639918501478512
2823.197677223654    -778.1967668769663   1         0.6384839052234439
-1501.22128101001    4016.4960197402324   1         0.7221201726402169
1782.987231624369    2914.1508661082926   1         1.0470944663475055
-4485.654919845049   -1058.2266217218175  1         0.3380827165517368
1244.6001291630598   2303.2497562277067   1         1.0565038229340955
1421.0854608354207   3609.3741630293985   1         19.87874432239907
-3549.481928516397   -920.4924634641152   1         33.07935351073681
-735.6610355019096   3988.90205187744     1         0.7798856465205493
-1483.8759064282558  -1818.7784548225848  1         0.742984479800163
-239.78739619349673  -4790.3282690849155  1         45.086691232173436
2333.901294369629    704.2397582372971    1         14.120647439224598
3782.9439356655507   3743.8591128930925   1         0.8461525519012086
-3626.3480245196215  2063.5207439944816   1         38.139677137780886
3728.740089284674    2820.3819117136836   1         0.6267474295566383
560.9525630212969    914.7830439337092    1         31.649870486264167
4056.3146016723276   -3358.819943947078   1         0.21615941418035217
1611.0245258200862   4687.374360395924    1         7.873408031831145
-2105.520616481737   3366.7556376801017   1         0.9566425755130697
-1347.8863682076712  315.2670975796607    1         0.12659823845231863
-1618.9439629546239  -3765.3388926872426  1         0.6433951543200764
-2087.971394142486   -3931.332637998211   1         0.9965338079358805
2088.1244789023804   -349.7405690919668   1         1.0300764767153796
2493.5583078701516   237.12514823106878   1         0.7412218505132336
-2880.89297315032    96.98040448283336    1         0.2575688262493119
2506.2504224715685   2258.0541993758316   1         0.18395375135853348
