trucks_count 2
drones_count 2
customers 37
depot 0.0 0.0
Coordinate X         Coordinate Y         Dronable Demand
808.2270668599335    10874.156048015508   1         9.531206651669843
15007.50105779244    -8708.784971285373   1         6.8625223042317
5763.542241517491    -4662.119941267793   1         0.11798330543409079
2413.3971665615186   -2021.873469706642   1         0.11379489866531084
-16079.896050046633  -15140.19036336779   1         39.78156721628887
1903.5205381471837   -5404.540866742297   1         0.27345008412710436
-899.703317749811    -3909.253485954899   1         0.4970009187609924
-3480.637484369552   6481.854046205379    1         0.9963827694542737
-17474.942972304532  14941.787274201084   1         0.7723871365898107
3873.5145243670136   849.7241139788143    1         0.2976530483817641
4451.215033641652    -7865.508301170259   1         0.6074411779896927
-631.2238181233885   -895.0909017647941   1         1.1771166294498794
3353.50496728793     3307.8936823569175   1         7.7282754417590676
218.10650238624297   -7989.303676625265   1         1.2190190794580984
463.3711955539052    -3424.8020309093113  1         0.1689595478084543
11270.127015367409   3291.159740392999    1         0.8021991793227504
-13407.036674811534  2577.102639971443    1         5.691522098167253
-6117.106009757075   2441.4253862414043   1         0.18077813475118948
3940.592453322006    -2529.922792580811   1         0.9711614251787186
2571.745012497507    2085.764275107398    1         0.7863867382035967
-6745.086622640672   -8409.275146277634   1         0.92577604035343
-1092.6239007677325  9102.507813532386    1         0.31335285769153437
-8384.269443426809   5434.188639827557    1         34.01605074080357
-8143.082621327771   6692.636595373505    1         5.084868667113079
-4329.595656566022   -8097.160866096523   1         1.1688937741289391
2775.9753174141924   4578.979299501079    1         1.0900858323117804
1597.677592353426    -3201.3496079169026  1         0.11772269316316475
-9044.811747028516   3224.009036059831    1         0.39508739537103976
8082.709639434512    -5245.692337470001   1         0.7097058628159688
-4382.978573749211   6522.909840022052    1         0.741583980429108
-6796.043162344514   -5534.673586308718   1         24.814379120685306
901.464142128937     5630.192873466655    1         1.1255016494638546
3996.7307381152336   -7173.331019594335   1         0.42923627021710864
8902.677825764265    4098.277279279948    1         0.6645628872187711
2647.2426032412177   -3248.3686231946867  1         0.7578001849819254
2526.670792829019    6750.038336446382    1         0.374114756595461
5326.5354873359065   6538.198262153075    1         45.47086048767486
