trucks_count 6
drones_count 4
customers 86
depot 0.0 0.0
Coordinate X         Coordinate Y         Dronable Demand
886.5202936917885    2227.769610185719    1         1.0379743717481225
1408.3641157855336   1542.9952286715734   1         10.083523008068257
-1314.447953996751   3268.7111393460154   1         1.246178452135221
-4604.104990968302   -3021.3457525800795  1         0.5491479963706176
3617.091365779046    4124.28828610907     1         28.501580671876134
-4459.888670382962   -6370.227361549614   1         3.122844997087606
2579.278844644698    5223.805341875098    1         0.722915222555264
5706.96199021311     1682.201514072649    1         45.16194761487015
-10.240719702197566  6460.820820962402    1         0.5002241478939139
6097.368027167577    3966.3106048936875   1         19.274165779713815
-3717.101436912904   -3466.0343856876348  1         0.42226897193407553
3888.072605818893    5824.355929727169    1         0.3164960042063304
-3304.6312742004575  3495.1912238756126   1         0.2948671656632167
5021.377185583849    3166.312470856184    1         1.0330175630542129
3107.4763243998086   5015.618081493974    1         0.33790684585330183
-3209.7187031751346  -1128.3303895621075  1         1.2016468718431967
372.54813163032696   2573.255539047884    1         0.9575110378648303
2080.2103754695      5750.76764782596     1         0.5807385813664202
-1957.799635641527   6500.4851285949435   1         0.8619965463953702
1413.185204220079    -5097.9850114355995  1         0.5909052225397253
-1001.7309209789164  4601.146767212554    1         0.6439513427249653
-3645.1024670440306  -6230.328159996024   1         30.710027160938868
-1559.9408881522477  4968.581882238279    1         1.213316007760936
63.08284115054647    -4775.540871877622   1         40.235634585379344
-779.8966771959418   -2438.096008168879   1         0.6066772034063076
-3058.1468986100936  -5501.202799894662   1         36.300015851817136
5647.755746340115    498.65333699383893   1         1.2183236967144155
318.04925258831645   4820.933359778295    1         1.229617391268564
3103.039550904423    -5748.853764224181   1         1.1308802833848144
4188.554273367627    -3006.2830698000557  1         1.1088447222738615
-1798.9011083607836  -6630.023922432218   1         1.1410379138814597
562.8800283463667    5897.95024017792     1         0.9345900663175858
373.70658337545746   5542.869367331814    1         0.42322136296501556
-1831.4676325261928  -629.2619062311239   1         0.9881873179231712
-3509.878755525193   2511.749700823361    1         0.7016208007630458
-3121.5027836952413  1901.9613424219642   1         1.15535272758688
-4564.098455256613   6284.536572868594    1         0.600700038599864
-5691.293840429305   -3817.0480876999195  1         0.9179046989156998
-6483.017082661398   5061.904380009023    1         14.749481902706725
-4612.171746010541   -4582.631580912708   1         0.49058435883016693
4275.6713062713525   6545.135882398316    1         1.1438928657663634
-3739.7867743503566  3317.6772375535706   1         0.8955420886038359
-2285.0221101884595  -2551.941504066811   1         0.2336283564960982
2633.364961886148    -6513.195282853108   1         1.045014072467385
847.8293532507855    -1923.748855887723   1         0.29507342064083814
4636.214617937084    -2994.3516311237563  1         48.96438874189975
-983.486377690998    -1610.0937984621585  1         0.6747234676046218
-5228.345652804198   3470.3619353302774   1         0.16028335800052698
3892.1725991120475   4750.691053493885    1         0.5895269030901412
-1643.1052277181825  4410.9392978340065   1         1.1881159043316194
-2916.3081700400135  -1801.4870503318227  1         0.8381624685515967
426.1494886138319    -3909.456825243408   1         0.46259780450644583
-4549.606208898699   -5292.086588860941   1         0.4404161896098232
5045.5251843110955   -3245.7755023050236  1         0.973099026658197
-5919.962270058089   6144.4304023033355   1         0.16417619010884266
-1149.5050844369066  -5260.176175070755   1         0.8474048527420567
3339.4979609384636   3767.5938323053115   1         4.104943822187526
2173.489191996132    -635.6770250085124   1         0.4620559412878219
4739.15278753966     -3455.1994388599023  1         0.1696487616884641
1525.665683873791    5633.739657094332    1         1.1171679906079068
-5779.838057548871   -6024.415598302518   1         0.8752188729659525
4006.8707787936087   -3713.5004609112084  1         0.4386357916248811
449.9658244269185    1504.2938031088388   1         0.762855045066982
-5632.752084930528   5697.1522832418805   1         1.166351295413954
-6508.6381201395     1194.0922518406733   1         1.1770773395669496
-829.4815497545417   -4996.361513918514   1         45.00914608014957
-3628.1031863602575  1534.0398693310883   1         24.901974886150583
2808.0971037755653   3417.1593955591916   1         0.3375134830225572
-5600.962338170078   1086.507533587856    1         0.6510407892973274
688.910921819755     -4928.074120684433   1         30.495976522641193
4998.421229246427    -5914.688163373046   1         0.9817584318479822
-1773.4310863731685  6168.3453505483485   1         33.52561875240455
-1562.501264749901   -154.36284118389105  1         0.20246442706139944
-3315.5225333483127  -770.9922780217488   1         1.0666690022102043
2073.2879442200347   3935.610879186092    1         0.6225664300787387
-3610.5895058431347  -5077.362214195754   1         0.5088225971820475
3004.6874655003962   -5919.301571959871   1         0.7635029181178191
4931.534967501731    -5911.453541782881   1         47.38189930277861
-3188.099498376667   5498.919709036516    1         40.62029374863749
2094.4104808501556   796.311719333722     1         0.7466965485632988
5843.5303967719265   2866.011530187705    1         0.740439238713033
-6703.523659230752   -1815.625787963315   1         33.581961864461164
1797.802576247475    903.0098259318657    1         0.2694233941267372
-3830.027136219594   -3378.5287261801627  1         1.0440681699891852
2547.0999704376954   2036.8594261859087   1         0.5667073934011356
270.2675684893611    3097.995840621649    1         1.1356423232635589
