trucks_count 5
drones_count 5
customers 44
depot 0.0 0.0
Coordinate X         Coordinate Y         Dronable Demand
1392.5183252881498   3873.900374055316    1         36.77208047550017
-3440.2963636132663  -5796.660585976801   1         9.376413812656905
-7364.72750915345    5404.8795880525595   1         0.8493365339912088
5561.946392646804    -7356.198461545925   1         0.3532762344514312
-1779.5802100914782  8646.228279050727    1         1.1011817948169238
-6118.054610097104   -6233.1348357765455  1         0.15121593848622938
-1694.8869184685634  -9568.573263648514   1         38.628459670617765
-4661.728003623659   -412.6685047990522   1         1.1463185783281744
-7798.7291040679365  1090.2111802198165   1         20.211553001871753
8784.93479275512     1959.3486520628067   1         0.12431029797994093
6004.954699252556    -4344.479412325731   1         0.5855539077020404
-168.15235995738507  -2005.2725836453606  1         4.000150230037692
-7079.045075078899   1168.2208591232345   1         29.3726896577886
8484.125465606285    -1931.9433392408466  1         47.47303440858548
-4816.37943725173    -9405.957765105042   1         0.15546437193084356
172.71360225517853   965.0970110410227    1         0.7886635903094334
86.07432444053066    -9079.57511844507    1         17.880554127088487
7032.834210344115    2027.0722162273646   1         0.8160718146894574
-1872.512032250888   6856.633351267948    1         3.7094816516374487
8519.48198999143     1133.2191301540236   1         19.180229983672433
-2430.1640838101257  -4892.225299528403   1         0.709677399524092
-1822.2724549762697  7505.91382804024     1         1.00281308778643
8185.372302595508    -4807.809020035231   1         0.40633488800855955
-3794.422055958185   -2166.020156403047   1         0.6178901855081677
10032.610131371515   1739.307894362483    1         8.522356972444088
-4099.318071563841   903.9498192473736    1         0.5192454243329282
1562.615145676469    -2663.163422054733   1         3.237822592035237
-2464.613606690392   -5958.757304437846   1         0.17070210678725992
-7608.816591821546   4353.184229705746    1         1.122411314004788
2226.1265711657716   2303.4080546926048   1         0.45059645541111726
1753.6750923998306   3140.9789373497956   1         0.6737372496370602
4892.97260971653     8994.94342918342     1         0.6265993834726413
6499.850946618269    7142.453767199651    1         1.1761895945914909
1535.8335214387198   -449.68972607448313  1         10.906313803439005
3749.0483253743737   -6010.039285632863   1         1.1277796429472609
-2109.8882354580423  8081.506028160284    1         0.40643190044147726
-9045.219959426318   -2546.2329673493923  1         0.19057832933861404
5935.308310292741    2208.474751459113    1         42.00642906437785
7011.515346500731    -6785.712065648429   1         0.6264716588652978
-7630.663894111239   -277.20729891161     1         42.580231653535016
4605.258402210727    721.143631126294     1         5.259256279022617
3670.448990021323    10411.050708645613   1         0.9172350180301161
-3004.8368099252943  2109.0614525994692   1         0.7044369663514427
1815.7736310162736   -5233.856924826908   1         0.9353919052221719
