trucks_count 3
drones_count 3
customers 42
depot 0.0 0.0
Coordinate X         Coordinate Y         Dronable Demand
389.7981121276007    10105.136145169388   1         0.20640909453886583
1333.1665769266283   7280.732526068861    1         42.60758632002188
-9009.319379402874   4189.397551014195    1         0.3779671702348234
-4737.4020640767685  1818.7617017890354   1         0.9117441795282192
2942.7007008209      9774.176225555504    1         3.4965712795472284
-3331.8889370950883  -1594.7096355851847  1         0.6123787469328782
10271.378631486961   -3987.73995126672    1         30.407290293908428
5631.709879834523    7780.1269692118885   1         0.5059219939892622
3524.149913809869    4220.415328221547    1         0.7817924920389909
145.87245427652144   7705.306493537701    1         45.11035724502196
5143.189536682031    9290.32908701357     1         0.6150840760442624
5746.775744243898    9241.497284746414    1         0.44348693198438915
-649.6900650265037   2986.781372227116    1         1.0933302258304
-3392.8296404933635  352.30819339051413   1         0.12235082550416923
-5829.140035323827   1940.5370230562094   1         0.17130599631887555
6661.969939715858    2714.52082186828     1         24.654572824981013
-3196.413277442713   5250.2410117875415   1         11.831963323042737
431.6277383183942    8735.31349751103     1         0.25415591322109954
-11166.84546357571   2149.5135184978153   1         1.2431971684649918
5663.907452333785    -8132.518721743248   1         6.048075087618663
-827.4916433505127   -3892.9634375339665  1         1.2303595768605449
-9030.319127322871   -2200.3716696338033  1         48.1088573153563
-1579.3455025722697  7314.645854914229    1         34.25049110098741
-8897.358519582422   -2629.208147577447   1         0.42978454577345326
-3880.37426065624    7602.603993124838    1         8.244487825964573
7064.595418684159    8071.663455896247    1         0.15847099954449564
-6036.061479557777   -10289.916853593946  1         0.5685701137986598
-3779.6409769059724  1869.571695950829    1         1.1896767383306837
-7147.161752937678   7390.2309461576215   1         1.1241367058710456
9677.27046845599     -4552.278815297053   1         0.3647201342429536
4660.61062123601     5781.547640332834    1         1.2291023001924815
-10791.305763034505  2873.0271230934595   1         20.555422715560372
-10742.0317018675    -1194.5052604674827  1         15.775842455368897
-737.5849440339908   -4487.847719256701   1         10.434054281534893
8673.258702148338    -231.52479809647164  1         0.9836123434277608
6958.887803807364    4047.86871791873     1         32.386195245147505
-4696.203027538172   9607.77340317301     1         0.777090266282506
6206.979111568781    -2203.843212677102   1         14.72681222829731
-6895.4029146240455  -3269.5414701192476  1         0.3039368656876588
-4188.820997538345   -1503.3257322308689  1         21.136288440374575
-9577.441961975677   4579.516390896023    1         0.18230647663180222
-7107.848342777529   5649.514189788028    1         1.200224666757948
