trucks_count 4
drones_count 5
customers 57
depot 0.0 0.0
Coordinate X         Coordinate Y         Dronable Demand
-2025.6065165836244  -6318.89723773112    1         4.339804951475585
3423.061842622609    -187.96218077117652  1         0.7609589246039933
4896.432051157863    -6566.146839171275   1         1.235485224462757
-11866.038045032208  -7031.988644169977   1         0.554345603274261
7598.593533759125    307.7871064144565    1         0.21030747788150433
2003.6773063038734   -952.4445658249347   1         0.5107524431383252
4359.538940087836    9205.187914671098    1         0.6488263522228875
5598.45891279596     5777.963595604664    1         0.9304606977456017
-480.07103170008077  6366.8327653127235   1         0.3148578563456237
9359.255792373973    -12995.976852008256  1         1.171078904269419
7956.707603915948    -4518.645246017455   1         0.12229409635658893
6085.830594771457    -123.51256960723838  1         0.16077724332306922
12946.175449717415   -14447.310049407444  1         1.2407609613996686
-2235.7916539418343  5610.33778596392     1         0.1383972197630787
-9192.917940675992   2022.5948776625146   1         22.748303848612867
-1547.5107581789046  -10062.431137723486  1         0.9699544450215575
-5240.2826948760685  -2441.4971117775076  1         0.7059326405635663
7460.92156669899     1082.405539139076    1         1.1939351365823103
-2106.209074295717   -3947.5715161256785  1         0.12571257804154407
4631.199481188717    6264.767493510375    1         0.591390849749446
3995.1664395466405   -4915.994551367985   1         0.9335384361341746
4069.57059679756     8481.398754999529    1         45.46113028322901
3508.994816732949    -2224.2145637796507  1         0.7566164094432472
6918.422721506725    -4068.7099221252633  1         0.4298642979771947
2062.637237728014    1488.1553714856275   1         0.7124412787725926
-1528.1051660508901  -1197.4313015667506  1         0.30334484973090214
-6538.413016816467   5413.519461827169    1         0.5766534049548514
7915.3607819071085   424.5935996525799    1         1.0027262246712696
-4515.424438048514   -12374.168851171185  1         1.0954965550260232
6069.053732820252    5915.810990873992    1         1.085051569325471
-6537.063955769344   -551.8903826980447   1         0.9201172515494378
9279.868083550666    1271.691943264059    1         0.1668319154452646
1284.4377525489087   -6170.884525187061   1         0.3529686346465222
-5492.012028486271   -13600.19865150115   1         36.976745919228726
-6622.871522953312   -11462.096198849009  1         15.61199752924711
8553.48684169562     1583.7866506900614   1         0.6219986824714061
-7499.985423674065   295.0822423167666    1         0.6971501581212771
-8772.432611638505   3337.0243417663764   1         0.5884615492384769
2900.1190412688616   -6848.028165453898   1         0.852118279437825
-10339.813923039112  2945.0526252871546   1         19.194276590033315
9296.573741892527    578.0374214327734    1         0.9082107588792094
3957.2035443209884   -2065.58001148579    1         0.8438716376860307
13928.138767246826   -11240.572817022363  1         0.33715120217509037
-4513.2272043223675  -3694.8838667903137  1         0.49936988952389794
-3691.9390725638577  -1623.9178067489265  1         1.1002583285151994
-6938.98013279249    9184.341471801676    1         12.30239164405969
3460.8150246611362   1838.6349279027172   1         0.5254418063861364
-6115.728005712882   4270.299315802295    1         0.36731709342852137
3727.2174728074415   -6712.985795057792   1         0.2567340498832179
-8286.02540211939    -3359.9266439311496  1         1.1583755333230414
-2139.700452641937   10421.78119510453    1         0.35203697706244363
-2656.460799797282   1404.139362424512    1         1.0223708711823396
6798.72692518256     6465.226884130174    1         0.21046748918446545
-6726.60659464484    3470.0667636349012   1         44.23838388199426
5564.572588100515    -1458.6128242920267  1         28.564660867600693
-5985.024902054434   -2435.805621605746   1         1.0728480511279708
-4919.732292474264   4776.844629336061    1         15.665117146820409
