trucks_count 6
drones_count 5
customers 91
depot 0.0 0.0
Coordinate X         Coordinate Y         Dronable Demand
-4081.191076834685   -6973.188693635893   1         0.49659897884403226
-4914.32040596863    3222.228299670168    1         0.3708326422912497
8964.19432064931     2992.8769118433042   1         0.8940430123559734
58.791932552156865   -6248.568069609182   1         0.630839121844624
-4486.240291343689   -9891.212683854781   1         0.9060068127852731
4611.822386878201    10561.278651222838   1         47.70363169785064
-1100.2169294518922  8007.204396094769    1         0.2749673717634464
-9824.821488573487   2050.785806298835    1         0.1932999218051592
4213.932050185432    5876.501046922887    1         0.29760029345606576
-7444.237696202835   -3574.2472029102805  1         8.538492042856495
8548.628037334314    -6686.521852319474   1         0.7003641239036349
2752.2075412521767   7314.227206747955    1         0.945016634614578
-9374.887637787351   -2101.539089358104   1         18.7124168564778
4838.190748972103    888.9145946293501    1         0.40676098183700937
-4162.4566102202725  -7087.639183611542   1         46.40394494349099
628.709892486858     9171.216303714104    1         0.5183422250606283
-4123.548068355019   -701.6415008551437   1         0.8423006974188828
-6014.262030628635   -2470.2136797284843  1         0.8029159237447471
-8218.214433107445   5383.344518207454    1         0.6633809329331279
-152.2376196376991   9929.641692037763    1         0.2567608948788509
2338.9765345136566   -7030.117912809354   1         0.10420943501177317
4622.595565022381    -9842.754277973678   1         1.1096031225891294
7538.457284125396    4622.186078127984    1         0.7456207932135557
4833.119899776515    -78.77188694172014   1         0.3911470913286754
60.24831132078372    8849.086143357232    1         44.58481889727258
-9762.938976518262   -3372.2306036605314  1         0.892084582893526
537.7127687255103    6153.71514847494     1         11.424178842722753
9893.638360802932    77.92800484824181    1         1.2228008986938534
5253.8099493504715   7750.743189867933    1         0.40599255625054365
4286.595318725685    -1893.7068341895003  1         0.91157947053101
8600.90851576547     -9630.171280869814   1         7.571000085621669
-17.751665246521863  -4975.334409435939   1         0.49109587275084843
-6230.233442868293   -4842.69073803528    1         0.13299001156670867
-5443.993927599948   7134.127826564136    1         0.25704921270294245
7049.844302226561    -626.6721496396708   1         0.2053812797532023
987.8937803700795    -7709.004912506298   1         0.278547875235677
604.4640607057794    6691.216573094937    1         0.1343818156735671
-5235.360182995204   -5400.905421802948   1         0.6559293585255225
-2998.8113669397676  3017.331881210371    1         0.379392829205631
4927.7496801333955   -6203.21973227491    1         0.4298381406129923
4219.391122799044    836.4181715078781    1         0.4959662852467389
3476.7445103151904   2528.0470397292943   1         0.18375779163045808
9611.198719198876    -3594.143316058674   1         0.6611890812112198
200.96570943639298   -3556.049519537322   1         0.23493335111157368
2479.9627336511044   1894.1776799249967   1         0.3828740074678889
9464.26200932514     -424.0691271595696   1         25.517770031024522
7659.823695249905    6662.48469182104     1         1.1543361860270345
149.12854677946933   -5517.853125245728   1         42.62273480781144
-3673.3186114038135  6164.328391031522    1         1.1386824684569288
-5590.312133320603   7134.694158561181    1         0.2313936513759461
-5156.058195161902   9515.079867232016    1         1.065935863840253
1253.502879288907    -3041.1320031213954  1         2.3579168114095923
7888.820693366449    -2191.0421028715105  1         0.8387967729067154
-4273.7784339787695  8845.528612006801    1         0.8466463756099027
4613.510805369737    5809.223780710927    1         1.231229928402777
7445.53007981609     7321.475002448082    1         2.017911093340265
2868.5607713320533   6434.457185163352    1         14.978125243171002
7218.194270285045    6991.306536943121    1         0.3567011306580983
-3979.899147157571   -2250.4944413854005  1         47.279167680349374
8561.618356232797    1822.9904545092352   1         1.2310047870010343
6450.204995784476    -7379.938539155598   1         0.7798595769363875
-5300.038024505511   1751.9105824941214   1         0.5785193102705181
1272.2583999244418   8788.687568048303    1         47.19544323858667
3630.7042397534287   1757.0109680736646   1         0.713433534788795
-7277.484412957305   -4360.880203293877   1         0.5662624666643256
-462.68366025151505  2423.7230478769534   1         0.9144612635001028
1954.1618951060675   -4256.091724733671   1         0.9922776406506418
8424.657173293086    -7824.64337965005    1         7.90628566870882
-308.7402279829983   6844.754756034416    1         0.6458764417461643
4161.066906877989    5228.764295148068    1         45.38409228845789
-4611.588732978114   7007.018747939912    1         0.3288681677438423
-3441.9096055361697  -4135.686237654985   1         0.1074707346067881
-8399.429170402595   -5825.565019179123   1         0.9272584911542421
-6368.730950217149   4505.303850621816    1         0.3636844906233192
-8714.734682846227   2147.366222602414    1         33.01985384154858
-7588.781685494145   -10766.375050434253  1         1.090746726825997
-894.9526745120768   4625.050153487227    1         0.7011487026584868
4621.743234178028    2695.012809647593    1         0.1499197924237443
-571.843148283928    3132.8323860109354   1         0.7734658936639714
-1317.4931924119178  3183.455254941146    1         47.981729699601246
7124.807942861264    -6029.532390499278   1         1.082096446593535
-1835.2840239102773  -444.69280134593737  1         46.901243720469026
9632.393187745787    -2192.039135032961   1         0.14297313915054446
-1054.7038369045513  -3699.990045625633   1         0.4498490221131102
4076.9016014627477   -5672.621168588038   1         0.6693030776594004
-10272.394014602472  -1126.3782991295939  1         0.6394288116656948
-9854.062929703121   -2009.1799606546988  1         34.662877033231354
3743.5494874114984   877.8106861173425    1         0.5453509532935125
-277.8554827078367   2406.3764586290877   1         0.4691472866569718
1295.8456874898727   -4192.706040048047   1         0.3852111065474043
-10375.725408347953  -1263.9202096966953  1         1.2376015787190646
