trucks_count 4
drones_count 6
customers 100
depot 0.0 0.0
Coordinate X         Coordinate Y         Dronable Demand
3548.7420082105023   5197.641319763138    1         37.970264276581496
4501.910309298918    -7246.099130725784   1         1.0027714041459135
3033.6252991081324   1883.9141905287352   1         0.3690562853166639
-5204.304925616817   -5846.030292774384   1         1.1940059570186439
4832.644782397999    -6089.516848398436   1         0.4209693757450087
-2978.087363493938   6438.966224229459    1         0.10866088211076964
-2818.630260850089   -5851.998921083874   1         0.6862887857944772
1214.031397864862    2320.5957809738893   1         0.19334497630769765
7909.290207474464    -3070.860924229841   1         0.5968613132105274
-169.54263349563968  -822.7414633456783   1         11.605122872513231
7351.95433101767     1019.5246884536915   1         0.3535573859258293
-6399.2376898285465  -887.3888873484877   1         20.73296752297743
3346.0630832227953   4811.238538477609    1         0.7478907496863734
-4141.968934616727   1689.6682178887304   1         12.704600936562144
6309.179601305733    -146.98606834409566  1         0.5744590687136699
5791.306728064587    5819.729728221763    1         0.160596493781351
-1727.6760773412814  2985.4505328010378   1         1.0479405875311012
-4852.123062451107   3055.281747293141    1         0.9912443718843496
-7095.256223902028   4573.972390696298    1         48.09583545507867
6679.084242851241    3780.3619943687795   1         0.5502098529779155
-6523.4665511465655  -7404.425167349854   1         0.43799608202437235
-3556.8618664456526  3755.5835119717476   1         0.15216596996741716
3645.7873357980657   -1797.2469564725693  1         1.1027619816697325
6227.664546991451    -7839.651770631875   1         1.045832349478915
2417.452739015528    4435.660971972055    1         0.42090414298383794
1837.3450936558836   2466.587081025317    1         1.074048527116891
-7890.523333312967   -5507.64107914856    1         0.5862784486555571
-7662.135317306857   -1813.3892793442333  1         39.41400022217873
-1932.652928636621   -5957.946713005682   1         0.5695143505558149
6569.706176273045    -782.2317165052078   1         40.274709727111976
6504.920427337592    -3298.5468847416196  1         0.8520233980803178
-8063.763963816307   -7251.289214974441   1         0.489721488556647
-3536.0916976379685  5509.653599241579    1         1.239889443068363
3906.8204783989677   -7882.2906222194915  1         2.172834134848906
-275.4705521516515   -4456.4100769117895  1         0.41945688357340416
8060.679700815891    -3695.048044085075   1         0.648149865840596
-1342.541759281193   5951.299706099405    1         47.11613577893323
-705.4753209440651   7791.254071528244    1         0.2905648302595284
-8026.778788938755   -3225.0811002951605  1         0.16643982376619282
1406.4034686574425   -1971.0816458349598  1         1.040981914419725
-4311.761329106092   3032.3447603654377   1         0.7481779874269023
6484.886429718191    7753.958299075487    1         0.895344011725239
8055.979046856999    -4232.8267732440945  1         33.00971022457228
6842.494276558638    7476.2843500196395   1         0.5881410444232498
-1834.76018103858    612.3710473110253    1         16.337139847700612
1554.1048856120392   -4667.3775368223505  1         0.9656097336464695
4954.8640741278305   7259.048346854264    1         0.7258069847441881
3751.942324419272    -3101.9248756300367  1         1.1675226412539337
947.8497932298695    478.80520616474126   1         1.7456277390221797
-4435.659409671589   7453.064544567641    1         0.35032703179863545
-1455.3927361760416  1466.5100325136539   1         0.9854492536011814
-6010.740537691823   1634.2527793317286   1         0.9221803667875268
-4559.018989868373   -4029.224045710593   1         0.5665857442948778
-6098.3710179122445  7805.182881879682    1         30.553588842029306
-37.68754955414079   1958.2075133945518   1         0.5467885575739712
-3656.409275990577   -29.083674004500434  1         0.5280009494874759
-4323.282161533129   -7378.965193246639   1         0.545141780426901
-7735.06083586844    -4686.463296265346   1         0.1726519149549151
-2746.5619574992797  4351.88827142375     1         1.141671133447305
5348.729318237433    -1484.7552786741107  1         0.3379890474785332
-5420.727672566032   7385.030886343135    1         1.0272513280447597
6068.475249557963    -4992.1024472628105  1         15.571396828824964
-7552.973957435843   -628.1692773220851   1         1.0916940122867551
-7689.442337865811   3505.5480128116324   1         1.1704465215112783
4850.154498334058    209.17139804132796   1         47.22751422693511
1105.232633306011    4977.786748698291    1         38.84986160274672
-1866.7026703795027  -8157.359441267673   1         0.5018711144677253
1363.8087069028406   1805.0310045242013   1         1.1712054881232894
3183.707958572051    -1953.7883055031707  1         36.18359647621977
-4137.978685573317   -7300.824558843298   1         0.4114030693660631
2680.8530041360027   -4009.8155977115025  1         19.161010830925214
-396.4698483426599   -3883.4284559985263  1         0.34929040683269197
-72.68258885905365   -1257.0450619609762  1         18.804438346009437
1838.766567216132    -2417.8631728471737  1         0.7265579374797032
-4351.014591390335   4207.469072674431    1         0.27509218278546255
1713.9765422063326   -4722.134529314666   1         0.7164058563109564
30.779698466859255   -46.0229316324332    1         0.4282533704523256
-3881.541640887927   -5088.180997547584   1         21.36818514619883
3677.0691034853908   -3058.5901569088564  1         0.9591999634450181
1474.072248248117    6489.694415305951    1         1.0960584489764595
4095.474001174608    684.3076709681709    1         9.906901903613468
5138.129729237148    478.3148286252815    1         0.33421378830270265
1892.0733489797658   -1965.1178736471975  1         0.24480454647668726
-108.95337660215361  2817.612352833027    1         0.8987606531036771
-7449.366172823203   -811.5062450150488   1         1.239987223846511
-3136.4713010074497  4196.192844887562    1         0.3100927849627756
-7105.4680624258635  -7480.52215802467    1         0.7776358390316607
5575.861779349109    -1435.9497917752399  1         0.7588861886881662
116.69120373872764   391.26077956310195   1         1.1634923584155528
736.8208762793683    -3020.4177936778315  1         0.506474680203546
4139.431114751046    5010.5221096575115   1         2.524097203746722
1659.388287357503    -3753.9682563290316  1         9.472422070953776
-329.6743791842065   -6290.032458936692   1         0.2955204877575611
-3787.4206054472265  -4384.2368995860625  1         15.410967308178368
6792.946042912962    -2746.91077091777    1         27.304311790903785
-7905.0292282912915  -3062.1441672342953  1         44.43321123189742
-6530.9176532915235  -5172.766791505489   1         1.1869588448846466
2435.5214001127      3917.729313529767    1         0.16101056333756153
5592.030390328669    6930.493363816263    1         0.2512098877958111
3438.2261398381215   -2577.111216918135   1         0.7553530184664647
