trucks_count 2
drones_count 2
customers 30
depot 0.0 0.0
Coordinate X         Coordinate Y         Dronable Demand
-5376.453234534889   -1569.074939338023   1         5.207369734117078
-6997.930312591254   4738.241467003401    1         21.55721522841888
2586.494634920747    -119.88891499008923  1         1.1333063037900084
-7824.871443724667   8909.692905393475    1         0.7058440732271244
4873.131812409221    -4669.661922261472   1         0.5695777996935263
-4078.7341682902347  8141.41995975576     1         24.94357244192608
9197.976599074245    4096.932740853461    1         1.0592114443074458
3955.0796831507014   3596.0020763410866   1         0.6086395899745696
8571.436628931415    -2223.779495708235   1         0.1324137498623179
5463.920426375982    2003.4060105459303   1         0.24078326580427367
-2651.1321916851894  -9575.301201090071   1         0.32089470274949383
-3320.7292896982967  7375.4744446897475   1         16.01232848386944
-5242.565511084618   7832.747739518366    1         0.9451440474891114
9995.96416599315     -2347.608106385422   1         0.6090773040633205
7669.298551607315    -1001.4259123642787  1         0.22209384948388788
-8641.249535079769   -3937.9057037260895  1         0.48812414513594204
-5963.205181857439   -4730.300554810372   1         14.437574076246467
-2057.553162763602   2263.7758599575614   1         0.4226016041909131
3660.5605609462345   -2584.2890173554215  1         0.9707345338003608
-7020.605805863743   2326.798312138326    1         0.5566666603117377
6942.160078209529    -1644.7092609789652  1         15.25102917710374
-9364.350982318036   3184.6101882165235   1         0.37654167811771977
-4750.594062983398   -5875.464601954785   1         0.2203089174278004
3911.938934560582    4387.126979800499    1         0.2376852329415863
4415.044201875789    -141.2080725201474   1         0.8976902293446923
8814.535082331551    1918.2040626234764   1         0.1050280936656
8225.523407061582    -2294.177749071512   1         0.18494692006117838
1697.9131583249853   1551.8600509303997   1         0.1751071208635953
-3367.976985268116   -9199.562059848486   1         0.70435758538464
3699.719855127222    7989.4240604463685   1         0.9751072405343052
