trucks_count 4
drones_count 5
customers 44
depot 0.0 0.0
Coordinate X         Coordinate Y         Dronable Demand
-1275.610736939467   10660.345680647772   1         0.14700289072861122
7174.78112479332     -521.9524627039416   1         0.6713205396677648
7020.330618217779    -5437.49263388078    1         1.1857218654193178
-742.8764207403237   655.5548269760839    1         0.192835897640418
1326.8790955598733   4437.293395472912    1         0.8387268675945861
-1899.3482867847652  -10252.121688799256  1         1.187342319059795
-8275.769658204483   -1761.526847676533   1         0.38124989262826336
-5743.3577627804025  -2838.8304998003455  1         0.8693625340465666
6936.369444171898    1348.9306645886516   1         1.1587885366366768
-7534.980266676775   -2601.9525159932828  1         0.5564585616549935
-9001.451226846535   -2074.8314578862087  1         0.13916528951773963
-1673.754879551294   -9918.177310915657   1         0.2650646416285043
4086.224355615731    8417.450719480688    1         0.4421509941942361
-499.60696697337335  -6654.836155743121   1         0.8843750401247323
-2524.474544165936   -2491.31873527573    1         0.9618720312989401
1480.327123499522    -3954.998215544384   1         0.3726542170441016
-2013.062208010042   204.99757223409324   1         1.241136314098928
540.5545093097894    10283.889145555677   1         0.3190642428231303
-1814.0463191493607  -7651.920568898849   1         1.0764926319243715
4796.934444030962    4548.941152255201    1         0.7949691269079869
3850.7090124753727   9069.278147514528    1         1.2377044626150666
-2089.117450299506   -2622.291752445382   1         1.2415761942962078
6524.212930068939    481.9834256819284    1         1.0088643982076009
-5636.6876654508005  673.8068034119622    1         1.065075998155831
-10909.049268324305  8799.701010366438    1         21.357664099352228
-1931.410279148091   -2043.7216485169902  1         11.53566592757266
8590.790185551423    5918.537586420971    1         0.8947362961380866
6762.725039408102    1667.8079124693475   1         1.005622830198286
8775.371739125429    -4403.528658703215   1         1.1905885866091468
7418.174792593308    -6224.106320307962   1         0.6639564158953306
10027.969542721103   3926.2768744616164   1         0.902088528149987
10551.494125810534   -2218.8438427420006  1         1.24245144997365
281.4413552722187    7847.825363659769    1         0.7831224866653587
-8474.26038057997    5944.73262965567     1         0.842489556851775
-6092.681943230513   8842.924018804117    1         0.499342638551146
-9428.85190648528    3445.5364706493788   1         18.344747148999193
-788.60415166854     -4793.094542256668   1         0.9782500489589486
-4833.587997680656   -1277.6712572036854  1         0.9196779230117493
5217.269090102278    -2328.598022355808   1         0.9008423440395781
-1656.9006997718293  -8226.1491520047     1         10.009972504020219
6229.883957098349    4484.23605380134     1         0.22914256443964653
8315.72354682287     3519.008236848295    1         0.2698458125496253
6264.647172630097    8083.2965385345005   1         1.0615234211087425
-584.2008742138079   9891.099433062474    1         0.5624181614508867
