trucks_count 5
drones_count 5
customers 93
depot 0.0 0.0
Coordinate X         Coordinate Y         Dronable Demand
-486.4087202830087   796.4322242131772    1         0.10823874305891798
151.42025376170736   4124.849754550692    1         0.9674608474963274
-2352.384992049614   -5456.179180677929   1         0.541699996022084
-1303.385289623884   -1040.4823854444396  1         1.0175826005915352
4317.931827175678    1669.5172036773865   1         1.2163764452007402
-333.80361723228594  -67.05286636968857   1         0.7445610373663951
-68.63416867520488   1033.5552978014066   1         28.05882365682828
2920.2250938510265   5290.991825390825    1         0.713122508804886
-4045.4844212541866  -3282.418492713841   1         0.5400739415596005
2763.123961989983    -4804.701740955585   1         0.9007316060897875
4572.655941721951    -2761.3691498285116  1         0.2538056157499167
-4976.020577229413   5052.362942266925    1         26.52699612276654
-171.94137536349075  722.6655422766348    1         0.927267961323718
-2.4800532614897444  14.240046963806925   1         0.8279892095859447
1871.962349096519    -4389.314804531208   1         0.1563508951930041
-3599.519765469524   -4037.286633225301   1         0.7520565652854332
-760.3824895229096   -485.1493700398999   1         1.2400738836225387
-4008.9776284253103  -3968.5553208321667  1         0.5569421434384184
4249.6700512403095   -907.1209416380701   1         1.1816320898252999
-4791.689870868963   -1177.577050138721   1         14.39368520208188
-3859.321346940564   -4244.040775359603   1         0.7634733184025027
4409.504493905826    3084.4007489789756   1         48.8719369002723
5218.94919512733     -235.38270246057974  1         31.603525073591257
575.9293895385352    2367.4417074748      1         13.469529883237652
4855.514482324591    2240.3116420201704   1         0.3651475580696202
-4118.370289713277   -1667.9685044026323  1         1.1087522389566855
-1584.2049753338997  2403.308478265909    1         45.95679082175989
-2172.716032628202   -5607.401504588919   1         48.262413382254586
2124.5103107553014   -4826.4599183940445  1         0.5954219022273538
-2329.640431158437   4722.675696594166    1         1.1423769678235611
150.7807460704629    -2458.7735874512687  1         0.7034869465828802
5162.208438679578    -2007.412145302984   1         0.5807000244629548
-504.5632646540935   -537.0232789305746   1         1.1133173742494302
-692.3498481206775   -3781.991495444917   1         0.8124459912680679
-4665.525299385538   -1869.1538392842822  1         35.51026431306346
-1021.76459787866    -4744.35437253856    1         1.0639085109084938
4158.58843453848     -3302.517660883904   1         0.41206526136321053
-1088.3574055453873  2952.653819879122    1         4.934167114668078
-4240.1778304693635  674.9325765270833    1         0.9778781931655358
-3186.217244368771   1828.4523196343132   1         0.5281899822684591
-3286.227937206157   -2464.289476485087   1         0.4023338813115649
-2110.9113764018816  -645.9069409980395   1         0.9160984614317659
-3712.6900003108876  -877.9874011091167   1         0.6321718398714382
101.51126216987893   -1339.346409167288   1         0.17610397724930577
-4840.689034860117   -4509.910953420278   1         0.4493382300813532
-3250.838191227033   1004.3338488853126   1         0.18182521919646183
2509.339576519738    133.6153509613511    1         1.2027964541834593
1032.0637732545986   -1041.4279889801458  1         0.6198499284305373
1437.960680661462    -272.2524995151401   1         46.4768468303406
2612.5012050752694   104.91073297169233   1         0.8573957959540218
1320.9945477909746   -3253.813144779553   1         0.11367256828471817
3919.5158592577855   -5325.881929945904   1         26.885759487527316
4905.753461941334    -4140.910571776958   1         0.7343841367513703
-4149.303711966143   -252.04194328121048  1         0.25267026591501895
5575.352445572712    1014.0368522961917   1         0.6280798785931412
-2827.6126613654055  -4969.990707045966   1         0.5097261447202303
-2387.376073033262   -2442.7212137648257  1         0.5650968646929141
4239.317167675849    4876.128113038172    1         0.21190289109011495
2760.6004857939542   -659.174224302099    1         31.01759509738734
-196.42095595123726  5264.0617733382405   1         0.31263733433998553
-4258.235744556566   5589.780872174805    1         9.06917509703553
2009.2639491594184   -1461.8540239345111  1         0.7050133168471076
4344.769918162193    -778.3264236851072   1         0.674042966519145
295.0442581329062    -3392.7938752608     1         0.7257219129888807
-3720.9531176713103  336.23544045659474   1         0.8879528077669093
2319.7808784631507   4898.206868978145    1         0.15436418734208252
1307.2775195640231   -2479.133858321546   1         0.4525015131906278
-818.3476393503028   2021.4391181255014   1         0.28885372799059267
-5023.411649904415   5250.219922786303    1         1.0648668861329849
4389.2134274721175   -5195.316735630441   1         0.35010970730204827
-4280.543724274521   2753.347399082413    1         0.4384572435345485
-4498.108771993092   4098.4974993720125   1         14.225447469062452
3539.6026554052382   -662.2905066861475   1         0.26279237568387803
-5154.023568889126   -2811.5388688395833  1         1.0206646788088474
-339.92833714607485  4917.750775365213    1         1.2495115434074784
4075.644482677263    5525.179412618944    1         0.4263969744723516
2259.817149690608    -3083.793686380222   1         0.6514752032808655
-3851.2132676291094  -3619.7165158948847  1         1.0201848010682006
3202.4222641096453   1108.569364177312    1         0.8189828855923479
-108.67263591395567  2238.7448303672327   1         3.358737618235392
1980.9406830693686   1902.5674219413668   1         0.6408702799249202
255.09697586852846   -1292.9317377105415  1         1.1988715949484474
-2919.2734824804093  -4401.6542767669225  1         1.2022039533776243
303.7521906239618    258.8371761270513    1         0.14237289754359528
3827.6818167684264   -3263.2710289277975  1         0.14779326378877194
-4986.57241375738    -2524.0969301802534  1         2.3617679051319733
4481.69653608551     4466.015396912203    1         0.30063402416538426
1529.0326809642395   -2608.706531678759   1         0.8436394735734948
291.94408144818226   5448.850246910511    1         0.5845617116771893
968.088486557553     3091.4018707575397   1         0.49481621751442884
-563.4398040150445   2103.090356516387    1         46.83939948773064
-5607.557876717034   -4357.784477614423   1         0.3554565025419433
-4232.6368925606985  3105.2658654702345   1         0.9668438813633767
