trucks_count 4
drones_count 4
customers 78
depot 0.0 0.0
Coordinate X         Coordinate Y         Dronable Demand
7623.883460535424    2896.6266280281334   1         0.27796212513603535
-6515.228069774415   -1503.6229164638585  1         0.3877955163793584
5279.841764037433    3301.5545771338393   1         1.1698564490304488
6274.426599215266    -2928.486224927288   1         0.8513751145568685
-2463.26017265738    -3668.4664863426083  1         0.1862902041946594
-6242.709285663777   -1810.477692702289   1         0.44243557129580036
-6438.465937936548   -4468.59157058477    1         0.1647596967665565
-8495.823194878783   6526.231522457483    1         0.2967383185529532
6440.985680603336    -644.4586963656958   1         0.866099833873281
1116.4018951688959   -6210.302050664738   1         1.2317125431634959
6580.682339523325    -2288.844437677266   1         0.6562410906192715
-5861.517945772825   -7101.254044835164   1         16.782753978968408
6089.456245345706    -1136.919724711157   1         0.8677261704747122
-1849.3104790448067  9336.862575322808    1         0.31545080566511696
-5957.469724982048   7860.529978562494    1         1.216484767434081
-2872.500250209464   4399.707265207164    1         1.1405643341262364
-1212.7463544158522  2096.453842044813    1         0.17055492100367223
3867.6347299328313   68.65738699115717    1         1.0685255292432045
-5716.76848940171    -7083.673928654119   1         0.30407283401964613
-1371.8080968915453  -6064.003491823498   1         1.0757150414317278
-6906.945009679613   -7739.834149325794   1         16.21088236350461
-4082.905093069813   -6822.4131354750125  1         12.92688403344683
-2998.751407759347   -5336.595888007953   1         12.822101102312946
-6825.881724361901   5453.880695667702    1         1.1373591100356983
316.04650434068674   -3635.6832582316792  1         0.12382446163612562
-2510.1631884327307  -6738.057507985922   1         0.6381494745574627
2884.1464920238723   -230.74009902195422  1         0.9266634802761831
-2209.035062648786   7368.046487364947    1         0.3031463327637987
-5794.034893919715   2154.614737891303    1         8.609803794729302
-8771.555669557629   2797.6669277290894   1         20.586005232108885
-217.49250278142426  -3754.5041960375283  1         0.6957743250498355
-5777.789613810512   6120.98054778997     1         0.5253687476026587
6221.427026395111    -1440.5002771629984  1         0.10834050831155416
-277.0710132907793   6092.803063047359    1         0.8869419694912155
-293.74839228923867  3542.7395218418023   1         17.078254718703704
3824.5682108282667   6164.564717154673    1         0.9383032509973493
-6480.720178964222   -6865.889891944818   1         0.13727506746471937
-1763.237918529581   1360.2411223383822   1         0.5017097360989092
-6574.483704407906   -5366.771257652699   1         0.7116721572292157
-6524.735448924526   6704.516552707192    1         48.48072353309457
231.63072647191686   257.7819623588523    1         46.90841049353703
1387.2979547721552   -3467.4293695684783  1         1.8120328990754113
-881.6168686271955   -1227.3968941366113  1         1.2243439382778083
-4460.661052334127   6001.930986375112    1         8.91718113547854
-7609.089257391728   3697.610004396754    1         0.5616137635304022
6955.404015307614    -7582.219796727926   1         0.7090600890329086
-4482.922123006519   -4518.541733950374   1         0.6961510194119925
-6316.821385693544   3805.369858116557    1         0.12693718882475574
-6953.184770642152   -5506.069161736162   1         0.6908228787102335
-2410.977962490426   -8447.90648408205    1         21.57371013848726
-3664.7963394635854  4506.44862309235     1         0.8749333600401982
-3871.3532634183293  -5944.958956854781   1         0.44975709769785754
8071.527107074351    634.0988126998466    1         1.022444613064801
7395.046416080769    3786.0671626350227   1         46.195522510224535
9080.569562083256    4913.023288047332    1         0.823062323830908
-2349.4939313080886  -576.238487221546    1         0.7819959644637371
-6727.269008460664   4977.908071458533    1         0.365092083900858
-7911.4695244052555  -6545.402508113535   1         0.44970459660081297
-4729.838055586131   3466.125919804764    1         1.0566746717125877
1673.6719523649847   8343.401014001125    1         0.6671333823068638
6876.454363920503    5208.636244907061    1         0.11675386739341304
-3061.718128844873   -7576.457872262705   1         45.97768857648309
1315.0311689467974   882.031007067977     1         0.5078808213293934
-1093.5248905869055  -2983.452761762641   1         0.18520862118204545
-5292.434260101265   8358.43730878337     1         0.2306962861896635
5440.924013633238    7192.612389011794    1         8.585831028158502
-388.0687902685148   -8844.286365700185   1         0.27430017123054284
5481.329160694665    7079.102931000261    1         0.9397685393723841
-7968.777958070695   4741.41170349265     1         0.18275780905238942
1347.0571701549618   -7001.922143714817   1         0.4541896090428571
1365.062992208897    -6375.709245108717   1         0.6428310965304946
5356.998510993757    -8700.862678808153   1         3.4947296301875492
-3906.066855937032   -2014.8518999614516  1         43.51917618008639
-9331.81867658731    2453.412542310831    1         1.0600240530220757
-3758.531462269799   8586.199369426433    1         1.069971980329242
3135.303822436619    -8.137887061084916   1         1.1025774085701443
6493.660311321433    -7981.276066183009   1         0.4639341177053872
1944.413202128025    -7091.085833155144   1         33.52427748559893
