trucks_count 5
drones_count 5
customers 44
depot 0.0 0.0
Coordinate X         Coordinate Y         Dronable Demand
7950.321606208327    -6308.425504763796   1         22.693047179722942
-8354.743270963758   4008.872110761769    1         0.8254144816681733
1509.4653623582699   1306.8683277128982   1         0.9462862916204938
6433.882343678882    8273.690864079119    1         0.4801508539337065
1721.4217899785965   -6542.864411844306   1         0.9641574051936611
1971.4123501210252   3283.7728403354668   1         48.66774453880893
-7697.8834849613     7719.933326254963    1         1.105047861757262
-3352.4326214178463  1153.8303787337234   1         8.978335827510682
-2392.885813698917   -3244.6830998007413  1         0.7516226469817504
6332.078280063647    1890.0166763732666   1         0.7678956792005391
2303.948710537771    512.1258737777076    1         1.2782920315284114
4197.58467185425     -1292.4009959495454  1         1.0290113957945528
7017.297730372231    4289.413714414045    1         0.9368582051681416
-3946.967741277419   5552.229413987303    1         0.6238501350624486
-7697.029151315388   -3046.543258421423   1         15.832920880947125
-6050.509975826264   -3817.5539680910947  1         0.41035133149031455
-3342.9753318913545  -7112.528355906803   1         0.21925597561366592
325.4351750680578    7016.625831269453    1         0.884348827448042
4116.272398243465    5044.69092036082     1         1.0089488736771621
731.3399694822419    6881.025894558157    1         19.989759091422666
-5757.7337318480495  -6976.106938985181   1         0.8634104744757878
6830.9254031474175   -8634.766225649404   1         21.11263396607901
-1021.891625621633   -8797.617552466372   1         0.9890107180346631
1879.2335794829953   8032.340175874229    1         46.95219048782491
-6759.1738080723135  4554.727890278893    1         1.134610009181177
7677.81398767595     -916.627066874035    1         11.509887496534496
-155.3871663250815   -1030.972415694222   1         0.7398362577521731
1820.1153496507884   2569.323010910165    1         0.7768322100050906
7243.562913783989    -3802.067500790313   1         0.5362312439943995
8000.088197515482    -1352.2148807238414  1         34.632314257156345
-4320.552165319158   8340.17890909165     1         38.297849288903514
-3693.572669820832   -1193.3513061046108  1         0.5941211945211492
-2743.246097487984   2792.6976965053004   1         0.46991471194697587
1060.6103633507262   -6745.158029663032   1         34.05496674827434
-25.46698079733382   6160.87441001876     1         29.45784410268178
-5446.834296582368   7012.788450559779    1         1.6839738544929062
9017.62514768329     4406.92758177184     1         1.106971463961103
2786.088990842046    -6387.746894003176   1         0.6707187055375526
3598.0551763479707   4361.870749372194    1         0.48778999790499
7403.642426033977    1323.509465252407    1         1.076581672942259
5708.4031911550655   -4685.820860630684   1         0.8839361840385185
1733.9517798580625   4557.7786099572495   1         1.1716890381253524
-3863.0296784678862  -3948.1435860191527  1         0.38592262052010085
-6611.47235354105    -840.1038898080915   1         0.3591809340062547
