trucks_count 5
drones_count 3
customers 77
depot 0.0 0.0
Coordinate X         Coordinate Y         Dronable Demand
-4127.8384858071695  8863.609680272237    1         0.8286425099437124
1610.442797253956    2007.8338794264164   1         41.37326876696596
-9407.426163872367   -3124.0308837117445  1         0.7795456093276155
4029.250222234668    -2055.867971303292   1         1.1959857559344798
255.13844866137515   -7327.35930402323    1         0.9906363654090822
-15690.081927321862  10362.95319667917    1         11.974532047780047
-9304.09001534215    -1100.985497127653   1         0.9551415375056892
4147.96961432404     -2082.0007934588903  1         0.7306897069770114
-6546.6041170079325  -6062.559271239705   1         0.5392288721253107
-298.6932265854492   -5418.037144866094   1         0.650117279047355
-233.81032218314795  -16761.98726367624   1         9.037365986205787
-2567.1178864039325  1403.2112437781375   1         1.0798637216043927
441.20959641100086   -2163.40504268351    1         0.2179444660921121
5571.224914935018    2738.0489659445543   1         1.0058411063999482
-486.7541153822278   3183.800748287544    1         0.9168396372969301
7354.122280294113    -5331.530120977964   1         0.24990121130664003
-5789.039346592545   2933.591029145129    1         9.103411524384892
1806.8036860326579   802.5420927249985    1         0.5930981753222786
-6146.7132236839825  -6361.727297572449   1         1.1585583450822519
5849.637996287451    -9127.458694427152   1         0.2296756053327645
-2864.5422025830358  4926.40759496402     1         0.9614250893668326
5452.927830989634    3150.0853145663364   1         1.1098781914977698
-3305.1163034273213  -16728.72919546691   1         15.588803066009364
-17382.292995779848  19070.649450862416   1         0.7605495524909782
532.4398041895986    -9313.16349907165    1         23.896845326032526
-16127.034840092812  10173.289591161254   1         12.767375553460463
6448.808216826779    136.70097533209335   1         0.8246966398935279
2692.2398380591867   -3250.8397498434088  1         0.864771007060938
9137.68761209819     1994.1949747405486   1         0.5992815098663845
-4334.188615090836   -7768.625255393472   1         0.2808528780449958
8589.601577006775    5376.341339105776    1         37.57046895068051
-4011.013885274911   156.16159023177326   1         0.9773855902641907
9438.16081296407     -18347.67268176474   1         9.954663324569548
-6066.187981509435   5505.194584230462    1         0.480762540240645
6566.361593176656    5513.223502304724    1         0.29642556676067067
1467.159049787509    -1411.5301905067906  1         23.062154491270626
-2884.608026412995   -8164.1595828054205  1         42.38055324720636
-439.54385390000243  -13322.57799115533   1         0.3994244432063957
767.4619984399309    1544.686221304692    1         0.8695851497982329
-5120.137506635725   3557.2724243546836   1         1.1338819703656047
4262.152859593116    -7437.680869928128   1         17.53431957959106
-16722.1280430941    8355.988862771232    1         38.24584880278851
14748.088748589136   19059.05106623945    1         0.8457813462819177
1365.0805110690521   8390.469054529649    1         0.4377828736500161
-973.9347579570514   8103.437742164957    1         1.0327530426556588
8257.246887396916    18388.28048998362    1         0.5618753296324025
18058.255583423554   7929.971655432088    1         0.23918443385428653
1784.738815731542    -6991.336470170509   1         0.7896069217901733
7051.063872191468    -6135.329537583549   1         15.346397332464434
-1655.445083050032   1243.732068902387    1         0.8036607628810835
-1797.208459315949   10756.297749819903   1         1.1775738106859448
-5633.152154830214   5730.4060776635      1         0.20253430971551975
1227.831885498025    3834.578629862881    1         0.9428496984405359
-673.0763460737362   -16190.201973721823  1         31.428078012088516
-7897.8953168728285  -2117.0464475089857  1         11.119250069286222
7013.48178541386     -7310.761681869116   1         0.39702782817141413
499.89873488891817   -674.7204388887038   1         1.045326644360678
-3076.6832302462767  -5351.101214183156   1         0.9814863985411215
-2812.567696950481   4411.32589634515     1         1.1922947428396549
-2550.6093460605985  10147.251138614529   1         0.15430611938699768
-16724.98987703907   5549.849919820477    1         7.862080876731821
2159.9198567150383   5092.381962102658    1         0.6515200774096659
1413.5470959937777   -8379.22246640802    1         0.6678356699075975
-2743.3312341604833  11251.030095039623   1         0.7846997497058238
-7228.050178241917   3131.459608259914    1         0.4985284902817473
8369.435303344402    2547.9318297789378   1         0.6797315202726035
-4613.433506745757   7061.874983619828    1         0.6734241489284472
-224.3557849072284   -7509.562699572582   1         0.4214856310128082
7745.0641810884845   -5538.445588119104   1         0.46606414636903926
-9.008595844440421   -7662.764004281206   1         0.6337469941565015
-4490.822878224813   14191.11798445342    1         18.96603679438528
-11240.241947007999  -10019.610743616659  1         0.9458919179254982
-4742.189791331825   9157.030581300507    1         1.1752912762899668
7591.574277674012    -1320.2036111836787  1         0.4378681315393971
7629.26755871049     5990.426001851382    1         1.0365454146839725
-8994.482600221478   2565.7722608332565   1         33.52925281923257
2108.805350825781    810.2646668280565    1         0.7198059861888293
