trucks_count 3
drones_count 3
customers 47
depot 0.0 0.0
Coordinate X         Coordinate Y         Dronable Demand
6511.010416137654    -371.07575972879783  1         1.144412592279533
2812.700865198542    -2533.381922417891   1         0.38164993988971263
-5503.376054436219   -6897.112952319064   1         0.6680428112786653
-2913.7598145286383  -3695.514195669626   1         0.6866774198580856
-1164.7702064964155  1652.6257656688638   1         0.5586202847532308
1240.8645815003351   -5075.333813784818   1         0.16013716475672377
-5115.091579886879   -499.3790642208556   1         0.10202361932638258
-106.76339215756542  5918.661415457773    1         0.25543249143849267
-3068.698979208618   4545.376909641978    1         0.7481498770524765
2911.547822796949    7036.254508554309    1         32.04776479277929
-1016.5265502709663  6102.699764457941    1         0.9052836710876206
2442.04331279043     -5681.7466652976345  1         0.2696627247698927
-639.4580978950389   -5226.263570037801   1         0.5676457349358555
-7404.381581637697   -3063.2309819828224  1         0.15930352506212528
-6432.947155419305   -4293.758585227997   1         1.1067614944607573
-1305.93381783324    6853.593223740488    1         0.519558589290334
-3054.3853297682267  -7548.2573796853385  1         1.209836368225104
552.8615051649722    -6527.574157814579   1         0.3241625674738098
-3817.2969718075374  1141.1199645905274   1         0.8023903207840793
-7148.468953640053   1748.6619147937104   1         40.07465727084763
1843.9931128296873   -1203.7113454726698  1         0.34175003835947304
258.9750404331282    -580.9275930820518   1         1.1177091177712495
4633.469165183715    4427.546595073011    1         0.9965019753817834
5515.692012909354    6296.6279978382      1         0.9476772825350228
-4166.794321903803   -4833.833810595382   1         12.279212543800972
6636.896325528372    3539.442242190378    1         0.2924561476361642
-3201.3046304895333  -2892.4720655813853  1         0.23235911545024965
-4884.040438825068   1691.0590315811532   1         31.344218784814938
-2438.3182696115746  -1118.6064348430023  1         0.29468953742221005
-1580.5463753563995  -2551.603163246267   1         0.6025536757201208
-69.30314507849192   5838.021780207608    1         0.5978425666329504
7426.099789920223    4666.513014906172    1         0.922909843509423
-750.0138186511913   4289.581370068823    1         0.5428898910368926
-3634.0448800940317  4845.490149178183    1         0.6711926698222423
1647.9699559362598   -385.0142333094482   1         11.61311319876135
5115.674463706308    -501.64166480096634  1         0.6444919824383247
-3702.8982366191312  -1658.7817326288919  1         0.3347898063348689
-1938.8981319338855  -6931.58631172748    1         40.05076481951032
449.05314078097075   519.449720235233     1         0.682662272242935
4516.480155932692    345.29611853609407   1         9.942425160433153
1859.749226388981    7512.612377279735    1         0.9382399123472281
6674.679478688586    -7648.472382265067   1         0.53340644044192
4168.453258804147    6888.757955418227    1         44.48367923975528
4771.496807207823    -5443.409777005252   1         1.1324387871905466
-6451.610062947374   -4750.644151132365   1         11.406157619394838
4700.6530282797485   -3304.6282059452697  1         0.14100556138954984
-3166.9935921251263  6585.319236823229    1         1.183034123187239
