trucks_count 3
drones_count 3
customers 69
depot 0.0 0.0
Coordinate X         Coordinate Y         Dronable Demand
-21.38423026830341   4043.2341007569207   1         0.38191968228922135
-4371.497869843054   995.7074848933818    1         1.1403869619805413
1537.604781739835    -4056.7165599095792  1         1.0338921559748697
-4982.828289983947   -5721.5455357762885  1         47.2633660512078
686.134899991681     8683.879779696073    1         0.9951071484644952
-623.4249735981283   -6478.934048901185   1         0.7094796155862626
-2960.5707788068307  -4457.981804883612   1         0.7487449263302322
7406.579745728631    -142.85188547107518  1         0.6314857802856101
1138.8053013784322   4984.7812506104665   1         0.5570342645561803
2644.451048024341    7026.592277972819    1         9.778861580381468
4812.715623099903    -4748.425356744172   1         0.2862036823564432
1488.8126304989107   8282.217744012616    1         9.377003810752269
-67.02120939501614   -10578.452737343348  1         0.2777276859534471
-2864.680198683244   10176.406421102862   1         0.9756000678171374
-8058.050309152884   -6095.87145277015    1         0.667351140836145
9672.279477528335    -2287.6780120324224  1         0.19230750054993984
4980.460230712077    -1236.1357310448038  1         26.94387444906385
8767.294045919341    -4702.831728303174   1         0.2709948283790915
4513.946278369657    -9047.733088900874   1         0.7619638009195493
-6535.341071225393   2269.2460831064377   1         3.881289087127335
1541.0776824911104   7925.559867559905    1         0.6291136496062467
1377.0281742390525   6758.736939390391    1         25.995579329649498
-3467.298526785013   -2950.559822051456   1         0.3408809811384774
1153.6903731335726   7702.476619981814    1         0.8924117714360501
-9789.994349923      -4872.948724956905   1         0.18944439979177946
-5367.412751561054   163.59180649396512   1         0.45422011323774936
-7129.144379946377   -1668.118703426319   1         1.0629971171569725
-16162.475279816825  5028.013527444815    1         35.96819171978216
-1695.9190002152243  -312.7218023087196   1         0.4791007896739513
3133.7191789017324   8907.533989899895    1         0.17395160848087318
10655.747177996574   -262.25905716804846  1         0.9302018717523107
-6141.044220614744   -3660.0038351126145  1         0.8737425823921877
-1841.7010536090077  8490.849239043971    1         35.46080653468292
-2086.3181478383904  2027.482793892036    1         3.0484693913088474
7848.648495952909    3485.4174269460377   1         15.920845777788209
-10034.54263979643   -6278.225818012284   1         0.15262800277531022
-2414.8277782593605  -2943.2533275444976  1         1.0737261666057034
11246.866056352064   11564.349245135447   1         37.959593607981496
554.6646210640306    -8615.63512025684    1         0.6532354318962966
-1647.0091902218207  746.0365229364025    1         0.5686319006328394
3031.1451024376156   -7602.879925619445   1         0.2434707791391075
197.88375504729427   -6350.970065072377   1         0.6168036893544488
6260.846228230336    2161.1957713763495   1         0.40387999354174475
5691.330798018796    6882.443316144021    1         0.6340011925540527
6211.259984104545    -2631.6923432785425  1         0.6770329995036796
-16835.68688885731   12772.1522617972     1         34.36488412995687
286.1486359345956    8416.078744291077    1         0.539552330717257
-2551.234156017017   9066.34393002279     1         0.6486866503409534
702.7257456480237    -7037.918188602768   1         1.02945452224978
423.42476768270103   4151.079968736172    1         0.2377601242458777
1769.6930698877707   -1450.7638930557898  1         0.17351743086728394
-1083.1508030764253  10099.607560708731   1         0.3807920989694006
-4904.647189347974   309.6629692451803    1         0.8065573267469252
15564.224143254738   -10888.774135480744  1         1.1905808716644464
-2803.3582318787903  6510.2870466754175   1         37.01946195962668
-5384.559475198515   -2444.3553708269683  1         7.887299439849629
3848.097230315044    -9446.955920858949   1         38.108245786647124
5638.15337916572     12522.60086289926    1         0.533794612321956
916.1046208280313    -13792.729718722534  1         0.6157894342175245
-3682.5156247303953  -5543.925763426368   1         1.2056895156830998
-13344.092128551827  -2407.504526238188   1         0.1480233222039169
-2349.7865131022845  2187.2057304758127   1         0.4915983986610153
9112.483144331287    -3106.0987716646414  1         41.48874799923818
6003.237740381024    -266.73792443043567  1         2.3880193354153016
7174.997648923125    3502.793617441025    1         1.0565662957462758
4188.052413944104    4778.978348652831    1         0.6017814437607821
7726.918322806551    -471.20716991156473  1         0.5112987212051117
-2423.8971400391674  6690.369176435952    1         0.26189315925674705
7165.794482245016    8195.468581899628    1         1.2110443489522917
