trucks_count 2
drones_count 2
customers 21
depot 0.0 0.0
Coordinate X         Coordinate Y         Dronable Demand
-1700.056545719599   13049.839945528593   1         21.18482804240547
9998.476718822012    3235.394099874635    1         0.766808423809022
-3834.176741157688   8045.770381865222    1         0.2710075614253332
-1170.04273517394    -11580.442166272755  1         0.49922886681991197
8746.55276657512     4564.517417449775    1         0.8193856220603642
764.6164406677929    -207.82436135960293  1         0.7019249988161826
-7987.741278764155   6882.183218887633    1         0.7164785368373875
-4335.633805655281   5669.752699415615    1         0.5738882036183295
1854.944043900374    7729.6007546042065   1         1.24040748532481
7309.4887446279      -7798.728845440511   1         43.76024270090783
-7171.418849705219   -5955.503752567452   1         1.128681868328095
3871.3783612988486   -1384.7347931050854  1         1.1979879932160695
-9159.271357364045   2652.621952156693    1         0.10834292340968375
-3844.1054104297928  -6586.295156654807   1         0.7692448132434812
-659.848449284011    -7175.592257281187   1         0.11829537467887291
-9372.57877580504    2419.5062848196194   1         0.12087414696309878
-14217.892541692574  -1168.7390497945962  1         39.32121316456885
-7382.925315297234   4793.464465369944    1         9.368724756889913
-4049.8797755797295  231.13666528389746   1         0.8621133589351009
-5242.467392841749   2123.253109779274    1         0.3290202579823391
5537.405595458933    -13967.4519898794    1         37.47582793153752
