trucks_count 4
drones_count 6
customers 100
depot 0.0 0.0
Coordinate X         Coordinate Y         Dronable Demand
-5050.598469382603   9058.453342057408    1         1.0285278054763907
1390.847391033107    -7731.607064284957   1         0.5437618652003614
3028.7817208476667   -6370.633930090723   1         27.64956616985239
4324.939352454956    -3875.594237644448   1         0.9632360449649003
4406.577050088866    2485.167621766283    1         27.97286208776176
-779.8815313497186   -4805.6317213916755  1         0.9010519878133049
5081.46220009004     -1483.2946790162366  1         0.9721963091543517
1125.4425356096383   -4958.528967106746   1         0.16345383952468917
-443.803243755621    -3496.3097668603987  1         46.43460110135608
2212.0774073468865   -1181.1464994079056  1         1.1742410454835566
-3486.3693872751332  -274.08307885438046  1         0.21304491942348158
2332.3756727514237   -3766.961899342579   1         0.8936507349613704
-2304.888880918049   1231.2345265880156   1         0.7404298555183847
-7580.291044195183   2873.427817254593    1         1.069545877939383
2581.3033269685684   4477.254311824448    1         1.185823163139814
8863.988673805272    6285.023101382385    1         0.2736465522455208
-2294.7810044779703  -7437.227914687665   1         0.7067800136716478
-5471.618217298754   988.8976284337122    1         9.539641465756777
3748.9073341778508   9276.100618327222    1         0.3563678051086919
-5050.084828897125   3258.9863181860455   1         0.7773264706686555
2595.0066111414026   172.50187584288318   1         0.9674916288178657
-10190.069432654624  2603.480047743739    1         0.31658838803650013
8626.065496655565    1957.8804190976134   1         0.3429668947631018
3267.7949994718897   3696.8761763764833   1         0.18402602508853277
-2555.0560740894957  8336.513426229982    1         34.161707915766094
5915.074112889699    -934.1869185011599   1         0.583737951303634
-10668.138015905037  2320.7980740934754   1         0.6708633037154724
-7504.015580004873   -3721.8576525847707  1         0.5909352383666229
-3217.741862608865   3317.5334352702243   1         1.1118855797380511
-8519.743290265536   -1699.1738329477673  1         0.8561068456766451
-6743.64694343594    -7316.088467032375   1         0.3500517537129002
253.6946255196039    -865.7931367022932   1         40.126706819408696
-7532.981019722701   -5541.822507149214   1         0.6588205059150365
1813.99449767471     -8430.48096651205    1         0.5473401333790525
-6786.251928165437   -8339.22891796145    1         0.3096235708449096
231.1547885401942    -1716.0204995797721  1         0.4724850543307575
-2090.5787504159593  -2965.7487108119167  1         44.209326321409364
4732.774112008826    3605.089001556229    1         0.5410889067070154
8135.280811195607    -1089.1361056320513  1         9.402203320777257
7050.2096591411155   8018.746851637699    1         1.0197721598698597
-2621.1727666072134  3124.784738350598    1         24.80651141197476
-9677.172274514805   -4610.540504404568   1         1.1967144700914276
7414.238172198547    -1207.0791712133994  1         0.35413527168839054
-3057.2498228978666  -8330.464639774525   1         1.2333585913515108
441.36268582450697   5780.789827783223    1         0.31102920232910247
2381.595814083885    -10201.141661403695  1         0.6231038373275912
440.6438479041234    356.6042294322684    1         36.61620185525236
9740.768426096907    2577.4697199581065   1         10.151577173250452
-8557.218450062664   -2311.0482878677017  1         1.0616988865462422
-8530.791025660808   -5121.704422209634   1         0.9447400878468669
409.0699461732486    4699.755292268516    1         29.151738210861048
1080.8440789544159   -2892.322574639658   1         0.9868465159818272
7288.161347753003    4565.341522305185    1         0.18613699496758845
-9653.771043657433   -6627.7243252069375  1         0.3879745509479291
3229.7422866297456   -7377.047866141895   1         17.85128005216812
1111.8130965582557   -4091.453967897374   1         46.40268092426467
-9387.779586727596   882.2426470957216    1         19.489459773496968
848.8957381007343    9605.141534162693    1         0.2341894409777163
83.97873785440424    -4186.591928176934   1         0.6471291480758118
668.6106691915958    -27.01610525809179   1         0.9113499256699996
-5938.834380757946   -2245.8664749957597  1         11.743482182242344
5995.644893651795    4579.109834726723    1         0.7698658458851553
1162.9955895734672   -2678.3379695772232  1         0.6220338333493358
-2650.075962324698   2798.416677198568    1         0.41352867173302155
1984.588313273161    -6346.471332636267   1         0.22847963975530225
7098.93108771577     -62.724744127910554  1         3.8538772847745277
-1610.8915994865401  3777.6622824530928   1         0.24227579776938094
-786.3309459175952   -3949.5954995563634  1         1.0525355308817792
-9000.880059341687   -1525.6863247440597  1         0.9569915328583304
2003.6168053454453   7358.668243273931    1         0.2926202940362029
628.0099264315722    -8030.02763387713    1         1.0703742487045889
4993.76447644015     -2984.23923778256    1         0.3733881389502983
8405.201539498117    -3925.3511309550004  1         20.201107108477995
-8900.298874878416   5510.628606187396    1         0.4252723397811521
4053.5435696212267   2165.389203029584    1         13.225333230467099
2447.124857901068    8992.042919136251    1         0.7616574730835214
-3910.422732820309   -9317.728210479052   1         0.13180466363127452
-2901.3630711476235  10109.371146504089   1         26.324331895442864
-7769.743036079854   4153.310756462351    1         0.993449905574417
-3937.660173405719   9618.498383687098    1         0.11429761234537188
-5368.7570904895565  -2159.8157642162173  1         0.712527763759874
7254.483742614613    10403.527069843813   1         21.12600316079454
4348.69629358562     4426.308293237733    1         0.8420116473030704
-416.8713522658031   -5460.016525381167   1         1.03143165338319
-4601.549468285647   -1519.310374638179   1         0.7060898725539723
-10680.548589568054  -6948.081787954169   1         12.189915413635532
-5714.3665100363805  7526.827638048216    1         0.3460277447782132
-4548.104966861339   5576.0519431735      1         0.20804695435206866
-4301.77799349829    9842.116714218622    1         0.5088378593252275
2072.8367525870544   -10035.734809028994  1         0.25489883291888116
-7984.243471715547   7164.126256990678    1         33.230109207026544
7964.942808271552    220.58179285120306   1         45.08984302880628
4939.256341199181    1814.3593385285478   1         0.23572302965050818
9063.522726381163    802.6452133246697    1         1.0577134959637138
-8881.328368270355   1040.8341434906333   1         1.1479483154654413
1874.5595576135424   3696.8303023062604   1         0.5911143811111441
8427.685460858871    959.3003279909717    1         0.687981171552416
1467.7534280113205   2336.1093069317208   1         0.9471598700725308
8723.88060040827     2179.5162474903814   1         0.12253194418797939
-6869.165377689225   -519.0584809737454   1         0.32022087464621896
