trucks_count 3
drones_count 4
customers 42
depot 0.0 0.0
Coordinate X         Coordinate Y         Dronable Demand
-1570.062367468264   4196.498985948559    1         0.5017143775838737
785.039690190924     -4664.516663814777   1         0.7065212515587789
-3111.702269301401   -6824.805433553419   1         0.4157937982440094
7700.253021190948    -1212.4947879478934  1         0.33604255377240677
3352.2987106826736   -6721.208222393095   1         0.7272624467411963
-4000.8579329613885  -8219.293426378417   1         0.8307511494336959
-6924.090213332587   -3291.9890797534736  1         30.89334467421298
1280.5447621185826   6339.804691652298    1         15.227262093790316
2070.865853406393    -4392.662186113791   1         0.24313688910963782
-962.8254036212197   -1033.8597796101233  1         0.917570943446237
-5498.642247622097   -1143.6060681015554  1         17.831128255643325
-5042.318860230909   4764.8602732103145   1         0.7906905749978896
7206.657918711806    -3531.984433098033   1         0.9495835292864938
-7220.8513121569085  -2282.6223601965366  1         0.935885436656412
-6956.910447279083   1379.3019188239064   1         1.1200054353684106
7560.180596908323    -2376.7104618304893  1         0.2882873115474931
9554.352829101814    4245.646470793459    1         0.5469671476119184
-6507.711690198299   -1151.4672098766127  1         0.48595470083125714
-676.2499307384849   8125.335571384738    1         0.5113756440532299
5141.5287960209835   -6868.383979948945   1         0.49678608083454956
5571.723483328656    -5248.924654929205   1         0.8452778199829829
9423.815065002738    -1042.0764952676416  1         0.4350249063636893
206.0779216456761    -7231.585501648362   1         0.9110443539116415
-1046.3065886142442  -1896.3567860830992  1         0.1487647998078528
-13097.880283624494  -2394.2783797627017  1         10.554116827764325
-5250.5239052472625  -8703.672883980373   1         0.8668877321927893
4557.810271086479    -5058.956453913153   1         0.7632350969422775
10849.383839006727   8103.09845470148     1         0.4711430951478509
-5357.271770025185   1849.7580482740216   1         0.8524525045092293
4317.430986462163    -1905.0428919737678  1         0.4328055002315805
-396.81406174951286  4798.4594049389925   1         23.95751332196257
-5200.929188077061   5475.614813852661    1         20.730246058657144
4212.600514766562    -8208.498135795293   1         1.0849293702215554
-8275.171192763404   -4853.780746326525   1         0.8089246207498427
-9600.706202462896   -13306.794483117637  1         8.598808199205433
1554.7496833207963   3835.773779444692    1         0.9025363370915379
13112.237923491966   -4213.143595101919   1         0.6706587935342373
3762.7702734221657   9381.547407460954    1         5.156360375806328
-5567.904364027685   4166.243943407164    1         43.580503358193944
7976.719724494467    1500.0640841152672   1         0.6665325127311003
-9522.795705156113   3798.5819833912906   1         0.597150977767519
811.8143817931974    4541.019778039249    1         3.8064962347305373
