trucks_count 4
drones_count 6
customers 83
depot 0.0 0.0
Coordinate X         Coordinate Y         Dronable Demand
1249.3069714624776   2948.490313146493    1         1.143177587543215
-1586.6005449501718  5719.176052538697    1         9.471802273569173
-3023.5051308861275  3488.593133450267    1         0.2287389742121407
2334.4894949894874   -5015.377604970011   1         0.9233758127340109
-5063.608764261011   -4372.624912308323   1         0.29281179801465296
2321.622941685705    2999.4920458400534   1         29.973265129809924
-2752.428828793032   -3216.8053439900114  1         1.2070784370623568
5603.508779620463    821.615910044343     1         0.32844299347518185
3027.6637216343256   3833.6154204409804   1         0.9113092923612723
-151.9100794304742   -4205.063679370131   1         11.905822409650481
-2942.773706606677   4874.456646758862    1         0.31871027682219016
-5141.329945246522   4735.970611790782    1         0.9793575753197177
-1466.9788584212479  4171.827809967115    1         38.49089530799258
592.4138466654966    -5759.35529301046    1         9.542923508180799
-5058.005516217805   3065.00783769351     1         0.6171163081497365
2723.127783189046    -557.3640712682387   1         1.0109613725254631
-4722.482489810848   -1274.3701689093514  1         1.0297002344342374
2903.8405080396724   5335.562843301462    1         0.18365930236347255
-477.6353132963308   5644.945885920718    1         43.82303585992168
3087.1454887276177   -4700.120624751049   1         0.14442886320639722
2170.917797454645    2441.4815419257425   1         18.93234553467842
2475.887415797886    2827.8676283456534   1         45.40969409740716
4288.128167232201    -2488.901652548481   1         0.5805775377965905
1645.9007927194639   5443.971702155006    1         0.5438666542433164
1791.3856325470738   2211.0884387123824   1         1.0435542245497624
2202.721906241059    2422.3037183828      1         0.6459913578678852
5379.213933615216    -4348.776746558007   1         13.485070730965159
3463.717910880088    1252.1968460384949   1         0.3490884111541175
-1487.6393639984092  2474.9229625964867   1         0.4917270617208709
2464.9459128949256   -2866.9135444590515  1         0.10963547648951812
-1240.2501982156118  2867.103262764971    1         1.2400477509615762
1350.424117229566    4213.366734183796    1         0.8243203825979138
3909.4454239623587   5673.348829754406    1         28.21046685523624
1631.5737670959506   2513.854464504704    1         0.33332066878768474
2270.0014804483462   -4918.046306378579   1         10.465257792878417
-3393.502945350811   -2900.1412655679874  1         0.48979280343025633
542.30261039178      2484.1950514657074   1         1.109226466449459
-4778.940916903824   -4931.650377855988   1         0.49077233643727614
796.3514704305449    -2643.6378926139078  1         39.237340692823
-1068.8202912519328  -646.4320108117523   1         0.7753667159818193
793.9782659004865    -1013.2799619508062  1         0.6538808793839357
-5618.898638741634   -4841.802037863157   1         36.522102921996506
3561.728234859229    -2200.3474165689154  1         0.3777541530790032
-2289.174362668233   -1438.0179734975231  1         0.3223742524388208
-819.0204059631496   -5125.555711286258   1         0.15298773484755304
3585.519886492354    3083.0022841541754   1         0.3535105653850751
-2637.7648271227868  1359.939009572202    1         0.8172256134125986
-901.160678404879    3152.911775435803    1         0.398652898393396
1155.3124755244946   4614.642894333713    1         25.1659210808967
4342.299569418453    -441.2082899214266   1         0.5536350514728593
-2384.439481558646   3871.5842898099977   1         0.9136405178497133
-3381.0855829153484  2511.983719003036    1         0.7026865300969474
3996.757659298046    -372.2747600858819   1         0.2678021070321637
-697.6324126727224   -2727.2044392576868  1         0.4104352380164368
-5646.541440567377   -5184.94287383173    1         0.8087719993334596
-2542.0569708693733  272.97666121170096   1         1.2464886998934743
2761.599963883741    -3032.0802735988045  1         0.6379123166370246
17.379375899500438   5314.872840168767    1         1.138904608589157
-3318.945022710584   -869.2963736817584   1         0.10111936901274604
2394.7501574418093   -939.4312794428204   1         0.11577116950701376
4833.305759330542    -1497.3902209716468  1         12.836971340768713
-1516.153376676316   -5746.84676661383    1         47.7983827021554
-5149.785295867439   -3129.928338598143   1         19.99816306686515
-1066.328524911527   4557.011148572554    1         0.3148256266592273
-5263.498637427201   96.51761663456435    1         0.6812527503660725
5767.418706039854    -3839.042686840225   1         0.7396511330915676
-1327.86950464615    -829.4355894185476   1         0.21486676532281568
5696.319629121897    5417.086953171307    1         0.14600449464718265
-4912.002939550838   888.5305129549178    1         14.651255455367737
-2457.090090947607   3666.2988032314074   1         0.4843556624856086
-2006.3834611987224  -2333.2454166830726  1         0.23072644454957755
-723.4773753919413   4231.285081881252    1         0.8811303455860157
-2187.171847201331   -5597.781195059615   1         0.6191945118954284
-1857.253571674538   -2817.8554744389676  1         28.999013601128468
5355.257526786297    308.2733423451828    1         24.440866514790052
-2712.276693135575   432.1512730133081    1         0.35771433300123157
1090.0765244431632   -4091.797804247605   1         0.3522397506655863
5247.641202997607    578.1894327901124    1         0.6370250239450002
4297.123815819163    -3701.415449332307   1         0.9908049157737011
3557.706271564231    4118.364821137339    1         0.49923939359857517
-258.4914806012556   2634.765554741252    1         1.0065143282430935
-2547.7016552961527  -329.6457128529563   1         2.8994584764345834
1610.9758753887945   3883.740875330279    1         0.17099217433615715
