trucks_count 5
drones_count 6
customers 96
depot 0.0 0.0
Coordinate X         Coordinate Y         Dronable Demand
8193.09190360756     7082.0266264749625   1         1.0933367701144319
-5713.794899015525   -200.54779473178172  1         14.647527502174848
4009.827029064002    -2577.9291329876423  1         0.7979689437930294
-6010.050917732595   -2464.8729764783866  1         39.799650319973225
596.1796158346635    7566.70791144068     1         0.8526915547656518
8405.866542847834    6074.19312596011     1         1.2322157135391651
3700.2052836656358   -6302.485136923422   1         1.1531954952689492
-9546.411799703073   1471.228266733378    1         0.990791585360351
4360.515671486093    1843.2589450306957   1         0.8489911826228
-946.4453967740512   5342.645598211315    1         3.497857988808387
-9374.99132211423    -5380.6099113083155  1         1.0330504200881854
6556.309235438966    -6922.374494747141   1         0.9155192537817585
-2074.6127349845347  -3613.957747018263   1         0.23178134511932058
-5007.257543168974   178.1093852929093    1         0.7140565985553196
7767.041457958439    5750.925523962931    1         1.199705404973244
1692.644774846777    -10403.425091864261  1         0.9968520479162369
531.2296262974999    3405.869478654744    1         1.109388574548051
-685.0610059267409   4.985129009003588    1         1.1839908485821324
-10067.121396108032  -2874.4562101586184  1         0.18444105229851687
2027.344809629505    -2366.2275373265134  1         0.8760121091337584
8010.132362786506    -8444.22874873153    1         20.915647097896784
-8594.441946163257   5852.515952405123    1         0.39432179406879975
194.80831277973448   12081.906625464577   1         45.24485232055701
-701.6725263599282   6230.60583206211     1         33.986367825406155
-3166.345090631545   -6713.076885070827   1         0.23597449750008798
-11599.231028066803  -12507.877682288108  1         11.783835713429282
5344.865072017497    -2346.2050728389154  1         16.447921265408258
-10243.336807165178  -8966.936571491384   1         0.7102871849487778
1131.3954245809346   12944.560984277643   1         0.4972549821025336
-11227.70402752094   5164.496943028487    1         31.520168113912085
-8697.416051123153   2044.0375249574918   1         0.8695813988950319
-6765.751845350363   -4329.266281675111   1         0.5662667569396572
8450.321410346285    4122.587061107181    1         0.29781404326381955
-3519.20396080828    -180.78918642057553  1         0.8369263009989201
2313.2455760423527   3450.974909391716    1         1.1694791929159551
-5027.147369589597   3917.3924180916465   1         0.11354861543087705
-2646.652749211476   -3585.7458524283256  1         0.8158397499505429
4116.5107946190965   1730.0737041178782   1         34.47498524885481
-9511.231759139497   -4712.095611225994   1         39.0462697964878
-6311.939333193154   -1111.5889264681045  1         0.41982912950732243
-5322.75606281448    -332.64055088571945  1         0.8606307454843116
-8508.335338211378   722.1378965765173    1         1.0207201542183233
8778.48000358058     2735.482767691267    1         0.8311087326695571
3586.1500591103795   4228.002604209378    1         2.2463374932079776
4720.065917225441    -9440.39092983103    1         0.28120818302355755
9208.372661863892    -3533.489632567397   1         0.7465904028732182
5901.535870261552    -7340.502120533899   1         0.7652817333126278
8004.061097295962    12121.889597127018   1         0.9437586138114802
6362.412711909783    5626.932417768739    1         0.6070476258550493
-7177.396412805928   -7954.423492952095   1         1.1363639003182755
3916.161063311665    3228.141645132084    1         1.1855999352797604
6833.239021005774    -6333.460119285845   1         13.704655965045088
5634.221898299793    9040.984535060785    1         1.0398623106122533
-3296.322366219476   3465.3391786338148   1         0.833312588418581
-2982.2390415495834  4697.130361721276    1         46.514164856015284
6739.439713084741    -8218.24017654555    1         41.89256703955855
-9729.447099776562   -899.1029923537966   1         0.11297766317831148
-9461.316855123001   -4690.017137703161   1         1.2174382654955909
4481.911007273992    8241.676582716518    1         1.0746413192507582
4678.094696002513    -4009.802578320115   1         0.9982843415206055
-8134.945469482807   -8926.232906598576   1         35.36471846952103
-6972.850552922277   -7107.887832496717   1         0.46447446209534204
-5333.313135037121   7013.536028449199    1         0.37919575327189803
-10415.892718700765  -2571.666352734938   1         0.2455836415228183
-2005.6062005630156  3730.1837197116365   1         0.6781252035431078
-5544.166647838303   -3892.9043248809157  1         0.7630161983145316
-7536.61707527316    3738.7804553065953   1         2.9633133218338275
-4740.817761350121   2976.1555942147706   1         0.9503733682068126
3535.928453979737    4583.227911929308    1         0.16514618039020051
-5162.548932862284   -126.07203644022114  1         27.67929053477604
6010.23171033914     7949.548071731462    1         20.870910233486544
-2653.4548321045245  3697.13614352574     1         9.194468470251277
-9569.110305408287   -1848.2671646416331  1         0.7692361919999232
-8812.302647652416   5855.481643017654    1         0.6398291799040964
3429.3602864240816   5435.629289734019    1         1.0873194382830436
-4444.850356755869   -7601.271336065115   1         1.0972638093025957
-4949.402213267305   5622.677259031829    1         0.9089438348157554
4876.561645993717    5367.683306226099    1         38.70709297837487
-1991.0381957158434  8027.64538359286     1         0.7517209597915997
1593.5907854433055   -8881.00428317504    1         0.1940863829643591
-7574.174092970346   -4310.24353961232    1         0.16635297186595063
5090.394291578878    -2857.9491785654186  1         0.4191274028390122
-6578.239002711594   3453.9166462962794   1         0.5455803947179237
-10398.749182508423  -930.9816452141408   1         1.0264504762962152
-5372.370888588057   4750.033597204643    1         0.97677847675517
2213.6959717309965   -5876.899585225355   1         0.17405078370498384
-3940.4393018281808  7819.924997958063    1         0.2404129126848285
7953.8479771504      2034.783708737331    1         0.12838553318516432
-2959.7377912449265  1642.236092312396    1         1.1102924372662073
1350.5329751652228   -5895.844845611144   1         17.503227659117805
3216.7622547640713   -11900.352901815742  1         41.76020899110991
-694.8930511954351   7916.131898057567    1         1.2252836743516486
5038.640667246213    5307.281389510093    1         0.31510226567669863
-8998.109595455324   -5398.555817923332   1         0.10855490822615692
5525.240870313406    -5594.730617737221   1         4.743747270449298
10032.751667225048   284.05656737315724   1         0.4861300047805339
