trucks_count 4
drones_count 4
customers 52
depot 0.0 0.0
Coordinate X         Coordinate Y         Dronable Demand
5210.283817950412    -5108.941367996637   1         1.2249473035370773
699.1172335735768    -612.7275695672421   1         0.7283564509796904
4111.690798157883    4890.161912892087    1         0.9497766938872085
-4728.732178975215   2102.7416611167223   1         0.9410068623455211
1864.6976755969824   2392.727100752875    1         1.1011975348208847
1676.995400134612    -4234.820862079587   1         1.0915416165547223
1089.971738960706    1463.300264876054    1         0.11419797430144266
4740.4015588709235   3084.8302396524127   1         0.336960107611755
1047.945724474395    -2519.78294027817    1         0.3538409724076931
5020.920195159872    4144.779687445714    1         0.9716874008145094
-648.0443981908911   2480.110190253114    1         0.6825704914944656
3326.62929503321     -4026.896614801485   1         31.361549206765552
1104.9175906572839   -639.3255540116307   1         0.634366609547849
1273.7477664222367   -1177.0252266355621  1         0.18118220976241947
-3722.972565259692   -3647.691507657677   1         0.5684836220859961
1327.2270220585663   3318.8702136709217   1         0.7732318042901493
-3441.390223200034   2628.711474894678    1         0.3223510226709284
-2062.24706571162    -1073.935751207361   1         0.32472082065211905
-3634.8415977039235  -5814.562744436073   1         0.8958733521561882
-1427.6864948558657  -1173.7981441821307  1         0.9538580468936557
-4118.784364289619   -4394.804421027402   1         0.9522139113023501
-370.4278447668971   -2757.512666477612   1         0.9410740797635254
-232.42982317084233  5608.200453870584    1         0.11088852595977979
-2603.6419153929323  5104.903432780095    1         48.42915576866625
-4312.798173611767   -3090.376013633839   1         0.8003237561782289
4763.030252959014    -3298.2125730936377  1         1.1302821492552595
2270.953329470798    509.0704813199354    1         0.15078411788102403
4951.980996298276    3578.1523258590532   1         0.7303777239927366
-1006.5989538518854  -3801.0125678277686  1         0.5407876580695806
-2874.323976812297   2365.379505766865    1         1.2035857672850794
-1688.1555571771144  -5605.499943451661   1         0.64139213124394
-3802.3309825961232  -2762.0919924517734  1         0.2517147343481017
806.2510290339751    -739.5698428929682   1         7.28547422934243
2879.1210499904987   -1893.529180556542   1         0.687883053602918
-4564.609461655845   1415.9196366194494   1         0.6670236742979223
-4165.425942742781   -5364.088943059363   1         5.853025477356139
5431.35745666382     -1116.0294759680219  1         0.9014011029392349
1956.2324409567627   5766.224865772376    1         0.81575316570343
-3334.459564244748   1408.3667259783078   1         13.388169033724289
3810.308206427836    3116.6604114456595   1         1.1556387661892287
-296.755619388342    636.662803160918     1         0.49124004233374186
-1917.9026980908795  1541.3168913636455   1         1.206904621743547
-3244.0636354109783  -1355.9359452790554  1         0.6551802339299347
1317.399982765909    -3492.5514733099753  1         1.17020233226161
-448.21133008765037  -1192.9311690303825  1         0.6114397739585861
-5059.558401864346   4267.225670252522    1         0.5716301471668889
137.75310856759577   -2385.0677346461484  1         28.68127277231068
2732.9974903490074   -4084.411293718011   1         0.6430002622027262
4787.314980255582    -2983.3204022161117  1         0.9774830036369335
1020.7291265243448   1812.8968657358764   1         0.6816224107793539
3313.9413737532977   -2272.572845407535   1         0.3889374025054756
-4847.649132906048   -5582.002716310641   1         0.9173235905872547
