trucks_count 4
drones_count 5
customers 48
depot 0.0 0.0
Coordinate X         Coordinate Y         Dronable Demand
-5847.780644634315   -442.9948299563913   1         18.277509158399543
3917.383283515721    7900.27086794157     1         0.5738479780360558
5920.559015682919    -3002.5392295661654  1         0.1868310797710921
-5375.681765195666   1359.6108624953054   1         0.6053199030312436
4529.491783048625    -6432.96829460258    1         0.40780392882829253
-5819.3475470545045  3000.339069393576    1         6.8337906880287385
-7101.511582595703   7139.729982913133    1         14.044829891330282
-3644.5729821916448  -8016.091141970971   1         22.050218265393017
-641.9876921050742   -7764.17584416841    1         17.94083784410342
4131.152016203042    -925.6905684546929   1         0.38747299441455707
-3477.703007365419   -4575.0888180485435  1         27.032999412676347
2028.3889941842453   2772.501661760606    1         0.453147754568789
1152.4546022914453   4331.169955176218    1         0.5450922045217911
5650.686230668964    4858.092933282455    1         0.3098494094860935
5549.04623009257     -6925.45345631737    1         0.3682643148002003
-1085.6934221984388  -7133.854666919147   1         0.7547742946409606
4804.880822711528    -6183.323303973948   1         0.6188785309915652
-2231.3961175712366  -2456.92856638832    1         1.1046578347371325
2359.2160361512306   -6183.182824420234   1         0.22966837673217005
-945.7034120401652   3408.685552412094    1         0.3799852400059205
-7823.922890768944   -5033.287046950369   1         0.9372369823963794
6269.888424794709    7901.068640256163    1         29.94787120627596
-4342.320339784176   4375.27479620652     1         0.5632618467559106
-6403.845332985098   5779.597155259224    1         2.6175482189366868
-1257.516991637903   -2686.5502815473665  1         36.14668745929749
7408.744508416925    -5795.048735975573   1         0.8318582824790216
-1769.046992650415   1843.8890078753345   1         0.6065629178526487
6577.859793378591    -7072.97410971504    1         0.9508565873498926
-6171.676971990935   -7564.576903189566   1         0.45728088134502753
-3059.402417305586   521.161640573156     1         41.70138229469984
1610.3273089629295   -1858.3396636214277  1         1.1279769279960157
-2844.2819540617106  4712.896401515429    1         0.49065774810501817
-6414.911081313435   3556.4351902384174   1         0.6751023892488951
1736.1479390304014   7002.343336828547    1         39.62475180394548
4797.254351140035    5182.0162858409285   1         0.8288658613916582
6250.790520739007    -5616.332622731665   1         0.447146911703974
7236.44690920989     5221.272683831662    1         0.839807887528391
-2157.280669803212   -4613.953278299788   1         1.0348403510582675
1602.8100601284093   1495.4486430520142   1         1.1649820701460696
-55.76749871047428   -5727.138893366605   1         30.691534706293567
3683.914882684262    -382.10986039961784  1         18.59620399032582
-1773.186289543096   -2024.4016342299776  1         4.058624340603059
6823.802621513164    3559.01861965056     1         0.21377602742526747
7259.709049398637    5011.346760409616    1         0.8838923130221842
5477.844780836983    2806.1638715517797   1         0.2995287878883643
7884.691974945893    969.8246249672492    1         0.29854140896587944
298.0352741392508    -4262.129127823249   1         18.635959719854007
-821.3473865629779   -6539.854909101926   1         0.6301759271403243
