trucks_count 4
drones_count 5
customers 64
depot 0.0 0.0
Coordinate X         Coordinate Y         Dronable Demand
4169.715854918475    2649.086076999636    1         0.7840448271753289
-4663.5310946462005  -936.9646123585431   1         0.6747248863569129
10222.889902902272   1476.2387169835438   1         1.0885669509989826
-2146.8663763681016  -4843.1232046712985  1         13.221592454482815
4304.118992695939    -7014.956910937373   1         0.9503303819988453
-743.6083012711299   9083.589030986666    1         14.41917722139724
9041.449343032858    77.11820718954297    1         0.9174392527569339
10016.321642673178   -5061.822341360075   1         1.2367209614827064
-1554.7157343410397  -4349.285944058572   1         14.446844788288288
-208.86019328743402  841.6810333239468    1         0.3247649273494094
4906.099814248991    9539.643043262306    1         0.5425234964726828
-9410.181150741997   9969.206888930774    1         18.547893885682047
-3226.213015956208   -8554.90432643122    1         1.1304340974647114
-9043.330341889216   3646.2517344781877   1         0.3571479632534552
4063.044309602381    -1380.1678716830377  1         12.615348560047389
8265.942331214657    -6383.9803625355535  1         14.585522540120587
-5760.5237426278945  -779.7597668358899   1         0.9585988076838838
8186.752770756079    4630.337184694586    1         0.15018201737716297
-8633.321004472287   -596.6158101553151   1         15.730133873394296
-6621.389122954058   3846.1678651488764   1         44.15169640830299
-1649.0914697898208  6723.0823217833395   1         0.5494604307747442
-5023.212015967448   -522.7511667135526   1         0.2914676609191447
6009.560512113615    -1834.4122430997775  1         0.6716482163187235
4006.4494526943763   9784.058416919499    1         0.861835588419029
-8383.810488312114   5398.280521749847    1         25.652218916590904
4275.370382176291    -5734.996153302236   1         0.4922042286437166
-3808.0962354330636  10111.905278092989   1         47.742281310773
7534.954709713979    3924.0227298591435   1         0.1979808489471916
4940.106912485047    -8356.577425163981   1         1.2365702781255399
8946.691799080143    384.8783608534885    1         1.0128718004908923
4335.409131158532    -9770.354192042629   1         1.2182781907745046
7941.481233863283    4968.104631891722    1         0.5322631439816893
6186.1798182956245   -238.7429305996112   1         0.9579082860880865
-345.3297160317291   -10007.566613351146  1         8.659514907497162
1184.5789802558975   4314.206355609882    1         1.2256420450533785
246.80296116592513   -9938.710608091369   1         13.622524900338206
-6521.12726385844    -7879.640775401007   1         0.35035387503419446
7072.719336956449    4231.847075055819    1         0.9226541262218383
-9106.68164967184    1854.6483610279934   1         29.5287508574894
-8631.677563797395   179.3417995087475    1         27.68209121658058
10312.444211645296   -4656.192977601798   1         28.866360780573455
8874.171119144195    -6156.224439326689   1         0.16288825918684224
9238.896605286262    5100.629387427517    1         1.070175392882127
8707.1789988733      5305.658455180033    1         0.7485982326756926
-4624.921819557972   7547.776120997857    1         1.2068820263445477
505.55895482482265   7270.795955922924    1         0.5407861739322566
9054.853542445078    9600.238316027673    1         0.9933094527178222
-2766.1589465582806  -8049.466505279344   1         1.0295911736155618
4318.415805597306    5885.034997358518    1         0.6529457861531608
-3246.4921815380376  9557.86998441979     1         0.5878808883715168
5745.90250518454     -7958.7184120725715  1         0.6578247863049995
-1694.8367062570765  8273.22310704416     1         0.7303656457778527
-3337.8969338275883  -9243.326285830926   1         1.2116668895610354
8338.513848879695    -2475.6128199643776  1         1.1420224144519528
-6191.711399403897   3688.603833527193    1         0.2606558688880911
3444.5998659734555   7184.4347530745745   1         0.9472342434071434
-4696.5378856206535  6466.334260090702    1         0.7948021034499095
-3825.0462813241807  3267.6835172513565   1         0.3639047660666812
1184.896475908517    5943.275334373824    1         10.631103028494703
2106.1819000064393   7432.457609754723    1         0.7785053416790206
8198.605089100889    -3298.6540468751978  1         0.2920860955332574
859.6061834273808    4988.634031669769    1         23.75746046927612
7972.628634360317    -703.5582745277461   1         24.587322940224013
-4607.6860850682     -5508.450676470719   1         0.7934311978237368
