trucks_count 4
drones_count 4
customers 51
depot 0.0 0.0
Coordinate X         Coordinate Y         Dronable Demand
-3755.7416092386043  6038.894714269169    1         0.4517607400237845
-2274.799155612768   -8023.93847375211    1         0.7839633302361741
9605.966029520789    3896.296581150952    1         1.1637782294910253
-4283.433857927943   5044.664342128303    1         0.2993148043426378
6840.766823691072    1245.6371160854924   1         0.6301680992365482
7330.292028111218    -4441.713163980973   1         0.9705701601261594
1421.3024335935625   -1191.6210305937566  1         1.0865751945871855
8726.290697501227    -4829.376327928955   1         0.5411012431568158
-279.3943627180015   4218.050851003474    1         0.9570261220354561
-7809.59853150142    1202.8983863838155   1         0.5878767645130016
9074.885748755412    3095.7703359961724   1         0.9685787225587088
2434.2720585257575   3359.2523402143383   1         0.7854367728891074
-7202.449685243163   5812.723965608646    1         0.22498094478684127
-9234.767045790175   -5213.926118304012   1         0.5331391605998482
1296.4389846643642   6608.002333683518    1         0.1938783550815797
-173.8237008377755   -1655.5591859274143  1         0.9393244321970383
-6763.709260670343   -91.2344540818635    1         38.21108543888533
-2579.126123705415   -2547.125805125639   1         0.3631187822542937
-3808.8920136686124  7735.850238148058    1         0.5386185404930817
-57.127060474469495  -3706.600502332151   1         1.0474338947404447
-7884.432302397148   3862.47661041439     1         12.145057843400973
1788.988474845066    5507.682139195429    1         44.725580321407286
6990.445605236421    -570.0468781657473   1         0.43512036894624295
-8552.615059130765   5933.89693073887     1         45.35139826337447
1478.556766436843    4445.668508323828    1         0.2640186166130202
-805.8579609296767   -6569.031868189647   1         1.0994565620289882
-5606.284209388525   -1988.5596467304138  1         27.7469299551031
1094.256329675858    -4930.452774882287   1         0.4432532204266876
1421.1871089041235   5670.387090322296    1         0.7232437657047052
5630.883814384447    -9322.411897568842   1         31.18019976663481
2064.2251423792277   9675.754658648817    1         0.6779584249961442
-1088.890779700796   -2465.536713764389   1         1.0926730666810345
-8173.656825199433   -1959.2105103650056  1         0.8365486932084818
-4666.440587521372   -5753.456808917998   1         0.3911805212763694
3002.4322343601516   -4097.728028218058   1         35.88434254166261
7159.905711467111    5359.503848995891    1         0.4266214915715614
-1589.7620784032442  -4205.7110276179765  1         0.7143646727551755
8088.615494165217    9023.392269571294    1         0.6539499088559019
6883.691747703911    -5094.60474793782    1         0.6093823622466462
-2032.051663805477   -1068.952100470904   1         0.6528228636678668
9323.189923616686    1755.8419490554772   1         0.3483679915902867
2.0679481716473074   97.1401320037126     1         0.21449429992874314
-9571.795014607158   2533.497067536006    1         20.077832862422706
2283.065316757007    -3808.7822659371195  1         1.1062518779950214
-7575.6945164255     8300.300556160983    1         36.90676700922703
-1365.4949318747188  -1150.6299286928665  1         0.7765672436164519
108.23603290492368   9242.469933917318    1         23.888015834700802
-2876.2371435075524  3976.454413273417    1         42.39152600407665
1638.4809403373845   976.5565172418391    1         1.033588112556796
-9088.494394811501   -4757.649987177099   1         1.1939338424443335
-9749.460283837609   -7586.669922560741   1         47.2969423641716
