trucks_count 6
drones_count 6
customers 100
depot 0.0 0.0
Coordinate X         Coordinate Y         Dronable Demand
8278.59248473587     -6608.138407918079   1         1.2232258503007398
10607.259935340717   -8547.348760133435   1         28.998186066570835
1418.295926746722    -4237.096566969067   1         0.6774563407881513
8307.314351750249    2650.3290641707536   1         19.489912091738542
909.3250798191453    -3115.2047298211787  1         0.18147298058921474
-4965.062934072996   958.3325710468043    1         0.7135660488668052
-4006.216488953476   10291.068489185043   1         14.134758512636484
-3300.931069954876   -6632.952235312328   1         0.6628072514507398
10197.134321784813   1725.2851689475124   1         0.7661383976119858
-7699.974273439732   -302.9492401986388   1         0.9561931332680134
6381.286696690815    10179.644698183129   1         5.996545019710087
-4639.473229028029   -5010.883664599075   1         0.44073947575177275
-2373.5706140351645  8839.482935250964    1         0.25069655331431523
-1265.802031012508   9871.00828623247     1         1.106194968708782
-574.4449144274113   -4113.4323005442875  1         0.39083794885751055
-133.8384388298937   6966.863944752783    1         0.3586264399998542
-8270.005750732209   -1535.1539209225762  1         1.2488144191829431
8002.550734308888    802.8844615052749    1         0.5223212347442341
9519.950758506053    134.52579444324238   1         12.220507691023803
-1689.6869023918919  98.35828586645513    1         30.457297467919606
-9410.837115856853   4526.395865457424    1         1.1487250709661574
1770.5331716918736   4078.8862981337206   1         0.5078141616979895
8079.262142363277    2010.2862365411092   1         0.8301982801927255
686.426493485004     -10337.590907617341  1         0.642080835921127
4297.263296604195    -3450.356157226381   1         0.21419735896859848
3635.0611725319504   -1342.1788815357288  1         0.5939272773401639
-2953.835797064817   3338.1675099580384   1         46.35458624206159
8662.806981086927    -4535.384443966923   1         1.165012372276961
2833.919921124081    7302.76327141251     1         17.51064256105605
2758.783092641511    8136.51475266304     1         0.5467463553248156
-1058.5699024472287  -7096.844086640701   1         22.313962341111765
-5249.196983911796   7846.028222975496    1         6.696034102294125
-5971.426582141744   2173.2816829699527   1         0.5388394400844904
-475.6778895878092   3786.492093776691    1         0.8775180758205066
-512.017765485558    -9508.989802610342   1         0.8308063409145194
7728.755663742776    7735.756129614157    1         0.2996084606134996
8991.468086719684    9793.53162627079     1         21.70256479138289
2036.805587079465    8830.496081777794    1         1.189869352099664
-7884.788339926064   3302.9839502434365   1         10.658893562106343
-6682.67848780469    5173.321911342385    1         0.9136017700371383
7559.014373939645    -3643.47923602801    1         0.330259811607089
8934.537746759477    1126.7908250638418   1         0.9091085475333761
-8759.69119196066    -5243.6182832190825  1         0.5714241737940116
7569.950815533655    -4619.4635454693835  1         0.4842174843490249
2614.0933919351464   1084.320657134105    1         0.8457217482127221
8858.867009077396    -1414.3707590923502  1         0.1344592885112339
-2268.9657815399123  -4732.548743369325   1         0.9154298962976516
-1057.7195249679792  -8314.452534686701   1         0.6153100218557184
-6726.633679104061   1536.1328044921581   1         0.16085231111828263
-1050.0603053532266  -6191.173076480373   1         19.268741674512416
-8266.64719758004    871.8112665213866    1         0.648570996593995
-5137.5912985353825  -8558.200664185755   1         0.23819194935469803
-6851.200369160113   259.18000364816686   1         0.1834593267269711
6995.616186424447    7947.559585539616    1         0.8704843842219149
9633.92458592645     759.6264847779837    1         6.843667612606336
-7749.678098438871   -3697.109869702656   1         33.062694810213735
5501.6874736205655   6596.534610481791    1         0.23262851777952281
9835.49022228628     1868.2788440288189   1         1.2008875403071453
-3845.08797438258    6205.938043961665    1         0.697718981794035
-3602.1944634079364  1779.028077297941    1         0.22546042557021315
5363.778653744819    1483.0517859156478   1         35.418257403394946
-8332.065076642304   -3880.5823974119253  1         1.1476115514592318
-6677.525653012761   7500.788104755352    1         0.24280213181988927
-7459.958684569315   3767.221689073975    1         0.8087903416958823
-9042.26756618952    5352.126750796131    1         19.853289335012896
7161.877091551732    -4658.532220214261   1         0.5396085508830593
8216.268309911637    -6523.5351142101845  1         0.6944540589170046
3351.1640410448126   6336.336333802981    1         44.407660146818685
7477.960457037322    -5639.644295323911   1         1.059180284887192
1770.604079254612    -3784.420185217082   1         4.1391626565360955
-4527.490132208033   -5272.501862971668   1         0.8864675793985939
1999.4277240523872   9872.062010393483    1         1.132518036522355
3254.525206687925    4903.861610276376    1         0.6170375972063824
10318.905582267704   -1921.4118770681166  1         0.576890105110053
-854.1798538801403   -8428.770680843083   1         0.1079441561284827
2867.461679834562    -2988.2265943149987  1         0.14674098475709563
-6442.9645866226465  204.53710286914972   1         0.7752608926742601
7928.752274884038    6953.842780830484    1         0.21523732998892472
4059.4245962616915   447.623420893824     1         0.2701675582117833
10489.972869498939   1903.5204635566633   1         0.9155612746520003
1776.7068045064777   3223.478781771264    1         0.7475300983689108
8802.705178279488    -4591.263489178404   1         0.6574891375621122
-4861.603365891733   4056.4451042591295   1         29.444563924924974
2309.1101895638844   2474.765781391509    1         0.6061606514118758
10457.89910799178    -3491.758433324131   1         10.281095622055046
-10503.999097575745  -1833.5607393951798  1         0.17122777433817873
-7027.136301356247   6629.724550368314    1         20.874879122216615
885.3470056788597    4811.802402541316    1         0.7576805603555126
-1310.7435880779237  3087.0455568936372   1         1.0042174473513032
-1000.1581116161087  -3084.5404971024805  1         0.9989806741652322
8842.111507314461    1831.5359857777607   1         24.506383088363574
5871.655882542648    7447.183329161537    1         0.706767122745999
4561.040821940453    7895.824480564671    1         40.418044964761286
603.3754768041417    9548.997603929914    1         0.27763127878785687
7443.771119815525    -5654.596301934668   1         0.9892881240175371
3652.0987994767147   4824.137832327472    1         1.1828375947027496
-5514.5072711691     5559.514121930902    1         0.6478509150901595
7310.128140368498    881.2963809780842    1         17.41122819098014
3323.5855001071886   -2274.2601432494957  1         0.8172793127761334
-3418.3052559411185  -7528.610065552642   1         0.12507610354817
