trucks_count 3
drones_count 5
customers 65
depot 0.0 0.0
Coordinate X         Coordinate Y         Dronable Demand
10688.56447683841    213.6213714784234    1         1.1593711544002694
2059.492627259573    13459.45777220228    1         44.30004483059161
9282.622819130116    1113.7523159057741   1         48.10563108978497
9369.523675906401    -5229.73223079873    1         34.30066443466849
1134.825785084848    7033.3642622318575   1         0.5747695863295543
-2176.1181142983746  2086.6791288736895   1         1.0175130029720592
-7687.000619671325   -5146.236722399248   1         1.2332346259205433
6564.5543865541185   6033.837598949984    1         10.440041099674497
-4121.7678803857925  13198.513105517319   1         0.1469276880367458
10258.26348407673    -3743.9031345561684  1         0.8070516472493479
1405.0700712929784   -7256.450082259614   1         0.3316745980564767
9887.3630950194      -454.9770325771936   1         0.8471551778993482
17826.319729815114   9068.332231630939    1         0.8761719549364483
8031.589659322811    15.838100744092637   1         0.8058420131832353
1432.3408916899145   -9896.369228963933   1         48.58127868025987
-8849.327763263986   -3885.7444740801357  1         0.16948522846805236
-6820.7091779110215  -17672.574752406974  1         30.131494745760843
7547.179382053427    4363.581958903201    1         32.10203690328116
-9839.23213806216    -1063.9757839585175  1         45.841121403535254
-14328.915477831632  -13827.488418834633  1         0.9168459374151876
-1691.6248819609123  -2326.9811090085404  1         0.39765055662656024
5588.313572013504    -9331.417759906824   1         1.0279965619287832
-2764.1788209051047  -3642.3955162023667  1         0.7872996264497019
-5747.835969368591   1827.0039450913837   1         0.32557777738183674
-1667.0054894899306  -8149.652610090994   1         0.46028890342803097
5597.369653376395    -8105.406941613448   1         1.0317765693660181
-19659.649806150515  -1986.2521645033557  1         2.6819754704504257
2660.5562253870303   -7671.43158390204    1         1.0867317835679218
1787.3559680569367   -10000.155847702843  1         1.0051499126539654
-786.8837341321067   6722.919624365324    1         0.9963849710428535
5274.159173024316    11899.241043161393   1         1.200825430281037
6142.034962124783    -3211.7208220595658  1         0.7056149984511202
1795.087891811098    2039.1081495405488   1         21.353870180282218
3082.6316262319533   1234.8643668785255   1         0.8532294700384967
5151.850697489637    17957.444483076877   1         42.408426928088254
4356.142183080172    6388.890136381751    1         0.28513836104301615
-5019.637367279715   5723.532284275717    1         0.8337732359561899
-9679.581694860288   -14607.400640643078  1         0.8844723076012213
-6304.559627044226   -4623.5499870281155  1         0.2862749169903661
2809.072440009901    -8126.436592798373   1         0.9405845751740257
6771.921155443575    -2706.8284609510847  1         0.5079109732616173
-9067.304091845812   5862.1065688563585   1         0.9340696333778559
12588.450793286818   -19427.226348098935  1         1.07627853905102
-16149.157157429088  10444.401492740755   1         1.1911718984144637
9214.860718373202    -2916.402790798014   1         0.6580480322313171
-4174.608605305234   842.6722242000328    1         39.210332679157645
7327.144980884111    3407.013600027297    1         0.9922208489385962
-4640.490137919034   -15717.274456665764  1         19.142472782409868
3580.089708643261    -4052.3711513626895  1         0.5689633643964753
4354.0865597452175   4561.079449406338    1         0.6279738128255892
-9430.369651356188   2605.8573873015885   1         0.21671713941244392
-13011.28179434942   -14126.498720615748  1         0.20454173127015612
-3211.481945037746   4613.686188093617    1         1.1918169125443607
1652.0502547694414   -2575.7998851779284  1         0.996006789189576
-6318.611209031805   5108.903092104182    1         27.843457549387306
-10167.580749306206  -918.448199737406    1         0.6496383659191083
-4547.253017491298   -6456.187235182022   1         0.27515230295146637
-275.78468823205003  -10487.235093081428  1         0.2879113833433752
5056.236410279038    -11551.260292928133  1         33.99385113649671
8898.47390511796     -3502.444139758336   1         26.547580507831533
6006.439279392872    926.7300133262362    1         44.39220758044585
3137.384710810064    71.07321763372381    1         0.7977537843729589
7169.299744044604    -1405.1407441666727  1         1.2470505774233318
-3356.4053182546336  4568.0057976208855   1         0.35674349683954665
651.0799678646893    4773.724803503096    1         0.8909940022556695
