trucks_count 6
drones_count 5
customers 98
depot 0.0 0.0
Coordinate X         Coordinate Y         Dronable Demand
1746.6702974465388   -2015.5908292823467  1         0.40408144822184666
-2814.967239162658   5709.454303410456    1         29.957295264800205
3351.0510218761524   -4283.079167819408   1         0.20599271246059783
4239.0271878893345   2270.903931647125    1         0.6224138829230792
-1346.6471403275118  -5300.525288341081   1         0.43084599458638373
703.6833036089195    3501.709755699278    1         0.3427814147056114
-4287.403264896543   -4091.7781453507155  1         0.9655767295527562
4092.227949094916    -1337.623635077466   1         0.7941769489207168
6564.36143060541     6528.027702206419    1         1.1855137989050348
-4275.994120867816   3009.087979007598    1         22.199033325657638
-4452.811153481858   -6390.4409078147355  1         0.6061293995521679
1123.7839415482094   -5525.383262080615   1         37.42700826295685
6590.802636808955    -1670.5649388461645  1         0.3500992436846807
3723.2871105624636   -6208.024656209169   1         1.1883263901986292
-3435.6807603404254  4096.594175447867    1         1.0579849626231947
-2313.73563379343    -1540.9180303149146  1         0.534401210907967
6279.563798189141    2775.6840376321306   1         12.57324347344305
2937.3668966617656   3012.6553981314178   1         0.4558075849173181
1556.0458199246966   -5164.517787148537   1         0.8973430305524683
-2530.0354435396844  6221.871781378633    1         0.6487619099787586
6519.865692716282    -6418.966815781353   1         0.8325793549513848
5239.357944470134    -5216.1313825141915  1         25.648612977663745
-3204.04039028961    -4069.433007349418   1         0.893318975225799
-3103.036444710359   2362.804527835245    1         0.99225834386372
3863.1185697359447   1403.4885052068191   1         30.925582219996684
6419.969510554371    781.3413399910884    1         18.26962065864946
2396.4741176906964   2826.0739509341324   1         0.7804699413922251
-1218.8838235373908  1146.9948971937908   1         0.2964787318591685
4832.018687282046    -5539.243323572661   1         0.13346559557001855
-866.5377766231929   4003.311996384904    1         0.1518098998721073
4457.748202591034    -1775.8021266944968  1         0.933992004576481
-2394.7097444409683  -5435.387702960873   1         18.968797862347948
-4172.480280464484   -4285.341716162927   1         0.16243364574632962
-6538.458002647546   -3661.111279058291   1         0.5167583977399101
5561.166896192251    5977.613781209624    1         30.965814597715262
6437.8450254849595   -5437.813734501746   1         1.0427247044597767
-2945.844370605491   238.66876557054323   1         0.6326884849716937
-3214.638460665226   -901.9317081451354   1         23.839424120038665
-4453.071662449325   5854.550248803969    1         45.00160745449161
3071.0232084259187   4904.02050317945     1         20.26688489410192
2754.221112388283    314.26969976682994   1         0.9394231689438809
3090.602329755885    -1607.754195498627   1         1.2463394900199372
-1332.9258773831668  -6260.521543133052   1         14.276039962940418
-6003.520425681547   -2503.754047662138   1         0.4527986536353119
1202.8494570814041   -3916.573494831279   1         4.844144496052547
6133.081941611773    4727.660508496009    1         9.440710706012563
3091.0579100252476   2969.380926062784    1         4.807355529373377
1850.1218795570458   4499.061639776022    1         0.7405453712887409
2250.9521205111246   -5458.327936654589   1         20.37858180362412
5880.857718033643    -157.77801289687068  1         0.27520361479955463
-5663.806735625786   -4285.777800655325   1         0.23550955400328652
6169.190188362012    1327.113866222322    1         2.8100564746199215
-5500.396935827031   1986.6347106060819   1         0.7824059693007438
5004.133496481529    -1692.0518137468914  1         0.6681667774517939
5878.120543721013    -3221.1103330394185  1         14.416644958070826
-4953.249166530456   3217.4548100521774   1         0.2826421287729466
-913.2229766533119   -5531.115727453505   1         0.6445639553378417
-6584.594611927344   -3952.4206389219125  1         1.1618148612714614
-1289.3741269267637  -2853.110728017534   1         16.335752581553454
-6081.771853325329   -6344.3753278696695  1         0.6012663927012248
-2819.0877678708803  -1976.3054997772288  1         0.42284733407402497
879.6853621378668    521.2114075796462    1         0.9978478016317751
1626.9936094184504   1044.394424166575    1         0.8964517749708159
-2068.2493937409813  -2452.5576583106003  1         31.252625983300135
2816.631608617284    -1818.3816908560887  1         0.29092529487989194
-5832.294074078612   -6342.358937615902   1         26.20673156667231
173.44309528128008   262.46184861981186   1         0.9112940730350716
-1833.0966423073608  -3976.629031555176   1         4.3036913504171945
1513.7701549639369   -6144.0128939169135  1         0.19832076615788957
3934.983096468549    2288.5639644524513   1         0.27661674037292316
5925.855136587981    2631.0811962279495   1         0.573553381773738
4154.381330824284    -2031.2871105671654  1         0.2413420305635822
-2484.0579811256166  -5448.062201460495   1         42.7877797140498
-1951.0414608948913  -4373.119440050715   1         38.755685671142096
-4495.192883969075   -547.0414684570824   1         0.2056239528341472
-2271.0930372763814  2451.307449708669    1         0.5348981803719597
1653.0599431556786   -909.847896492826    1         0.6095593500244952
4219.956101405733    -182.97021726151524  1         0.537610215343759
5455.0476742312985   331.36882174510265   1         0.26912927160783773
-250.73332024425497  -1159.1381172897861  1         1.2068922144328467
3751.508430535398    2681.329364937195    1         0.45361224076047557
-647.7617201920472   -224.40926454643713  1         0.496776453040478
1852.3966606385563   4308.373773988966    1         0.20367042919756406
-3189.116140555029   2445.8632855302967   1         28.566936626590063
-172.9944948727235   -758.921422483413    1         0.48878084874658867
4103.848610674571    -1995.2466740602579  1         1.0342740751239234
226.87131019013134   233.1009857592897    1         0.25846485047547796
2121.7230983457657   -5269.892087404904   1         46.13425792662966
-4163.248439603289   -2657.9604343388355  1         41.13778176559495
-819.7656851327329   3211.9859575891633   1         1.0099936433290422
5208.089628269476    2342.460246404191    1         0.8538352692698028
5924.7208076283805   -639.536834784808    1         0.6836864807158977
-5922.097749317506   -6522.663769929618   1         0.1338932010918223
-950.729087258459    -4350.662904571249   1         0.5373022089098898
-2912.9449833025824  1562.3038903216259   1         0.5529709363656562
-5372.054477514626   -597.6053606409803   1         0.8508795636771017
3520.7841598349223   1231.7695206425915   1         0.3478774953837874
-2570.06182144565    974.1474925106587    1         0.8436667000691774
