trucks_count 4
drones_count 6
customers 100
depot 0.0 0.0
Coordinate X         Coordinate Y         Dronable Demand
-1425.9863489212091  3944.0195502241886   1         1.064856080241304
-3129.3675024149215  10971.569730011797   1         0.8914218839771063
-2065.4957087280877  7867.56452697604     1         0.6679500699888923
-2519.4703658134263  2183.850187321508    1         1.2132488184584638
-2302.800601717051   1242.17313982368     1         0.8373657281519682
-3013.324913359443   1637.7004782645458   1         12.588231291694225
2292.177784170688    -9161.844928250783   1         0.46046989436769703
-716.5177561129403   5794.165416315636    1         0.5204709219040874
4973.53248379158     12351.990708696281   1         0.1874522868134652
-1024.9173440169263  -6824.201770118889   1         20.49416257489377
-50.61055966270376   4763.3819621963885   1         0.5588414639783749
16082.102129952607   -9948.45070236853    1         0.6733310666163362
8872.189464807047    -556.3576062621933   1         0.8930260178256203
3506.748212057525    10055.918244813218   1         0.15078575461027538
-5614.012703799976   -5124.571147974404   1         0.7954471221352201
5740.3164567653075   149.31794635083315   1         0.5300459370016416
3506.20323480807     2633.496267077688    1         0.8955649681744575
-2363.674584845586   -1530.8598588023938  1         0.9123570899198422
7983.2167768531945   -1960.1769814313964  1         0.5403900553339113
-1233.0798572514284  -8629.808237715777   1         0.2912160690659591
2875.463853464597    1621.9223767481747   1         1.0936534608905395
12815.575749546002   -142.98203407080655  1         41.13822563977426
-3151.1970055789143  -8774.532723609145   1         1.0359601173438264
2226.00340938974     2238.8046244672128   1         34.2767196218981
-4318.392325039427   1782.1102457986017   1         0.5251214654868942
12763.22537416693    -17792.473366631104  1         16.510546739233554
-4732.184316524383   4651.648037438808    1         40.78136340333392
-6126.363568727647   -5707.420449904956   1         0.3056721518385723
9531.355235613812    2883.3763596349927   1         0.8678499334252348
6863.940575445982    792.5126492026166    1         1.100593652126815
1458.3438850513726   6032.107821082436    1         0.6065433692178035
13824.500836909905   4803.701310237884    1         45.008881138003154
3449.8405283320076   -10036.496514784518  1         1.142554274980138
1928.0414706932888   5088.398169790332    1         1.133162005765735
-7762.677483717852   4270.704227613274    1         1.0407486928558076
6786.00216275751     2425.901048698664    1         0.39224630094386526
6130.703293780707    6848.604879976258    1         0.6770036400538928
10621.329164625122   -1781.8521753027344  1         21.585108003063198
7588.314738656885    443.26186460205776   1         0.4527096757519986
3888.7257177862184   -5987.410274963063   1         20.161567726209793
17174.931322897635   3658.813842388594    1         8.917788256073646
-18856.841343121472  -1848.421058967764   1         0.6219152918286106
-8477.467833395453   2172.858291113098    1         1.1227566460268161
6227.69114256588     8754.145604627203    1         37.38300741911891
2497.2413792892235   6821.985134719259    1         21.95015910580098
2536.4646115054466   -3972.09220203179    1         1.0437408714390892
-2740.672515306638   1609.407613317457    1         0.6677349922094175
-9655.079511569942   2920.7079910779344   1         0.27256760420937814
9853.17551432952     137.71590079629001   1         15.705516975095748
4487.361626174958    -8189.077470358256   1         0.19249448101900507
4228.86708753284     -8806.207686700165   1         0.14593717538515497
6420.485962101022    -6151.275284382981   1         0.3149797590140974
-5187.650806117821   -5184.084584042456   1         11.204959451385365
2236.9067420919528   1119.2164295320545   1         0.7965354847390858
4153.710912100138    -7932.160887096947   1         0.5845079210149378
-2991.9629784756185  -4248.356064319602   1         0.9758211890246589
-9131.036025058866   -2241.1688173324073  1         0.8820779197011056
-4868.2205175238805  6069.5566163347285   1         12.43324898555895
1715.8651297997458   -6899.301540867777   1         1.8596188927780566
3542.9793988169117   -252.27038269368683  1         1.1416758006971388
-5116.4200476419965  -2994.133581068633   1         0.879913054664599
-2927.050293752109   5829.207451517829    1         26.682264752089417
5349.829092868097    -4494.556712538034   1         0.1682494407825738
-1930.2986868672306  -4164.957460695849   1         0.16991589167299803
9009.92622317821     2122.2384699634945   1         40.17619378818889
9156.696636911733    -418.87344871833335  1         0.38929746557029776
9449.187378715491    4730.595912795718    1         7.520348334007497
-1866.3272253048954  -6041.848321929279   1         0.43676834336140735
-181.24708024871632  -5832.319054154823   1         10.017308033410826
4698.002014846076    -5050.09955694859    1         0.12816259602043653
17.819683799533173   7530.405560747898    1         42.29586931015736
-8222.457538762601   -4003.263269011891   1         1.230818940697302
-5187.990624643547   7143.4847497667415   1         0.7862914914166393
-4666.140951955458   -6518.843092871354   1         0.9544766002393131
1624.3828302369327   -1368.9438883165046  1         0.48798480505571196
5658.233015882072    8722.82548712479     1         0.29296983397840276
-8683.471693929172   237.62145897555808   1         0.8581283404913724
5659.761345040613    -4751.1693257598035  1         0.7622931838232
3734.5384398952065   2773.7063676898983   1         0.5876945140959304
3181.5923445195635   -5578.775781837177   1         38.295714017348985
4556.420233549259    -5369.18054349342    1         0.7711109605210079
-2658.671018387517   -8552.459443553415   1         16.71255880171281
4681.72732206294     9176.683858878208    1         0.7783782579918422
-7454.104579760275   -782.4472429809688   1         0.217937591129989
-5390.369632332755   8335.228816566392    1         0.11608136399123124
-6661.7334365461065  -5262.552139583288   1         0.8720311539286785
-4531.973112205603   -9661.651065235932   1         0.9579445436157933
-8430.464787900522   -12649.174709618168  1         27.51952528193396
1516.3797517346234   -4585.662786401856   1         0.9903852571371906
-1459.2233586205048  -2323.0162315865273  1         0.37814736855217246
8584.436515319952    -4490.623071659915   1         0.21368490963359038
-4088.0095130904956  -11604.136769453551  1         16.653777490970057
7164.729427173947    -2672.5986796567336  1         0.9267977397420835
648.8889852100305    -3672.135605798623   1         1.0114784097592235
-1327.1898166292865  -8616.565987163867   1         0.8189088419588693
-4512.03417274438    -1873.6633918132463  1         0.6414821262572412
1634.0271881255467   -16005.365632090416  1         5.368860065181963
-1822.955499818678   -8943.977771227115   1         0.5894726595561333
10271.833028240846   328.1990161659881    1         1.0686211778335248
48.45915432810386    6453.5471249781785   1         0.3094882887760724
