trucks_count 5
drones_count 5
customers 49
depot 0.0 0.0
Coordinate X         Coordinate Y         Dronable Demand
-3840.5474895630423  6707.132802191954    1         47.16311646492547
1736.173290012388    -6694.237323226322   1         8.661426283771991
770.0672289263474    571.0986442694353    1         5.200867192391591
4591.788947121454    7433.245069385653    1         0.6382610354259398
7225.187662668123    4894.527718731235    1         0.9247817950621914
-1559.0451804339552  3215.225158917982    1         0.8251142473381673
-6718.799936452743   123.22418118455711   1         0.9000443295031532
-7829.562455446575   -2061.3818012382535  1         0.696084104045942
6442.857299158746    -9817.848211905583   1         2.042094593919881
-8131.041154200939   -4866.1512384094585  1         0.36944372282877713
-7097.62889728334    3380.8984442819665   1         0.8190363058870759
1637.1731296510384   8136.563466613503    1         31.240542616416256
5938.526167361217    -5200.843925155218   1         1.0386696212311117
-14064.996295531579  -12735.626854267946  1         6.292272153732346
-4219.554414470419   8574.168231096673    1         1.0848039973464079
-5147.309863250193   8372.867099324152    1         35.82572401734428
9159.34107734781     3368.756385329403    1         0.7770720793564609
4367.736291011927    -5468.866083047553   1         0.6565623852518606
-5291.49234850153    -7542.696172328022   1         0.9231130090718709
4045.9743079840496   2196.6902671229263   1         0.9764787590915281
4402.647868961166    6860.699283482138    1         24.36995438393818
17859.97571883873    12323.84634915278    1         29.255645094035547
-5523.08982949776    4267.073304085538    1         0.154997082260007
1633.4332157616263   17162.392460014496   1         1.1470808043982779
3791.252287810092    -3462.419069272802   1         0.9736233570162057
-1833.6524206277695  -5515.316417806916   1         21.432238723508924
-6101.262495965348   5865.407965479782    1         0.24752658271966968
228.579219965518     -2620.0321230234113  1         0.9170706716565457
7085.348254911667    -830.6382062553273   1         0.4013500375279764
-5862.874991774112   1680.8169901567614   1         0.7424978682957526
2933.357439402494    8945.976424380382    1         0.9379428889850623
6934.885704479034    -7181.492075707362   1         0.9931839632280196
3752.397500189065    -16294.802135927868  1         21.7870061756598
1559.5886122600107   3237.8033273423166   1         1.0917703599089932
14904.4505075919     -17650.352016093064  1         0.12153463481866092
-776.8340493255491   6373.723709905244    1         0.2413101546101717
7388.519268851658    -3448.6140448955416  1         0.24966078831517027
-4097.116575308722   -10017.585239295804  1         14.768423846976358
3264.3536035918287   -480.9693336639622   1         0.13829737960475236
3154.0131214664716   6228.313829373104    1         13.14781113457989
-3658.984587846452   4.510245873437435    1         0.1193461672163627
-2498.522289739766   7823.034282917955    1         13.335040405984229
-2510.961734188248   -1130.2835118713672  1         45.56219081220785
1184.5764602744161   -473.5878103593607   1         27.564102773338053
-8030.94987828417    -5777.301578378528   1         19.337003486255192
-7240.744806550056   3124.3993418354894   1         0.7527531484036314
1363.1950619450033   -5422.684615576752   1         1.0018296023762452
3469.2901374148296   9766.37293402621     1         0.5711521968947462
2357.7544887045274   -5410.5742842958425  1         1.0030042762977742
