trucks_count 4
drones_count 4
customers 80
depot 0.0 0.0
Coordinate X         Coordinate Y         Dronable Demand
-3385.164238709185   -10308.003535925094  1         0.2652336201505703
-757.2642082937285   7441.069175072699    1         0.6483478982077081
1287.0232229710869   -5821.886715562739   1         31.252194309415792
-8209.60032694614    2641.832202633593    1         1.2398087513780751
-1153.9507398226222  1461.6470881028563   1         38.08575830374429
4680.411595165159    -8077.509842774806   1         0.608607461180143
-8969.03981094791    -1455.7522290564393  1         0.2024395925818141
9815.74891358446     4650.984880592912    1         0.30910596217193287
5509.230626229215    -5040.28530041528    1         0.4005259148010629
-3695.2166622231384  5001.501665686334    1         3.138774759634406
-4156.419734313942   2688.322036767302    1         0.9705161348085891
7364.075317790694    4982.22249740791     1         0.19924454005654516
-1555.8271571652847  -4558.099448227429   1         1.174543882461138
-176.4496388201247   5744.8901511128515   1         1.2023440336756466
-2357.3003525884023  9886.013495168743    1         0.9513291918731162
-795.383990651205    -9722.609979466692   1         1.174424941510468
2380.9164512783614   6692.5484775515415   1         22.157377853283993
-9778.699919915503   3088.6003705693975   1         0.623845079266325
-5007.562750427589   5072.8716563207745   1         26.505279559295005
-3565.642724981035   14521.004352479005   1         28.44029929852643
-74.4953551443432    -4466.327214561552   1         1.1301742369217114
9214.867049814957    2971.494881422098    1         0.1600357220964091
-5163.345143040326   -5745.346567039174   1         1.1425230185750508
-4786.783343292765   4796.212496155644    1         18.957933962064573
13709.075607056384   9782.540199678282    1         6.731302013131501
-698.8418784729546   1147.9652330887495   1         0.9312246194117711
-1882.224961831616   -6975.211135084994   1         1.2276559137931489
4443.479575761943    -984.1322052604864   1         0.718040243936175
-2294.1003172033484  -3505.2570499615686  1         1.2216688625899554
-2517.30353702214    -1282.449378923178   1         0.3791669828614974
-4829.071085558486   -3268.422526053764   1         1.0174985907011338
-8293.825907436249   6937.632599072205    1         1.095116051612363
-12936.385502518582  16011.926129136868   1         6.14353859228811
-5791.1126973718065  8922.519844206136    1         0.34965513705012197
6017.46571018536     3372.437874028936    1         0.9485909503948975
1935.0065128236654   7433.872038158238    1         0.8819979474610187
-10436.286772922535  3301.6364222535817   1         0.3906283012291125
4223.122001174359    9019.346069318568    1         37.403364633772725
-5834.625724461432   1255.634341085477    1         0.4715104627686605
476.7540099720135    3741.9177939870783   1         1.0044920484668332
7540.294731534594    7074.655709821034    1         1.0149875528621055
-4586.6897180514425  -6177.370347469544   1         26.967803113036187
7416.620424099763    7761.656193592171    1         0.9356433042245449
-6713.0491634213895  -4837.812807165821   1         16.64150686755798
-4117.558007476367   3924.71154631389     1         14.080823851814683
-2051.2432969950064  -7953.290671362547   1         0.38648928254860393
-12236.044933231919  -13523.178949604355  1         0.4052710791122487
-4987.303663075475   -7783.188718614677   1         0.17093167831183792
-465.3529315968697   -4314.201463242418   1         0.5191073664064574
-3843.769609997178   15928.900788807307   1         1.2028677252498807
-967.3280526559024   6996.2768924799375   1         0.5416429139382392
-10635.548200755191  -9178.477003184675   1         27.568819548514064
-7854.149485902996   -5317.028383174728   1         21.107045421071618
1329.5886777107355   10583.912466909176   1         1.2093848374880718
9695.576651913556    -4207.129053648383   1         1.0500690979181253
4012.0166909290565   -4775.850404194613   1         0.35414751420112145
-2024.469122650144   -9332.452053116918   1         1.0666471786658314
-5559.040334578549   -1544.891829485751   1         0.8714014370091354
1287.7912006237373   3875.3928492732334   1         1.1399633317676374
7629.985575187463    1530.2575547021115   1         1.3759332811167384
-773.0496424371322   -10425.568808443104  1         1.0363544989611047
-8864.73237283491    1382.7962565666062   1         0.7336072250195322
-3920.905316699194   8089.062755369377    1         0.7212721895560354
1390.9172494297957   6801.322549386043    1         0.7935062137508392
2879.3055048493593   1462.9051342765792   1         0.11449458021743088
-7020.066824556113   -5602.96704672479    1         46.93629028153001
9581.582551110652    7054.296584677977    1         33.62069015764387
2705.6302357991635   8214.77317935867     1         0.7913598725133901
-1326.770765657975   -15004.497372609781  1         11.24058622525969
7993.618997855677    5828.125025438371    1         0.19970565954854447
-6370.843382285929   -4265.1954528713     1         44.70373935051024
4833.693313707541    7650.683381235178    1         1.2125456645620514
-4634.665061971794   2443.1365246710648   1         29.99484476355991
9430.509966681537    -11446.922635677112  1         0.44917095457339096
1424.939627149773    2669.6147426260227   1         1.0742078297934194
5048.836771264949    558.5668239649102    1         0.7752788208906866
9282.623601125117    -10396.614698301797  1         0.2504212485666415
-3163.894845366561   -9417.191319717476   1         1.0391473346147835
7212.709911494446    -4878.801977073324   1         1.0307090066396638
3827.667949937877    10939.337620270853   1         0.9308454555539583
