trucks_count 5
drones_count 6
customers 100
depot 0.0 0.0
Coordinate X         Coordinate Y         Dronable Demand
1362.2630036931378   5122.571444567038    1         0.9170277930830628
2780.311306640434    6504.108743107515    1         0.9407499376561365
-2529.291858210552   -2255.906226344219   1         0.8063148893816376
-3997.1080834664717  -3406.9005374562466  1         0.49421091375953474
56.17937467091779    -22.32112099880425   1         1.0034382278852383
-5270.480537989719   3078.3042320666887   1         0.40049106644123655
362.914868133259     -3734.2164238269606  1         0.557632550331648
5299.162324909621    -6641.296459625124   1         1.152293961754581
7090.299455602127    3803.9335243078717   1         0.555042525128623
98.1163529308034     -4534.686419307783   1         0.7763212178434162
-7614.133186131047   5115.7342539421015   1         0.7350631604535877
589.0291619179118    6301.062210657813    1         0.6916179275611284
-3401.800089089819   -6705.67683112405    1         0.9168341552730762
-5177.773325378914   -2870.665970585286   1         0.8678980471412117
6173.081805022605    -5229.288886985993   1         0.3798699308334492
2123.703255940363    3006.636835816519    1         1.1156209069657268
2529.075510448615    3939.9930920305505   1         4.009443051576701
5345.517685877664    5026.810897744242    1         12.228505292314475
7352.41747567336     -3799.7500039438096  1         0.41491003911746127
2724.964406243725    4092.3514588646995   1         0.9721783146430155
-3711.5115133286795  3890.2058907628443   1         1.0551356508012313
-6126.176705581411   525.4020403803452    1         37.72609841890984
660.2809532865037    6501.969042029568    1         1.2206767306642505
-1846.7783862257254  3743.8140550251605   1         1.012053027647559
-466.3047353651046   4131.930471863196    1         0.7691804516998327
7014.755897621865    3137.6219658139607   1         0.8135445704644575
-3229.1171149199527  -6078.227775637196   1         0.9757801225981703
-6409.578030356804   -2960.027207194198   1         1.1908444319594687
4128.125346905545    6686.045479793156    1         1.4768049457847547
-6450.703015116625   4692.904308293065    1         1.0605630707599323
914.2974261575788    -4118.315837522792   1         0.33805630504316025
-5655.7153177054715  -1935.6452890938006  1         1.0593882390514562
-2225.948423240165   966.3016143763122    1         42.27167969500153
4833.542260970188    -1871.5240659193614  1         1.1895836099172445
-2115.090881759919   3146.4734462130164   1         0.19215758730600463
-582.424459157779    7306.0393778945245   1         0.6530480505757131
-2049.2371769446772  5938.254770209337    1         10.772262419167772
4203.978689929477    -1050.6162075992343  1         33.69652190795662
-1483.5209320201675  2506.3843858772098   1         0.7602032861998229
-779.3717832870876   -998.6650791172901   1         0.5318586923546678
-4671.981199932257   4547.9667237503145   1         15.117431727169732
6129.970855370093    -2916.6085551359783  1         17.498682466737872
2424.7464062068543   -2576.515644133586   1         38.259014410592
464.09386725316153   1827.0126747306074   1         0.38067381273920975
7402.489917025703    7135.042402735409    1         28.07383301988466
1915.3123263063073   881.1780201510924    1         32.14644933863954
1839.7771695100205   2564.451774435234    1         0.8944737723812151
6749.154656460326    5735.293158073891    1         0.7025049128228295
-3228.954791314324   -1661.5905074707603  1         1.0037324014105404
2761.7831124558443   7545.067454641458    1         0.26792607330278184
-3590.8406961762307  2518.9551709759135   1         0.5717340401472916
-7046.967795950081   -4809.026630324288   1         1.0423764877607202
-5452.808430331812   -3584.3864371755562  1         0.7134854390199884
3959.020248233818    7148.883798688029    1         27.37421391390239
-4003.4631434350595  1567.6844724482353   1         1.1363177023889233
-3404.731114505496   -3841.5160448367456  1         0.13276103438044384
2140.2011203800703   -7318.761278530332   1         9.523986297531957
-7574.459269054335   -2262.753903774067   1         0.872070396166996
-4792.26443486966    -5530.5457286323735  1         0.4831045963016072
-1391.60538771901    -3070.4640408617024  1         0.48432185852273124
6379.278532826295    -2505.385412120732   1         0.8093203301059655
-291.8270886200169   3630.8447013446407   1         1.1007354400441334
2160.6694899634267   2340.913085316718    1         32.87543934333699
-261.47668668197036  1641.834586768462    1         0.8728235315423104
6840.6633383088565   2668.7216394452676   1         1.0981178906683509
1606.5069149232215   3424.447804787237    1         0.9754215185354106
7239.044572497353    -6461.956724524655   1         1.047084286327573
-6970.005835782343   -5833.449390551519   1         0.26993596134586084
-1322.290175009769   7660.432474349739    1         9.82356702782291
-5431.985234528729   -2253.518096251767   1         0.5843559209468244
-389.95334255600847  -1945.7215162028233  1         0.9565578820316105
7231.667993372455    -506.94086808074996  1         1.0204063326646298
-6100.537892079015   -7303.722285808974   1         1.020526044851526
-3228.457855332368   6374.675314635761    1         0.40129774485250147
-4155.2394788791735  1080.3226219320802   1         1.196402038890099
-233.24218070186998  -1886.5516081296582  1         1.240546999156775
-6044.713703417862   6596.445541089878    1         35.99317624646209
-6713.9867964247     975.2129815182607    1         0.47154770214079356
4148.368747857403    7348.892823577898    1         1.0831350615689577
-3036.2213146029408  -3986.1542085976275  1         3.2023936571139515
522.4089246255887    -5096.449683113151   1         0.557195249083499
4894.252200335378    -2700.98682631319    1         0.3364503912471947
-4414.937359835845   -6637.168764102906   1         0.45841292277870427
3676.5477457436814   1156.564547635233    1         0.9798961105438744
2637.348899097001    -5572.255770031003   1         3.0436703932545575
-4066.1563822887165  -2460.469453360619   1         1.2275202995396695
-1747.9049671081068  7629.236821728855    1         0.49917920775506075
2584.4156991440823   -5402.335709472444   1         21.9436635656561
5569.283381260597    3162.893315133287    1         0.8381676734635787
-6693.698678606664   22.86623493349425    1         0.8805994339950667
-4546.502554763637   4266.610481124444    1         0.16367416416824243
7154.463337527663    6092.416898470224    1         1.1214362996449632
791.2224166374881    5618.318179607527    1         0.7167227959931493
5065.585650759282    5601.313137887687    1         1.0878663962018553
5125.402868322427    774.4890774216592    1         8.437871363545725
1156.430819495457    -4266.414238240062   1         0.8965352543343927
2348.6336323830205   4540.68292193736     1         1.2322128098537775
-569.1255090324026   -2736.862619276385   1         0.6176545043647583
2387.6876716083057   6500.000219701817    1         27.07721139615902
-6679.859504128046   304.9612318049276    1         0.41384908904118967
