trucks_count 3
drones_count 5
customers 53
depot 0.0 0.0
Coordinate X         Coordinate Y         Dronable Demand
9392.422755639442    -5300.252904457969   1         1.2470540223334896
2895.034490284317    4086.2275943759487   1         1.2430817454833412
-6606.997484104978   -3962.2495110418563  1         0.27915053195802564
1730.3404185308646   1293.08834009364     1         37.531826839174094
3951.437069895448    -2248.3186878675438  1         0.1831052389778211
4311.37323380524     -8884.044528275754   1         0.937754211448567
1851.7629967210814   17425.80188750381    1         7.935779983755665
-5846.3264289759645  -7628.108667735287   1         0.7957776620725036
-633.4095272134235   88.46270317010374    1         0.40197952563157735
914.3801936263078    -1404.0791253691891  1         19.925197818706398
10591.971965041303   1907.2285802791191   1         41.223183346140296
-6952.269196945778   -2240.0562382407293  1         0.7381772955139875
1248.2415799990704   -16431.552290236814  1         17.118210307880346
-4083.1539395364425  7641.006613932502    1         1.0929282607779514
483.42859865922856   -6891.860774725241   1         0.1940661219032963
492.6257213245269    2861.678052635373    1         0.24068494194975637
4763.586826280655    3416.375433718454    1         0.7240561490523785
-8846.633904153952   3460.235715764858    1         0.15545233703425185
-955.4727335675542   -2418.740396613427   1         0.7806789938939589
6652.013765582857    2417.4615502967536   1         0.9566736516749895
8250.819214120413    5274.105243597465    1         0.3206053856067387
616.2270557379779    -13733.27093296203   1         0.8200249536877597
-8028.503989196644   4645.864224231024    1         0.919429277092453
4340.712896503214    2256.46209672211     1         0.9204999890403759
-8666.401814778905   2200.2738181333652   1         0.5138753201177853
-5189.6542971033605  909.075979681868     1         0.16068974071706155
-3655.888944608273   7622.703738625187    1         0.977515236926099
-3583.082563746365   -6877.9937689502785  1         0.5638574972358925
3093.6640147312883   9848.60609760357     1         1.0842359065950236
-2688.608370404621   -2167.2676263450644  1         1.138441046654018
-745.870090765001    -9115.348993769894   1         0.37125985861491073
40.25444813700047    4341.687218715576    1         0.5503602892168914
556.3560792755193    1760.5524899627108   1         35.69010858142084
7948.801716863494    1347.3075640050129   1         1.1688296868610473
-5960.441089359287   2190.434506114446    1         0.4753257908625905
-3728.4482839353477  5486.7396847673945   1         0.3363101218416393
-6765.311246064015   2176.7718255014956   1         0.7447635540795748
2431.122834520748    -684.6604642040309   1         15.208782686997473
10927.67777536736    429.1759674698693    1         1.1559953232158693
-7933.279924614347   5450.250135943813    1         0.7749992724218561
9150.174820867962    5359.2832448947165   1         0.9024334652433689
2055.2845873388933   8164.4340225005735   1         0.4460086900837491
5881.64889613967     6970.672122277509    1         4.784385228727659
5525.760328528435    4434.269675418349    1         25.589652665904108
9602.227604105072    -2780.138104451781   1         0.7107872722163452
-4113.369541834941   6392.111072003599    1         0.9871470599319947
-14233.2895185885    -12570.109948256053  1         6.055085788854229
-7171.901171523996   4475.729634620988    1         0.5459317242649956
4380.089620843601    4198.056743762337    1         0.18579014112499098
-242.10585207565214  -7558.1648050750155  1         16.279258819637953
-7933.295510772576   3594.458022714204    1         0.47743147617287085
5839.337260474015    2522.163136595756    1         0.9062421023147117
87.77158809413822    4853.379438870859    1         45.66352845736966
