trucks_count 5
drones_count 6
customers 91
depot 0.0 0.0
Coordinate X         Coordinate Y         Dronable Demand
4523.4173625063895   6409.213387262382    1         1.1210151923804146
2277.231493184432    5222.808405091252    1         39.1507906498954
-1392.0881552056353  1745.1751007795876   1         0.8416433722569656
7755.2753292096295   3079.3066017327124   1         4.51994491855876
9698.226883230704    -4361.016314746738   1         0.10214274152316447
-7019.299656936294   -3184.646975377496   1         0.4031665929203022
7470.340134919174    -4715.470365503748   1         0.7616385839693005
2039.345448948807    6054.068168461333    1         0.8433880420893508
6529.526441737897    5184.23074021858     1         15.786158768116122
1150.0130301678219   -3139.3772971006656  1         0.8015177361635845
-2868.18148019521    3298.001939972955    1         0.9795852555414115
2943.75050210387     -5249.642649721139   1         0.9913614532550796
4610.257260030694    -4716.776938297195   1         0.1390604622479662
8783.106384344705    -1857.5964692313892  1         0.8655523379101097
-6269.76950163512    5456.168287522396    1         0.9604351229284137
-9067.160491653653   5560.114066984919    1         19.138841406943207
-1336.314721087467   -4118.870879946217   1         0.35307269078421144
-6607.862264699589   -3728.9933641014313  1         0.6129797675204047
-11735.76486298779   16739.393241490725   1         0.6986579622813757
-3759.0964870600424  -5448.560178723275   1         0.4657748233540442
2472.1527262629993   -9391.524266215227   1         0.7472261240065357
9620.86446134443     2599.5630914369904   1         0.21392534132649835
1780.0612742681235   -8735.766957116994   1         0.43574459100177165
-8697.928309942758   -3881.589081607475   1         1.08042113429241
8879.039020716662    5164.345492498433    1         5.55775456650325
-11487.923206396546  5108.927862763474    1         9.593524631690471
-5540.349026112232   -7613.177653227729   1         48.35323952600007
-1537.5888934422599  -912.5046671999502   1         0.3815116587573135
-7959.45609725814    6058.518309408624    1         0.8225631503300352
-5538.835534822521   -4008.7545686965927  1         1.2419985070954525
896.4675970465909    -300.2458375415575   1         0.5321696434873924
-3417.0101590309223  1966.2041108131796   1         13.735285598203928
390.42658716306954   -399.6050983262154   1         0.7597736673525569
-25.529558626475872  8946.022844626727    1         0.24774946485448482
-4455.292743952823   6879.517396184175    1         29.51826868757715
-5904.866068135351   -6127.9127155171755  1         0.6669695221616831
8468.251219515962    -4495.727604155609   1         37.083982935856426
5901.422948261412    -7197.2921061127445  1         0.40328781895417076
-3191.9287148686094  -253.39192275424614  1         0.5215398029172653
10161.569331909659   4030.8744397094288   1         0.46028481694412615
1035.7313963820568   -699.5923982207548   1         0.554940063804803
7496.949531737176    906.3488182637423    1         0.4247995330318841
-2222.632674136897   5949.697349806396    1         0.522870588864564
-15118.873954410023  4675.980695503542    1         0.14455322996765185
-1253.4466916550905  10709.74958372164    1         0.7033661786330714
9557.219615146198    -1608.0479810000277  1         23.065530131957214
3160.5932503933122   -5725.440060070834   1         0.1772983860346034
-2250.2753623736967  -4891.649267044323   1         0.46108182168736256
-6608.776724056406   542.4209048109416    1         0.5382553396161273
5952.834945906867    5701.195632618044    1         0.7948853142621539
1885.8320646588668   6511.520929608234    1         0.38467532481631095
1097.3665621766695   330.7957666552101    1         0.6836617120703793
-1439.7832736932403  -5816.154475523792   1         0.39388519789600707
9938.948393893297    -351.13741450583643  1         0.3395645953713732
-1171.7864633867641  7351.50896488287     1         0.10158241283952883
-348.8496187100407   -5857.078822003865   1         0.3521005703264457
7373.117621765585    -4423.2988243164245  1         1.1104250032649619
-2430.1352956018427  -1960.6162009629547  1         0.1782554407918514
-7766.089770159622   6181.773548192079    1         0.557316791548177
-8168.597858188178   1392.5611083382953   1         8.837336323470613
14590.695527618605   3091.2867217215935   1         1.042945033741689
-10283.300079314053  653.2562338768171    1         1.0085403275434401
3286.208196146257    719.7922634022694    1         0.15191071355479138
-3129.4884122199946  -14697.5246394371    1         0.23946262104878172
3378.856206687158    9308.961809774102    1         0.43635383725115573
14244.55308352234    14326.206703716012   1         32.31951043075074
-2967.9563153591353  -6391.646078887668   1         0.22758994142370192
-10369.09376734684   904.5005696281182    1         0.31745767263974145
5534.459302385036    10472.425644478179   1         0.5994218825038236
265.06303872862077   -4633.459923433234   1         0.46944313961974427
-2041.99433247804    2699.003904633789    1         1.1682097707265935
-3268.4596719717406  -9305.71785903367    1         17.963180755416595
-5653.066965287324   8916.478873792323    1         0.855080226765835
-6425.080195850266   -6201.889214617491   1         3.098455684035851
4307.328324976741    -8049.24456894651    1         0.9832909591235113
3718.6633668314107   -1268.8012626945474  1         0.31116813280754557
4972.020570695694    -8596.580421583956   1         0.23978661747357993
9198.736303238455    -1236.5192278759694  1         15.01970265514939
-2870.7642912860847  9318.960518079635    1         0.492017748801415
-4699.681884082012   -15200.452253953785  1         7.618446869948214
-12072.683411050573  9020.761968178336    1         0.9584730705929594
-1666.5297233997505  -285.2328954267296   1         0.21619173416518978
-1260.2611517113519  -6696.936702910685   1         1.0638426869074218
-3645.8607565149887  -5553.210517324436   1         0.26509294934431793
5930.28737035127     7670.822725495507    1         0.876551323629402
595.604998145176     503.5528126164578    1         0.6010988758587441
9087.370001277977    13457.807233287258   1         0.24935493267948702
9296.22345248901     -2025.657710666884   1         0.8526448015901963
1275.1765204457447   10365.248933558463   1         0.3603603364244191
-10408.970945082952  1488.8171676709485   1         0.6744934418484294
-6074.072233211168   7982.509278263974    1         0.565739873834847
