trucks_count 5
drones_count 5
customers 63
depot 0.0 0.0
Coordinate X         Coordinate Y         Dronable Demand
5239.1942444988335   -4968.190605927191   1         0.3712399087293282
-3739.923508882332   5249.316761805819    1         27.346502604821367
-2358.565940529499   2830.2172116795405   1         1.2370871261068086
2196.5457754050203   5183.571355574043    1         0.6966004930049612
-3813.607482807967   -2773.3752948577508  1         1.035888895792805
-2183.3030526236703  1847.2483670353693   1         0.8564475167254608
2326.7943829179285   -1341.947497683791   1         0.1467544892180772
-525.1340009487309   2623.793472805586    1         0.933655839087292
4463.459276681375    -1003.4556440588162  1         0.549011700887549
4247.4368834715315   -1688.8314995334968  1         0.22294531352554997
510.1164554443376    -1693.882443855834   1         34.4151718790654
-4586.209150388297   2896.659497511663    1         45.16385019025045
5799.001615882223    -2212.50225056752    1         0.5210860931647043
-453.8312583715106   443.6518745651861    1         1.1952918114277662
1801.477356590342    -1584.0931264159665  1         0.5449056534876375
-4913.100125824658   -5218.584556229838   1         0.7144261559741604
4425.604439784396    -3985.0950782443088  1         44.47686163828096
-3897.5716253909054  4994.066365402353    1         0.39804811060718104
-1823.142490544958   -4434.503707588339   1         0.15160996313985334
-3102.673189850746   -2649.274172710834   1         0.2191655089660589
2673.1660409516335   -2838.550450679376   1         0.33738212205330764
3683.484389289046    -2964.053590345223   1         0.4017788700268079
5223.359260232886    -4020.232720117685   1         1.166522801396396
5427.332632801448    487.97606044547115   1         4.6664932916951
987.4511378745947    1667.1481837587035   1         0.4557709123075807
5609.056364452601    317.4755100199129    1         0.9546496291014972
5089.377473186374    2547.8394756201506   1         0.20762737903706002
-2229.3185846928977  1967.4177328241603   1         29.87315861257043
943.0024756155203    2084.505181030409    1         6.541111160511701
-4985.30354165268    -4351.632733667598   1         0.13684190172786004
-3366.397952966577   -348.80918301012065  1         0.6732882715156658
-451.1285618733841   -803.6827616356902   1         29.549202177320172
-4285.882264841839   4136.0071007481065   1         1.0539176746389671
4162.103604738935    -1428.7510504494119  1         1.060623358992752
-3610.4988106015435  118.81655861466622   1         0.4494563214239774
3906.5020042175506   -5376.379863423923   1         0.2434262553973131
1209.6179957764289   -4296.829403238906   1         42.87960968568029
4932.778048849793    -1268.3746270159565  1         15.258601731389728
-4049.4734384241146  3116.4133057968156   1         16.808779168501072
530.0775719847047    4792.650473427811    1         0.7470368481439318
-1127.8762111373903  -978.3353201892701   1         0.2236497174237211
5751.564786023084    2350.9437314734205   1         0.33073018084371586
1827.409747048912    -2588.170588370967   1         0.2763298133129557
5329.288895589329    3448.7974096477105   1         0.7095562676599618
-5372.193845669207   -4947.600938956688   1         35.34620880379585
-905.4469444820514   -2470.3164501132287  1         0.9927130948061422
3280.05011113175     -5140.43960140812    1         0.6888871418302848
3896.2306468491893   -333.1254415593279   1         0.8816241039227461
-3381.272595493102   876.5062300659611    1         0.9021680434568685
-519.4281441421476   135.24252396996732   1         0.37747519136977103
-4103.187521830504   5742.2019385294825   1         1.2133861397484578
2487.1779358128      -3850.0298353396993  1         0.1195549900240713
4585.221640365623    -5026.077003686877   1         0.9384062887779654
2405.2918293180796   3459.3188790557147   1         0.1601031664658651
1122.668158304253    2897.9198096466953   1         0.8562499000551552
1088.6840502392504   480.2178460729077    1         1.023730436347424
-4870.61171951113    -1123.7663950340925  1         39.83764729036193
3893.295547851667    -2935.3804113473075  1         0.5392536138975015
-5657.945295571728   -3620.711909397325   1         0.7734490480752996
4742.5917932273305   5514.742794849006    1         0.2139665090167287
4106.200810565987    -4490.440826727534   1         0.8562565375410901
-3783.7186283458605  -3615.5041086515653  1         0.5650239437034205
2360.4484997642007   -2035.9463635431757  1         0.4864362080109601
