trucks_count 3
drones_count 2
customers 21
depot 0.0 0.0
Coordinate X         Coordinate Y         Dronable Demand
-2932.0261367598046  10261.46469099124    1         1.1735667491891657
-4984.573917202314   -2164.5570973017893  1         44.15423730226108
4931.111538677249    15229.808993027504   1         26.165677359059966
-3270.635009713513   -9185.371257934576   1         1.15713464932714
-5527.075650474588   4168.713199114127    1         0.33236385924920364
1953.1692075085657   550.6217697031647    1         1.2399672138163702
1816.1943929713477   -4458.0776674349745  1         1.0648358806774054
-589.5627800779569   7612.491136133559    1         1.0360517657018835
-5966.764521291548   -1711.0322222033024  1         0.13938998501089322
-18.658595277867267  9208.0101595778      1         30.010322424320748
6169.19354725087     2462.0914299731958   1         0.6457125946864657
-8407.71230585791    -2601.381923789585   1         0.21350164340978645
4272.044765289605    -9796.941060318062   1         0.7946832033137656
-11354.94526939162   -7267.066512805959   1         13.985706033207938
-6387.317636546916   -343.4926275696806   1         39.93780751933407
-12930.475894984445  -14311.626957795568  1         6.142600870834351
-3527.487937119888   -1224.1134640756384  1         0.5704027360193534
5763.553069868056    5809.45567394654     1         3.623624500367184
-11.289399489955873  475.66189546313507   1         0.4640100813069332
-4065.7187923462975  -2350.848002941058   1         0.47788791058112556
-4551.35193421859    9520.177840122387    1         0.7338448846730184
