trucks_count 6
drones_count 5
customers 100
depot 0.0 0.0
Coordinate X         Coordinate Y         Dronable Demand
3228.127447396122    -2966.4756771265907  1         0.8077380834440768
-298.3209679032323   -3575.2003501866852  1         1.248919762008861
-1032.0269482273047  -1810.6722210114638  1         36.53448966373144
4548.90731372896     4583.5661815215335   1         9.73335813099485
-842.4275565563094   6322.390909455919    1         0.5304778642957916
423.199413991359     3539.0894075239885   1         0.9129441901537153
4098.362246476201    -1041.8684870350614  1         0.4742360334823864
4422.382266326805    -5092.004882442486   1         0.9574679661403581
-5488.156931334815   4685.858548755251    1         0.31590404024472896
3517.708757658897    6651.513989983017    1         1.0811481183309346
6424.695852499024    -5644.008974206708   1         1.2290788692033026
1746.68686153353     1119.0069480877944   1         0.5228657620489413
-2337.540526549802   3945.899602731341    1         0.6257256622527357
-5665.850470103214   -2844.019236581816   1         0.19977904622520098
-4268.949642157536   -5005.343014603429   1         1.0308847935853995
-2544.964529440289   455.49287169199636   1         1.025137027126966
6324.399167679452    -2894.7785868919773  1         33.63009165324375
5873.395889044651    3767.6401140409203   1         0.2914812593091656
-5704.761934809472   -754.1001607264546   1         30.437090371000536
2747.5291017103614   -1076.810636231789   1         0.15945316258180617
6692.683158117508    -6238.418563907207   1         1.042201849000243
277.91721797697716   1579.3420884342456   1         42.89702154345831
619.4844821252509    937.1649758489691    1         0.9562816883199773
2947.11778500139     481.4268948153326    1         0.40248583056500886
794.6896429829094    -1067.8222012670622  1         1.0028917084096782
4420.867500490717    2505.062679910843    1         0.8702194524002539
-6094.563653414136   -962.7454524970342   1         43.76093927649505
4672.99173802965     3933.4474364249622   1         0.31597643882438536
-2717.7358010551907  -3782.711738804854   1         1.2311087225258017
-2090.65866048444    4667.307702176875    1         0.6053892831055849
3486.0342946197284   5603.790718206506    1         0.580170120341549
3985.8845293371646   -2549.417801206218   1         14.70625490769173
2193.329783117081    -1366.376478761426   1         0.9323928781058943
1501.1723554898974   -4823.13134193231    1         1.0059182641737874
2724.9894101285436   4536.610584759385    1         10.734365668484923
6615.006973167449    3078.604214372036    1         1.2001738442808267
-1858.5439950907894  -5616.346272786538   1         33.095990921034634
-6386.453048342425   1100.9690116359625   1         0.5183249787815377
5836.046676304767    1526.460056566495    1         0.8782281321366862
6407.965657088998    -362.1385202579197   1         0.27796834783578095
-6477.741606193523   572.4734821347154    1         34.3975150004611
-3391.351365926014   -6471.237188832773   1         42.00796277731514
-215.58343174968377  5725.0348027588725   1         0.2888405404769641
5861.9682716609705   4363.498148484093    1         10.38807280287586
-2660.898380973982   1564.0426012441785   1         0.32542737985361847
-627.1743319731461   5649.7257165310875   1         0.5051133905098197
1581.6083874352291   -2430.2519764321546  1         0.6271507442457419
5001.791679072426    357.9633234973744    1         0.7209446596073038
3459.2746020707305   -4174.893188439278   1         0.18471955455317116
-572.1089389307849   -5124.420170114503   1         0.4118623990472021
6431.5899111906865   -2351.6257671515277  1         0.3668739983521755
789.9681697356199    1147.7343683020845   1         1.1865615992211243
-1907.5226382265805  -2718.195350125185   1         24.156689737333533
4990.416372616721    6048.2409038047435   1         0.18094862557144242
26.9466840322007     -4588.247061167268   1         0.24832201209427837
4451.551882960585    4882.234051289307    1         0.1694955678758673
4931.350620105405    3661.5486242755273   1         34.3963171207107
-5247.273761395381   1491.5692775623259   1         1.2236514555068245
-6698.503249975227   1315.5160195966637   1         0.6346411573101661
5307.446282048833    -1851.952416823539   1         0.5974996283354073
2094.70553944003     -6468.497895595483   1         1.0775084199760825
56.751724203605136   5883.890214679361    1         1.1620499491778535
6627.347484475026    -6677.895951777059   1         0.6084961778554663
6354.780710881896    259.56088758202446   1         38.25497355551095
-216.32410311671558  -1560.5382493647003  1         1.0966542760417854
4165.421325802027    -6140.381808120963   1         1.2014316217171903
1488.2265679884704   -3621.567422507949   1         0.8750173058817137
-2777.0730329744897  -964.8528540549522   1         0.8713253816692055
2158.322745520029    4475.060054735952    1         5.836626309360011
-5658.625900797129   -4909.929099746855   1         0.44688311653870294
-5681.943048925823   -5436.686521776267   1         1.1987170583517648
1422.0374451017678   6299.6480366597325   1         0.8994645011665251
4557.035055846435    -1858.5993888582814  1         1.2238954557049349
-4282.61619656239    137.61491767542338   1         0.2378101339984523
-2287.333957802253   -2771.425211318139   1         0.5718465024230489
-3394.0737423884952  -3885.8852063247805  1         0.9958456109182277
4922.043843790656    752.6543094855773    1         0.8071487070383322
6512.642402311492    3818.7729273760388   1         0.9970039729274632
-1414.158709880714   4646.548553119174    1         1.218963985552343
1073.3414264038993   901.2045438859927    1         0.4570082241677348
1524.724321576664    2859.0977399881385   1         48.56948754838376
6610.788954913703    5142.854075447946    1         0.24264874973558012
-2051.2626336835624  -4992.654222405763   1         0.42621531083083675
2407.02510043387     -4285.299131473036   1         0.1856872473336799
-466.7152234993682   -5416.3638556235     1         14.991048878443738
-384.8698652389993   4861.993869547862    1         0.8532392970572457
-4723.204418522366   -2133.4544455007026  1         0.685771885413567
-6650.431993849277   -1943.199125440762   1         0.6154138220369525
3525.066700874583    -4071.031515264967   1         0.8053020499212699
-2668.6085354805537  -2454.9213693139004  1         0.3011143840856083
-6158.199640928083   -1019.7441158556397  1         36.8149609763112
2374.9726526242835   4968.526351465618    1         0.7466899472067549
3335.0803937069377   553.0717615535006    1         0.7619226637561076
-2334.302759382188   1441.5408087386231   1         0.15244143737800406
-6098.399486725558   -4471.806905588004   1         0.5655048560694584
1357.8098731518924   -4136.58356971683    1         34.63833183128954
1724.155554446987    1368.1489398734468   1         0.7388355496232779
554.8923274964843    -6386.5548997568185  1         0.27736246674424
-6636.712577971124   3627.5056391266953   1         0.6306571940126934
1301.9552504537387   2463.812742032839    1         2.87843686411565
