trucks_count 3
drones_count 5
customers 80
depot 0.0 0.0
Coordinate X         Coordinate Y         Dronable Demand
-97.61818563628843   744.467623519847     1         0.1155855020323907
-1326.7090789588337  977.3611017557039    1         0.5324314582452779
4861.747585514403    -1131.182804769063   1         0.40111721268208667
3377.580591665695    -2462.6630798627066  1         34.209600125949436
-639.4954373011888   1125.951020851745    1         0.6396507803925845
-1704.3954469513465  331.5783123260337    1         1.0678017480176125
3905.0491142310593   4236.253108309883    1         10.837297472674221
-2122.9064934873545  3134.2512218625766   1         0.816591530391717
-313.49689233846965  -1785.8649093995868  1         0.22416350260662796
1157.5000571203727   -667.5235298862585   1         0.2298103074776576
-4131.526480534792   4751.402802355443    1         0.5853957584678113
2210.1486392039465   -2387.1514815565665  1         1.0822142393909473
1888.7073905359832   -4945.695708888824   1         1.1612984253097847
1949.0117252182067   -4346.634581291876   1         41.44796403031644
1654.2156794470998   391.49239134284295   1         0.3849207119318975
-4512.209117082448   -2829.846974062473   1         0.4767634875007578
955.7982644603208    3086.1847076634303   1         0.3751835895819353
-3052.5139403781727  -5099.860126991291   1         0.43744427774268024
-3656.904656366725   -1091.0352786119593  1         0.33710542399085086
3661.893455080566    5076.301503827157    1         0.16343633188080517
266.28003062945515   -744.4423288194669   1         0.7745144335815526
-3945.1596146460492  -3371.347087572552   1         1.1186071903690766
3370.537186093436    -4179.0712999650195  1         0.11178375721874914
2774.0580482639307   2258.7523082451207   1         0.28282342350565837
2006.0303265420791   3743.5592365592734   1         45.661227451895144
-1998.6134266359438  3927.511525546788    1         0.540305499898399
-4226.274162654819   2786.2310253558558   1         37.90427012179576
-2978.6303179912593  -1069.0631580071215  1         1.2469306447679158
3927.6354949228685   -3936.181670377745   1         22.099557554466124
1470.7722542849415   -4697.108015098512   1         2.880051536091314
3236.3110970579205   1444.6014247007727   1         0.5384713338120203
-4582.947187863197   282.5979813279206    1         1.1279344097608535
1261.0208679684672   615.8836743423433    1         0.7120878689900879
4965.74492390542     -1421.076221226063   1         1.0060124311770335
-4712.201865633427   4084.0836211203996   1         0.4589766673916217
4927.34813537427     2600.130688491994    1         0.6274530746129833
4585.485843093097    -2654.5043497394454  1         1.9140526118266246
2319.354195157357    3049.096076289824    1         0.5211257969178819
3125.634691665579    -785.9290574881012   1         22.602419623640014
-5157.697984559985   -2099.2857679868985  1         0.4605316980828036
-1043.20043663333    4804.129574626554    1         0.48072352344078495
-848.8926054720451   1682.8520936668742   1         0.798360374925168
3355.1928078043884   -2361.9868408103425  1         0.3889683405318084
925.9549368415092    -1269.7726487356886  1         12.848942202608859
-4958.518129759951   4106.772173518416    1         1.080737077232955
-2309.3260609596714  -551.654872562714    1         0.5267194377824798
2665.4651763604998   2570.7726705350415   1         1.0945422884091078
2572.6491782935386   -4355.194755142542   1         0.5747725010031605
4766.731583748599    2957.5715557893905   1         0.6091857958272622
-4090.315355732454   -1999.171782348088   1         0.6988717792218289
3256.4973036552647   544.379293506232     1         30.920078731264134
-4153.437415264658   -3730.4714885527665  1         0.8553474010516298
4806.598268557514    -3826.5429249784065  1         0.3036378179171626
3504.884008393664    -2493.886393019275   1         0.47344331996664946
-2492.982851697486   895.4144993399841    1         0.7841070732230362
3560.7518106692464   -494.39031559533913  1         38.269334342372886
-4410.221097141933   -3510.2343684362636  1         0.2292460841362548
-3534.6035069614463  4917.239076376835    1         43.88248739177091
1829.9011111291052   -1658.0572693385932  1         6.821323785648828
-4424.690105832554   -1828.2612418230665  1         1.2392265980082309
-2089.791100718644   -3448.0763218501165  1         1.003220063107575
1862.9469170167538   2075.5389975490075   1         22.93701419799681
-4473.05478459219    -763.8374425984318   1         0.8096539162296199
5027.250951335746    1074.8837065726775   1         0.718993483475778
-876.1443287569555   1783.2459109376196   1         8.847917120912069
-882.2768995053325   -3963.601253946933   1         0.843412517210639
2199.915876729197    1222.228043346126    1         39.25844632020934
3247.821386607619    -4823.435080693482   1         1.0084789252814235
-1502.0490284182872  -3541.798164513052   1         0.20525101685587632
-4106.18380993439    111.96501028554671   1         0.9152353371079791
2585.0275850875346   2694.9858522150853   1         14.603862278638783
-902.0503762895632   -249.50174421175635  1         1.2117570567255573
4208.27771877334     3206.8747190254517   1         0.1478362612895444
-4672.980616257241   1134.7105228016935   1         0.4153369814018205
1018.5010174508827   1113.911786646929    1         1.0835214286587502
-3610.1823540428095  -2753.777816630816   1         0.22002385719725992
-3980.9278190269674  1891.3541240394043   1         0.7802334118719628
-3714.0823203401637  247.0640795231097    1         0.4452883503867553
-4421.182895713803   2968.0795567918585   1         1.0817487067628102
3681.0587951891985   -2649.413721094999   1         0.24008022198887988
