trucks_count 3
drones_count 5
customers 59
depot 0.0 0.0
Coordinate X         Coordinate Y         Dronable Demand
-1043.6718982631323  9340.484463459561    1         0.8347443210325536
-4027.144487328943   -6740.3052911085     1         1.097168770287856
6603.228108742957    -4139.813736300312   1         0.11615876253162485
2205.368878941017    7644.17272863463     1         25.468130775642937
-4434.132513307074   -10353.302285867805  1         32.55914976573799
858.778302170719     6747.08882645139     1         0.7242162784844428
721.3887970261763    5451.323053431756    1         0.6375349156010044
2057.617813161889    -6319.296045558912   1         0.12253153432484015
-4499.116957735307   9244.698151562456    1         29.295629889739804
-977.5538284455735   9113.36176052815     1         46.10784082180071
5892.738666189951    -856.5754529366642   1         0.663667727996086
3642.3877591934465   -6664.153718816842   1         1.1833264100510823
-2216.535011024276   -5848.637899677448   1         18.94103168785174
9004.271191073496    306.366165041731     1         0.6124764605191121
-306.2905215285267   9820.87768359777     1         0.1942320039918426
4246.220418843646    2973.3167911856717   1         33.94505456607514
-5439.427552178557   -8356.629583034979   1         0.3600785775796481
4310.011597727771    8988.051933088298    1         0.25927979885387703
-6576.492846966262   2228.9332727056176   1         0.8521361836348309
-4524.521850908631   -1300.900929026353   1         0.11582535100586178
1831.3174455236406   -9574.580918658758   1         0.23123099709466316
-3259.5203556948104  -6573.57037348978    1         0.46356739818431203
7277.741794929219    -4333.9815628486085  1         0.1578376144587441
-9399.08467808171    -169.82985919511967  1         0.9446481033478501
-1332.0883974070382  10017.923954938644   1         1.0501867899987307
1993.4263229640633   -8174.68693176748    1         0.7459027996539522
5710.248628230075    -127.56825368870123  1         0.8750488199502046
7352.775795258918    -7097.318552494788   1         0.6005027038045588
9686.536031891497    132.8945973784764    1         0.444297303690827
-869.0667333845141   7205.182475086483    1         0.24567810855779842
1323.9135873522466   -2250.297410388766   1         0.6594770698297314
-7460.368381215472   981.4284656123898    1         0.9000706563603217
4389.809305809498    -2661.6041371218002  1         0.9099973239295172
3022.9450819447775   -6805.828438759341   1         0.2602255036625673
1455.5379847049553   -7631.337055303924   1         0.8909461011145378
5048.875475359496    -3488.567299629795   1         1.1996806802835402
-3440.0030493830564  2445.603123227553    1         0.4656709318334552
780.8706516165796    8298.166686070845    1         0.5325579217462304
3809.111399704446    2593.800778670537    1         20.797784449781624
4514.556559984179    2974.796545823188    1         1.137325829925265
-804.0926399243177   9416.248324870492    1         0.26590097144048463
8824.214799881773    -937.560070412369    1         1.1934112677396664
4028.968090542286    4712.426363717543    1         30.87039430227578
-6917.897816133347   -1881.9239874153375  1         0.7840271873696861
-147.42039593787467  5217.703007463896    1         0.20392959783414244
-1938.4576545016098  4163.3167510910125   1         0.12253669662881761
-4659.988639303494   1126.1097682252382   1         0.6653929109026524
-1999.436576929021   1527.8943895271516   1         1.0780519011802137
-10475.064597894483  2489.444133085461    1         0.9261430411342528
8249.123912801473    -0.8934572780635602  1         1.1936129140908422
8143.418306719175    -1530.365735857471   1         0.2681120594530726
-4365.592551936074   -7275.672255762867   1         44.35540455742579
-1534.5037237982615  20.85872013806693    1         0.1776908471748625
-4355.5162020964435  4621.573227905416    1         0.8542447511738517
-284.4235075735182   4572.7846300359015   1         0.15652739876599608
-3948.887736366881   6645.250349876017    1         1.1932329596474405
7948.549562277374    3383.0280194393767   1         0.9305713202699072
331.4780821432853    -894.9152207695797   1         9.478401995007777
773.117864235802     4101.718200901697    1         1.1295198342423791
