trucks_count 5
drones_count 5
customers 68
depot 0.0 0.0
Coordinate X         Coordinate Y         Dronable Demand
-7725.891184899195   -4067.453379157747   1         1.0470283525815087
5631.967064494592    -1603.4237007770696  1         0.9586083078418824
-8495.034235382642   3739.746107922176    1         1.0217714749323756
973.9086719420178    -2220.216139950124   1         0.9041185954966783
4938.947754557874    -4903.085424201138   1         0.5743270723369551
3509.514291764839    3274.1919285617228   1         1.1840691893312667
2553.7840050452037   2421.373665364024    1         33.654167787173144
4178.902340970151    -18.93801401712517   1         0.9346355174228138
-6953.290352969354   7987.280691083495    1         0.8569705097388716
6736.067794221066    -10.364948066871875  1         1.0035266606798707
505.82440838039474   -3354.650182631067   1         1.1510415547892687
5613.206890097305    4239.854941315852    1         0.7102539452889943
2669.9306048550893   -6767.605471732364   1         0.5386270854227415
8279.009471571851    6214.958148447592    1         0.2530079843895098
6719.627180904792    4940.559023982367    1         0.11913927453145882
-1297.1572801901466  -2433.6843473675945  1         0.9896689655444938
1374.8239039296425   4658.477262398645    1         0.9274578840636849
-3277.981766472305   -7765.486191536098   1         0.42396125608822344
6574.4214155635045   -6734.584534529583   1         0.23602600418736217
7139.5156306940125   1114.5444323390414   1         1.0560686223166933
-8145.7969391707165  2727.759120546141    1         27.231671986244645
-8388.300260779572   -2451.8506488654493  1         6.141437863774065
2353.067157362108    1584.619834867674    1         0.8156370304269909
-2299.2020601082886  -6634.006643900618   1         0.31207434280665225
-6831.356958819832   7842.012093524545    1         29.65910188011431
2404.8231670435953   -112.43748111791648  1         0.8275597506447515
7838.442159896164    -4501.781179146766   1         1.1697171025682673
2724.526952678537    1923.1351263778126   1         1.175796234729272
-6746.529780183619   -7766.888373960139   1         0.5051698919679609
-198.82876298256147  5632.810929006742    1         1.1619915302262476
5406.939291456628    -6205.06032505869    1         1.2170395732539285
-2172.920026811332   2981.208581133593    1         0.16231682580332113
-4354.676824501478   3881.3831875581095   1         0.9731544054551091
-812.0327021290956   -3475.3145304143295  1         0.23911491796629078
-6210.320175723988   6421.840315675149    1         0.12034743167371822
7218.91885021239     -603.2087509138805   1         43.19198406008022
-3522.5022969919664  1309.318267161214    1         0.9627446617656086
-2709.6932445532893  -1220.0125486287143  1         1.1025433734246357
5089.570361355921    -2193.475383150033   1         1.1787204437363255
779.2705896587958    -7374.731552109136   1         0.40874156443882215
6268.653399351093    2224.9938400313586   1         0.1082758514911928
-2265.6619869420315  4837.8733249458855   1         0.8941775891333333
-4569.790159929114   -4872.369456056421   1         23.88483676692584
7349.434035038514    5170.483200959909    1         0.7122273416458006
5255.271681330999    1727.2398020695023   1         1.0634441845456968
6643.783167650647    -474.3314154051817   1         0.3813245482921479
-664.6832126149756   2625.8200917919603   1         22.083036773300968
-5864.385325272679   -3997.6729047995614  1         11.243932420565388
3221.949354259828    2298.822628413658    1         0.9722091225749171
1176.349022234681    -5361.033588090695   1         1.2371859477088207
-7596.003255377664   -4709.365797826609   1         0.6642691648543385
-8144.659082548049   1763.7265103646043   1         1.0278077855219394
3309.7479642288417   1949.8370316460055   1         1.2376108271886692
3111.720214478919    2847.5436615786953   1         0.4171284783592064
7465.5057719954975   3807.253219631247    1         0.3892635589607698
-3459.872697643278   -2512.5339736863657  1         0.2219751489048152
5160.0939173973575   -5226.855222823623   1         0.8051569629554988
481.86028616762576   -6681.806237324526   1         0.5771339163815208
-1061.2770347826452  3025.7345201597773   1         0.20321496928131674
-1583.4257100410966  -5145.2159127831255  1         0.3690296451363162
-2213.860841214393   1025.9045307418367   1         0.33638177827372695
917.6176162210305    -5586.553291624417   1         0.12858656838247703
-5261.253021574228   8422.157564567258    1         0.6965211031041283
-1929.231700630411   -5262.875012562015   1         0.34591143458814516
5943.269259327152    -8553.475071628312   1         1.2255686964513066
-4073.653785757247   3910.8726440050395   1         0.8257098919408733
5875.46124833656     -682.8318766635726   1         0.8946173102099307
-1690.2303068808837  5627.972109113329    1         35.82678430512856
