trucks_count 4
drones_count 3
customers 49
depot 0.0 0.0
Coordinate X         Coordinate Y         Dronable Demand
4723.358311433634    7242.589993130503    1         0.7061185693144261
676.5843117825398    8660.075385640333    1         1.017545139657104
502.49082397923405   2918.2681535939873   1         0.13508171276367015
998.7723963997535    -8425.939030875912   1         0.1295690717673939
-4301.2025121830975  8770.078660455769    1         0.9910173442631436
-10533.616711784936  1602.127380474968    1         0.5395106664489736
13213.097245798645   -707.5438209921394   1         10.478749503298022
1032.5416836586028   -13442.113849057148  1         0.9351080247589498
-1503.209333147519   -6434.874876485519   1         0.5523006098538805
13880.668799540244   11472.143660266456   1         31.540917847195406
1854.5939171595746   -8682.047757472152   1         0.8745447281503955
14.691430366522116   -3140.4055608118765  1         0.1295902022215321
-2280.203709647405   1227.6391047099598   1         0.9997451518486116
627.3028633976194    5966.831115113381    1         0.1082038058890029
-9966.360475441617   2822.2923885113655   1         0.6634172415880967
3204.0781152373597   -9785.190771423493   1         0.4768462021584813
-446.0859577021135   256.82966434539367   1         1.1834099145151118
2487.2997612005365   7766.336204370792    1         17.148321836843323
8056.3702651508665   -3386.0290190715386  1         0.8027405487515223
943.5071582178132    -9790.31769019816    1         0.9937173220252408
-4932.889652320987   -9514.500758456361   1         0.6912368721225484
-3586.99226549904    -5919.16965145064    1         0.9302343716287294
-1031.9169484564534  -328.2885173275084   1         0.7396819563060386
-6079.735833243982   1568.0646479188254   1         0.9876870528090738
2375.485393302876    8897.549859567542    1         1.0454889369561553
-9811.768590510559   2397.7418577466306   1         0.5226231409495707
-1476.3218431748428  -8259.966610257407   1         0.733859954096806
4626.33826229118     -5934.524808306838   1         1.2043484696516495
-10953.341822330753  -6029.149905947386   1         0.5729319359760172
-8011.006497624992   -674.2161451802293   1         0.26998464719608795
-14104.543649622407  -9796.709321892195   1         0.1511911754390823
-6271.384390610077   -14765.723174418586  1         8.820763551879583
3635.99203067082     -7221.9029867337085  1         0.27860329369911896
847.8173077510993    4626.644087910783    1         0.6357761249685115
-3177.121021140653   -6408.1954118355025  1         1.206867570332027
3525.2477773819023   7305.442779951979    1         43.79246307709141
509.2387696751288    -7217.112804154202   1         0.9324376241565623
530.5826609378532    -2270.916757004195   1         0.9763616525270695
14791.57859936845    -15296.669932473602  1         2.7594745419181868
13076.018327966724   -10229.918607057345  1         6.591403072215109
-4506.905996282791   -8394.686865379492   1         1.2329948060140026
-4986.690235645061   5942.472980571156    1         1.2289140662379416
-6590.736342031141   -15412.643265475708  1         0.5726790723164497
4583.358792955005    6913.866356037241    1         0.39083745972763584
-1713.6655375603057  6205.047196359054    1         1.0572710401908083
6687.262811960831    -538.7806771451054   1         0.33414410508603476
-3780.38680810424    -6080.913303885966   1         0.4046234241534835
9049.674218700527    2050.0204302734073   1         0.5484185638540623
888.0453421053575    -7023.379581034185   1         20.359954452736126
