trucks_count 3
drones_count 5
customers 70
depot 0.0 0.0
Coordinate X         Coordinate Y         Dronable Demand
-5377.417700803817   -6689.340534363597   1         1.2157492972404509
6761.650605953162    -2668.6875350845403  1         0.7888971017608393
2232.3384063049302   489.4653988420345    1         6.5333479109787955
4506.759071253387    -2871.924298658494   1         0.7911778266586968
4499.506228915117    2558.59976078502     1         1.2205543400818832
7080.225944010051    1497.9759223369877   1         0.5527038808172064
8525.069236749821    -2321.239698941526   1         1.147610480684074
2761.41279862018     -7828.3044936038805  1         0.9674765980345328
-6879.1478511264095  -1787.327044623524   1         1.1376891602261971
-78.65064326794321   1087.512150805938    1         1.1782048705131107
8907.294209904014    2426.9414435736253   1         0.9637734264646096
7902.503487042672    -939.4901086354766   1         0.701314311504276
2911.02545945904     -9681.846333724101   1         1.069387696971715
3333.886225063964    -8919.203363221694   1         1.1457787206224364
5997.2990164470875   7612.130387101092    1         0.2734409396941146
-6646.785050237052   -4540.920475384644   1         0.5301410819037026
7759.087288980679    -1214.5700408335108  1         0.5135709897268423
2894.586087488084    1904.7840133562745   1         0.9321109242523257
-1838.9479186946435  -7544.3041325123195  1         0.9464689140205503
-2428.367270887902   5342.524343489736    1         0.8468503545389685
-4431.770776222053   -1245.432132829236   1         27.95051635352648
-5414.027609839578   1564.786967026362    1         0.34727383637962606
8391.436359382358    -1301.6606072191844  1         0.6603562095658241
-1145.2294021033915  6149.962809996448    1         0.9496273500049319
-2802.3301524817225  9483.920392018621    1         0.5104374158635618
553.9660228362113    9515.373824972692    1         0.9221548855955832
-8160.966310103628   5878.40560775821     1         0.9318166953837013
-8780.38267359144    4476.778011531125    1         0.7936221537537244
-4163.921668341492   -4753.580488157856   1         0.6661537705336305
-581.6618471097827   8518.69226051123     1         0.7653362824853369
-232.867906101309    6142.520430965825    1         39.281262369815074
-4121.181486360926   -6715.292436319637   1         39.22846600338633
2365.7878080127957   -9699.547794046124   1         0.4181498409819455
2587.209543093486    8742.69972532359     1         30.046378231019983
-9873.576000350296   -2046.5591426307453  1         0.5019736379238741
-1177.700670642741   -2143.992421573733   1         0.20982164406878584
8626.3004746724      -5887.301373210874   1         1.1384901922443666
-4640.190377592565   276.1329447117961    1         0.9833221771507298
2847.174283580502    1940.766613391511    1         1.0061266169320289
-9487.005421960097   -1981.0748787137477  1         23.759553829448485
-9173.416733943035   4852.793489107883    1         0.9853476046817381
8195.110861818528    -486.79357292044324  1         1.1105138911835644
-2905.5258195266133  -8696.587905555001   1         0.5749131971749868
9527.974256462565    -4952.136152085666   1         0.8954472860331368
-2766.244752864385   58.90313211227025    1         38.64539153209187
492.8968716176185    9776.549596186056    1         0.4063881564869216
3145.304080138303    -114.52224100995772  1         8.373620224598369
-8351.028887878492   -6732.769571719681   1         0.8597450330668889
3572.040896975135    -8128.881330296177   1         0.8465850619756541
6282.06347105074     1231.3828380079945   1         0.5728575330680656
9140.25855596166     -4966.741682416938   1         0.760234280616447
-5003.275935417497   4571.8465037616415   1         0.958767302304188
-3704.7269020213475  9670.284108266285    1         1.1387225198309936
-9412.681876551047   -241.85161077408807  1         0.3839448904054774
1458.4682400786953   -4402.064190752629   1         45.01030688747999
-1250.4129674610897  9678.74820583436     1         1.211115309417104
-6671.039709668258   3122.7457020479897   1         19.054985536518018
-551.7074890448363   3618.7344306318      1         1.0704627618360034
-8934.17987667416    -161.30812912366127  1         0.6439094154533201
-7664.121202137992   5978.478454470217    1         0.692716159179137
8548.49674665042     -265.5855320640874   1         0.7655935521654513
-1915.9925770120758  6234.042705554026    1         40.730264687184174
2164.5987724197844   -5756.094908156372   1         1.1346297406387615
-6710.3245480926     -5550.126793988627   1         43.32962216591147
2178.130476043885    2423.952281649991    1         7.307417268456353
-7387.8326261951     5451.325188881317    1         37.496528314593355
-6665.1267278432315  408.7603076199707    1         0.8523207756847786
-4832.782858603082   1918.6183155377648   1         0.505603305613911
2001.1508762198355   3289.6007272542465   1         0.5207011840743311
-998.1012700525467   -4328.518304646577   1         12.80500453494319
