trucks_count 2
drones_count 2
customers 40
depot 0.0 0.0
Coordinate X         Coordinate Y         Dronable Demand
-2426.5299317497734  3384.046123476873    1         47.71156442510061
10420.502935554496   8002.829017312588    1         12.622927405989238
5692.148086039775    203.75426749459572   1         0.4106315511854296
-7431.691140168938   7856.053502040489    1         2.9753612004168275
-2458.460492948987   1474.148762230945    1         20.325867369841934
-1567.5310892945954  7844.253796645868    1         0.10658458179677315
4290.907583528605    -2563.3623812038945  1         32.920389961042275
-8472.61001595816    -1602.038860060277   1         0.6753310713866473
-5557.242336976137   3296.4413736277456   1         0.38685307180231965
-7695.752099324936   591.4730836982411    1         5.678151099672098
-5564.3037701040475  -4665.554585176128   1         0.5974635653020084
5247.969459970716    8608.554084142244    1         0.49245734968346266
3650.02376765211     -6889.818537554692   1         0.884341804882761
-10177.82225637984   -12754.848924506754  1         18.895277067644823
-5058.877171868603   6189.125553655458    1         0.5067407707182138
8645.100040275735    644.4557162575602    1         0.31265172508564876
7878.333263216797    -12590.741822305192  1         10.365860555066725
-10733.417505042044  -12304.53924911931   1         1.1527094837174647
6223.927169491453    3033.4714019070975   1         0.10628262100027598
-119.98215496954018  -8967.467892213363   1         1.1412352134696104
-6685.575338369439   -3192.4713932918135  1         0.9910576557593253
6314.476423150347    -271.63235153035066  1         0.9007990380052106
13519.980575208423   10089.343975475947   1         0.5696326888772816
-1055.6691802545356  -10893.560863046392  1         0.14310987184730978
9648.541462225463    13061.561117910924   1         29.61388484047797
3306.3995067118044   -10265.493504901826  1         8.145551801071402
-7226.798838504744   4830.7847520194755   1         0.5711473815827992
3990.480889852463    -2074.4708913244303  1         29.487415933485718
6468.664436128553    -3569.8244917249203  1         1.1452266136049343
12761.148418925952   5720.796270888566    1         0.6517413133988619
1239.1743666000814   -1422.7171648470237  1         1.1918154649603634
2783.835101797028    9130.90763883061     1         1.0093674074342645
5676.41252746041     8337.629962988909    1         0.9634444622509742
-704.85305901642     3628.57095264019     1         0.5752051711441133
-1267.169421544681   -738.1721995403168   1         1.2199158819919704
-7103.564384610023   1123.7304991723515   1         0.9030358107927008
5618.698303235382    1858.7250606837233   1         1.1417776834820499
1297.549503705223    -8604.048709446351   1         0.45862054845104616
-8542.66707994678    -1107.8407694958962  1         39.127728979917
-3703.5679494010833  8159.568159741578    1         0.78906832033958
