trucks_count 3
drones_count 5
customers 53
depot 0.0 0.0
Coordinate X         Coordinate Y         Dronable Demand
-8922.208903099676   -5836.365899719605   1         0.1012799338029162
-3622.0956602227816  2707.5872126125996   1         0.648290432565762
7620.258170867688    -7444.974659981273   1         7.344933997211648
-5516.201750995963   -2479.0709583890534  1         0.8502613534676982
-7793.555111554775   -6143.410850440261   1         0.8588611762274362
3466.642632848282    1013.7949407200589   1         0.13898791933106075
-5505.955316643449   1137.8424095050887   1         1.18445447178376
4808.775599375342    -2568.2674506513813  1         36.742395995236315
-5497.263935583061   2410.1768826283806   1         0.5913734480759795
9427.429373819865    7276.244710639232    1         37.29717313754621
3508.28151796395     -6111.831828521914   1         0.7299781412741455
-2318.9610402157364  -5977.375295900542   1         0.6659076143364668
1034.228564333964    4261.068058803627    1         0.20217553896141552
4823.433481126212    -9232.840481446881   1         10.215756994773159
-6311.719824555894   5266.365968505627    1         0.9237929399429347
3574.8592613966266   -8710.41403293284    1         0.804617150786474
6037.179655229429    4428.709330055033    1         0.827713203077838
-1902.2856532906262  4162.1924507150525   1         1.089823005021338
-5110.070771001881   -1136.8640518805385  1         0.8663188071874532
4296.107910711091    9415.187855596207    1         0.21157521716001781
2201.426603280814    857.8934804323035    1         46.8565178441479
-4193.675782716197   2279.9717164263566   1         0.39835888634716843
-2691.0314386913888  36.67931429470991    1         0.44633325970156423
2063.020236195368    -5348.689721762593   1         0.19832229291202969
8613.31993863565     3157.606002957925    1         0.2358561893424895
2941.7441345704024   319.8560736829705    1         0.9161916462785646
852.5515345862227    -6572.548457845751   1         0.3352034751319628
-5066.6554164319805  9147.00308230231     1         8.36936556313968
-6240.808024159195   407.280225596689     1         0.46043557200599183
-9083.9643109566     1931.5332842945027   1         42.07269372287575
-1575.0583344976774  7975.795108568896    1         0.255993707272141
7880.280473672938    8039.641441914217    1         35.98338004331088
-8283.912044790019   1147.3707813396468   1         0.9893240400184269
5685.3061818721535   8244.953681080566    1         0.4248219340832228
8191.306852479236    8830.41154271079     1         1.0233205395739424
2584.882547496424    2511.9399925593575   1         0.48005580923624347
-4072.2616501822285  1270.595928241255    1         0.8166973290813888
201.0038968383209    9057.650956647021    1         45.37311964997176
-3402.483452767999   -4828.856535154101   1         1.1849655432181025
-6266.007913338123   28.096302884395303   1         1.2337903328970363
-897.2701217250687   9007.381223232205    1         13.590052110456075
-4906.7187094020865  4469.997304009196    1         42.92368277913728
-6591.652612942203   5513.405821633933    1         0.33396039655160054
-5251.357241703738   -5931.533017046039   1         0.3059882232075325
2493.524061544214    2251.3004627876785   1         48.84673730847008
8221.465301458196    -4649.541263143969   1         0.24927243005707045
-2489.0889762133884  1899.9100034167645   1         0.9439267038654896
6961.7295526107555   -596.3233446979011   1         20.896358249692092
-8725.898200850512   5942.180096838977    1         0.7112342069976298
-8004.426951303972   884.6042066276275    1         41.28831329372715
1231.9658066106513   5516.757868197081    1         28.987070189619185
-3353.218608110302   -4.448740313606322   1         0.8857760779557142
4783.339820970029    -2231.192124657832   1         0.827903620279978
