trucks_count 4
drones_count 5
customers 97
depot 0.0 0.0
Coordinate X         Coordinate Y         Dronable Demand
2472.4450224197903   -8978.606847258001   1         0.4445692029938244
-1236.35751655       8247.627064557177    1         1.157508311425444
-14117.913725815197  3147.5083797269      1         41.32945228438866
-13121.336235416358  1931.685957788699    1         9.617091864874164
1506.0446053646158   5205.901846333351    1         48.33488428917305
-1430.6865885666825  -560.9995356452995   1         0.8185087101395806
-3095.718906443404   10121.764803686849   1         1.1663316883663475
6348.600544444804    434.2888289006773    1         0.49947687517202377
-5325.450390192463   2774.055295466931    1         26.666366978876493
-4410.998567933606   4411.7768191779105   1         36.67094224153091
2554.249660966607    -574.4652239188741   1         1.096338386153388
1415.2803059206904   -606.8684520068398   1         0.8002658879497682
-6124.426059059515   1497.6383939533064   1         0.4467902307619125
147.09083859339813   -7255.056956551914   1         0.5879378219746407
-1449.0148241703907  -9204.689507575518   1         48.637207242389096
4523.276735231649    8216.566762779737    1         1.0508639162165117
10987.572386498625   8257.758823323125    1         0.9808157169677371
-1605.4531702153918  -3474.773197646506   1         1.1540742513139939
1882.6221006180165   -4212.331929557705   1         1.173668045942562
-3256.8929659376718  6713.308073726007    1         1.020969628381214
-9551.566118299208   1224.7735043381824   1         1.2190711433902235
-5863.008345144637   -2208.3319225291416  1         1.238965854320045
1525.5009490420705   7861.243144112509    1         0.5520306267194857
2973.907114579529    9110.829713757326    1         1.036538036216174
-1208.9403253826047  -5437.537007848343   1         33.1059223699398
-6447.632819476676   5706.436111649793    1         1.1017508371586102
3516.8732524139314   7617.552380331428    1         0.12499634994934337
9890.991434507077    926.0627377665126    1         0.8887542805566557
-1499.4323459434563  -4186.9870194967025  1         37.61712933016483
-8120.240387893247   3508.9860630146545   1         1.0596254092075328
-4598.454329993483   4223.492200086927    1         1.0153474500990123
-3075.4103715196325  -10137.809588662498  1         0.551317270363915
7876.299483760979    2732.041309979954    1         1.0057711414913584
4365.137411948213    2157.324428314041    1         1.2496125622076966
-5572.334357311009   3256.4029398705843   1         0.12025568026659761
-5890.629737570808   711.3703899780627    1         0.9373134523518021
-2125.812701709675   3940.658457992402    1         0.27243509635491997
3448.4337517848826   -6901.092125183185   1         14.070742655675366
3638.2700184128125   -7707.189273948389   1         0.7639819552639064
-623.7688770177156   7176.528862287043    1         0.18066841936522626
-4205.123930406518   -9712.916772121996   1         1.0274953095088666
2015.7856667495332   8544.197035763225    1         0.20939733215199907
-1186.4147148722561  691.4997605484873    1         0.4292181582480582
-1801.655345472056   7051.7067213518385   1         42.53341349708811
1587.6506328872347   -935.4658152812802   1         0.8489446401808226
4198.316159033928    6308.333490575677    1         0.6950787122514566
589.2958445767023    -3840.046128214008   1         43.83552370444126
-1636.5983792675843  -1505.402156532444   1         4.3925886688910625
2727.6284048136513   5043.787816202672    1         0.5720471279575927
-4931.127911871409   7167.290552830786    1         23.371582651663026
4235.3072562385205   -1414.9466869432472  1         0.4303883111842062
-7001.777114101496   3981.642681217103    1         0.45928731060000527
2710.233306790517    -222.3718634569026   1         25.57647554047541
-2145.4623144214006  1896.5188236521287   1         0.3546190733679151
2329.480005779764    2396.4628095280927   1         0.8893354758211773
1394.751626069879    -10676.121310248811  1         21.846302681275734
-2342.602087298489   -8120.317793168013   1         0.11569030635042718
-8002.5585847922675  12354.97756384502    1         0.9688246229077341
7655.071879035275    -4089.4904720545837  1         0.7161366128835281
4819.366743650829    -8284.226818648813   1         4.5004235224176945
-9700.502801656492   -4200.444808965174   1         0.5947343854992078
-9328.334633681652   5062.35596892723     1         0.5812162683982167
6937.063586732413    -6594.982248568471   1         20.86648920946584
8565.504462804722    -1010.8398866200504  1         5.495077548438414
-2579.0720682228052  2497.212152082068    1         34.85586220563357
861.7993037720391    -4154.608823485343   1         0.181935745178919
-1734.2851966142935  8816.826499222218    1         0.23827449559205918
2369.98202657897     6805.243885783664    1         0.9640120059183056
4452.534439233266    -2478.3547256415654  1         19.868007790215273
-6606.014586317219   7963.580544783698    1         0.9353742682128922
-10566.315496411236  -1769.4209561748423  1         1.0377892255252166
4052.9282862339164   -2676.5645299487214  1         0.8072246441119707
-1435.1363951589422  10403.314840277117   1         0.9848371537856867
5137.053292257763    6171.98537135316     1         1.0046032317251874
8170.229144881393    -1836.2020767284714  1         0.11744575876733948
45.642766085760336   5139.865495872837    1         1.4955033259976709
1619.3509896192627   -7246.974750291862   1         28.127426363478605
-7993.22369362342    -1636.2984363230325  1         1.2173667660208591
-18.720465293471246  -8229.49360611508    1         0.7663135537346927
6935.462281984928    -4647.761596546137   1         1.0253839579607307
8315.368521791419    3076.4692040113487   1         1.1344618266437683
5846.882678449161    -9658.54261273254    1         34.39925587716242
-6552.942770566562   -1522.9829283891224  1         22.777101488621163
-8794.740986573677   -8728.183919591818   1         38.956263591358244
3925.0304803309814   -3981.676425857696   1         10.890800029481706
1752.1303874452692   9381.646510130528    1         0.35282698846507554
6231.5138490340805   1222.4970166038916   1         0.4709666116354426
1423.2984084682867   2071.584522155448    1         0.3349058939027938
5830.697403189003    -4931.358863018266   1         0.1018619475459167
2295.633277369105    -7970.876280195694   1         1.0210640476192583
10861.183096496203   6992.5875905854155   1         2.3942602633801013
7022.717121600003    3870.6255487321796   1         1.222605880178308
-2801.318144735132   -1966.2735033586048  1         1.1086345353141842
-215.80764275808306  -6297.969486847628   1         39.8752125318233
8307.813799726806    -8317.565026339318   1         22.861236699445804
-10591.000970916173  153.1325810926324    1         0.12101582654205639
-198.84300566373236  -7114.802270123114   1         42.33327966839612
