trucks_count 3
drones_count 4
customers 56
depot 0.0 0.0
Coordinate X         Coordinate Y         Dronable Demand
4172.6228734464485   -7348.953276261318   1         0.6198797494067676
-6004.96750096058    934.4588376130113    1         1.0154463544259273
-10321.120070022234  -124.84669037434603  1         0.7573089032466074
70.00492618524342    -5974.3327176379835  1         0.6395972962335651
-1458.0786190653016  525.9595082403484    1         0.5059553489447822
-2785.5298843702462  -8735.552066281094   1         16.616125973580033
1530.684184633473    8813.381572965072    1         0.14516799439741587
3191.466910051113    10045.366218824536   1         0.710416006392895
-10057.320804241584  -391.7091981652138   1         1.1982711779114263
6824.033491093867    -5794.592733553377   1         1.1410433860256266
5615.003513551119    -8241.706712090438   1         0.14257633237893613
-6829.316324816774   315.21189596231386   1         0.3983706021502099
4759.973855131693    2962.3217700838595   1         1.031040682115474
-5800.114740433132   1808.8890752954808   1         1.1037640747404571
-5183.326030017598   4389.503835961506    1         0.25734124993165397
9308.113030053357    -1277.8253330463444  1         0.6902506277260296
-14644.37388891115   13056.722857250314   1         8.283728316923018
-5651.195307170875   2358.93783324501     1         0.5454046037783863
-2913.086840676406   -525.3984894381699   1         0.38628980867549945
-8042.020707829325   11122.886805013573   1         0.7457485457166172
-8894.557807838602   -1914.2008608140827  1         0.36884732780137
-8051.214560495004   3312.8673479190425   1         45.16683704448649
3929.202364997096    746.8672272989843    1         34.63199854440168
-9468.69062045822    4104.729846049598    1         0.858371365021963
6785.2142791928445   1986.0329536345982   1         35.21581760258813
5429.432545818896    3401.7463469724853   1         0.5329170902234377
515.8701526140833    -1578.5574877260462  1         0.8184584364060113
-6435.486047728364   4318.393172090458    1         17.737335295413477
-3251.795392915247   -2609.2628759890217  1         1.1019584387639856
5103.859808397798    -5693.985377727504   1         0.3625212603184058
-1066.0063286588868  8910.72667867118     1         0.7769863032291673
-2464.235406567785   -5211.348290327019   1         0.7900346579342139
1498.5678027282477   7113.98758556429     1         0.34319619452374334
-9537.65830109917    10046.394462303133   1         30.856644676635806
4327.005028675485    -6134.008606421884   1         1.1041853559916388
1086.3451268728197   8291.052330881257    1         28.109495724076517
-7001.72795673301    -4840.106121454373   1         1.2106126150645422
-14001.413776161366  -3224.7072066773926  1         22.917786652362274
10296.976813078054   -3426.1495274410445  1         0.8195827351594263
-875.765702006625    -478.8842651599051   1         0.508569853952411
9359.288799525506    5039.630926892607    1         1.0587962171115037
-6905.253343071438   1225.3166966633053   1         1.2090968191102722
-1592.5264839891008  -7104.758550880744   1         0.9692878097887129
9613.00323837686     -740.3336133006004   1         0.9309998930525024
-8351.715255419796   -5435.8662184769955  1         0.41438585365705816
-7992.993981386555   3867.736251521291    1         0.17137391400297078
-2385.3398087117394  -1509.9937122612566  1         1.0227785268241851
1324.8545383965725   -5550.770861906413   1         0.7394641670526441
-147.15088752095548  10245.393443332645   1         0.8667384177397419
922.4849657025699    -6521.418735832201   1         0.6631139574248194
1485.3615368110895   10088.01308907195    1         48.69947282438664
3148.714063677963    6055.7686694774475   1         0.8872717373133872
-882.5098383395348   -6452.311922178584   1         30.76430748022571
-952.5517445325546   -5357.921415286146   1         0.9917376672632113
5888.593684679552    7013.957160911331    1         12.430271542966356
9884.13612662841     842.6121069212983    1         0.6128432621985866
