trucks_count 5
drones_count 3
customers 70
depot 0.0 0.0
Coordinate X         Coordinate Y         Dronable Demand
-3368.5541786640692  -1831.915116662607   1         0.48690508219005013
6624.328525221717    -2479.1471504920964  1         1.033632151324645
-2816.15001079776    -2835.7584489073442  1         1.0607584961401335
-5914.3710568694705  1965.8371663483904   1         1.0453408752063496
1899.5200206378395   -4082.245107238205   1         0.8229691879591726
-2197.333876248444   -551.1520044816083   1         0.33757038782691573
-919.523337076515    -7408.939224693071   1         0.21405638523552173
-144.44209701759172  -1585.1916388757259  1         0.22083534274367794
4865.446554246771    4293.853698668151    1         0.9699993992497462
-1866.2921070842108  823.0327718637295    1         0.6329491784353085
-2747.384952866963   5274.950340253616    1         1.1722976366374926
1581.5411566311896   2371.1083346918454   1         0.319562794241683
-2224.614134719895   -5510.536993695172   1         0.5359421073555632
-5032.164496928515   -1086.272162408118   1         0.4786837225716547
-4302.2042539180775  -3265.084951834371   1         0.10803362881167404
-6414.563082240332   -1082.8974170117056  1         0.8547336619767679
3755.6034829239397   5994.383022306814    1         35.47109987444656
3825.0519551667076   -813.1371069111515   1         4.91511110637284
1640.9380340425573   6876.389050151538    1         0.9287033780579774
-3334.5566397469233  2142.373573311092    1         1.1356361913830786
3970.899139682275    -7274.406112565089   1         0.13254294923833443
1526.8646698336506   -2304.714955925583   1         0.8737951274164079
7089.003313681731    3636.5241507851297   1         0.22313093823926328
3661.3032778722472   5211.038597902519    1         0.9438820269223044
-4967.583040484961   2770.990672057201    1         0.9371510228861295
-4746.729090803533   -4698.368607771338   1         0.4198166347232001
438.61127456537605   6407.3244657919695   1         0.32398615173611905
3011.266791330845    -2268.272595993591   1         4.138935001151427
-3364.1607954822093  -3553.365036521786   1         0.5470187384084019
-5308.461686428094   1396.311428344253    1         1.2251161180905445
5645.341537423465    4911.67906714584     1         0.3915088041875311
-3190.3075871782185  -4382.822659899176   1         0.7063713726314114
3104.5040242582622   6175.772706128332    1         1.2253536381130075
6342.712933063509    -4476.96840829627    1         0.17727696038234741
2603.0409103620805   6026.293566847253    1         0.23601989334713497
7263.192766639538    3824.4488433967053   1         1.193589186798305
-3019.021126661869   -262.23645890910916  1         0.6867500986336382
-2168.1324344678037  -2828.9671674566325  1         26.075083599480475
1817.3177536333023   -3109.334054729121   1         0.18364511473956632
3630.2913859193827   -2535.8926357333016  1         25.74151392885696
-6887.449989073715   176.32228674386351   1         0.7980647418204122
-3881.8331643301913  -1673.4596913429687  1         0.21019919806719412
2586.5296502286383   3226.9981432483196   1         0.9310783417581503
5120.619435663056    4309.620226602171    1         0.39582660035512407
-4596.024873801132   -5888.834222295266   1         0.8685594126618945
6725.566871628036    6673.555123216707    1         0.8500708329364083
-1917.0574755593855  -2044.795997600944   1         37.364169262279866
1015.8379001330647   -4122.293215767823   1         0.12240319109862975
-683.6324573068594   5375.950980908524    1         0.9881535586309169
1359.7962337453616   109.30718311597086   1         0.8502733308559683
5403.499058243987    6840.613153501797    1         0.10151250302598219
2466.2781555750757   -3567.0065727844335  1         0.18224918590556627
3273.552025857779    6461.791210057195    1         0.8920781698762388
4729.016526936385    5244.51788812447     1         0.39468276585974016
-2481.0672491112364  5494.833353321433    1         28.53878989614992
1316.9752763063166   3958.2415908679213   1         0.46177509523790505
-5178.290177542653   1464.7642989597061   1         43.59421246703578
2441.7988737162696   -5255.222486300486   1         44.12086477162001
6548.0410611894695   -5715.795909796006   1         0.20984949648483373
6.496343058684464    4910.139385712699    1         0.2937965602028417
-2115.1118180409358  -3627.642293928353   1         0.255265448660168
3832.6440721361546   -3822.7031226983045  1         0.5630495281158141
2703.673549338243    -4377.174674101302   1         40.13632193780474
1554.0632143279086   3399.5983296912627   1         0.528255972943009
6322.458734924723    2230.313537011588    1         1.181921425699173
-6682.81680429568    -837.7024074204483   1         39.50362593223114
-7131.187782616386   6675.232283776238    1         0.4142550993667774
209.4766309965151    -5565.328270101874   1         3.7467359318854982
4288.59686998923     3955.2130501953457   1         0.3816681917362219
-6217.2418709935455  4821.930216248046    1         1.0956409473368227
