trucks_count 3
drones_count 3
customers 41
depot 0.0 0.0
Coordinate X         Coordinate Y         Dronable Demand
-1163.9625370994413  -2324.8698514134985  1         0.45550928628031007
-1894.271678468409   -1356.0393667899425  1         1.0448609185523539
-4872.456078934088   4685.423429499527    1         1.1961922653291028
1228.492876201352    2203.864122851756    1         0.9862004854573944
2710.7413762525284   3281.467903471883    1         0.43331061051323216
-4032.160353981469   3516.310119777013    1         1.2063011100639824
-577.3532452045511   720.8898865828187    1         0.2886860980477465
-2312.858840213233   -4156.9587035776585  1         31.09722513729642
4457.165729517286    -953.8451886710473   1         1.0537388571405726
-4423.780880175119   4805.354712843761    1         0.7020016481243282
2426.7575579500594   -4958.595499476914   1         0.7193431459454688
-4001.0884489009927  1969.4333878713726   1         17.821563617404973
-4817.667556787975   777.9757143226825    1         0.40965905871973296
605.0523345907251    1650.435154797951    1         0.9076613653957976
-3707.4350127511752  -1425.7598990446245  1         0.1937042978873238
-1424.117207425278   1003.7096554129004   1         0.8814947259262335
3956.366865339485    -2710.967096472503   1         0.9526505468295889
2082.600984519333    760.628021171402     1         46.262117255883226
-101.03439866159806  -2460.841177290336   1         0.930356836365487
3207.6486021964365   -3537.593469549205   1         0.8798113780852128
2424.3797777343807   -3864.3999222852412  1         33.96358922735291
-2084.07830398012    -1447.8872156440016  1         0.29015531406583556
-4315.05069541721    -4706.639914657783   1         0.7415299428645363
1063.9186697569874   -1552.5189823441083  1         0.5203893429501246
-731.7862929214544   4684.543903135494    1         0.21545933178359772
1510.673470574027    1994.4477254271198   1         0.30319685959497017
-4613.223574500329   -916.6770452445389   1         0.14214121286710382
818.7940990017652    3675.390934365441    1         1.0453807938243533
-4151.43332610436    -1853.5256139434123  1         1.1039769002396078
-3079.956983370841   -985.6777411528598   1         0.6755938057086006
2782.6167128463203   -1423.3462501709237  1         0.7485393499548076
348.20309525421374   531.3446978680739    1         36.793387873810886
1940.3507761477854   4877.183617090242    1         0.9754354716907773
-880.9864817606303   -3659.8341301811924  1         0.8105576320516044
4877.499557119269    -519.8536748714562   1         0.5625307568446584
1500.9765764352323   2758.966581801312    1         0.5333631680790071
-1182.175295992404   3051.1672282199274   1         0.748447911401406
-1653.447884067309   423.6486807137601    1         35.59053689823561
5050.947802412674    3967.766847039878    1         1.0306244874839008
3745.554854519795    2891.8449530474522   1         0.960761728708106
2819.7838180830367   -4765.032409656006   1         18.37193449457694
