trucks_count 4
drones_count 4
customers 81
depot 0.0 0.0
Coordinate X         Coordinate Y         Dronable Demand
-1666.5143853327997  -8911.096242121881   1         0.1395884842762455
6281.353014080454    -8847.730509613662   1         38.739229904456806
-974.9435024370905   15422.557572423219   1         0.7957855030632508
944.956891115667     2640.010837377389    1         0.37554240270969586
5899.560721667542    -4273.766566423965   1         0.9815950979968611
-3980.1267028028033  9954.80447789851     1         1.178454377369366
4125.737873430654    7161.417975022912    1         0.9488519202292356
8739.890368223798    766.4938763215177    1         0.9077406838050807
-15312.55233076813   -6318.735194970963   1         4.410061907788071
-43.43990510891649   -9140.139820451624   1         0.22051839987866356
8314.020902005974    7048.86729227015     1         0.6301738427245946
-5864.709213342163   7416.673296741348    1         0.25775665308868123
3278.3543134436454   -8420.018838824382   1         39.36863402082797
2993.1145805048677   -5556.658079237664   1         1.0647782948722317
-4302.961011807383   9461.263725693467    1         0.6989321827038637
-14646.36026928392   12483.8208373431     1         43.036356215099126
-1511.7944235088362  -9839.987478607554   1         0.7992794783885371
8475.754162743438    6647.6320874512085   1         0.3253365482808226
1319.2040362935168   7819.618162142485    1         1.1374686423681633
-6432.970637262376   938.6847044635256    1         1.1599550896248318
7439.944095896033    -70.01495792547837   1         1.2011521052923264
-11280.05446822834   6161.4314812002885   1         37.995996291662586
-8917.203508812503   -5577.609533316569   1         0.2458518399648018
-8440.006993915633   5614.229511770613    1         0.5238055010614097
-9159.100779176986   2644.271991057665    1         11.962293587649864
4712.952917418007    -2010.7382668616237  1         24.674489161472756
3515.8210381573867   -7835.722225320302   1         0.1480247546270529
8393.276741728008    -1961.3445946348954  1         4.415948244168185
7712.170990514191    -12743.962345371445  1         0.45471217483833093
1218.7303271703051   -3144.0387413132257  1         0.17242658206937522
8496.756992290291    -3985.7529123448594  1         0.6348619310740595
-1496.8860856902018  -267.76524489622864  1         0.18034118066160412
-3306.537990134396   2042.455352425714    1         0.14881648920195056
-4958.882059675126   -1244.0170837723747  1         0.9386418024760577
-5918.289262297995   -6015.522966927461   1         0.6701647879536542
14003.475802185785   872.3788145637445    1         0.549930152285425
214.12971506887772   9311.596066061205    1         1.0824966268249148
-7085.84459771109    -5125.796473934008   1         0.9324450404822717
-3329.849128719332   -6101.689776312019   1         20.7245428953262
7356.537848543449    3783.792134836559    1         0.7909584804306741
932.3092417266744    -4135.631652064863   1         33.50223785913504
-7673.436006701219   6608.1328575924035   1         3.256096647888588
7213.951401389871    7692.977449250768    1         9.138854677361493
-951.5816493875062   175.634057887612     1         24.563124913775713
-6822.904270795812   -6583.859050030603   1         0.12515712156499725
-5835.628002068352   15422.310039605927   1         0.5091014236008881
-3697.8181336853836  -8600.954414251355   1         0.8466909324347299
4020.439883262308    -8159.080442177746   1         0.7955238835071111
-3736.0449301261783  -8014.23258283203    1         0.6356830122011815
8112.361008862823    -1745.2124801991317  1         1.2248726970742527
-5417.697372011609   -6451.434260345382   1         0.949683497313841
-4988.788233903137   -5532.908695832455   1         1.1453307308597298
-14652.332622338616  482.452126136126     1         22.974434733899095
3672.4931910589203   1454.3289257767633   1         0.947362417033689
9556.668617054736    -6268.397059927762   1         9.080692758978195
-5240.402312370331   -3337.7807871862083  1         0.5152344320786055
-347.522349132745    8755.935524431714    1         28.817032165620606
-1129.9598117178969  -8536.996129503546   1         0.4744079476735712
-8870.579368830548   -3152.5225237509217  1         0.7719158641660473
6637.862599545819    1595.8774541619584   1         1.182278922314051
-9075.556455968268   -3723.70083934192    1         0.26239348822918923
7617.941754184227    -1803.2964296134069  1         0.4531508235919808
-3909.048828930165   -6066.24555942457    1         1.1608056473800017
-5814.561534481645   6740.562697529687    1         0.6060397865529369
5464.91037239956     4390.08129773165     1         0.24058248333859275
-7225.474329191367   1129.406729480456    1         0.7489872254190395
2538.2137806568985   -3092.766817905979   1         1.193006969462939
-773.881514197844    -4487.313001034925   1         9.51206557164689
7678.7910718794865   -2926.4672932970116  1         1.232332489632811
5687.605274654939    -4633.284668137207   1         1.7671966399369872
9205.977305184604    -1710.0379235775385  1         30.570581473669403
3809.385641495086    7760.142393096189    1         0.6523214625457785
-377.72307558305204  -1088.8723374770875  1         0.811200590299445
-5234.191954953687   -4994.926583600765   1         29.965137915327368
-11224.562422843217  -788.5126732291919   1         0.7063269591631945
-4869.4362484035155  -944.8160141018616   1         29.43062163616179
-15835.059219514646  -12820.138844474779  1         0.5018608127723083
9081.382265168766    -8710.021060178948   1         7.355233670493742
-7538.248815063141   -6394.70394367556    1         0.5248756088451134
4463.275908092235    7870.687232848997    1         0.2520863417045592
6663.566312029033    783.6573440744166    1         0.4651799697422332
