trucks_count 2
drones_count 2
customers 38
depot 0.0 0.0
Coordinate X         Coordinate Y         Dronable Demand
-7151.863135606649   3123.968928139848    1         0.36379576379811596
8524.228441343575    -6175.845259952674   1         0.7550740050106008
6422.389777759643    452.74990817056806   1         0.4182620657034922
499.1211077281285    -7873.714363763468   1         19.367895415983398
7790.941331529233    4674.79375514773     1         0.46768083619930323
-141.10663476174395  6797.441641107755    1         39.702246937109244
-2050.362132680696   -1620.5517319663438  1         0.936061478317605
2535.778783398863    -7905.298250615707   1         0.3136629880511699
-7895.963652499152   -4944.827948702833   1         0.43078657980680624
-5756.598559381868   4276.980209005226    1         0.18743456708919312
-8584.769247626744   -1183.508785035119   1         0.24370184944906226
5845.486436724513    -6445.827951825932   1         0.8990701720472155
4444.985804584428    -7001.1782680823935  1         1.1929581297451646
-8786.505486100612   -4674.517393675693   1         1.170203079906308
536.3581949756987    6746.103922384069    1         1.0341876784009931
5941.796506364843    1336.3975436095875   1         1.0760815575142737
347.88244622129423   4525.982389779398    1         1.1273350479737259
4090.7054779911814   629.8658054722713    1         0.24980856730006562
1287.472179947149    -7584.849813850779   1         1.0213786010300645
-3808.5292437534604  561.3381507651688    1         0.9880243739359194
-8326.552434301984   -2387.751140028916   1         0.5751042909662522
577.162912194876     5630.323101291942    1         0.20939368960926308
-2514.904722021231   -6529.677113316312   1         0.3628608971407691
6339.110128334059    4597.13613467371     1         1.0578251179031593
305.5893226558801    5857.912600043599    1         1.2346256477527013
8453.551057043825    5374.5735721129695   1         0.2602881795776534
2691.3589174340336   163.04247137707506   1         44.54120492791187
-5042.819422148896   330.9821441435455    1         1.133179354765806
4665.313574867435    -3613.5293187506854  1         0.6055866062836119
8712.01970486998     -1430.6518549096882  1         0.2882985121166092
5850.281104024729    554.4154772468174    1         0.45339034257372435
-4531.806943275645   7228.982234238192    1         0.8636122711098073
-1080.4152654770826  4836.84857812684     1         9.231916954719171
5209.028897830379    241.71077557682204   1         0.9895027780730385
-5912.378263040294   -6897.506596748466   1         0.9269303535534795
-1015.5588858668299  -1442.460062447331   1         0.9908467893557832
7097.595912385765    548.9739128797772    1         12.240402501899036
-3104.3006300751986  7969.7370310343695   1         0.609968522521104
