trucks_count 5
drones_count 5
customers 76
depot 0.0 0.0
Coordinate X         Coordinate Y         Dronable Demand
-861.2156318059879   4543.050247176051    1         1.0356888333216105
-1358.3421297368413  5456.178968565749    1         1.099050595996982
2333.8567628201276   -2456.587750521676   1         0.2001191434447817
-450.0029726183234   5326.888702692748    1         0.4577832838216934
-78.16255312004887   -4318.617380931264   1         0.9742254739357428
2093.5947852410045   -4582.67717786182    1         0.7172349110321303
-6409.161525989709   3157.0292744982326   1         40.320749524789925
-4749.277085301559   -3489.417136073638   1         0.8749637572172365
3212.5302402739085   4313.896512032183    1         1.133515980225592
1209.4144586106122   1857.6932868769918   1         0.2119816457808863
926.9152430740971    -6238.663508360405   1         1.1389121826416977
6412.093546530738    3393.6923328140942   1         0.5459852582219308
-1613.9460917036479  1763.2152886822291   1         0.3782062896528765
4061.95296215589     -6112.921889197482   1         0.5754198943070289
-4347.957345064698   -5900.492820684502   1         0.684051000769101
-2080.654323038412   4446.157709017899    1         0.8702725998705265
-1789.9505104409845  4919.07593896879     1         0.34292357587885325
2244.7884629892787   -3758.7031938802074  1         0.305366311775672
5179.625617191391    88.92916286357064    1         43.84602562159066
1785.9565433947103   942.4913863389457    1         0.7494102631825011
-1569.9588048721969  3171.1724189763736   1         0.208633136351055
1732.3371778814674   -652.7671652576763   1         0.7566249976062385
-342.62541855617354  -5810.05329349663    1         1.2383656726041048
-2370.6863972767014  -3286.0078741873835  1         1.2081189448055132
-1057.786156977333   -2378.1913582205148  1         0.9534857171146116
-2696.1555053605725  -3420.6718535481727  1         0.5041567770503839
-3728.248173179139   -685.4026348108437   1         0.7253268743028404
4951.44156392707     -5172.9270483305745  1         0.7115950902843173
-133.53159242984412  5696.716033137345    1         10.468747573207539
-2122.976660296657   3228.855329406701    1         0.9583725451818865
781.026455541517     1997.1096174477907   1         1.2135497379667972
-5848.080949958308   5399.089088186959    1         0.9114801964118205
5901.425827161762    4755.054704397937    1         1.1537829036334804
3870.5765634019076   -5625.711538654878   1         0.42034643244179226
-4816.472331348824   -696.2330811990629   1         1.167691651574906
-1899.8928944491563  3035.3008196542546   1         8.51152060123154
-5857.854684256696   1849.6360368764645   1         41.194376758812844
-5380.549259429903   -4857.428032129995   1         1.1191492565455872
-2065.257162926223   -1668.8270025250085  1         1.458046651998352
-5417.105087641819   -4712.65103719842    1         0.800176753771336
-2380.426776324054   3338.5321356259146   1         21.80499929613947
-6407.756866762284   -2470.8262070843957  1         0.49609799483237094
-4245.290425032001   2988.3680197600547   1         0.22035724407559576
-5859.921333437317   733.7879146114326    1         1.1242869398355801
-5482.335181042048   -2785.4158248918293  1         0.9793690314580531
-2123.4590297288173  3268.650025320342    1         0.24644368352966414
1380.113468192113    5049.50179636476     1         1.1214905701720241
-1874.8267021202307  5846.8147915800755   1         1.204883022821723
3752.627584040105    5168.304373470623    1         0.8282932873697569
-1855.9456787406805  -4019.2471183157304  1         0.679090870405907
2291.813051096507    615.1575095729015    1         0.8029055894839123
1309.3988950496969   -3824.633665245617   1         0.8184227579001889
5318.0228897317875   -2672.076478510924   1         24.482706739972034
4800.869726749246    5329.781271884282    1         0.6088413305093483
-3100.971059919622   -4329.081713043905   1         0.7957919838167955
5653.49005496024     4206.790280655758    1         29.48816371471142
-2698.1493681865454  -2521.7494333589334  1         0.134368031392255
-5494.676289239151   1413.8568624941613   1         1.0939062830623645
1498.0836964371056   -3871.275621619357   1         1.025180423749835
-6119.620432133182   -781.1161002022644   1         1.1591816892618672
-3502.485991586517   1312.6390226405385   1         0.8229335892960321
-4634.343619824815   -2108.835814832365   1         0.8951624912420139
-6324.442176278837   -5542.994594560601   1         1.1735809262797197
-5042.59924707151    2308.0652921246387   1         0.9559790175959477
5060.3484602188      2493.913505971349    1         0.5512438494089108
3522.4378108122714   1591.3347978170245   1         0.6024075175348876
-4908.192260115449   4133.211348817996    1         0.7626097254321469
1446.078023913886    5707.092900453912    1         0.7026024213696694
-5685.251536367547   -3491.234653763668   1         10.172278493243319
-5300.848792192908   3762.6574348278855   1         1.1131866973440088
2478.889089211441    3847.0353659778257   1         26.28384805873819
840.7344127901396    -942.1638400180788   1         0.890985537182334
-4243.025916827369   -2254.2254262475385  1         0.7252267810692564
1092.9723313838235   -755.4046303562778   1         0.6832240233655306
302.8857264424975    -4261.253516469966   1         1.095461138884388
-5847.727851594654   6090.654451147531    1         0.1168873972841477
