trucks_count 3
drones_count 3
customers 23
depot 0.0 0.0
Coordinate X         Coordinate Y         Dronable Demand
2061.847087396294    9206.510653535195    1         1.1831641135826465
2903.2300871341363   9888.172448163885    1         0.5415216578117975
-1143.223011023117   -5675.138757055152   1         1.0782011762419093
-3269.317452940235   7653.936847007202    1         0.5238849688322391
-4782.900890256784   -9723.889099429232   1         34.24228200421135
-5200.82132768468    9057.373417526107    1         0.5819076621487392
3892.8671745996853   2845.2136038636563   1         0.4046889206322264
-3161.9162016609516  9435.271750758604    1         0.4672583832758982
-8358.9403972557     -4747.815555867038   1         1.1808563706325013
-1587.7237819520958  1552.305740809918    1         0.32788976891614746
5316.379886660694    580.018812257338     1         0.5065695190664391
-6902.751569237366   -5151.059882375907   1         0.6919575265361436
-1904.9212931571853  5968.613271495237    1         32.273260724652374
3882.3103706275347   -10194.401619210352  1         0.10315537544053484
-6970.696966275777   12935.729984319185   1         18.952446193338524
8.16746239145657     2784.9341684657284   1         0.8095796996849516
4874.208231950691    9101.380802506224    1         0.946470134147613
4827.357974827641    -3738.3410374057075  1         11.82711946418037
-8355.622176440063   -1432.587750063959   1         45.49560345750338
3907.415099395049    -6897.279778459759   1         0.33578382826813036
-2883.390576740151   3398.3650744586225   1         0.19064053612998003
1205.8137731679556   -8565.536833194214   1         0.13220481516869897
3260.3984791238995   8583.687482561982    1         0.3929435802402196
