trucks_count 5
drones_count 5
customers 53
depot 0.0 0.0
Coordinate X         Coordinate Y         Dronable Demand
4007.9878543488862   -1037.2586853881694  1         0.957425965506709
9668.259911893416    -4719.4747097518375  1         0.4237224240430616
-9898.741252125712   4050.389340511041    1         0.9420428751060375
7281.753797123918    -5014.184864517804   1         17.929299921324258
-4215.48752147008    746.1990613501906    1         0.6239626368435996
-1263.7932513538228  681.0862264903608    1         0.8174926244156979
-3572.6734057412323  -9029.979254401243   1         31.873124111728274
-3817.1264358197177  -224.9419951006039   1         0.5352552776221081
-4333.048007898775   -510.55996277981757  1         0.5739068562000904
-715.8396680365659   -6670.116594773139   1         0.864188512094617
3557.380989459292    8878.166588174558    1         0.894404006428353
5258.83569955014     -7696.731451606267   1         0.3619111655423102
-1043.6704315295904  -4978.058847008566   1         0.7595276589381483
6091.245877972229    -1990.6413080375144  1         0.6868028839018889
1349.4251990510002   1493.286757985       1         31.161616276999723
7986.1630186318      -5575.020001989255   1         1.149387447593251
-4269.346858621906   4956.04134606642     1         0.7252183315758922
-4996.409628014268   -6196.363666707528   1         34.390130580759696
-5430.829570092152   -6466.931409775768   1         0.18742266517404252
-3505.0783797158183  -10358.966702107462  1         0.6943379231298918
8789.34675496543     9325.028621608664    1         0.5037006561398124
-8764.822032253596   -3254.5436212655595  1         0.6438461410718825
-812.3377053600158   -8163.6863700661315  1         0.4464476013876554
-10205.13223943042   -3191.3862394807998  1         0.3552670654458997
-6516.9776534275325  1700.4784889682367   1         0.5304470007626437
10453.820332300771   1279.5803364815706   1         0.40554021496604753
-9960.04335688831    4360.100003175665    1         2.4781186893822538
2009.657576301289    -10069.74954136949   1         0.9201526173654432
-4330.623960658741   24.339226583555664   1         0.6587480486504935
2394.56377424392     10470.851964703295   1         1.060074466909604
3753.7404862269304   -2723.0940174114667  1         0.34628280793445265
-4620.779250608292   -6461.744864840438   1         0.33014748105321745
-7259.7952883121525  -7959.173048416606   1         1.0401521862816716
9668.666808565593    -1278.2797273643448  1         1.1775125769196715
-3434.1193620507447  -5011.842387310958   1         0.25419650422369644
-7994.6487205534295  1790.5394467496114   1         6.985293939782379
8034.918963577799    5273.362100020013    1         0.6096705269040918
-4488.799522011367   -9567.031204860345   1         22.258666541399794
-4703.683463024101   1204.9008808701983   1         0.7553468040525223
4167.668253313628    -1349.154266213318   1         0.11702374701303649
-4269.218796144496   5914.9060171617875   1         0.6341144598692829
-9502.815349200655   5383.087391409283    1         0.8680101072299946
-3111.8445348130863  1149.3280870207745   1         0.6565586426975233
902.2713994213879    -250.09454423120312  1         0.2691155081113968
1491.8780135826232   -3880.154197958654   1         0.99358103464923
-5211.254954077419   301.07806230504343   1         0.46824846884472227
-4445.476917611463   7669.0663962782055   1         0.2779833160891729
4859.804668670131    5545.47399538277     1         0.46154331070546606
-7282.457074639048   640.5825279402277    1         0.6849239391644847
-2601.6265169019584  10132.457934261623   1         30.95747746169397
6045.353709903336    -4483.43805001846    1         0.1436274243878608
1052.5270599105852   6570.724816775931    1         0.4733053766646961
-5438.03104767595    10270.03003901451    1         44.25494243909504
