trucks_count 5
drones_count 3
customers 41
depot 0.0 0.0
Coordinate X         Coordinate Y         Dronable Demand
-6168.064273373813   4795.489826754042    1         2.712245872510252
-7408.149521438599   3204.000013068608    1         30.813693300490748
5093.977665401395    -6882.242009785818   1         1.1858767666314012
-5833.238539253394   -1751.236659416115   1         0.9859684039124237
-7204.50121924633    4082.788589156258    1         0.2688936855812001
-1136.7485125460973  -1815.5605040887745  1         0.12922121489203853
3993.9562479461933   4539.3053701382      1         0.31527313112971617
7348.809320486283    -4368.895785589472   1         0.9597277484322182
5694.469763241435    7357.665893462357    1         0.4432314768294394
-7110.205244045065   3315.121272022452    1         0.4111928136017895
-6532.452820869016   929.7705124855474    1         1.2265846993472311
6682.987370477418    7552.936713265255    1         0.9110943915814061
-407.15072631150525  6525.458668384015    1         0.4969766725631042
-6407.6194341881155  -1840.24718566064    1         0.6417404593490612
-482.337621342119    7176.873366816248    1         33.58429177049377
-5873.927746357077   4767.484712160293    1         0.22009752053733705
-112.7407508198037   3990.566613714944    1         0.5101551430645447
2562.476024795491    -975.5006602347685   1         1.0919537978710478
7050.372492002317    -5137.368364774591   1         1.0092775807454415
-1842.1588309052852  -5673.088328224682   1         0.48792416057408894
5093.383643916496    5473.343249139282    1         0.24461369213310047
6757.4773469985075   -7047.218212461937   1         1.0940813242157457
1802.5653389016152   -1251.2370544620783  1         0.41190561621568034
-1929.2221255024256  -7498.351550463788   1         1.239479135005153
-7425.741850329409   7813.5486058569995   1         1.0625969714197503
5661.286047318319    -5836.927160795775   1         0.8645449025854086
7529.152029044348    -6532.591789810122   1         0.824917405999265
7648.469575865173    6713.072537022772    1         0.2646448898971819
3390.0728447263973   5876.744643586377    1         0.3619560965117077
2278.990536189719    6491.230803220634    1         1.1679298963444562
3432.4468620470107   3379.4897253629592   1         0.3070044244742475
1794.759163582899    -6350.930317097754   1         0.6617270375921681
7616.302071078287    -7747.348835800579   1         0.6750062680264655
-2635.5691902092826  -7498.218714809608   1         0.7640035551087702
2837.182780498878    -1522.9128680279766  1         0.424906192921397
-6125.687784799589   5981.12790519665     1         1.1397294095056132
1652.5046236426433   7547.771591595102    1         0.4589289454430239
-4876.194825326825   6721.783947635808    1         0.1164816547536423
6341.885137071719    -3580.9965725453035  1         0.9967985070422103
4206.847777188295    -1671.7292408906599  1         0.915159752066724
2174.6350395395584   5778.815976017093    1         0.6036317735602319
