trucks_count 4
drones_count 4
customers 56
depot 0.0 0.0
Coordinate X         Coordinate Y         Dronable Demand
2832.3971483146834   2722.4954469678255   1         1.2498295662849246
-1825.5924299663748  1212.6418915938534   1         0.8310016937570295
339.54339615191964   4054.784323336106    1         1.1212734636074795
-5876.227906211314   -754.0133287491603   1         0.7733736082214663
-3258.9794584277874  -9691.767829746525   1         22.096467841568344
5954.217765460449    1932.0984987786933   1         1.1203684287683222
3574.0426950295505   -9394.55193606081    1         0.6188438396910104
7333.488812318365    -3718.1561833855426  1         0.7060661727784794
4637.9344948485805   2056.3138669458895   1         1.0789231677515327
2858.4471455577227   -8824.528054254442   1         14.691465768668108
10078.805273352802   -3957.3937002126086  1         0.8274363854189872
9324.355234429348    4232.825396636037    1         0.2166118799986526
667.4643038707796    -7756.280348582404   1         1.0082376007355645
-2653.3447013936775  -8.416981781139564   1         1.131326778279203
-825.0597875935664   5145.511845003281    1         0.4579593346019951
-1699.8593627344053  2540.7418974865323   1         13.076342027882221
-3691.1852925549     2236.8547379189094   1         46.066930306574065
5712.692710860704    -9299.968267572656   1         7.40262540265079
3626.4345830166408   -6648.695106249202   1         0.9043566158284274
8453.065111273849    -6745.133426930676   1         41.36997652812377
1002.6995963673471   839.3810322006252    1         0.4099799142479761
3521.3355248890607   -1601.4511986207567  1         0.5271795309848957
11316.327276464244   -1611.6443863330078  1         1.1471532667362916
-2137.137068224556   -1728.8584831846074  1         23.666561531563904
-8877.991159105879   5358.2273262738845   1         0.36051199213759655
-10240.805739108966  2465.5811581308767   1         1.2022855512312511
-1889.0968674424619  -6844.588214953753   1         1.0077435878584036
9670.57722114218     1025.0148205930363   1         0.5461671284493403
4224.981423862292    7241.755955508694    1         1.0496499077805046
-160.59673267360054  9925.59353857335     1         0.1809073101497016
6282.483848209162    -8295.206143468      1         0.17091123576372655
2046.8496344217806   8232.927898476872    1         0.9370209146418513
-3462.5340439529546  -5522.523909551851   1         0.5666885705016056
-3971.0287057537707  8512.41675425682     1         0.8619761715464613
1110.230908154157    -4713.406827030267   1         0.4020995835354877
-4631.364447528217   -1394.8298412689762  1         0.5478394527747782
8626.28287695451     1691.7710237299138   1         0.3656024042718372
7660.995342453729    2222.209484716557    1         16.054685651715147
-6256.626335135086   -751.3102310623453   1         18.57114692742356
9654.557322315535    8863.144634657716    1         0.36349124614051365
6877.0948780806875   -1626.3518517156929  1         40.50133216299248
-5409.649344833074   -7712.274210799086   1         0.5348609651504485
5511.615837727688    9286.815820538637    1         48.12212518634073
-3163.212963064188   9484.732528089056    1         1.2046388761260278
-2681.9638493206476  -8453.4107603346     1         8.513961187772466
-1921.2642926344733  -1555.130183826709   1         0.6698010860017146
-7805.839878545819   7141.083722201189    1         0.3219433692188108
10150.161756930136   10435.718951996458   1         6.614594249541646
-1135.8116516248795  -7152.977366614021   1         0.2273974426313408
3135.4140493396662   975.9001445150916    1         1.2237123955794085
-1801.270526820703   -2231.8006231943973  1         15.664145389357328
-6336.912480234843   -3899.993710885641   1         1.054084364779828
-1142.0981471374178  5952.866983694105    1         0.18416799095629577
-6226.572984181968   -6337.132020739684   1         14.222219044056866
5866.957744219724    280.27705498276435   1         7.3790447065184654
-386.9170895222487   -10928.954531491376  1         6.7085001839830944
