trucks_count 2
drones_count 3
customers 28
depot 0.0 0.0
Coordinate X         Coordinate Y         Dronable Demand
4674.047195055695    -2476.5088157600067  1         0.26948834462454935
3483.4829190873065   -5459.806691266576   1         7.12010404498771
-9918.015530228877   1808.5998531980965   1         1.0877613532677661
-6090.456722741948   4920.967300148821    1         0.4955373138364657
4162.920164443813    8931.393117075804    1         1.0401543311278794
-1872.0417159429273  6274.981828879554    1         1.1671148115755192
2204.5736966344684   4077.4089191261846   1         0.31463661560340567
1289.0229415768965   -760.8142728922683   1         0.11770243199395572
2112.370397548488    -2350.5252837045077  1         0.8051678353866233
5874.587381108793    1282.386724051889    1         0.9080026568326482
6295.803634253913    -8691.723101841078   1         0.9233877284746165
-4032.538819061158   -6379.726181871401   1         0.18718547481692344
-7540.625927176598   -1231.9348711361754  1         1.7325538479049878
-4413.4724512791445  429.81409288786017   1         0.3291499713402317
4731.313376227231    5087.451725569843    1         34.43079352439791
79.63209015895428    -7574.12225352064    1         0.3545278113695648
6764.76304918594     -8516.120520470793   1         0.8628875103988333
3143.3872403197784   6175.833795640969    1         1.2024269529786975
-8595.717628507911   10698.852387742918   1         1.1105140893989451
8540.533464785005    -5127.327190882856   1         0.5194853548861774
-1365.84852776024    6146.56710942832     1         1.1920125160389714
9603.481447120237    -10454.909858192743  1         41.684818582789205
-4802.988517350816   -3905.283360480203   1         0.16449880801826733
5814.35444953329     -3988.615405552374   1         1.0088032312963955
10350.434901579702   -331.5477248015854   1         0.3275783725667925
708.2988683107978    -3691.7353398937503  1         0.7751215762820363
-4716.607118167018   -4568.998505264647   1         1.2039532888790834
558.760237219838     -234.15770559933117  1         0.6968086955744869
