trucks_count 2
drones_count 2
customers 34
depot 0.0 0.0
Coordinate X         Coordinate Y         Dronable Demand
-7348.193129516603   396.81256205420607   1         17.21758604877315
6896.84590302516     6326.303288575918    1         0.6106151591399521
-1241.4035452310488  -2436.7776178556373  1         0.42749716560038986
-4531.47324584121    3599.2446717578487   1         0.9809747541580133
-6619.514970561126   3745.225908660681    1         1.086472774996916
-6811.7206368597035  5430.602066004683    1         0.4160281734750796
6271.722947672327    6464.1619134063085   1         0.3619848102012039
-3764.3337044936598  -6341.076759105334   1         1.0486915964709742
-717.4987804484581   8427.98182069957     1         0.645535754647317
-8737.78943841191    -5331.361976702109   1         47.10896628879026
-7223.959463915195   4344.495630122889    1         0.8611038566136333
4990.057263378978    320.182572424159     1         1.2287360081306136
8452.97260965774     -5989.787078955274   1         28.543403890787665
-4652.078033510107   7759.893826193712    1         0.531447219850743
709.4395387307959    -6994.82709017472    1         33.66573378701508
-5719.112767294474   -6335.434802727867   1         0.30620501648954224
-428.37121482096916  -2232.8234723225023  1         0.1884171330104751
-3264.6277711887255  1787.2012837757193   1         0.8626951128166342
7943.873020487371    4192.892296165904    1         0.9345586190178978
1686.677987383309    10178.449434136886   1         0.5291882487649265
-979.565634198002    4396.319242781902    1         0.32095432880024266
-7501.790283463213   4493.852340009606    1         3.50714780738144
10933.273178706551   13432.093487747517   1         1.2146905299448372
4059.3878694152095   -2813.765837094707   1         0.4102713598992562
6400.91889314666     2498.605361603852    1         29.517340561194377
-262.8834597566058   -1005.53000158662    1         0.16251352934110613
-7784.044778358526   -2551.0829045771616  1         0.24031378096173298
-2612.9286254721537  8230.457232949639    1         0.917705503261372
-10339.451821112754  -407.7842432629531   1         41.53552875576927
1995.7375980516883   -1921.2145202735212  1         8.859235531251032
-4148.087703011349   2160.004487468656    1         0.520665779742783
-2831.358626789946   -190.16282983951683  1         0.9059512983130649
10741.585191126715   -2864.7867379122927  1         1.1287348333800225
910.2100057900195    2037.536586331277    1         0.9659584811517545
