trucks_count 5
drones_count 4
customers 43
depot 0.0 0.0
Coordinate X         Coordinate Y         Dronable Demand
8140.966336224643    4437.938669282892    1         31.966222588247845
6261.927122785126    -1361.406213792747   1         37.862687122998224
-2266.2169571871696  6622.442752847905    1         0.4604197370532862
-3720.3758967792974  -843.7707288250506   1         17.821197986670445
3832.5812768091523   7611.254516254549    1         0.6981426086251131
3299.412631007533    -1488.192482913461   1         0.531084184926266
5775.888827234483    -6030.574469235015   1         0.6232779658512366
1898.3479361696718   4323.9417519873405   1         0.9993120772525356
-2420.648836781258   -10237.242645333095  1         10.796216825623382
-9312.984818901234   -11595.808929553921  1         0.3831884685722954
2899.512547170893    6336.375132472654    1         0.2121372816772179
-1486.3100777034597  8655.23648868819     1         0.1232279627563601
-528.8112914812637   -7864.9367540660905  1         0.11421616285918745
3419.1842947262917   4077.303259850167    1         0.7746191627584577
-8459.977791345767   2269.857428594601    1         0.13805553485830138
-7460.665997896897   5118.16273954266     1         0.31228240570253074
-4432.601239607781   1222.6566195643086   1         0.23339816547730094
-1638.6173165435398  5982.161162537684    1         1.1279100317457207
3600.1014344423374   -3965.1786781235937  1         0.17322369845591462
3562.772999023527    6782.983622516917    1         0.3219995601586808
-3030.8657072338683  -9108.374609561564   1         0.2295548397359847
10266.110040825928   356.74478951619477   1         0.2051129065720132
-1507.173189312238   9083.966443749157    1         0.6610798248020793
1125.1459829638043   -8299.937118329559   1         0.5581087000368276
-8096.306692108306   -12437.2101781504    1         46.14738269553325
-9762.321298075803   922.0536901029461    1         1.02425877675714
-2626.2166574853677  -2380.8114615931645  1         0.2533818719793466
-6501.774217586536   -8642.651387522785   1         47.6214501296895
10770.573274785524   -1128.810468323847   1         1.1611434756270356
-1746.4290982954317  -2764.8453980973763  1         13.840835097679854
-7497.276722281705   -805.5196858052641   1         6.8855250514441
-1748.7983621116252  -8090.6714757908085  1         0.8222177481107236
6144.551311623221    6818.418509503208    1         1.0886478973341012
2905.7964774025118   125.00158495032902   1         1.1959088829031264
1068.897773057196    -2758.0317211186     1         0.641023913339192
7343.816115000198    -3999.6704045524416  1         0.9291144852962944
-716.6549992522472   -5370.559264917471   1         1.0522567391240734
1387.7660886276215   10240.469445393637   1         1.155762345768668
-1966.6884913841338  -10665.052352781906  1         14.33231041810351
5448.132124133177    6037.459464435635    1         0.14666182787532872
-10190.16882319238   3518.665297318062    1         0.8215621149465107
5530.000091116868    2719.694706191298    1         0.22380862426095124
4224.020442303198    -3805.726228089911   1         0.16543068344669853
