trucks_count 3
drones_count 3
customers 74
depot 0.0 0.0
Coordinate X         Coordinate Y         Dronable Demand
1396.2489229065352   6162.16522330012     1         0.9566917394517626
3656.1564277832285   -10296.502649266731  1         7.225174900508674
-1812.8356936268792  9243.666891966124    1         1.133933781320524
-7228.692536783382   1108.2450149253348   1         0.49245681034039257
5639.74278585779     1029.515111377688    1         1.0892131967303158
3805.160945024612    -3565.4781006810085  1         1.099357535485285
1772.3639001147392   7914.725884690014    1         1.0060268300969564
-4233.506473415661   -3561.144355262941   1         0.3216351297161929
4622.395448319008    -7012.237876649382   1         0.7886494414289881
1505.9777011220704   1344.4332165215137   1         32.71993335061333
-334.39275072481485  -9001.548580150482   1         0.12302665212430414
3973.824842112504    -3465.685101590691   1         0.724444860557045
4271.280899443814    -8599.033750488888   1         0.5257759114885575
6470.977839502498    -210.5368048027678   1         0.23928318927454956
9555.34571256306     -8813.668330767194   1         1.0956383085905923
6122.427374261624    -5146.9625552318075  1         38.1259409908686
-2336.9425253955233  1632.7086283258323   1         0.3918610805229833
3808.0279803992853   -3538.101018890714   1         10.76432343472287
2996.9297256237746   -7944.2456443759775  1         0.38836617277171137
-1642.4633161575453  2410.954619918923    1         0.48269271894518884
9239.611413454633    -5784.696040551589   1         26.74270159931644
3047.771055259171    9728.608057882408    1         1.0977905722044137
-9533.958022311408   1142.729775571908    1         0.15739055200632163
11282.384130680704   8777.696298517512    1         0.2910497707574028
2693.6576139135145   4617.908979708818    1         1.186805728095179
-3505.7367460881005  -4879.388520988042   1         0.6008988452008681
4226.507911971271    6269.957063606103    1         0.3910685532329935
-147.42057525060605  -5615.673106426931   1         1.1696371743899545
2786.808058968878    -9141.122039608372   1         1.092833194591113
-1171.8585538112454  5349.368361454195    1         1.0593338061473752
-6103.218835828714   679.8460284306311    1         0.8593972543402801
5274.622592881911    6658.147012074805    1         0.10326053527239083
-2937.7956743405434  -346.8789651153619   1         0.7721798958992967
-4948.488463024114   -344.208791151597    1         0.3728675101684248
8966.2874622792      -4167.694731396404   1         0.25756791266896756
-5242.606947459202   -3461.721596166407   1         23.38123261147062
-8975.086751934723   57.20745904378713    1         0.9641765206589068
5486.462759082784    2475.3645957241015   1         0.22373146700232505
4926.71205048562     -7657.386422960406   1         0.17184507625205414
5180.802545222156    -1527.7631637772388  1         0.329773739167376
-4653.658501755078   6474.670842041023    1         0.6786856733842176
1452.203817728477    -5008.9709810855375  1         0.9113340854924483
4198.810444308843    -3083.185686225139   1         0.4691450592749795
9522.009010485257    4028.7052352602623   1         23.174825802198594
-8351.094785932419   989.1051252693857    1         0.5599180035830318
9384.717831387654    4496.3328234275195   1         16.918353290531215
7830.822430435333    2802.4680648972326   1         0.7203468102116831
6269.673549445148    7240.208524844857    1         0.12771612032705174
-8076.636454946389   -9378.186959261055   1         0.7019553759711651
-9335.711241644147   1366.0590359641892   1         0.4364136083613914
-3078.5211850038027  515.2117237683789    1         0.9915267103628779
3067.20862147084     10132.821113503669   1         0.8015073000073065
4785.042951154623    -3350.120134798815   1         0.8852987640034043
2491.457447368803    -10187.433710902536  1         38.10497787474103
7201.941209500097    4903.651395982064    1         3.641701720505559
-3349.5497967048527  -5563.9205308655655  1         12.264613052931004
-7180.392334483019   2297.5494061902737   1         0.48939001509266544
540.9258489421554    567.3108560069741    1         0.8266088696250534
-7847.077624348479   -4900.564521325339   1         0.45369694841644415
4456.691472966763    -1842.0675162320854  1         0.3422097878259173
1128.0438914539066   5134.328509931594    1         0.40604780912180904
-8512.380818418414   2479.0439726644017   1         15.981831134559906
-979.0285946562909   -8675.802479916283   1         1.0964638346536992
-4156.922478054254   -7486.925674497042   1         0.7255381832954821
-250.59651115127852  -3973.641833822338   1         31.298469369315278
-8253.255146744545   -186.34327748603462  1         0.21750177790666003
-8389.615107510312   -2963.8803479605613  1         1.063186164042932
1192.614936195505    -1585.1071017450777  1         0.471805756877682
-6963.888804176217   4589.106478479219    1         0.6226573476557427
2071.259348787535    -4256.55905346877    1         1.0768425490667837
8785.835292548469    3801.787060740399    1         1.1241718725142777
-5883.193672741007   -9419.127913632989   1         38.49880431079673
-10888.230316929055  -8899.337415803733   1         38.648213590146206
1901.7198166331382   -4072.357927358511   1         1.131195862318005
