trucks_count 4
drones_count 3
customers 72
depot 0.0 0.0
Coordinate X         Coordinate Y         Dronable Demand
-4563.030194293815   3275.7396684996256   1         1.0834729042655222
1747.2623514305803   3839.493940880252    1         0.7306388791541134
-9130.343609047044   -5014.64874365756    1         48.563314931351904
-1733.750980577547   -8248.294493353998   1         0.8851606078632666
4489.238870686271    -5927.048632193503   1         0.26870185500515675
8115.821708157328    3101.411265851762    1         0.23267625788306262
2627.2894321278586   -10526.500015853866  1         0.11693542979476354
5856.6322244258645   4195.321875630327    1         0.8853483039354337
-10203.00614122356   -2769.7652042497884  1         1.082062813752408
6403.198270070505    -7305.31279349152    1         0.8137457315292173
10506.051690661692   1006.2425151513162   1         0.9114957151608538
-11368.80520314701   -4584.794420717737   1         8.264966487210218
997.2443362404731    10425.266783504896   1         1.039329009420475
6003.409087565853    8779.176964450928    1         6.305508663787778
1102.5037809668393   -8563.328682268282   1         0.3412540280944152
-7026.027293053969   5484.393932314482    1         0.6134831496116574
-4002.103249433113   4696.03333548127     1         1.0346752738292617
3318.733268635516    -4408.0268546076495  1         1.0258002388010046
4452.883872600672    -7496.690937052842   1         1.2117902689175681
4343.719726189976    -11463.508426886503  1         0.42384821794363414
-8113.403249643042   155.90229167500055   1         0.9935716483392651
4465.104941372434    1823.5807725137583   1         0.36220519582028976
-6281.247480656598   333.9002686529233    1         1.1610714272487308
-3877.416281845124   -2213.7607227499357  1         0.20339699340773124
-8392.691114224424   -11741.83245100226   1         17.910386740793573
-9861.805715528202   -1167.7723387125643  1         0.37256921917194474
-7580.070045677428   857.936670521964     1         1.1882708186595414
11359.803019569348   1233.7165455509567   1         0.13162387981502047
1872.3058029744934   5842.891253767835    1         35.62267550736396
3198.4942039022144   6686.929333479118    1         0.3968215849983795
-10583.307143580254  12367.264565560077   1         19.104604974331732
-5421.071794896514   8813.656047612982    1         1.0073189489019674
3588.9164385426284   2414.759518646917    1         1.1551098099072703
-1570.19169993895    6950.061338350319    1         1.2421175210206357
-11804.750367604653  -3875.7961325465203  1         26.543399287545206
-6741.811817893638   -10861.754632792617  1         0.39719854308582825
-3906.7147742906654  3944.5819216190334   1         0.1852212756186861
-5192.984511570197   -9466.625992258669   1         47.40520374894816
-66.39209800592903   2323.693307554222    1         0.30202421956016157
-10828.154827212154  414.3728058838796    1         0.8355226202996084
-6070.699625746815   -7340.176332544636   1         0.27147297489663214
-508.3587369047861   5227.433196375369    1         0.8621211589701894
-5276.752120370457   -6935.556363093201   1         16.847614194990744
-1679.2280072073684  -3203.5231587252483  1         1.041059794417531
-690.7251720451374   -5371.977983115321   1         0.7942740643865666
8375.38139346252     3740.789135751492    1         0.6756118369774858
-2155.367956145289   5921.06568000323     1         1.4736425113882266
-7259.977254688416   -6178.843294352208   1         1.1656366028885363
3843.5548295086005   1299.2939620436923   1         0.430847210843997
9911.758133083325    345.01211180507823   1         18.384563826453082
10910.810853828241   1344.6115433696486   1         0.3221163006234411
-6810.121148353487   5866.744363387215    1         12.444999997148821
5447.524063349738    -7936.651432019727   1         1.0496261662102735
1869.46529414157     3858.4645966802377   1         0.6527250105284393
7872.0804136371935   6234.333885081513    1         1.1086532784659016
-11917.465170927548  -4611.831153875778   1         1.21243987766087
11275.093854374803   -4863.118379799394   1         1.1006905790920418
-3934.0459643142135  -6093.828430203357   1         1.3243793789321552
-6171.712569684349   -11791.006550748378  1         0.9724024670582685
1155.6816007272234   -9470.683663198504   1         0.377834886397469
4321.468433746088    5429.29068125244     1         30.185902094532487
2660.660266962252    10339.119624983945   1         30.285703861563828
-8873.36450735586    834.1901803703942    1         0.7617099038922371
2637.5180061166866   -1726.4653907111478  1         43.61399767284414
-733.6717247712509   -4933.656171724345   1         0.7971395028492185
-3073.6870698088023  -8986.755321353881   1         0.935916049506132
-131.15812362192426  4837.992863749884    1         0.7327963635583971
5646.079066178419    -7463.211082839408   1         0.8881077349349681
-4094.4908573107045  700.8602782313409    1         20.27731211809198
2597.4385626203734   -9274.474212428902   1         36.90903808101808
-2563.999290471556   364.55981748292675   1         1.221975951084408
-828.6015448634018   -1729.6585662523976  1         44.34282277885158
