trucks_count 4
drones_count 5
customers 54
depot 0.0 0.0
Coordinate X         Coordinate Y         Dronable Demand
3218.042991696715    6122.111563958926    1         0.6344402316134414
3949.0344753448308   -3631.276158386026   1         11.310133409039517
6747.399028284176    3812.0643453951484   1         31.189037482582147
507.1543706320668    1743.492839600182    1         1.1769486840476313
1232.685469354219    4079.772171605818    1         0.3033576157468346
8948.31065187717     -3229.9400781599884  1         0.8818597595521576
9307.22214108795     -1925.2989705208615  1         0.17592697452059736
-8055.877827623912   426.189364371544     1         0.785770140216113
8972.765884025617    -2458.4391058024485  1         0.15146242704338134
-8591.62303853279    -4422.775323774456   1         35.77822834501761
7420.40788716239     4894.423496735421    1         0.9475564477631515
-6806.20115419718    6821.741823987565    1         0.9649191358296229
3775.7115113774007   -15.812709914750101  1         0.8986033090478059
3714.9151482153397   2114.549762507708    1         1.1773386090848315
6441.652438845698    -8684.506895817694   1         20.98846784291168
9136.558448946049    18384.62113164134    1         35.11759058828031
13869.775375337413   -17569.832043301718  1         11.091727080006839
2590.2633380803386   6585.1949094599695   1         0.11094941010798573
6406.087353509164    -5887.937233449008   1         0.9760411822509412
8908.537805483518    6338.812739209639    1         1.1371727168669237
-3192.7996490705104  -2581.5155824313497  1         1.0465923984648988
6928.140321566094    4037.281531871037    1         0.6893463950065754
2468.6598206518443   4846.900658104837    1         0.6306949616256617
-5382.168495107791   -5464.08886630779    1         19.903285411462495
-4510.102244591737   -3986.7701541875354  1         0.2050997634234692
-4745.105271005863   5407.7219490195475   1         1.1308129173895185
-8355.260464459316   -8641.194034911408   1         36.457934462350835
-3445.3222371056004  7368.067199108574    1         15.168472908969592
8340.874943043093    6560.52616820027     1         0.21379500074983407
-4645.649249771048   -15033.826029473446  1         0.4034480369397557
6501.350994261295    953.990819652094     1         6.518555243055501
-4215.554342424004   7529.756659803041    1         0.9671873625817664
6553.464772103725    2770.7303899171543   1         0.27903885552596186
18433.887733986827   8430.636009200975    1         0.4069714877595203
-5622.640193385027   2977.0913841892047   1         0.9690254361269423
-2245.6523773639565  3877.162400611134    1         35.281664915094254
-6085.682233945165   -297.378645495189    1         0.5476376555069292
-16472.542142518592  -5023.712411346885   1         36.74016928213751
5825.289209328928    -9268.569640098294   1         1.1509259582517277
-405.2879489094063   -8025.605044917162   1         0.1043213033925965
9673.482252493104    -76.005772488077     1         0.5722377501623284
699.0540564013161    2420.33445095411     1         8.658009333049668
-5931.74501015904    -8927.413353265247   1         0.31658300843126924
466.510359580891     -7355.886286204631   1         0.14666625680905812
9398.402823638344    663.2998643302377    1         0.314037882781639
-6405.141825784613   -8843.339721413293   1         0.46785930634615047
-4887.267336800527   -9133.969457732963   1         0.32869336174915864
-4019.4790398964556  -3332.133249234025   1         0.44191281445878505
-4149.863281205984   -17647.996231297777  1         39.79772557156398
-10258.192266494905  -901.7674298531155   1         7.727949832490666
6148.322843871298    3454.133547637077    1         0.28594406810480455
-89.84932448516325   -8799.38059285515    1         1.0566255089593637
-2470.644165047237   -9202.664923743127   1         0.2817747083932721
-8938.81277227614    1671.9596301112822   1         0.6319405331668961
