trucks_count 3
drones_count 3
customers 35
depot 0.0 0.0
Coordinate X         Coordinate Y         Dronable Demand
92.66672875222282    -5977.6726600344455  1         0.345447468487999
-7313.886321647192   -6877.606841479977   1         0.5548691264688852
-3876.492021046276   -3258.3032227475487  1         1.1385413793382848
-1536.1888565488748  -306.1104978201664   1         0.8158320380788819
2100.3109885402346   7253.069002922057    1         0.851925500320724
6014.740139137442    5392.400078935271    1         0.15764091412202327
-4466.779733560149   -1396.6370353958873  1         29.306431445752857
3306.7342923812776   3259.6817276290894   1         0.9419054481247513
553.8260071505747    -5964.5915902577135  1         1.1556946169757099
6653.163139446165    3698.3772394447196   1         0.4539640806734082
-148.39236199980985  -3945.1205740783917  1         0.6582224147742943
-7450.474849649191   2932.2785753410185   1         0.8285353203827526
-2731.743365643398   -2084.667563732918   1         1.1990643198047046
4878.158459313567    3849.9935212926594   1         0.26218480606383676
-5559.790683748477   5701.971808678707    1         34.72835571633299
-4864.404199516621   5980.757804315743    1         14.767916363764154
-6858.263006784442   7660.677863031002    1         0.8704710686899448
4096.545238173591    -598.2878885812244   1         0.6337133416622459
-1554.3597345186774  2671.0262413871706   1         29.466233812407502
-1059.1031415599641  4769.049842525031    1         0.74444449995612
2723.298816288705    3431.717521127999    1         1.0695438186158277
1825.185606300986    -5907.9672789262795  1         0.942460616440607
167.84143813499009   7746.800563264989    1         44.71251256592825
6674.611817073203    1289.006653196454    1         1.005317665127577
-6938.572185154011   -2001.4750775405314  1         1.0321816760288123
-5989.389760201118   -8284.584764819436   1         24.579419121123458
8091.896156687436    2112.531015156256    1         0.7188457265152552
4256.460773765477    -6531.883646854548   1         0.3699636705616892
-8431.775769662003   4042.029037812414    1         0.3194255939886302
-5884.738693299766   2109.9177934122986   1         0.8642505946697571
5074.742176443908    -3374.829480911253   1         0.6900957182956409
-3731.3746163168353  -180.73023043734761  1         0.49293886477942583
8348.043015019146    4615.099551694203    1         0.70000688742591
7318.035470893006    -3064.43701196198    1         0.4064729863660368
3827.7564855832056   -5664.522301927459   1         0.6887184632548174
