trucks_count 3
drones_count 3
customers 61
depot 0.0 0.0
Coordinate X         Coordinate Y         Dronable Demand
-3572.4995088121113  2231.1210342701866   1         29.340596501458172
-2010.2989172844875  -1849.694160711751   1         0.9633689287270116
1618.674788747759    3628.8707017738157   1         22.73897763795664
3140.4230144942476   -2971.397857113076   1         40.44867330880602
-891.8621820276511   -1309.6880603835696  1         0.1494987615475544
-4695.467261841338   4548.964206713657    1         37.541577289133556
1278.5524471043848   5145.318646944886    1         0.5002111915257341
3856.0233288133486   -3240.969575227922   1         0.8666979650663739
-468.58665069309376  -4020.1329046619485  1         0.20238957957191694
-5097.504701897141   5473.668841270588    1         0.33244899695639923
1697.833134434658    3242.8779834537695   1         0.20954321028480133
1450.367050920284    1219.2662731065823   1         1.2190513937527852
1573.328057491869    3197.2377761843654   1         0.9582024787160484
-4005.200037809439   -4722.015361078773   1         0.36465371431243343
-2672.463301150342   3992.2974551653      1         37.96817973013602
3023.274853933178    -3851.5424587532416  1         0.39889313757375755
1186.8691183437259   3242.7863920149302   1         7.07514415189874
5539.3924467543575   -245.88609322943702  1         0.4399806699241937
-3695.7060648852084  3061.5405640819413   1         0.31503031369560675
-493.99089081071895  -4287.798550738221   1         0.5243093135135911
-4286.37121060938    4987.063178719755    1         0.832218633881892
1815.5563063707878   3041.7715553385924   1         0.6088749640431728
2650.09516786004     -1782.792413177278   1         0.3394695435451148
4409.2844836164195   -742.4059551847656   1         0.18477938084377904
-868.2913679285065   971.4914414391562    1         42.023836048805144
-883.8235826486286   427.716445456367     1         0.5816029977530369
-5166.3738293513     3684.7952751113576   1         0.6183562814432194
-5002.692397898916   5558.50678226429     1         0.3749211127497398
-213.4444220326501   2248.4149549350504   1         35.98766549800282
-3509.1886733521974  -1643.2567599672532  1         0.6728311414277165
4040.8359540981496   -2227.5419235405716  1         0.7930996184367411
-2012.8561970730584  2361.859873143517    1         0.6362942152594103
-3688.5496987443366  -5543.117243504196   1         0.29467512154800435
-4474.971422538852   2073.8616878860867   1         0.47219340099584306
-4655.232277412508   3252.8373907633495   1         0.1383715802275014
588.8548284906237    649.1821820750911    1         0.5810911256065328
-486.85638487799827  4171.471420657805    1         1.1392698381042652
2573.4405402274615   -5531.806126657401   1         0.755158721013295
-778.5090871221835   662.0159832200817    1         46.54277750562961
3078.341851712937    2529.7244628659837   1         1.097066511179251
4127.09940754499     661.2373852945174    1         0.7710661285114392
756.6044711703164    -1883.0100193508515  1         0.4408390873336767
1666.7089331640843   3763.2908310999055   1         0.940607297928152
-620.0568496969663   -3603.2025503969235  1         0.5864336390552306
4193.611583022502    -899.0370833928658   1         0.390963951592217
-2630.526593417026   5548.716939400544    1         0.23191022334227457
-1584.411503904133   701.9054483053997    1         0.7829655278372925
-2539.6618605683284  -233.88679303314424  1         0.7198172525017636
351.96684693799216   -1907.069500780763   1         0.8756042444607964
2567.433809114704    3284.6915096820508   1         0.5628150774901179
4153.414729201398    5587.871806859829    1         18.575075559150402
4759.029842609764    3466.334466209274    1         1.1493854469513287
-2359.5616212078526  -816.3956897170799   1         1.214072366881929
-1462.3266513647186  -4532.681573380311   1         22.884041697634974
-3680.4606209852996  1959.480132955704    1         0.22458838160029276
-4719.433320786121   -615.5843179903211   1         1.0043834364419002
3774.3333992265857   -2145.3501384027513  1         0.11868629732742038
1685.7828967697003   -4330.39195602117    1         1.0830462366536442
1077.091601981668    4620.717927286861    1         45.4831311226809
5185.416427499687    1149.503738054386    1         0.7210596865982593
1211.8738983067105   -4778.220268172655   1         0.5596074051316919
