trucks_count 5
drones_count 4
customers 66
depot 0.0 0.0
Coordinate X         Coordinate Y         Dronable Demand
7343.8421215789385   -6894.353074287341   1         43.90589461323741
169.58295451997753   -178.6298887781338   1         0.48322927749624256
-223.57073847254745  6407.888492963472    1         0.6268144159169318
-9058.41295874622    4083.033076723542    1         0.3827307164708138
-4659.258275845056   -7424.066291282698   1         0.1676371135237135
1282.137278398528    3955.3330229435633   1         0.34387256440974434
-9774.274604390015   933.2442489313249    1         0.6689656669419433
-3694.186503564988   -8318.404058045176   1         0.4225877197143486
7562.601316507891    11264.431898278617   1         1.0662021535055333
2876.4077717781356   900.905632739623     1         9.754785876692528
-5165.967790096552   -4761.830072536373   1         1.1193754526701702
1603.5071267428564   -5294.076420012782   1         0.9246677108053489
-1329.4999965968627  1313.1008517506834   1         1.1844910649435518
1418.0568613952823   2383.3284360569255   1         0.7164258925844219
7282.926987530755    -6515.52502339912    1         41.36971010637734
-8148.151865951978   4103.2821590418935   1         0.12830826119134475
7833.075605253467    4511.706857206924    1         0.5494200973350851
-10072.300043195903  6310.896050653926    1         1.004129173778353
-7158.38175156881    7896.15373555577     1         0.7410419341782956
-6372.627712299152   7823.355098621113    1         0.6718029257457554
-5413.860554762172   -1695.784938158984   1         0.2746162569475188
344.2750650149309    4236.2664445020655   1         0.811017025828706
-6354.762787482464   -3152.727427868566   1         6.937531211067313
-10096.919122764095  13828.08102874161    1         11.218263774071612
-5600.92886403802    5562.194197221783    1         0.4743018859546487
2450.841981808167    5255.352230844295    1         1.1383552984982501
-207.19878212051526  -2673.290114926024   1         0.21286599002831663
-9165.22771144859    -1592.7615294620234  1         0.4239252244031071
-1917.3912372797358  -10745.733852051688  1         0.6438036496178957
5235.284165571451    -1148.759656756658   1         46.02210282129072
1236.743270618811    -9437.127322906661   1         43.285877923665836
3327.2045145146835   -6748.85764048688    1         0.9360262881227731
-13025.91430422587   4456.980114708353    1         1.1457159009764954
4616.919750233162    -282.9726505328246   1         0.7024125594399295
-1565.6115484250736  -2751.143987020091   1         0.31758196912514813
-6016.5102583950975  -7488.94245733498    1         1.039264605118069
5916.729418384216    6323.845800741443    1         0.8766479028541551
-5172.372410641859   -8364.968890290598   1         0.3810976557605191
-14207.489952457221  -5136.213641792621   1         27.09841864225822
2872.684055574704    -1756.651636932228   1         0.5989780557496753
1784.6800119999623   -1527.6015382953049  1         0.1147003383070252
15053.713234044779   6967.674580601419    1         6.135970900403426
7403.106255202336    -1602.5469748400324  1         1.2480972989351682
-8047.219961384834   -6235.267707419796   1         0.40599743852516545
4692.233880208861    -5014.720824819072   1         0.864322617330776
-8107.66807955377    2904.1091255968386   1         36.460661688398154
2309.412422537014    10368.039057520742   1         0.7265358403707388
-5556.653816643191   5657.312963753399    1         20.737798018153175
6967.706186111909    5057.938027572921    1         0.5019108531109369
8863.105690689168    917.3217869401425    1         22.586425970288342
-1959.1741280832155  10729.664715433279   1         1.1632609030867336
7333.922872621217    2193.0462618607635   1         1.176055876338995
6696.326863683472    3354.879316790208    1         0.19425921739744811
54.89204955918924    -5517.371711432997   1         1.0928272907962637
9422.206334876959    1718.9878393846416   1         0.7537147843228169
-7954.292439017321   5678.072361816382    1         0.6293162416282905
-3170.548357200907   -6260.671843871516   1         0.30492365386549153
-3373.0931760757458  -3464.70454530992    1         8.244214842850646
-3227.899451314685   -2479.744577496018   1         0.2449031344963267
-10266.72800637065   1979.5381005211275   1         0.28007007970592673
-4074.565139113615   3820.11074278848     1         0.6118175687949495
-9134.330998605832   5119.912924661263    1         1.0789447016767115
1040.4085567058446   6292.186434145329    1         0.5889859729689451
5534.65488591813     8890.128446771541    1         5.02189880582494
5445.289077881086    6873.330571576899    1         0.7385646930177345
1132.4251299605037   1705.0623879556379   1         0.22075281111778583
