trucks_count 3
drones_count 5
customers 50
depot 0.0 0.0
Coordinate X         Coordinate Y         Dronable Demand
397.1441363227568    8242.489537969126    1         11.251258298811205
7373.28858156581     -4336.885130084023   1         0.5180780677202669
6735.234702640274    7299.627237621987    1         0.966063164709271
-147.02163002622433  -5038.0087439672225  1         0.8628372032572813
-3634.4609932002177  -5747.327762218389   1         1.0377301080763792
-6130.286045117883   4999.126866415799    1         1.214599592229217
4846.845646621679    -9209.393354976304   1         19.81940200799877
-17.803507150949372  -8949.393883471386   1         0.1903416750432077
9164.033591288187    737.6832037125641    1         0.6636441117690794
5435.234892217504    8659.269459664381    1         1.2370585336765445
-6870.674250350234   -6424.015586177632   1         41.25414401215235
6150.864753648657    -8871.165492034423   1         21.667895442760948
6134.07276910975     3715.8793579249923   1         8.810326572841939
8380.490462385249    5563.253069943532    1         1.1561592069333286
-5471.003207806792   7176.9022488176615   1         45.86699931469997
4037.030975667348    4472.318747873304    1         0.21724969701617325
511.85978999186045   5040.09887321371     1         0.6680139588840135
-8523.315262135042   204.28730000694668   1         0.8905210429299794
-2392.811632597699   8474.047458921812    1         1.1098510649235231
-7699.085502653711   -524.6668114449398   1         7.460317651620693
5581.876688107675    5387.934418263466    1         0.11587480097826598
-5910.2824462900435  5870.82791735284     1         0.45277790083463076
-5394.91839069491    -316.59137943630776  1         1.2472519382447356
5914.850023910025    -1334.8480397937556  1         0.43459845387883234
-2592.5018538565328  -247.4412081456065   1         30.55898440826074
7286.888869286844    -6133.959025810516   1         3.4416078263310492
-3398.0898832019993  -7633.60712762616    1         0.8189683463998921
5834.780305252073    -7344.790370134763   1         0.41815273657700824
3412.821595450911    -3785.1275796145137  1         0.5694935235409179
4296.196125801142    -8252.813430100066   1         1.2272904276206025
9259.416045782595    918.59055579963      1         4.104781121329609
-3598.4970374804634  -5333.927027271025   1         6.138593927810089
6464.197475637021    5961.245600111365    1         0.5449024547199485
-5447.313660070621   -575.3905445495528   1         0.9025395741840563
-4228.289435510605   -7965.24907709763    1         0.3695064977337049
-7297.212201651599   3110.4988742656287   1         27.783821185909783
3574.006833995785    5508.308015125374    1         0.9542551577871485
-5201.514119827772   9425.869724044855    1         22.928810822910165
-9195.010607020686   -4334.649695108201   1         23.683755382350416
1267.1739646933117   5832.736782179564    1         37.10561572507836
-8201.704469974884   7260.814864560341    1         28.831938816424465
2209.793710120931    8239.39393454611     1         0.4856911047895449
-5404.366358100197   9326.405014670798    1         19.48482263733956
-5778.096128890171   -7669.336657873943   1         0.6032235887178692
8588.12189927173     2906.2088239687287   1         0.33478603396110795
-3210.933700356494   75.19759155030685    1         1.0536397684165821
-4993.592601720584   8631.666450917392    1         0.31767382425776003
5187.565430817565    4214.558120273989    1         11.922791762362994
5436.521731520305    2328.3987615083274   1         41.931063900218476
-2811.6796881057817  4490.0330210303455   1         0.14880278329011265
