trucks_count 4
drones_count 5
customers 41
depot 0.0 0.0
Coordinate X         Coordinate Y         Dronable Demand
-9168.29271504785    -2692.5583518680346  1         1.0055351599915001
-6591.244110217118   -7851.404119207294   1         0.28080651498220577
1789.7419178028913   -6187.267765449955   1         0.1642165451541862
4001.259072327997    -277.9727095522641   1         0.12545924442731546
-5378.974805989903   4453.552334104488    1         0.4464796336097009
1609.827077223181    -8361.489901928579   1         1.2047677004635553
-3889.812613990331   5907.399648477303    1         0.744941312448714
-5308.107847940614   459.45887916547764   1         0.22548261542484668
-4723.044868137855   -8919.169527184122   1         1.1901354367521653
-6233.302674173168   -3800.615029438847   1         8.84033687814131
-3156.6329307673886  -3243.285278355569   1         0.570893278458947
6215.561674881864    2909.77751818434     1         1.1920531284092235
3728.244968779377    983.4854298313652    1         0.2998356317801001
6145.014124578497    -670.1235398215797   1         1.0732705498963193
1801.3647656897992   6993.415640350171    1         1.0351224523414024
8787.674169371798    -498.86157816504044  1         0.2798058792391487
778.351866295776     8675.342118397532    1         0.9435194574812876
8923.5602889211      -4289.627698537423   1         0.22579435888389215
6805.656730338744    5267.638438427254    1         0.21889417919269105
5855.716302727947    7468.445643332483    1         0.320746198059598
7655.007804125914    -5860.1424518518     1         1.139748892410883
5851.73805345067     2588.62132779168     1         32.596950337073544
7127.971472640308    7099.311186800752    1         18.038581007502177
8988.622546206694    4803.773945949965    1         0.9174485223910422
-2425.671732396106   8798.283013636104    1         34.02186324901173
2365.776985534019    8766.44492839559     1         1.063265807121206
3445.0581342417595   9086.06542963773     1         0.9642401350643144
-8458.166365915933   5891.789929032524    1         0.9681705994786114
6423.954473455612    6155.656461089931    1         13.3690156213687
-531.3662077772271   5651.975814876152    1         1.1440105789498307
8640.162396382111    163.57261567185273   1         0.6696280061011284
-6623.270411121518   3645.8838726878853   1         0.32688678674762195
-6639.420092971397   -7945.767770038951   1         0.3664652913094578
-4775.084641293981   7082.659359501453    1         0.4858190523199102
6498.094542510973    -741.0507457592788   1         1.1692583632503941
8949.304222373426    6199.821630660933    1         1.7860848752476897
-5569.795297540017   -8368.994414563702   1         43.37030819566735
2072.2599805705563   -5950.31110516572    1         0.7036061439300275
7387.69740255544     -7634.049963746813   1         0.3621959766157963
-5947.7952897497225  -777.329138337513    1         0.525771375303183
2561.880290131145    -751.2442191359855   1         0.8141565379353678
