trucks_count 6
drones_count 4
customers 94
depot 0.0 0.0
Coordinate X         Coordinate Y         Dronable Demand
3838.992711947427    -1116.7534198478015  1         0.8686642000622096
2204.4948077267672   3557.9469584448434   1         6.063348560083496
6111.760442106079    -276.97206264998914  1         1.0240399167453842
14534.910427602359   15357.960606862418   1         0.6000887096323889
-2534.4022746495716  -1351.4241257608649  1         0.9660319454146299
-1020.5709634418818  1980.6789578511698   1         0.3504970975188084
1324.5782729447812   9918.610019565811    1         1.1253086456434234
-11652.19930787673   -14646.77025177621   1         15.36534653888441
-2200.952678638291   -10219.406506933192  1         1.1234124238702095
9281.048031613209    4735.045410262276    1         9.779091642100804
2196.607218918137    9514.23340051622     1         1.030437800105359
7417.272108264343    -3449.9943242150466  1         0.8468515153122008
10898.524792388469   -469.54028646900866  1         1.0673224243314618
1990.3822965717854   7583.3844613583115   1         46.976498748862966
-7536.595977266363   -7208.438783417751   1         0.3934055045787139
4089.48493948275     -4691.758144396818   1         0.7271081333042713
-6266.103961494822   -8420.151967587193   1         36.219233235502664
4582.49265040057     3237.932511066702    1         0.41854975826123997
-1260.0232485340684  -5105.867056471912   1         1.148381073230803
-5239.44788526314    -2482.617369811375   1         0.12839875069545695
4046.82899464        -4816.896656211504   1         0.5127122145254527
5356.826008309531    2591.593352576249    1         0.36033025540152186
4959.186449067827    -3025.7579928486343  1         43.727408554725024
-368.0196412449527   4437.199648809812    1         0.7141902049937306
49.504261614479304   1446.4022245931715   1         0.8431621656321876
-3414.593096746047   -6670.405310703869   1         1.204449743548898
4690.642020461587    -7354.415381331514   1         0.5078242550377927
11070.428272320069   -3351.3370758102246  1         0.6821729473199469
873.6028835749172    -1935.3071500016301  1         20.70104916003613
-2038.6259956193753  -10205.414402390446  1         0.1348685890086923
-10504.137880610671  12438.39151725283    1         0.7093191634508877
-6201.4862108377165  2531.8256354748182   1         41.495253893466916
-7953.744108207047   4627.157396264896    1         8.988455949255815
-4522.548907271379   -3131.6215001958462  1         43.285266714244216
7946.205754593073    -5608.494909622987   1         0.7057112987042462
-950.2300376949545   4634.590053225603    1         0.45783440738956527
465.09878195603494   1619.7755906617408   1         0.3519636464255901
-12228.129279096207  652.4017720296342    1         13.005383846368689
4900.609531847189    -8884.623866227184   1         19.08681852761909
-907.710269894492    -1690.2164489767902  1         0.9413597712226718
-1107.6109146904523  -4558.468412869753   1         0.8777151492220554
363.4710556194932    -1880.3675722279022  1         0.2529179451333
1470.0504092724548   -7408.212784520115   1         0.7286929603813743
-8249.524469668737   -1141.140156158476   1         0.6488350996313382
1547.7557917855615   -6579.042702901075   1         0.6110665447658693
9169.879151662857    1406.540625337279    1         1.246728599986943
5430.536848371005    -5906.101153857349   1         0.10964747001843106
-1586.8649732627728  -1868.1233594133234  1         0.417894680994215
-2070.0914970335116  -2464.3025114956454  1         4.57157873786699
-5370.992276166681   2195.905719822511    1         0.694791849675271
-6060.564511176463   -1540.9990920244556  1         0.17522848914625377
-6138.466569657415   8577.065683554403    1         0.32433668448065983
1455.1012004057975   10351.050748101638   1         0.14891205757214998
10532.461739674052   -9218.141661923803   1         33.00893426180315
1816.1519951400714   -10114.900161290609  1         0.5338484683516765
9777.77766271359     -3880.2111734989116  1         0.9953672256257253
-8132.180156235683   3690.2074617148983   1         0.2976949469575412
15694.578530838839   -11141.93227386122   1         0.7682617463394379
8490.98129466158     -5219.846739812496   1         0.8386798684247272
1479.481087877326    -9399.20502482611    1         0.3324516431402551
-3765.1208531067937  3348.66252215827     1         0.9998693336321013
-6175.927457485675   4344.629174010264    1         0.11766179880215283
3280.3599064231603   2932.0551731854475   1         0.8959830038247258
-4087.354976351111   1135.963765234881    1         30.77120129279886
6816.390349072993    -8360.501480956493   1         0.20742619524148445
5993.768514459613    -1169.4479491363763  1         0.6858141003257575
14373.161472037476   -9733.128522973455   1         1.115774535976567
235.02465464321034   -9916.811037091431   1         6.281608437274464
-2771.639624092214   -6443.2131209712115  1         0.4570741862428578
5632.639296523162    -6601.085687827693   1         1.1767865761483527
-11493.598879065677  -4447.893788408866   1         2.823577208150098
-1342.1292231450636  -9838.200194936157   1         39.8949063781786
5839.363840025571    3018.9661902610924   1         40.5761516850376
-194.4454236377328   5736.207818709222    1         19.612302872687856
-2387.0454125269694  1745.093988084927    1         1.0352952513764437
-8453.15832084953    -3518.9454718882635  1         0.8067278715823203
271.56913885948876   8317.768342174011    1         0.3902398385761523
2174.9845093874096   -6741.859980034636   1         0.4079164587750367
-1145.782716964695   -9484.982907072288   1         0.12087922269419436
7946.185672928721    1906.2366850741544   1         1.2215103091650457
-9155.49623601688    1617.8262060221957   1         0.11162939200116795
-2059.9712067507203  8766.869503915106    1         0.2980057535739652
9808.97884607091     -4360.64657080533    1         1.1787610748624693
-6901.38970048981    -6226.842169529286   1         0.6469876560316657
11562.617136893075   13013.003181858263   1         47.24721521353316
533.7951334696636    -6818.2344276595395  1         0.8071660439073759
-4352.0486270109595  -9133.456492200381   1         0.5518356807176267
6961.2116494181755   1343.6035258914312   1         1.0859536680462172
-5203.704862112379   7716.286144641731    1         0.6322479089837468
-1228.205439073213   2294.591779575212    1         0.11218504611821291
-4637.335276408194   12796.058410398144   1         0.4262655487940248
5688.703138045456    1720.179826555427    1         0.8183142034312569
5811.173827967734    -2245.531905051504   1         0.7450718895122087
-4181.331777304397   7859.845894839613    1         1.0639025029380893
