trucks_count 3
drones_count 3
customers 26
depot 0.0 0.0
Coordinate X         Coordinate Y         Dronable Demand
5412.223094956799    -4350.125929590295   1         0.22647807477620774
876.2877040785328    1408.3622733232144   1         0.6507216877972847
5785.228882106998    2670.814791972417    1         18.171309559683152
-2570.00952604964    5505.538071713369    1         0.11905207570526108
-4411.639770568343   -188.44795448467903  1         0.3691147191399785
-4319.205656436424   -571.0144427187818   1         8.838175441028952
-607.6802019269071   -6250.9888393785195  1         0.27673039329075033
1266.34240529756     3138.9448224476573   1         0.46560777130187525
-4781.093608153166   -559.8753980177597   1         0.8246862323175628
-4224.655309171439   -3798.5580900559225  1         0.7427237357072538
-4071.46696374182    -5643.8801155221045  1         47.268547262922326
-3117.535004400113   3975.7026906375277   1         0.5669162394857938
-3643.5439689178547  -1851.5016094685097  1         0.7012092533179642
-2072.4274729129165  4755.339548840752    1         0.25195307592916005
-4017.8348685143137  4868.498313021958    1         0.9836873810036834
-3706.3693446046136  -1669.1490465071597  1         0.9322821480696315
2417.830235323289    2968.4367287669943   1         0.4843900769440034
4943.589870244842    5868.486841522531    1         22.807889909261363
-1418.8591830845214  3970.6109484124618   1         1.2306923808956511
-5517.5000444708385  4174.3936737151      1         1.0849405882065224
2715.0861449410804   6300.318049750353    1         4.596469041367579
-3131.9607056431623  -1084.6700283640705  1         0.77636490712198
5234.042559292715    1222.931268945605    1         0.661706711574281
-6237.521941588808   -4529.725864099199   1         0.8376563778699967
-2047.880405002941   1239.1598434405607   1         0.7384949080997153
-1362.9291540736185  4600.487629905083    1         1.018113819528761
