trucks_count 3
drones_count 3
customers 23
depot 0.0 0.0
Coordinate X         Coordinate Y         Dronable Demand
-958.3411600165742   -5213.115329745111   1         0.45651970655978813
-10156.55114320923   -5422.312743021455   1         0.4814181263382806
-2967.079935467038   -5275.35651968425    1         0.20349819482360104
-906.4243971690473   -8388.2303183608     1         1.0998647870389897
-4617.573287236115   9915.144316858203    1         0.6573423185956939
-5723.785930180945   -4569.626191306139   1         0.36453901412867107
-7935.665152792404   -2626.9019190828326  1         1.0566690898644975
-3994.5194556277893  -7408.432257889384   1         0.19847896858977293
-789.3216225956618   -10468.598160821966  1         18.64500704684377
-9123.109065273327   295.514397478871     1         0.6445548662716581
12068.341287162522   939.2957450335052    1         13.876558864424716
7494.664591969905    -1159.139530354291   1         27.45359704095561
-2362.9712736787314  -16784.19302995537   1         0.41442698576588
7210.667681758713    6188.694612587613    1         0.5426191096421822
-6999.1435640624695  6759.420600656489    1         44.608471954719
3947.402615048384    -10166.987628562045  1         0.9749401202494129
-12661.939138171856  -5826.175149399383   1         0.7162518473861275
-6568.052115151127   5225.714063610624    1         0.6852497154357096
-7668.036136324531   -185.6619796646613   1         20.076282079927275
-3586.9832755404536  -1568.1718198999783  1         0.6996671159327476
-4081.0454087722987  5612.5086664837745   1         0.2634816487684855
-3673.614001522081   4975.59951814224     1         0.36028704847373183
-9121.408056561891   -10057.73962316116   1         48.659116241349096
