trucks_count 4
drones_count 4
customers 89
depot 0.0 0.0
Coordinate X         Coordinate Y         Dronable Demand
-1478.355040053917   -10134.258250333563  1         0.5394115006863421
-193.85121800561322  -8850.688368226716   1         25.123860489580192
2422.831227815982    9740.592028736333    1         43.94585319019378
-9506.274622583947   1904.5739924103677   1         0.8905806482021874
-644.6758174372605   -570.3870550388807   1         0.3628626447246094
-3294.0767445707243  -14172.28712527884   1         0.7496499073401021
7988.347000817473    828.2269809251169    1         1.093141860229072
6365.652837622003    -6691.007473489905   1         0.5930898424959882
-5278.253490991572   -8599.020154356107   1         26.229256741878558
1727.6205696137902   7319.954301130308    1         33.62269538699666
6550.529409369875    4758.173135371032    1         0.4331016117026891
-4727.500474031965   -2207.993977697745   1         22.395864502824274
3295.8588346403913   3909.8426227611676   1         0.11438106958573503
-3394.3149979496475  -9728.783958164888   1         0.7854805584275903
-6485.2713867995935  523.2737154483705    1         0.20399013728847212
9158.44194145843     -3071.256990974286   1         0.4969850835909574
5574.140348750931    9100.587257231722    1         22.625541977477425
-354.4096777788806   -10265.708078932077  1         0.6187856061150933
3756.059758314642    -7051.799349745862   1         26.74183306467872
-8226.596389106593   -5272.429856073091   1         0.24534596125528554
9128.312413058247    3026.1190588236454   1         0.8209576219111175
1737.713760758184    -7673.017829593814   1         0.9440413536112444
-5272.449157993366   4539.652215754512    1         0.9673821345130955
-9245.386249994886   -5276.948469135324   1         0.2958697265671061
-7775.409813918048   -64.21839918288582   1         0.9032041015858843
15090.31430508849    11990.395962147886   1         0.45777887228745606
-1908.4943296210229  5454.120477219647    1         0.21147629840211463
-7358.653853095541   4825.004856857698    1         0.6789285861585904
-6293.142916151396   -3581.137346782483   1         31.52247508704739
-14419.462103035488  14177.276806255344   1         37.84445541299685
2962.559260067464    -686.6275513956591   1         0.8044552905502078
-650.5240866122458   12641.926178942209   1         0.8893713908778942
39.005879743932496   -10141.636397788412  1         0.4244559199013027
2996.443095580722    -9818.09920066133    1         41.032112205082825
-7440.718418088627   -1053.6304996313258  1         0.6857877177665573
7194.752341131076    -16111.267147940187  1         40.774364419520005
-4096.27517348377    -8505.99822975496    1         0.6604714113159491
2489.0333640057297   2113.0030965348606   1         0.11298418019859707
6003.363900288439    6726.626618816487    1         11.105281159556434
-1169.1168123268471  10421.445310090388   1         0.9173151017373942
7455.392202532522    -4374.246787781003   1         8.134252409349688
4896.1287497975145   -953.1817436699316   1         0.3962195144766786
10039.260325070796   -3515.5927596234724  1         0.7826235053866575
3028.878955246899    839.347940513555     1         0.3014661305213472
-7540.914088378462   6319.575002103647    1         0.867339822618992
8080.881927833857    1672.2088960496405   1         1.1645565608489699
4586.221420356307    -9357.519558961896   1         0.84486061200443
6391.696648715941    3401.4971475320217   1         1.037667623454821
7296.036836064222    -3999.504104913523   1         2.8528321342233482
6739.899492188203    -6869.175066274802   1         0.577700663125242
-2337.9879763813633  -4972.184028819269   1         1.1673068143365455
8599.430563502237    5651.787978648383    1         25.121364555672617
-568.9602650305482   -6061.060965702466   1         0.524164968792395
996.3681740649399    5072.038755916408    1         0.9141702204251486
-6126.821022822593   3421.0174767544377   1         0.6297193767897484
-2343.5150291651075  7148.319750624579    1         0.39245119895631475
3996.645938668728    9859.505220122159    1         0.6898287022532935
291.0126645016137    -8382.849490388591   1         0.3178022500954693
6350.620051852425    -5948.708092227903   1         0.6759922681691168
-3185.1095623774677  4931.537864819354    1         17.493450851720297
4976.910304570167    -4173.562487178216   1         1.007113559125954
1608.9464809171131   -8837.995016153172   1         0.6792109229127374
-842.653085207186    2011.9759295715553   1         1.015647492234559
9632.053032714608    -35.46669608515731   1         0.917962606185815
-7244.955824214717   -2912.78772438892    1         19.28463175209766
2140.901138142309    -3474.149626974848   1         1.0522031165044903
8715.448984826671    10813.682672700044   1         1.1360146080099596
-4567.92414933032    -6775.038803746859   1         10.728305316343526
9079.798764968116    -2618.936906840801   1         26.42177205484891
-1305.0143573677315  -6321.065668673014   1         0.6328571954300934
-5081.929827905951   -4009.7290836495667  1         0.2406254248641675
9988.341448372536    -3417.681424362958   1         0.16190636042557885
4038.1772650138228   -4454.0013487962915  1         1.068353229370425
4153.418437853613    7526.814869209518    1         0.4087521211967424
-6495.872468686371   1652.487299698457    1         0.4637371349822774
-5216.455223261746   526.1517991434266    1         1.1537157337091613
-3812.614958366492   -2101.209328751298   1         0.44119506484728976
3270.845417508801    11256.797375961214   1         0.7250785716885434
-8648.48831878618    -15299.098340606593  1         0.3119788959361662
2797.3369739457294   7258.681997143889    1         0.16290853007391043
2116.8481935157583   7877.344603317845    1         0.6909328494294636
8829.273893924601    -4539.164260335522   1         17.638898283987245
-2506.62518152413    1579.8442796304855   1         0.43140199889527076
-3340.902249802129   -5233.479685626368   1         1.1818558459078832
6533.975720842896    -6950.476623412051   1         0.4995973026546989
-3259.4466294750937  8449.190147424899    1         0.5131333537149039
-1167.8877334689219  -1347.4644007968243  1         1.181305593154146
2124.9748818944954   3143.6873937043474   1         0.7523759521684446
9041.040494925212    6031.212533927406    1         0.6110281609004261
