trucks_count 5
drones_count 5
customers 43
depot 0.0 0.0
Coordinate X         Coordinate Y         Dronable Demand
15211.104110354581   7378.209675847216    1         44.90963058514422
-802.6549480871458   -3702.787488275126   1         26.31625535639523
-2084.5500998855173  -2154.076943648799   1         26.212206499641802
-2559.4461227199727  -44.82912562692312   1         0.46432822735915935
-5389.479312004522   -5594.898524185461   1         47.52881921721351
-2984.441102434961   -3154.426363764423   1         1.1824415925419876
2732.8702477132433   -10012.381873257762  1         0.6751771390344254
-7612.013791689972   2002.1961462159898   1         0.9640839224611003
7467.621792848547    -529.8617608736109   1         0.44060067586195395
14878.332372771658   -4744.081003146324   1         16.183539407074374
-8287.962947239197   -15179.916611694925  1         0.24021884447948036
8481.549536092774    854.08964211522      1         0.2971840831996845
-8892.61773592152    -2898.704282669824   1         25.45429436057763
-5438.870594639844   -2046.3478955097244  1         0.1981678501169849
-5949.463998895083   -5025.630338373584   1         5.747494663865965
2967.8314202676      -621.1956360558665   1         0.6400019977072597
2060.0608380364133   837.7967345439256    1         0.4876278678399698
-2858.315798660955   787.3812178253919    1         14.981314339343026
-4962.937688029022   2567.949921304674    1         0.4117981991383647
9014.594560236406    3488.198438890207    1         0.13985624081561177
14884.032042871384   2720.274339404963    1         4.744345951420309
9807.017708412657    -4714.330707252138   1         0.9477972166341614
1160.46149323572     15099.783354357043   1         0.5216388648886756
219.95719675342042   9205.93312266789     1         0.9149153709129357
-6284.421080928536   -864.786838556236    1         0.681781980447142
-3268.635968188271   -7967.758387470894   1         0.3979078841309782
-9658.166510607161   2149.4352531001746   1         0.22187309571939787
6545.046198384205    -8749.097032066795   1         0.3572586631163497
-5114.754095499881   -6891.20362920678    1         0.7254569866859996
6022.95644649893     2208.892916324992    1         0.2240640467224429
-2585.900169617418   -7870.978962497661   1         37.09549877476436
-1327.8147730409958  5368.368050962177    1         0.5494635985152697
-8288.82406881296    -7152.06833698208    1         24.595547775009614
-9417.38546887465    -1017.2683331465096  1         0.7876625037364672
-2679.9243591181207  -938.5926922990993   1         1.0247229455790567
5633.28227041801     -1399.4651683724514  1         1.242559193314369
8409.078762373369    -2598.9607356646084  1         0.1644439804049042
2728.9868155971867   -4685.007785108869   1         6.063992632176
-9287.69966995127    446.47300677647354   1         0.8800205474536636
-1455.9240221807058  1104.586750400111    1         0.7389906433522399
6981.981606862032    -7855.621355299434   1         0.8033944888246443
-6367.1960487190545  5216.96823545547     1         0.6834148704555585
-4170.6486912337805  -4564.761898516361   1         0.8634817326173929
