trucks_count 5
drones_count 4
customers 74
depot 0.0 0.0
Coordinate X         Coordinate Y         Dronable Demand
605.7547856039738    3389.099982880403    1         0.5662922694351537
7352.22632815532     1270.1478272066213   1         1.2205368767858993
6355.544333874582    6820.175431328136    1         0.9152115257338295
6206.04602856654     2370.0829924558134   1         0.28145110078658647
-5818.0726801006185  -10507.968276442552  1         0.31678549579042226
-1846.012581894424   -7491.519791958366   1         30.858380157604095
-3135.79041149457    -5586.168045630147   1         1.2476234830918207
-2176.1598342777074  3844.9979804363716   1         0.4548201252668663
12259.556739935171   8442.00208800051     1         11.647273983347656
9284.47872476343     -2040.8541769588735  1         0.33340290045907656
8635.973163138282    880.638372744176     1         0.4330715807178809
-1444.4234647612625  -9440.275537755184   1         41.33841078013086
6138.014860390036    1834.3431397262193   1         6.7015165458138135
-4560.051032527036   6336.243393459844    1         0.8935267090006066
-935.993684717163    -12511.564392821507  1         46.863169387880156
-10401.959159254686  677.0575226406479    1         0.6960131958337915
9265.318614078944    -2262.0594407790827  1         1.0550553176033048
-3857.511437295245   -7764.148438953217   1         33.710329354425326
-4059.881664012748   2866.0327263340173   1         42.005040036466944
3586.2761746393885   1004.6559096597393   1         1.0260329909540395
-9753.415929632818   261.675455695415     1         0.20953966307326444
5197.89195479527     762.267584199549     1         0.48512434988285513
-7155.013318439265   -10729.769929121645  1         0.35727279330665096
437.3463498524032    5134.850278827593    1         0.47432636686791285
537.0497809290621    -9443.864043647392   1         6.199338081623977
-5315.639982845034   5139.1253013307105   1         11.81368493355319
10009.124122292278   -589.0071056631141   1         0.22150800129624984
3026.7020639149296   5992.0680173283345   1         0.9242077432038361
4207.850343819028    -5085.80525287918    1         0.9544339997572673
2811.4378253346504   -4240.462431620164   1         23.620327989694832
7161.821241311642    4473.128649348565    1         1.0092896285770159
-5144.471325754636   8386.031500233436    1         0.6350695540800197
1921.1068238106382   5216.682398054978    1         0.9826567856403512
1488.0742317725587   8226.502095940556    1         22.194585574796605
936.8353714782613    -3995.493607858823   1         0.12526187833820185
-1497.2402387658635  -5122.20012205314    1         1.0592941816413552
-3903.5630355368467  3178.273916103204    1         31.670881221816707
5284.837586131181    7113.29876750193     1         16.699830101497525
-9206.107902046071   -121.81287723953126  1         0.4845354620187047
17774.326620760865   4667.650857237943    1         38.98786849244612
1440.3123286333891   1173.2941938086187   1         9.857801081684931
-1054.3773531272973  1519.6680412522865   1         0.9377029381725432
3848.990669762278    142.83980449960302   1         0.3012726492447066
-8646.025290946782   -5000.257031146867   1         0.2169531433114969
-11620.891764790656  -10037.500891179374  1         6.742056737578553
-3678.9003315836803  4433.406357100591    1         0.38744112274390907
-11958.721649786792  -10655.234755644886  1         17.832550823398815
-6669.835075376581   -530.5887041282781   1         0.18909925754678708
-3176.6879614986065  1803.8065391694806   1         0.344730446410408
5478.115511244442    -6522.953746928634   1         1.0506455045330607
5567.242064358419    -7547.713482628844   1         0.9695410863693352
4550.829956623355    450.04333978117586   1         0.6944608403313481
2216.0382605778836   3273.2885850948305   1         6.014365956679945
10588.300909866895   172.01208511666738   1         0.6458571081483028
4109.468553763091    610.5574625115448    1         0.14938315813438152
-5059.723630851976   6583.650746125122    1         0.6565908653139969
-318.41468865721856  2833.206364465803    1         0.4772432144581662
-6473.078764312502   8561.296953125402    1         0.10977777746916845
300.7852695539079    -9252.100266401601   1         0.41299072578939255
-3365.274887047125   10096.801059710244   1         4.688799161207391
-7873.490756425223   4398.656808722292    1         10.123522936102468
-817.2250368229394   7011.553532477174    1         0.9025735588836569
-6761.321506094314   -6682.2776178383665  1         0.3952417098925993
-10111.616658119357  972.9652149362101    1         0.36668691614118876
-4349.741184035517   -7985.6164162872365  1         0.5681517291647344
7760.908659240601    -3842.4274290619696  1         0.5558019825849414
-1923.8158727252794  -1039.3788243929012  1         0.933974329224346
-3495.3117012454386  8133.505903873935    1         0.9282961863202294
454.6153853751811    8942.632663441733    1         0.9943944638946066
13217.355455235349   17315.58105690702    1         32.713057410744554
5067.210983950688    8220.821471769588    1         1.0386759457817452
12242.17595642584    1789.9584282025535   1         0.9450288284659436
-5947.535950551135   7656.025573029546    1         41.330515640167015
-17380.923587966296  -11713.764236243489  1         6.983865388424557
