trucks_count 4
drones_count 5
customers 55
depot 0.0 0.0
Coordinate X         Coordinate Y         Dronable Demand
6291.1217157822375   -4158.2455427790555  1         0.5099987737478212
-2813.302240810813   6182.962921728421    1         0.5996286925098392
5400.694755821405    4087.907771726189    1         0.5833785948909578
1956.3193268400416   8304.286890774856    1         0.41656602804759757
-1916.2677022388189  9487.14600752227     1         0.17024618192122726
2977.6194456836947   9396.953956304096    1         16.456182959254058
-3502.0242930159784  -2247.759840583318   1         8.292401401437697
-1499.531692431891   2903.5379334222835   1         1.0707227142896008
8045.695202665861    603.6823171339606    1         0.7600072478372448
8401.568537097522    -3418.447506894727   1         1.0976773009086505
2577.6089604851095   -3009.720230132869   1         1.2376214416690519
6693.77485096675     -7712.930199704854   1         0.8174199820820924
5127.8292162161415   -2086.682667175148   1         0.7565738830309857
-2145.8120582695965  -850.3848210277911   1         5.007494778573977
-137.569812377       -3603.6600371142854  1         0.20588013569129376
-5210.532811895938   2383.693419044648    1         0.9717178484288995
-1049.2553209372313  -7484.999306520018   1         27.742154233271116
1285.7772143162233   7800.293372152168    1         0.8051345749994357
-939.1816539808163   -498.98441687964316  1         1.2078062731580588
-3651.109666126627   -1178.1441347887949  1         0.6348226292568953
-7041.001828763605   -4195.165161958717   1         1.0068461343060175
3222.029190353061    2594.0964061131353   1         1.0571725620607921
1921.2692231849164   7283.839972246845    1         0.2292644559076037
7058.735282058373    7018.158585411707    1         0.7373117849325097
4181.098500673367    -1521.594034284195   1         0.2639709882667294
-6130.317152529111   -4239.383050946667   1         0.15814469043351087
8279.11710835285     -2983.4374209415555  1         0.23147169204847542
3848.9330997336924   1617.2473767272231   1         0.8792473289706735
-2690.8259579810797  7374.707950166908    1         0.4799262212221781
4415.695558538366    8288.698994426994    1         0.49049453310849944
9330.618206443587    1913.4990487169978   1         0.3717318057235931
-9510.002812028382   1981.5923074469883   1         0.35195761953345306
-6503.561261295793   8585.262973143319    1         0.1550483438285074
-846.9284714047518   -6660.4319096699455  1         1.1438955634738461
4306.588534415378    3831.789422504838    1         0.47459236232918844
4834.487378665483    6117.323289229065    1         11.573286844642334
3450.8970437224907   -7035.411213169962   1         0.9419600571077233
-7712.248344574779   -2604.9790926632395  1         22.064435167073963
7518.517430875038    -1644.56470700033    1         1.2013199507304457
16.43554229317505    7461.04304887555     1         0.1508696074885885
-6640.0277384644505  2517.218938325701    1         0.6339336437532089
2638.138969240681    -8772.180808912954   1         0.6455673654765063
2985.225166781096    -1360.565588701804   1         1.0753152829114847
-5103.386383372773   8407.041666049787    1         1.122398076732201
-7875.091927117798   -2299.274212013985   1         0.8519951940744677
1814.6218949444392   -8429.909951174179   1         0.42012623844782615
-4222.187933100436   8308.421239447194    1         0.34903194251188163
-4357.352623813607   6013.549177444891    1         14.624453172391958
-1670.384470452002   -1779.7203479274185  1         0.13522572959857915
-450.11277353237347  -4816.550839440572   1         0.751326951268706
-961.2084259623404   2408.9049464036207   1         0.6399602785715934
474.55402077396013   771.463512915241     1         0.4588278025870487
2959.4287578730437   143.73504403828582   1         0.8272466692599503
1141.0067696742444   9061.37594772632     1         0.6313402884046191
3845.0735549839287   -5303.723981238624   1         40.069026887487404
