trucks_count 6
drones_count 4
customers 100
depot 0.0 0.0
Coordinate X         Coordinate Y         Dronable Demand
3127.7950948189464   -3983.399600801751   1         0.19059713291780866
-4281.2418288225335  5281.400092024575    1         0.5703287971823632
-4634.316856615391   4352.768632115762    1         22.257121738518496
-5022.515929962847   -1195.7676682273323  1         34.3353652141858
-9008.91454245136    -2664.2807534788008  1         0.1358695839877404
1179.9642140796213   4440.474847243785    1         0.5152650379042755
-4606.29053275247    -2457.5803994077396  1         41.30538989671966
3258.9497342499      1464.7370909399033   1         1.0174663456751145
1248.2796679643252   4986.034656244097    1         0.9916230069745525
-4669.491332273261   -8703.76138608291    1         0.22189664415564736
2804.038793699917    -4509.4862625710575  1         29.14426078315963
-3216.3647892928702  8339.707135809495    1         0.1943431510141697
4248.928814352768    609.5316190236597    1         0.8149091333498948
2828.0943776848194   -547.8984673751861   1         4.469652653829302
-2196.8304385354622  -2812.881891190336   1         1.0441373644529108
-396.5085752946189   -8463.942900261      1         32.861956502354616
2983.7340394080675   -7940.397937173395   1         0.610951107259087
3426.4233108718145   6008.451507794371    1         0.21523875694209393
6545.096626148923    3078.3118580091304   1         0.8620765439996153
-5001.192464431361   1300.891908285384    1         1.2457341460575735
2291.72670348555     -8833.819322703492   1         1.234075763761789
604.199536674615     -1181.328239712716   1         0.4546405965793022
2085.585215799883    6378.425086433508    1         1.1524425197767132
-8263.12913923547    9238.846244061942    1         16.393048186021886
-4704.629445719018   -6850.634192794724   1         0.1955367800914119
-6719.04950110623    1315.5126846869334   1         0.5504989910172207
4708.22802753074     2776.575218625283    1         11.667189610754194
-1593.4771365796444  -2393.1032332136588  1         0.41226039184779095
-6928.326142736718   -3688.218097458034   1         0.37659065686348236
1959.0810542521906   -8636.477804082077   1         1.194525109477953
6843.50880029845     3622.232198871004    1         0.8150493330128243
3727.845536380756    -7994.009203725667   1         1.0100976665559163
-5692.681553704451   6511.649727529826    1         0.5159119699307659
1272.604754685906    -6191.845546236182   1         0.9697606652943885
-84.524489463025     2409.3930252654573   1         0.11760890416428849
-4823.353156409488   -3206.7596852778684  1         0.3035065724095686
-8552.344265247279   5095.873263315705    1         0.1735812249469056
-4493.936199634859   8127.634994160525    1         0.7798317230575651
6394.157384714145    -6131.708743652218   1         0.1392667470857396
1429.010907445463    836.3909604497458    1         3.492967156911953
2744.4922757162735   4511.991228068174    1         0.4625479942068468
1612.8061510275838   4111.490144478421    1         0.906766565033944
-6665.730914710222   -3316.9053413925685  1         0.8261515265971358
-6677.477080579433   -2070.8859832525222  1         5.835587532968046
-1608.3801934772366  -8000.2929947148605  1         0.1293595563971639
-9116.16881619398    -2620.0686923922526  1         0.331129530064021
-4347.36029172287    8623.1159821518      1         0.8656797633607174
8892.539858050324    -5258.6669534838875  1         0.6864393788440751
8380.924729068076    3393.1216417154915   1         0.5567750668017676
562.674132261268     -7406.411427823813   1         8.326531626188313
-7021.873157743035   5554.553939050594    1         23.132732011218366
3979.597578837869    -1424.4509602985927  1         1.09860173019835
-8998.760894021429   1229.5805723943702   1         0.9901884049783598
-4535.823757323588   4200.553524191601    1         0.9222438017177426
6061.087438424213    -7925.560632232561   1         1.0004602301646954
-5605.770630769851   -4424.767211885079   1         0.6941087412637793
-2471.193541780986   -8702.833432999305   1         0.7460379387583527
1316.3850107739381   -2345.2933006486674  1         1.1585080359727145
3564.0351552877623   -2318.849379311318   1         0.2415193938350666
8478.52097400356     -4240.799862881619   1         0.7314006886099378
5565.226734077005    -5303.29756922995    1         0.7894367023064696
-7128.354511293867   -4381.615522826439   1         0.39035145861006304
-2487.7666979543324  -3028.694813201933   1         47.74392901705853
-275.5316626311508   -5366.087492496821   1         0.4259917037850317
6729.704025748827    -4770.45707424092    1         1.0078586924278858
5096.018418075708    -1541.881815413891   1         1.0215698906909514
-1372.011572788204   -3375.618950209341   1         0.15855727546215365
-3781.4335268618856  -7707.521177011216   1         0.7928673959613224
2983.617628224462    -6702.259684965617   1         0.2763410904900767
-3081.1485999059937  3033.2884731385366   1         0.918748240848556
-6457.4069668273305  -4865.061731433636   1         0.17522551460428465
7930.387176495049    -1845.4889172527257  1         0.8971148814795228
9304.049593557504    4494.5738861681875   1         0.25770487293695776
-5818.274421140735   6908.93768521817     1         0.5092474586440664
-8501.886109795485   875.7021021044584    1         0.3855406028490531
-4012.1650480656976  1097.031242660934    1         0.1907524867513286
9310.007614079406    4602.9271354306165   1         0.13994353374895294
6717.128976144393    8214.791515501962    1         1.0711148802940473
396.65633889452215   3420.0029012561945   1         6.014991419475798
5068.79899043419     378.81713804240616   1         1.1344067348448563
-840.7539249142883   3475.1525429123103   1         0.1155061523184157
7584.607459950897    5675.389764469365    1         0.776453045378467
3973.7831568755723   382.7455688347241    1         0.6963101295724239
-9139.65565377138    -910.2139980233205   1         0.7273090561081219
7071.8855502040515   -5326.133111498241   1         1.1219295111776235
-6963.972080221666   201.05290009206925   1         37.48436894148864
8272.561142912089    -795.866933009381    1         0.5740468327103686
-828.9679750176219   -1089.5677285678485  1         0.1414074764038496
-1918.695705199242   712.2190435064957    1         16.946932874127413
-2168.162996029413   3267.1064274076784   1         21.73223811044129
1172.2676773541134   3554.808319718233    1         43.88921284376277
-8123.901224837218   -2818.90980751318    1         1.1378061456469653
6206.448412323562    -3474.5850454591646  1         0.2548577554200804
945.5102458608214    2376.2537701571487   1         1.0784976731736193
-5078.663237769016   -1878.0507680725777  1         1.2258200755867947
2543.124100311181    -6033.448705188252   1         1.044340064895213
3225.5918338768665   5431.509050168532    1         1.0300341353092075
-6146.127882750932   4631.051619035852    1         0.29213320008445665
-6261.896914372018   955.571320463735     1         0.2617166879193938
-2999.650711406645   131.60101984124208   1         0.5077106198702797
