trucks_count 3
drones_count 3
customers 44
depot 0.0 0.0
Coordinate X         Coordinate Y         Dronable Demand
-5002.948021331875   -2639.454033748244   1         0.9182382266272244
-320.0913980944978   1924.3796507856723   1         0.9152937600178582
-8617.529138738988   -8729.135430019363   1         0.21271625447252207
4244.624585168791    2943.423106169793    1         0.32143081765152204
7297.068948177842    -6872.823219588203   1         0.3957963007591976
-3952.6116994772115  4395.613726787394    1         0.8319165795082454
-3124.1716322696325  6479.570067848964    1         12.198381422634265
-4760.122060609679   6810.022870239384    1         1.1646149132792558
293.4622850218672    2358.3537635239422   1         35.135683305661544
1564.2894650456842   -7886.091756077187   1         35.483475043812724
5155.1167858412955   -9469.861034012934   1         43.460329384538866
4217.15694896867     -6624.339915587955   1         0.3111476046751966
-703.6922187495602   -6839.470385162058   1         27.666175296045925
2428.3672525715897   -3824.9050934060915  1         0.4270626705240854
1863.7864894192528   3029.9014933535495   1         1.1908516569170307
6075.252994165246    -954.4562478690059   1         38.298673420331134
-4308.107885449991   8316.287772146696    1         15.122984651270352
-145.95583423949392  7985.00414363834     1         0.2665345898752735
-5760.604281213243   -5732.124857838327   1         0.6122493202412714
3994.5302156731013   -7401.794250785071   1         0.6706041065525161
5008.512605294407    4335.565126295178    1         27.413491303326673
5825.846757094463    -2019.1142907993083  1         32.82221492063793
6250.304753226853    4515.599223045955    1         0.2588922593430928
-2287.5903621023754  -8249.335227840427   1         0.4424957944720519
4932.355270117282    4826.435922975604    1         0.7880690240019204
774.1320702851435    3931.444155671056    1         38.37021194850607
4961.824179368337    -2001.0742088871202  1         1.1723678882401314
-40.45071673967667   1091.5571268351118   1         1.022627108317991
2591.0785751061      6018.399116301051    1         0.3329376366415603
2923.0962510312256   5473.224646155668    1         0.3689230395245129
399.06901302978804   -2593.1586950949095  1         0.40501813938716935
-9423.39344792369    7733.655869823007    1         0.7759538466517316
-7251.46203500396    602.8183822068936    1         1.6700168828910755
820.911529507841     -6379.093315469454   1         25.76619137859944
1855.0800666264604   -4972.066010288925   1         0.4065810004987519
4593.797234414436    -5103.412087357622   1         0.8137412216790552
-4693.475240084469   -6345.123606208793   1         0.31066561077381694
-5060.0088683650865  -2030.3810707911198  1         0.48635282448896777
568.1555828360524    -5825.393787628637   1         16.71791067202575
3868.2333459981396   -855.657518609669    1         0.9070821942020494
-1813.5924297709366  2934.886074418912    1         0.5132724682628125
-5002.165371945928   -6382.785018473115   1         0.3843667176095257
1571.4729093217657   8449.164370734372    1         32.83412379083571
10044.4448291167     2140.441989853436    1         0.4099226325304878
