trucks_count 6
drones_count 6
customers 92
depot 0.0 0.0
Coordinate X         Coordinate Y         Dronable Demand
-4957.4493732944275  -613.849049553693    1         0.2202692506828245
-6078.18957711327    9041.06815252718     1         0.4580683915132078
-371.72682336689013  4192.188056169526    1         0.234838030286865
-6058.529871020048   -675.2159360545793   1         32.48484836225569
6305.738984184991    1454.3778744818937   1         0.7834383409403476
-1713.3376296866427  -6164.708375304653   1         40.381747805809034
-4652.199569715251   3627.2968144982515   1         0.6078256536493085
-9691.120229695693   -2.124149931921963   1         0.31769596552087076
1069.3970762240326   3152.92123822778     1         0.2750836875568688
-712.5128951476195   -7068.196699975217   1         1.0609760587147117
-4012.837809738066   6389.872609020683    1         0.22516381142622102
-774.7389294626706   -10255.618538265566  1         1.1992690945642859
8205.363155829002    2634.6945744568598   1         0.6091302225551946
-10458.247754865457  -6220.676800855386   1         28.76801522381457
9355.804394004559    -1235.7022267153707  1         1.1539947554704728
-8735.511307936375   3931.7314996697855   1         0.9059559562309125
-7760.685116502688   7434.015056137712    1         0.7024854172500037
2544.6640318932014   4683.330853067861    1         35.993128315617135
-8891.050053453837   1422.7936915597693   1         0.6812424107759629
-1203.6827872665947  7329.246499221018    1         18.055802937749952
-8930.880984222364   -3343.182103822604   1         3.750268550256817
6115.026181024048    7120.8556468492025   1         0.45199815981606306
-6291.1319009323315  2373.0579413985683   1         0.6169583637732221
6102.945295040507    -8000.969552118539   1         0.37824616614751494
-3816.9254826314045  2347.1986209707043   1         1.2098923927750018
-1234.7367655713522  612.108074661614     1         0.26107784070017415
-9434.729890662406   -2871.737075992237   1         48.20760819884971
3630.157313412701    9115.164528121579    1         0.9031919719803613
-3153.5168024722857  7977.451501151455    1         14.963263493656303
5391.157745103149    3162.3613961759706   1         0.4560106556743976
253.67021591155063   -174.11179814034114  1         0.9226683861110977
-5725.572506574596   7331.58758077848     1         7.17452128474204
7098.066075189116    6504.664107504491    1         1.1316717281456785
3164.5865430079434   -8491.283699905018   1         0.7572096702380977
-4830.696281090921   -5927.528610983466   1         16.366553415930333
-7734.38544939444    9054.91850773478     1         31.85798267508044
8832.87448290655     -5876.203630841057   1         10.454979855417692
-9903.721442372094   3201.257724203124    1         19.273269972115582
-687.3972604844619   664.1291148151226    1         0.8900335442980334
-1717.129482441003   -8263.05576575293    1         45.044995794379616
7715.471390146901    6485.11163435161     1         0.9089530628718349
-4547.317628931949   -1336.8680010314881  1         43.5813566435226
-7704.88299123615    4049.5018711828607   1         0.9942871595076836
2426.246659452367    -7888.417397611814   1         0.6388904398761017
-3547.7400474508518  1600.9781508680328   1         0.40448211975095705
1221.7491332441812   5744.973148176738    1         1.029258981735154
339.63981638846604   8856.850956473512    1         0.7263026559839781
373.9430644933425    8062.3869681781825   1         0.5030943463077511
8674.127453105668    6636.873454418371    1         18.39333138272255
-9440.652045910909   -690.3435034564847   1         23.75669217580686
7108.4509467102025   66.04759115782515    1         0.7096058216235186
3936.5706296627063   -7379.017451208514   1         0.11863279481656525
-1262.4940863117442  -7702.690166278211   1         0.4342764986918004
726.0471601011433    -9667.94446190273    1         0.3889202613543755
5141.690041889117    -8999.265104711369   1         0.7493963718979977
5487.076976034208    -10355.573840834042  1         7.149140822660521
5348.277075708593    -8395.592488324495   1         45.48696029458044
-824.4415664384871   -793.6558068897878   1         0.2066309250945227
-6663.749229980556   -7967.602852651924   1         0.6371376658440635
9582.708462763316    -8917.766063573012   1         0.10716396534133879
2071.8752150676187   -2240.4446017591627  1         0.7115221035697972
66.43341034940282    5981.579932499771    1         0.1290221897294236
724.569280751677     3757.566279266347    1         0.8978429852609157
-10102.944610407101  -701.6760312157194   1         1.0298064124946713
-9176.753445021106   -684.6153460885689   1         34.92093562277302
7836.751476807253    -4661.044192799058   1         0.896207123451303
-8823.712773221083   -5438.195355017111   1         0.8373051281983123
3372.744205164505    3537.787202570209    1         1.2135441049721927
-1712.685637032614   9121.08983969565     1         47.22282812427788
7394.519659514363    -741.3732842219356   1         0.6725674567810628
314.33107773555975   5375.520763730237    1         0.4496502189833258
2048.52313242276     -829.1956284163585   1         0.6357439304507166
865.8137895317982    -4818.311461826074   1         1.0623711434569194
6652.456347810212    -4474.103593330516   1         38.86840107763274
-9991.536059153825   3340.131068019237    1         0.1245376865991959
722.5146695919572    1192.31931328124     1         1.093175898444725
1488.8121121168474   -5021.1734029179615  1         1.0394074489247256
1158.2610889606342   4808.279690993968    1         1.0101972632987104
153.29999796738076   -5041.970091739954   1         0.24251418435513636
-6097.327780512475   3274.3793902781163   1         0.18455620646175946
942.8433988937564    -5607.413044100896   1         45.1890199224856
5968.669468620276    -8481.441695140238   1         0.9174334575265357
4065.3837157817143   3128.6988580428606   1         0.18622521980607568
-2699.730850402746   5254.594780181476    1         1.1787175973307078
4118.288966366012    -7246.95633696301    1         21.24045630247118
4366.628161066762    4732.2646856163      1         0.5812995429676805
2920.680286381779    -9003.313141897732   1         0.22197571848875097
6105.440644278353    -5237.663283331862   1         0.5508613096293736
1628.826060897109    5481.086191324821    1         0.5535372357715519
509.40937556790595   340.93641912099486   1         0.8020295516930004
955.7778790357623    4577.321466447639    1         0.17550135733773978
-1577.3019070444134  9614.833724895718    1         1.236888613260112
