trucks_count 2
drones_count 3
customers 34
depot 0.0 0.0
Coordinate X         Coordinate Y         Dronable Demand
3809.5328966930188   2141.475439140524    1         1.103610099933107
2288.090561483656    1119.5464840842012   1         0.3137535413211893
-579.6760652252457   6911.537660371448    1         1.201234567192533
-7614.189983836739   3510.7160011192927   1         0.30514240070879395
-11.339353691848066  -2782.4706489976247  1         0.9879238386737503
-4150.763688434326   6636.155133379741    1         1.1582772241982207
2270.0275351721943   -7797.242025400663   1         0.920518846974034
1741.0772924646797   2296.008709803964    1         0.20428723922931696
1324.85748756321     4876.273956685427    1         22.302809784937573
5627.09406151386     8456.390142208968    1         1.1721916570568593
-772.9868211895636   1897.2567378680064   1         1.111725491829928
963.6502801647861    -9551.849621226103   1         0.5036635839189081
7823.073268137454    2395.6719821354745   1         0.2517907110430766
1185.8386913762267   8758.065510063714    1         48.987591824644305
9855.043757712738    -9941.109339449013   1         1.0163445402167977
9236.718954598991    2854.0747722284095   1         16.737310301197088
-993.6940578464399   3481.713693838907    1         0.2808218652031207
-4794.787217936649   8199.535490446824    1         0.1378508517593004
3517.637556883965    -464.34514997255206  1         1.032594317334564
-7290.871437360478   -8538.793828158643   1         33.68532511863768
1228.0375842463664   9229.257189871394    1         47.37055921463358
-1777.9584398778381  -4185.427706174604   1         0.8117170472605365
-1693.5295669834184  -7941.19444963459    1         1.1671894756140548
5657.5921385496185   -4752.095861397251   1         2.9364476532769457
7238.262605590376    5297.807935956593    1         0.14472092217554672
2186.5604340006967   -8308.634530810808   1         0.737658733249515
-1289.3791680665072  -8457.681651902838   1         0.658898669680627
4295.544099088091    7669.709854031388    1         0.7912363134637337
-3717.7155040251346  -756.2236708302935   1         0.9648622640915846
-8201.47082438347    3665.201970027754    1         0.2449280713007136
4787.309096091846    -8402.966188981893   1         1.0885186242615108
495.35566913414885   -2668.0901462577945  1         0.4872623777013072
3915.02976111877     -1198.5263157636095  1         0.9329223154106552
1425.7281661054437   -1237.4082161694978  1         1.1622524652933015
