trucks_count 3
drones_count 5
customers 66
depot 0.0 0.0
Coordinate X         Coordinate Y         Dronable Demand
5415.080322619971    1304.6506242014025   1         1.106372654424313
-9289.481989513695   3041.784589083507    1         0.3058748792894813
-4372.849836216517   -1878.3500639289946  1         0.8763214596551238
-6953.118846108656   7620.7804671927315   1         1.1499588008094501
-13996.1020927291    -2347.0521296246498  1         0.6765278866714767
-13656.575102232307  14962.396039115167   1         46.02455365315413
-188.2694266339158   3136.379622272701    1         0.3973977272935576
15568.870747915375   -4750.343146755387   1         48.86876841115904
5343.764687758163    3922.150297875383    1         0.20834660933376425
-9606.317481440816   9680.67675521769     1         1.1913024884213752
-1741.3888912698758  -1014.0373795701219  1         0.49649010170782215
7227.382719331061    -6219.607527110227   1         0.7578462284056889
-4580.657194191389   -1163.8583494997274  1         0.29323887871701704
4809.127049427835    6490.189082547412    1         1.143624949778291
-3084.791561090005   -6570.630639178058   1         0.5567073620037418
-493.02677898365454  -8253.99090518489    1         0.9654289789705229
1469.4015165463072   1310.9890354685122   1         1.025405064995
-1982.8444777330953  -3364.3241398244227  1         22.653889605945714
10059.545582810943   2084.6042546149065   1         0.4767463415752172
-2410.085912824611   -9838.494120087762   1         0.5030259616069578
-1076.7621932186078  7576.1130127690985   1         0.9627892709161452
7448.25200423206     2189.2607123466864   1         0.9880212924596757
7065.410833680158    5298.192393298655    1         0.15665279041927266
-6643.341933717237   5922.927939963182    1         0.6427269259564515
9361.595922885926    -1076.8379846286075  1         0.5766135549269016
-5151.011628916313   2339.767185785126    1         23.290948545154535
-2677.0390920708646  9197.252420991956    1         0.9560093720676878
1364.4785481110732   -1619.3034809961994  1         25.376694613828317
-6444.382091419765   4929.172255112442    1         0.4029085432956656
8770.932118491217    -5623.5956802555065  1         0.523000361413482
-5392.384615014391   -6354.876209042345   1         9.485547839446285
-572.6190073555044   -6740.611600363063   1         8.978244744405231
4679.370005710308    -8153.988617701238   1         1.038007593050455
1242.0599643234818   2018.5229591296738   1         1.120868550195773
5149.194701425598    -1484.9201958909218  1         1.0846149698131409
2554.3492033264633   -10485.78265005196   1         0.41271731234123654
-1178.4718034160046  5889.694531600005    1         0.40079908813448106
-724.9647307780032   706.3438397298545    1         1.2244231518301463
-6338.70512270198    -2389.8771431730474  1         30.147034203693206
2041.4034771583551   -672.7273615144934   1         41.89988836313014
-5179.082103309533   9287.320016078795    1         0.28523266884740894
1986.1241713414731   7613.7207606800675   1         0.4313558484746851
7360.558669901012    6657.895211950148    1         1.2480089572412925
2404.122412379571    8760.219423086983    1         0.8343370318250136
-1684.232243812006   255.59079536331646   1         0.6250521749776426
-7655.411256283792   782.1495111392642    1         40.97496930312774
-1460.7088461500657  6407.103042489351    1         1.1976298433596597
-8186.839469790663   -2677.9818393265373  1         0.36938724103147136
4155.833770772806    -6010.191403774971   1         0.25867667062682087
-8450.537438332003   -5437.6188806216205  1         0.7525121586932131
-9408.905360609235   -6031.316388915093   1         0.12008493475527612
5612.010739844379    462.28401116893093   1         0.4280949319225249
4806.466595987351    -8040.455161113032   1         0.9401864571794452
8527.860067341646    2673.609924995409    1         8.624085626041136
7091.146301498818    -4137.504190220539   1         0.661155006592493
5744.155060363145    -2586.392393571479   1         20.313895666242693
-5534.64218929857    8343.592677079116    1         10.731966247420704
-2901.9781697610147  5228.199076492513    1         0.8431212527395661
-8128.34292649547    -1168.0321251226576  1         1.0031046154877064
98.34253190083137    -9085.281050534008   1         0.8396733861663972
8889.904757531676    -5038.919529017069   1         0.21658476900117646
1542.9220805135265   3712.065195267831    1         1.1815473679185717
-5024.694991601292   -1228.2199371271115  1         0.4809338963959824
-10756.923215509905  416.85102738869546   1         0.5960204437183596
3823.6528906765748   -10121.498023977962  1         35.82204698832151
-4078.9790550202842  -3887.77661972558    1         0.4027915272832122
