trucks_count 3
drones_count 3
customers 22
depot 0.0 0.0
Coordinate X         Coordinate Y         Dronable Demand
-96.17218341992584   4015.5203278403924   1         0.36127754128808875
-2881.1772562316905  -7827.026495473806   1         0.8435722549328812
-3079.516967302163   -3526.968677364889   1         1.0599432481628923
935.0989775244574    -7546.047421749342   1         0.8071286614478037
-6407.66570831518    -2879.91264803769    1         0.8074940951407636
-4113.56988051514    -4405.349324268659   1         10.557059979321894
-7222.597487587492   -1320.800243605283   1         0.22932173103122577
4913.4189484436665   2461.8881464797973   1         0.9907573104043265
2356.964773360704    -6607.141073326339   1         0.4373281561435617
4828.396780797069    7602.17442608616     1         0.8245528115841575
737.383455141448     -1451.4482395202008  1         0.29245470961001363
667.7048248684195    1151.356141633599    1         26.524695592682626
-119.90789984823645  -6628.405567644316   1         1.0773634555004266
739.3562448126934    5674.179735548577    1         12.877162040136
-5614.909506448317   5911.587116522964    1         0.8858543782487328
3366.8117369625015   998.8295541362093    1         0.6574179906786871
4434.698444003217    -5171.332968213884   1         0.2775497678655051
-2187.585723814363   460.2815718598443    1         41.24791649481171
-1586.1274286043188  4269.306875978604    1         0.55759457463366
1183.5038713573133   -6829.393558385853   1         0.33842319340914506
-6101.456887219151   13.096098013593622   1         28.63963229436612
-6587.306186161088   -6801.787498054635   1         0.3384987769598795
