trucks_count 3
drones_count 2
customers 20
depot 0.0 0.0
Coordinate X         Coordinate Y         Dronable Demand
1367.5296018027889   -706.7124183983692   1         1.0111265266016687
2583.636128196369    -5181.585128629926   1         5.245046913469331
-8313.4640614317     -5547.385181850535   1         0.3324256297733792
6497.968551134248    2995.184102931729    1         47.84977461014203
5465.5281829163105   3052.703793051072    1         0.9966585842011983
409.2643377408476    6161.978927427397    1         11.49974475511528
3841.563219481628    -2474.2895811021467  1         39.52345725936951
-3640.645362012687   717.9405937271318    1         0.2643749332714611
3552.0262710971037   495.97490119159636   1         0.3070345266146238
5854.623096375686    64.01253850470312    1         0.9969925903647398
3919.368937749423    -4244.484097883384   1         0.6416860741525989
-4869.3126227767825  -8370.464010871716   1         25.596292111001354
4926.673293367747    3474.713867379668    1         0.7136188159845975
577.5500389660425    9355.307494315417    1         0.43121654990840197
8648.216519370873    5778.554461358442    1         0.804925081063623
-12370.803592344271  -8769.951155409137   1         12.297255235080382
-2705.0927335311644  9775.45658746346     1         0.8083182046020865
-7848.006266796164   3255.4640142978697   1         1.1785135869384926
-3068.5397415320276  -101.92795702321668  1         8.21986160660197
10648.184850334686   -2099.907221420647   1         0.8621995208839955
