trucks_count 3
drones_count 5
customers 80
depot 0.0 0.0
Coordinate X         Coordinate Y         Dronable Demand
2134.36879014183     -10638.733095076284  1         0.1008399881598867
8914.501770344174    -4436.622980144656   1         0.5741851580031752
-2075.602953371832   -6403.832679490408   1         0.20531844936009588
-5559.564471476686   -1014.099166869246   1         1.1872873007167226
-7918.139571378748   -4536.097543582193   1         0.39452331468482615
-887.431924160086    12146.338466859972   1         9.083690551357439
7894.10857471413     3923.7397437624877   1         0.5971529331869051
7683.689127206745    6426.677128858309    1         12.931591205695197
7425.9286509421245   -1163.5559396323538  1         0.13326711596391394
-3011.13132875262    -5940.976089284838   1         0.49872103905484233
4383.887982600335    7478.263308010398    1         21.293620093523433
3855.878805345817    2484.0606957406844   1         1.1292393263936982
-18580.17699603989   15291.68575554042    1         30.77207851396757
7237.098831390407    1738.1146682552048   1         0.9575400625247203
7541.415372508572    3488.959509675164    1         24.08399801617177
-318.5067452856039   1317.3751647239071   1         0.1279526103569344
-10871.387843768056  459.3227484737151    1         0.5703043409162614
8897.09476491219     -4999.742333453563   1         27.191626405790114
4815.155643222453    2957.271110245958    1         0.9198903553220109
-512.2903740522726   7838.933701274357    1         0.9632569206408135
-7875.286505525302   5719.7776663354225   1         0.7108874025458385
6288.757452558599    12013.758928163632   1         0.6168543144777257
-5104.035231517136   -188.24814659008706  1         17.26190319259807
-3258.5437643265905  -7424.061243198183   1         1.666954449911867
8197.805724804937    -5680.991430728591   1         0.11370464458976176
7703.250342767342    1161.4495765167394   1         0.7829005046423289
9859.650748554826    1679.5442122289946   1         34.40540776361091
-3258.4127460851487  -4918.117609398024   1         0.8818125358506848
5606.487241729927    7577.983767527652    1         36.19566325928272
-5816.717020281604   4103.343570817987    1         0.34564373529133785
-3873.61025863411    -3487.7632211522196  1         0.6217859977661584
-6400.511884302948   -4336.601470080487   1         1.1656950738447778
-3117.2339188557016  -2638.134301418104   1         0.5264873542917212
8068.341959853922    16835.296532844033   1         0.467096157401545
-7764.45235394989    -9317.561392648548   1         0.6769858524960419
122.28159229721132   -10832.458544345913  1         0.9622378767588431
-4351.783374864796   2091.463367349865    1         0.8005014588609592
6218.472797944038    6551.352353432845    1         0.6556546174252947
-6970.018802527885   -1575.7024740805416  1         12.99802892895174
-2171.337916425971   4870.903082640357    1         0.4318849268866314
-1640.7494010894914  5915.504307491708    1         0.740314054429737
-17388.56423552621   -14801.791038248986  1         48.84522197769621
7243.226163178068    4020.4167403546876   1         0.346724097840423
-1228.895083529334   1204.423827432641    1         0.6405281745529601
-414.84322134462855  -11801.243395831076  1         1.9299123889809955
8044.326008816593    -1142.9864454464096  1         0.9558867459533166
-7827.24557544245    6983.287722435122    1         0.5679960886662307
6175.7636019498705   7867.7652747690345   1         0.25105756269130586
-10285.226364730985  791.8727453070767    1         0.7671631796241717
6178.704407142219    -7734.68730806933    1         0.8566721565525159
-14178.612723115646  -997.8412965594871   1         2.4486394858165452
-8314.616838679965   -2503.3506243917564  1         1.2099633152421057
-7345.067007110476   -1312.2856430829006  1         0.3528061410248856
-1719.8155938756815  -9824.814473427425   1         47.93133354046628
17438.31571013661    -12988.496194111949  1         1.0753150274711625
-4197.483311182586   -3441.799282172085   1         1.2178869505240126
-5562.75547714459    422.39544644583293   1         0.8798132136366857
-6539.57971361207    7928.9933195866415   1         0.1991770352581799
-3987.711031523744   -2108.824286534157   1         0.7688309458803989
3249.5709490590375   -3179.7099278248975  1         1.0963609824246696
-2649.2516430521823  3475.3650839074858   1         0.26606712558832823
8138.917697738278    4507.23614216163     1         1.0444227334458165
3434.032864706996    -1704.227102527463   1         1.0036566860375689
4354.292706746866    -17345.39079065698   1         23.994344566279732
-1085.3620004351235  4178.44403349351     1         0.5057377525594507
4221.834302846193    -11295.11871408169   1         0.4873223012055252
-6465.4210330564     4109.260654524154    1         1.1019910764125262
8803.969592879315    -942.0248628751596   1         0.3652154885373944
3910.366538621912    -4597.71603803191    1         28.52051833605159
9514.426493720028    2369.56968072973     1         0.7896228050586132
-15261.090649341328  15498.744890185153   1         1.183270526652135
2300.438531301493    -788.0648047242855   1         0.9818515918450196
-10477.174301842482  725.2757032949387    1         33.044651300252795
-8873.477198183835   -2137.93162285043    1         0.9567181387978567
701.2348337917792    3733.3474036788066   1         9.198802615291214
10091.039157015864   2491.425911324885    1         0.5935883350952391
-1945.4635601693249  -8090.810111759845   1         0.2598843952247296
-3274.0667619313085  1447.7722587304465   1         27.62922589160501
-7299.320646883671   -13149.272072713877  1         0.9537765983219939
-10430.853146495565  2163.9053486320527   1         3.0732414855097465
