trucks_count 4
drones_count 5
customers 47
depot 0.0 0.0
Coordinate X         Coordinate Y         Dronable Demand
-3084.802466302912   525.5514747773365    1         22.96373120031411
1033.7254492043367   621.4110580176197    1         1.2383099099903496
14910.503616105969   -585.2794590897611   1         0.19651618680036115
1339.686125182748    -2646.48102316085    1         22.885854859590697
2930.58569590358     5527.257817611286    1         35.290031421353326
14521.808224277771   -2680.4431143522415  1         46.86710002296836
3694.6065687102555   -781.9802598386364   1         0.7720674781580524
-1484.851084269394   14096.529054609797   1         0.9307694951672904
9816.169958151168    -14095.037421977438  1         0.584779029220992
3660.127545329101    9063.132440937317    1         0.7818325280186692
-5378.149083972908   7888.4899377260135   1         1.0732501107240815
4992.181274098035    -17679.894427195926  1         0.45783896451979766
-5325.652865844683   5238.506206518383    1         0.15186457974802267
-6453.782220144326   944.7890338886622    1         1.221268265370021
-4590.394245178744   -2800.96281094244    1         1.2396903607947518
-5341.934502803526   -3794.447352044981   1         47.52005835260624
-2164.5643968510276  -9307.717777024625   1         0.7875064263215901
7414.550582166576    11991.109530198479   1         0.50597165053193
4455.73786644244     7564.352254174884    1         0.747720061099562
7298.999348578622    -337.45132750257704  1         0.7194823703608003
5420.932847064277    -6648.074323123566   1         1.1447342023399736
-2021.034311369795   -3428.2225116465015  1         1.1014518661719157
-4241.498810786565   -6871.587101328543   1         1.0657245784828668
-15813.867705389162  -15110.393793553842  1         0.23295953903410313
2438.775788145628    2134.1945659470166   1         0.9391609184639128
7737.341153164595    3438.7174167690014   1         0.5329387715598949
-1667.550438808055   9670.747686217492    1         1.0919388067823144
-7921.5673993276305  2958.7729767087467   1         0.7967501442866173
3085.274055594726    8364.706420106313    1         0.6819268326271964
-2786.9539696837724  -5553.237099859452   1         0.27559262631319115
7309.708169098131    -4565.647677080733   1         0.6230841745273822
-1229.2178837584343  8626.898890206036    1         0.5451468524490374
-10924.326221843996  24.09978968343265    1         1.0110543213953092
-5648.072985782776   -3986.8293582960073  1         0.8608810895437445
616.3417719362171    7173.004726085589    1         6.796664077507161
-6304.8113404841215  2038.4385190486291   1         0.90605887626833
-5001.521650709418   9451.544983863796    1         0.21739748753727378
-9281.370714186201   3665.803679477654    1         0.38266933915186463
9735.539933512264    -9996.681560272786   1         9.845270110037218
13741.644871860186   -8504.567395949223   1         45.08659879750197
6299.474598657676    -2100.9079981012524  1         0.11801502759311507
5973.210934200334    -3825.870039864789   1         0.9106931976559444
-14758.472030077079  17123.68927760711    1         3.9800703270880233
-468.1903055805451   3991.9799258520907   1         7.974749679696756
-6564.603076574941   -2014.5041159073999  1         6.111325055886499
941.9445818749005    9651.885210160764    1         0.9528984793212953
-5841.248913706021   1717.5380126763005   1         6.695198113262609
