trucks_count 3
drones_count 3
customers 39
depot 0.0 0.0
Coordinate X         Coordinate Y         Dronable Demand
1380.209892146504    -5329.197761321539   1         0.31968041463973423
-4099.377662259154   3749.441030626408    1         23.556745835727206
-3752.872080586806   2757.925353173871    1         1.2097609623803705
-2798.137163169169   131.913503591489     1         1.2218821479626678
902.666352597416     -4102.550746630381   1         0.8281418957962704
-926.6480584933636   -2026.3432719828522  1         0.2748623413159159
-4665.555130068564   -2167.8271908779548  1         1.2409259611521266
-644.3631939727801   -616.365316620137    1         1.1578971414860972
4770.021587148257    1151.529272090499    1         0.2667881910156902
-1390.135525000218   228.11144782832642   1         1.2310246332152157
-1775.317256013373   -3351.3302369593866  1         44.88035161479688
-3482.1640512967747  -4571.046829717336   1         0.9840734205557771
-3212.004519908088   -2665.1928970180606  1         1.1785801543096195
1183.1765185659385   4141.517310427087    1         22.93234645970448
-2837.116998328649   4774.975492183586    1         1.0776345949315445
-3960.760003391414   4482.3190379229345   1         0.4426304080574651
-38.02245969430752   -1945.1962569634413  1         15.722370617717775
2904.5140524963563   1074.407456875553    1         1.1036532697645383
-1073.8939353222036  -1687.919336308538   1         0.8660692253473499
1613.7950157719033   3169.2204530338918   1         3.87632432971601
1747.04791625925     -1987.3936116573032  1         1.0508081607067956
-2135.3418006775964  -4424.741572464292   1         0.29264783564210617
4769.089174099269    -3288.251835291387   1         0.10083775519753616
1638.3249298736291   -3237.4036237479504  1         0.5874692724473017
5316.549996146714    -2321.718611327117   1         0.19830175821221824
4077.1729987020326   -2434.1184533862356  1         6.718488494472766
4989.402265801988    -5311.198046566873   1         0.7787735216340279
-709.0622765290981   4966.039348557976    1         8.194896060563384
484.2156497134445    -728.7733906179882   1         43.2326158487118
3263.2446479752903   -4144.160745214715   1         0.3251578322937103
2427.6363912996753   2599.0973808321287   1         18.090094448210653
437.8993178708007    -5240.94881733361    1         1.1930481809306304
-3802.0087328620325  2940.614100196756    1         0.4603870674801701
1664.5235951547666   -2897.018976452779   1         1.191520192027887
4874.4464847493155   2679.1168375042644   1         0.793998118650212
-3902.5857805011065  -1475.4864748841792  1         0.7733083861928383
3587.747308611482    -5045.532629558205   1         1.1392691636802115
-1104.0210620402563  3399.2280652364484   1         0.11037526406162484
-829.1037509330735   156.72902787056125   1         1.070382884080474
