trucks_count 6
drones_count 6
customers 91
depot 0.0 0.0
Coordinate X         Coordinate Y         Dronable Demand
483.6676319996409    -143.3399874703901   1         0.4306540082356577
4155.925171821932    -3145.507166408931   1         0.6491219226064142
-3806.8324029681908  9414.648914496296    1         0.3241222981799481
2370.279272633781    -948.7554473344408   1         8.104419731590113
1132.5776444847452   -12036.364055287995  1         20.99600852097098
5713.254075052942    3513.8442619244674   1         0.3445404725761318
-8386.536529768437   -3842.0155706091236  1         0.8116364408201286
762.3347490524066    -10918.79404698695   1         1.0917071869432864
-11034.05897155769   7477.719316391471    1         0.6042023944555203
2624.7691799559366   -10375.187261524035  1         0.6502244418536356
5557.154512823993    9124.303404385524    1         0.7893892860755104
6188.32084840033     -11001.84726812907   1         40.99745146105844
-1175.2575039207452  -4303.116292781374   1         1.0110980968190506
5890.704028203872    1260.2556165075634   1         0.35746797766605376
-2774.1835998650204  9130.5854271008      1         24.10862578683873
4976.967261022484    6651.452111213894    1         0.8599898941494016
7436.432519453806    -5731.187792735296   1         14.849712517754998
9441.878887400439    -438.21020983107024  1         0.41027207518496767
-10130.956217581273  -7355.221316499886   1         0.45500049727721137
-2326.1003233700967  4114.440623069658    1         27.964701188880007
-13326.765329335327  -3582.305775069881   1         14.84623859780612
3559.3656799011123   -3637.2138275130687  1         0.4896891854501657
6809.678858144365    -3564.559694293253   1         0.3446958231234293
4345.916362429869    -9671.4597534168     1         0.20122793160494445
-380.15236549628406  -6138.340576314939   1         0.12744058323301447
-11431.188743628798  -11707.036737919632  1         17.74559103370873
-6659.097667316774   -1212.6528062108955  1         35.34241393087041
5396.045360195006    4475.866600904583    1         0.3868358715288468
4318.649829407839    -1814.726591482432   1         0.3102283203157512
3235.474074197685    1046.6678399583727   1         11.935241242079615
8263.222115682489    -673.5200847741976   1         0.6835069464857911
-530.866302308404    8287.796637265394    1         0.8361080986886061
7661.811289327974    1198.617394433652    1         0.3779419869945242
2514.593760581405    -8207.3246892096     1         37.34112814707264
9430.868772292444    2929.293742461707    1         1.1877588581858445
-5848.419995219239   -8164.574465366135   1         0.34510319727364247
-114.93045417412031  12981.006916624643   1         38.148338240906256
-4008.116332482501   158.67166733916565   1         0.4318968252682246
7399.104949438542    -4322.6487655947685  1         1.0483798603008312
10328.699438131454   5635.067222419566    1         1.21371728003924
-3011.3239511255156  -7130.747468303719   1         1.1966884301300234
3275.0238864140542   -1203.662535954326   1         0.8921072908585058
953.8238933945182    8922.74331822016     1         0.9584128856027438
-2154.9961694422564  -6949.604484311132   1         0.7500319337243961
7258.398212591557    5237.144148798165    1         24.69521523294973
1805.6228803060742   -3441.4930849742095  1         21.359736593075205
2334.474797139141    -7526.18273396809    1         16.516428408939053
1406.4065093641955   742.944092043753     1         0.38472387912720474
8337.149190437534    -904.7254098046419   1         0.4549121542704426
-6275.079026805381   2913.6869573434174   1         39.29696248517651
-12938.85372237571   -12377.948017296336  1         34.00480405103081
3695.534521659793    9008.296317976332    1         41.3539919472048
7529.224271248252    6639.996808190535    1         0.15917340160781773
-8593.319839657193   -9395.57628717615    1         6.8636721771423685
-6469.457376223069   -5463.544026393479   1         0.17840397115966866
6852.374420223871    -3715.990841208974   1         1.185763667089902
8108.383471532457    6639.1597807180415   1         0.1343049531444131
-7551.455541059802   -3881.7238912377393  1         1.0640121372923375
-1510.9242414332796  -9339.271012252488   1         23.368035518930157
5236.43760168336     2633.1108923420547   1         0.7814243846527174
-9987.711767390674   -531.9526687768567   1         0.17631021743120143
-1561.1762437054308  -7904.59645442106    1         0.2360978825336571
392.4036835625682    -9025.514833638843   1         47.084529296646366
-1844.7984200519022  7124.976355975085    1         1.1579953848084614
4309.8453673705335   10737.53673926368    1         1.4156558345104782
3640.7824020597495   9415.952966290366    1         0.6067489533559657
-5804.809436975143   -11686.269444369402  1         28.328880255751336
4711.07417730847     -11912.568228118886  1         30.339107145273363
3299.4434617143625   3912.759416566956    1         0.5077519711534174
8772.136382761526    5719.457665092071    1         0.4627376317891575
-95.68980307968828   10314.334202749493   1         1.120839185831625
-3851.050160959088   8541.630722353515    1         0.5520163707362845
1549.5073135670896   4646.5552804136205   1         1.0371433057552626
8379.888370788907    -11649.623900110737  1         26.732999094485585
5648.690115597681    -13030.647325329584  1         0.7794158172642596
-25.171838892966463  3531.5933825448146   1         0.5513997816249333
-4484.3371985030935  756.9360668146859    1         0.7694451288227995
5576.842789328525    -6111.913589405742   1         1.1121592117767618
801.7263109670681    1670.5939960359462   1         27.270748162606047
5183.928202357362    -6687.278661920622   1         1.0360960183739052
1362.673736119346    10680.066113758352   1         0.46322335939092485
6129.11461803065     -12366.901645229576  1         0.3667376478653126
-1390.0384051553913  8012.670581826959    1         0.5636908581573749
8954.3739894295      7079.687389173414    1         2.3120870977876438
8982.60939711531     -189.12613101524585  1         36.96298155440364
-4706.205777805882   -3576.7360707603148  1         0.98004471958709
2633.6382890012223   -9673.376301862356   1         1.2404890415577863
6638.604705231946    -7037.548683375014   1         1.0953815309042545
-7848.758819049796   -318.666212579804    1         0.24280896884006506
10487.89505456288    -4999.734183466378   1         15.336482219401223
-3466.582681361777   1222.2422393068919   1         1.005273244695776
