trucks_count 3
drones_count 5
customers 61
depot 0.0 0.0
Coordinate X         Coordinate Y         Dronable Demand
-7112.168076036265   -6645.04657496995    1         36.96755408330485
1681.329385149829    2798.0833993557476   1         0.7255563307153764
-10077.348356030534  -3354.116207095137   1         0.16625632250016809
2916.484127487005    10723.761155591339   1         31.413039097421244
-8546.511549600857   -5146.451188846304   1         0.17422273037657388
-6453.86523417691    -2785.1087837061277  1         0.7399260433295385
-9257.170818772725   -90.986107628711     1         5.159190769767943
1298.824237742678    4965.001472187874    1         1.106146751099936
-2178.331364734765   -10415.61736463822   1         0.2422719955288612
141.22554085146112   -10837.492980904053  1         0.6976019473704147
7389.41636359577     1511.2897340631646   1         23.97087401769993
-690.1789487321089   5758.372348130426    1         0.9076763797942651
-3974.3792506018635  3915.6394303125717   1         12.364137019679632
9724.483634554088    -5006.47621712044    1         1.005563642791988
6317.602430029397    1433.222964055251    1         0.4425149335902544
10146.169690292794   3696.258183958978    1         0.9537649943829757
4952.231398399714    3733.9645868315147   1         0.4078818777514924
-8870.68011441993    -3406.7938882401454  1         40.618629728611964
-4077.6072968570497  -6145.724635292846   1         24.04683777630393
9047.578562660285    -8848.409915895261   1         22.951735128168494
6748.238965721642    3927.891238241673    1         0.3567534839308144
7964.3176029576425   -1236.6231379297205  1         0.26918496122288404
-7913.302821209211   -2635.3799260053456  1         0.2885954695864179
5014.81941040599     7443.610833403552    1         0.11733818731226676
8755.845114128439    -3157.491952685657   1         1.070766959336218
2225.6609775138313   -2649.365722117871   1         45.1657391254297
-3065.9267403789095  -2025.9706108694595  1         0.5075368627948532
-9841.541221348318   -3057.488783523182   1         9.601707974324444
6.461279624676726    -4342.310303063541   1         0.38212362574020353
9970.35754568824     4446.022606971598    1         0.7521856700944771
-3388.661069965454   6678.303959683396    1         22.162597957399164
9776.923436875959    2362.8223180190084   1         0.6097539127959641
-2336.727976380685   -125.29278521108269  1         0.6495429588605555
-1422.8697410465284  -8489.974366653174   1         0.400798288524591
4626.810998116025    -8276.559243003165   1         17.71556840726482
3849.6274807074856   -3864.533367684311   1         0.4473848872020667
408.89472891062644   -689.5000488574883   1         0.5790611148806594
-5891.9324028363035  -7443.014254325989   1         36.836295317064625
-5600.270468700973   -7369.531634623067   1         26.793901990839014
6590.040786190581    -3800.553567281657   1         0.6855810434391236
-6753.977238543216   2462.470581139087    1         0.8714844262804979
-7667.490232021626   1739.5324519241026   1         0.8692187758376052
-10109.601835462596  529.5010393456605    1         0.5933828482894543
-3589.995552639951   7018.174897218836    1         0.5512777099282098
5011.55715258384     -7255.344645348647   1         0.8239252100710702
5242.758831765923    804.6874603113592    1         0.8354097465171951
-1821.8886324241496  -9018.03403122874    1         0.259741376823897
3327.198647676454    -5075.796471518703   1         0.61000259587088
-6111.2091374116235  6429.1845420301615   1         0.8619734294339974
6958.995543258378    7749.795283456057    1         0.5772860891158659
5381.559169981281    4483.194259231128    1         30.778226311631176
6419.59033390054     -7768.591280577818   1         0.7407067666417193
2918.9856843016164   4793.688561247019    1         1.0827129860682854
2164.9490467244277   -1859.0776126221997  1         1.2294890305432868
5661.819542184565    4938.536713927378    1         0.5471522683210613
-3571.227310073144   2257.0276918647132   1         0.26901858493236985
5650.353845269925    -3255.7650616125584  1         4.6482133792193885
6036.84411382033     3539.827242408989    1         0.41826956829854445
-3269.2832704567645  9004.93995926434     1         32.341799260736984
-2722.2208953961867  -6560.178272817202   1         38.65722247953917
-194.36411486903134  -8561.796271316101   1         0.2753101055046032
