trucks_count 4
drones_count 5
customers 58
depot 0.0 0.0
Coordinate X         Coordinate Y         Dronable Demand
-15818.076658450382  -11498.819174647497  1         32.65587728953038
-1996.952351296798   5157.559668947241    1         0.49868547206951475
2444.0325747555617   5662.17242847247     1         31.106992999495404
-881.3430306875648   -4027.251548036656   1         0.6938086379514378
3204.5184139387393   -3115.7273779030297  1         46.2903774775625
4456.191921439928    -12256.574637835693  1         0.8449978263490363
5196.892558323334    -4469.639430058503   1         0.5750340161863486
-9784.434851710006   -3527.3651764594906  1         0.17979363703834436
-1234.1049689128922  5826.056772336605    1         30.38285516784148
-7231.677107107966   -8944.087827473946   1         0.3434991228922958
-1550.7150078765385  894.5868050981921    1         0.7705724415431748
8624.62487097645     38.88067706032539    1         0.9744140461207947
-1121.3253408493474  10771.16829565367    1         15.295589207548451
6873.303345546614    16406.583787164243   1         33.416149737671226
-1227.6293136168824  5134.135335775314    1         1.2389244058183528
7313.7060843771715   -5640.2080038836275  1         0.2875235826358705
-4196.3263818865     -3893.7357356653097  1         0.7481606224933884
3360.4756041352757   4629.984479077178    1         1.0495296798117926
-4591.149510442011   5031.51677509994     1         0.8156904744097189
-7837.923239389908   -5821.952972374899   1         1.249762174723866
-1066.8655549489688  8412.515599942111    1         0.1673132870409555
-1903.2775131930434  9391.328065841648    1         0.3086629747789943
-6943.095534227198   2864.3319563260507   1         0.6711949306163568
2495.1093715955703   -7191.985580859926   1         0.7572036608716126
3705.4815181863505   -9588.176068859822   1         0.8277877163542829
8717.080578810084    2817.8837616257747   1         0.8476807235066729
-226.96316429762973  6327.428329086132    1         0.8649542057446488
-4480.550427495461   6849.543854963366    1         0.9714263361265874
10047.067302140058   -2634.5696238666806  1         21.835909688332535
-3681.3182467068204  1957.8500361228039   1         0.2589608057997722
-17322.44615018998   -1842.9708194547566  1         0.9236052118218433
-9538.003783662098   -4146.776743521297   1         0.5971715790350638
2879.997282767664    -4471.331536297948   1         43.5531239690114
4063.8935180622043   8490.201580408619    1         0.9542407073513061
7573.1435060767835   -12696.032360212474  1         1.1330061964960676
7832.179202755509    -123.33171814785965  1         1.0623729601102814
-5704.785938493502   4038.339222304266    1         1.185783123013073
-869.9013419288749   -3456.5754428428336  1         0.4949041286399024
-8066.539446004853   -585.0542871157336   1         0.8404548446504432
646.1827987587295    -4794.668571141218   1         0.8143551265982888
7713.925085728783    -5754.945849059458   1         0.4086031687539968
1163.7607264575045   7704.355516524963    1         1.1588882947902592
-2512.2949935061297  9119.483592844506    1         0.2051607630712367
-9076.087073232493   -3352.692405978594   1         0.6331026834954662
1881.460451495695    10722.171124167104   1         0.12117535827404755
4633.548343459396    691.4750540221437    1         0.6175602129238679
-5144.476876286718   8160.130816510514    1         32.42719240651657
3510.594736640415    -1806.2332924475093  1         17.68534349111252
4893.797195231429    16685.444876692767   1         40.600213704483174
-6756.902679170649   8100.412872824618    1         2.872809681659398
-1455.9316543992027  -2542.132481235732   1         0.5667898946525217
-5761.340407939622   5846.992477858004    1         0.5965552969998816
-13824.573824042778  18237.210243074514   1         11.07980290152587
9425.156133287104    -2579.8852165830094  1         0.27960257012495293
-7258.017872920576   -4486.765400358393   1         1.2082673591988864
-7687.210142368562   -5624.196754399175   1         0.9428587730416382
3337.475189386288    -7230.234408721238   1         1.0278922296583894
3592.5903987796023   9811.158756378187    1         1.0478343996328165
