trucks_count 4
drones_count 6
customers 100
depot 0.0 0.0
Coordinate X         Coordinate Y         Dronable Demand
-3396.3987783777065  3835.8638339665904   1         0.2633942635984612
-1908.2742065953607  3694.1653169028286   1         0.379061611121962
2821.5018625280622   9011.782731146592    1         0.38618111055439963
8582.802423620598    728.8851376323813    1         0.6078855864739942
-1896.9099895730803  8367.768287058158    1         13.661025799079615
9824.081621030207    5411.4197929533875   1         40.97906395321926
-6250.89513064495    4047.9309781886536   1         46.16859239452086
2511.9742662399963   -8008.778869419049   1         25.834229898052214
5372.487477865659    -125.30983310513213  1         0.29993189577938983
-3767.0994439358024  4660.240487396472    1         0.7078182997222932
-7433.060180593539   1836.3997216329713   1         1.1707809555685216
-6148.605546419413   -319.0575180601241   1         1.2086787482841248
-7244.079644218067   2074.3066248034074   1         0.7043044331091814
-4605.387929538243   1791.2313283244052   1         0.68549208429005
-16494.052014393965  -16082.78868018106   1         0.7592606732123331
-3435.1600543765126  3459.463484345173    1         0.11525714118144001
1246.4403515661058   7796.967170908658    1         0.23222853062342566
-1889.3671616703803  -4710.484769795833   1         0.7903392426443867
2985.730558451173    -2949.2688242008467  1         0.7494201421084616
-5048.198438133497   3503.3881242683306   1         33.6522552455882
865.5376316175659    221.95615000722321   1         0.5072837579109325
-6953.116001566367   6219.203430485616    1         0.7461861397427949
1849.8377636739583   -2774.6702651619726  1         0.7292632340053025
2708.5057601787717   9929.209467686565    1         1.1941586173666732
714.8208840896663    -4573.3242203630025  1         0.5068835969152049
9704.579267409757    1756.2571800604721   1         32.8951815367528
16498.475013469535   16656.029276003996   1         0.42091688656355464
-6841.418254775831   -6078.125933584109   1         0.3586227334325156
-2769.9439526604565  628.0710090793177    1         1.044212827231933
-18029.142387171047  5272.128581541747    1         0.9587774963453574
11598.580727956192   6125.968005690516    1         1.0565842840602027
2869.90230950003     4042.3376752574213   1         1.090916555134584
-916.4129613460686   -2152.917184652417   1         0.2526714712471656
9596.924443267953    -2338.4446904715     1         0.5488287787788608
3781.7923503685106   6723.053506292205    1         1.2247225175441663
-105.43843867145551  -15820.347427528124  1         0.3437693878925102
-10404.63801635244   -2547.493216361298   1         0.2762221164580337
2187.196165218403    -6669.781968517802   1         0.5437850573297213
441.85810785703234   3194.5786314925226   1         0.28249193446614596
674.1702791229767    10489.13938972984    1         0.4259003141972525
6143.561449641051    -2619.6481692697366  1         0.5850706034244169
9660.181066443232    -2379.2715218291632  1         0.9249422060862454
-7843.2134630460405  -7286.951825154979   1         0.2418365207869191
1815.2935947367096   5852.554378018144    1         0.6436007807473642
-6945.048273386341   -6520.923679847077   1         0.9700412855255235
-2539.952255324795   -9153.780174916727   1         0.6117194093646134
-6615.419382480247   4982.371019595477    1         0.704189438327617
-8476.160214651505   4073.9771174117664   1         0.1773498240713287
-7721.383353568777   4351.412843488702    1         0.6096529729004543
1507.2403757913396   1613.5332444542576   1         39.931601137111194
-563.9172549858421   4193.119577626595    1         1.0614741166171637
-3518.560798994372   -1628.103553549289   1         1.0933397803779117
-3532.778889993461   5925.335656702899    1         0.13474566872323374
-6019.1532399997905  2729.8705963487846   1         0.6840857676442963
-3386.881454557586   -3251.2373174817417  1         0.9344960100805052
1702.941964744222    -780.5337253717549   1         1.173343760534649
5413.23555805646     -2004.497102308398   1         0.7368097512022307
13674.729899978785   -4177.627993335964   1         0.12125697829073995
3462.871079738498    3168.6811362186313   1         0.38260286610976135
-9287.689739875314   -1164.076380393305   1         0.38457820085333594
7675.1530785644245   -6979.284151642042   1         31.41126439540088
-7342.37382532193    2047.1086532111296   1         1.8413381414860963
20.245937313433387   1560.617707825666    1         0.8067791478818588
-5069.906463827946   473.3803924966316    1         14.335941167658167
2742.700992362639    13604.347984454293   1         14.830071087112838
1958.9357504474197   -8072.80528919647    1         5.064187153802475
-6346.901336413016   675.4922926320011    1         0.610150101873614
-7663.207614559618   1221.8880615445928   1         1.0028733067243454
-1111.8528390859967  -7237.64749731534    1         0.9355183731709091
-6410.917681987939   3206.4149800284176   1         1.2071741200340549
-6437.664723717436   -58.98612389341637   1         0.8080528820532104
-10233.849416041487  -2670.5447025585627  1         0.534257685175965
-3986.3716848320682  1255.535880188093    1         0.7968846831363222
2953.108005364373    -3268.5759718388167  1         5.53764959639179
1930.7103461488805   1580.9997899255857   1         0.7131290000130491
15890.311368242132   -17546.182701485595  1         4.097169653755548
-10449.60011592399   -9405.787672438766   1         26.461948608979736
6596.210326627695    3177.1994229240313   1         1.1081626305414334
6323.556130561621    -1415.3762701718085  1         0.4866435839213661
-4737.50106505252    -4602.465083170162   1         0.38428340150095686
-6392.45377366906    2977.9897316585448   1         0.3163988920306686
-3745.162152798483   259.29424590883883   1         0.5690122440010044
-1102.8346852553807  1165.492561818709    1         1.7183191006024652
-8885.181252141967   -14042.78883756445   1         36.750066845883836
6972.193556197188    -6018.336719517155   1         0.4363844059753851
-1263.2778362391518  -5112.571105807167   1         1.1228143105794985
-2515.8327898717644  -3219.1971246307226  1         0.7331030394674086
5839.020476747512    10954.649429794983   1         0.15554308598416783
6239.802563001362    17942.420331962232   1         1.106923513576317
6401.68422697262     -5888.070190662627   1         0.25963016803491124
7735.391635650747    -6717.709433475962   1         0.5754506695798504
-1259.447627082316   7877.64614190927     1         38.48980134310235
5250.972587924273    1847.3644128354704   1         0.822500473656523
4063.835326457185    -14325.790220441653  1         0.7293102260931249
-5848.934464335016   -2805.8511681627347  1         11.224054228087153
-568.3390397665111   -9695.038637283744   1         1.153490925975673
5490.779914975543    -474.83913990069584  1         0.23246577169582996
1627.46343909009     1526.9003682261573   1         31.907414142194774
4237.347893087333    -3729.4065228954823  1         0.6045407986647476
5723.660561446328    6582.661646272497    1         9.474153934477698
