trucks_count 5
drones_count 5
customers 98
depot 0.0 0.0
Coordinate X         Coordinate Y         Dronable Demand
-7893.337293718112   2547.5536331588746   1         20.298000823055833
2043.0799754703717   -1274.9978508416086  1         0.5063774872528835
2906.5432733003436   7898.7153870489365   1         0.6658859808857492
5690.942303241645    825.9884246779166    1         0.9133324385417454
-7406.199467589837   -6841.70671501023    1         0.3959018873326524
1759.3819523345726   -8474.449656820423   1         0.5974687251797088
5208.07910851946     249.04024062775898   1         0.3428060630417203
-4000.0696605208177  1755.27650115921     1         0.14188564055475708
-4147.609780206897   5871.02651602675     1         1.0032701151690395
6787.505141625119    6864.96101781262     1         0.8346782210661611
6156.830209640987    8299.779585398857    1         0.29699475761245897
819.9900814281758    5873.171848490374    1         0.9775318882018353
-3285.5614892222425  -2709.442106580979   1         1.161954429825487
-9243.250909713935   2331.5362460390843   1         43.77501268890369
5595.209440213752    -1617.3355140374242  1         0.7698969660048681
6103.70371550789     8646.225439940232    1         14.587955253175656
-6397.9968212653785  -6711.070735801221   1         0.9099772926799216
3792.404247167056    -2126.2615390285428  1         0.7989841205496523
8234.648080066296    2700.697592031237    1         21.14853260663358
-2408.6983916774525  2927.878075248107    1         0.14993230636730032
-8350.22332720723    -81.67268066083307   1         1.0728914018817164
4345.320212744045    9459.111780191242    1         0.9357316787511983
-766.4045320902363   -2831.5739229366677  1         1.198252588720215
-6628.445982592889   1431.2651318690937   1         0.2783392210436011
3843.824726750023    2460.8169118193055   1         0.3025899241751614
1360.5492385629145   589.3337498472418    1         1.0716946561998477
-1984.1765109730013  -7813.276596927025   1         0.9549355893295176
6350.267578313579    6889.270646189832    1         0.5965423518812922
1338.775214504981    5601.091050407116    1         0.7475926825904584
7270.449007611678    1726.408135129682    1         0.5480269946226581
-7802.825323949864   -6929.129648398647   1         0.9652774384009334
-9475.387149539672   -336.49694063772745  1         1.127093076119183
-9131.947424055901   -6923.008619464199   1         24.469232256714722
-8987.023210429437   5009.95441023591     1         0.35452092772181953
-6382.259294121459   7946.127946725684    1         1.0854640877525346
-1311.9001865923312  -2789.2842675408374  1         0.5254238078239687
-831.1107781956998   -7732.639882319081   1         0.7287073842911714
-514.1526137598178   -7079.078000793474   1         0.9251225468079608
-3884.522310182145   6172.878037189367    1         1.171246321458155
-7398.547622002197   -3904.08564731527    1         0.5362635246153298
2699.9069699924153   5846.906702551341    1         0.8469477389202817
-1072.9126015547117  4521.769499329623    1         0.5840903836352644
-4638.103415170667   -6480.127562472742   1         0.3869536196880966
-5764.33981290568    -7189.693528786603   1         0.1707808891638109
3905.746145511738    -7710.5182521512825  1         0.5797771041152171
5326.047625034816    4056.828203836583    1         0.998781906666752
-4286.324173599431   8521.084983996996    1         0.323849049808408
4725.027093817986    -6060.863668626305   1         0.801246341532581
2860.103916295275    3739.42066361516     1         38.97786785661455
7527.845048390596    1846.4514358871143   1         33.94297122246114
880.4465209622269    -6081.8617231987955  1         1.1510156662596915
8799.757769805985    -2480.5963722685465  1         0.5953830039103754
-1427.1889641228872  -5559.661914799605   1         30.187011146712194
-5564.847070159076   3567.9555030065844   1         0.3277499894700683
5991.576300476265    5659.344437438191    1         1.055859807222504
4963.080422475103    3875.750684785704    1         0.29718336799596423
-382.78776965882565  8698.625699762362    1         0.2936492765128238
5925.313312627978    3994.4981080695343   1         0.7404390504457674
103.42809050532632   -167.88782218728872  1         0.5808466387309739
-5348.879969704216   -4772.0249561471     1         0.26347710026828686
-6442.0285125881355  654.1201211542708    1         0.6036593060153219
-124.52046521030825  4415.249297214177    1         1.0174556763161904
-2701.3117805554207  -5819.8489676571035  1         0.8388456441583403
1716.4003591699625   -7721.542061899683   1         0.7175920052494549
2362.6030328359025   -4580.107259813033   1         0.9515824688310195
-8063.709399173254   4689.168121133498    1         0.675322715731617
-5118.574765961731   -8364.6825813138     1         0.30723828435324485
-41.51418868167844   9205.775980348906    1         48.285894658601336
-3837.5011945662463  5860.173520887782    1         0.7387646514512478
-3796.6283976444333  -8708.732521530144   1         1.1595730697927906
-4704.272423575477   -8212.488753932119   1         42.22391644770867
6496.15977252415     -8636.524291320988   1         0.5139387678679288
-4839.745440876208   -5640.872471588932   1         0.9796438196687631
6693.9785677437785   -892.7087458240884   1         0.26021093025018827
-3222.1327068795017  2604.745878209549    1         0.682348601361449
-797.809962130425    8202.598373297224    1         1.0620532542142274
4267.909064006569    -9234.477503502223   1         0.698491799811322
-5042.984369290875   7833.952358532486    1         0.29402024518576825
-3989.7490387602875  7000.091372558396    1         0.16006376460460892
-3132.5786942473374  -6704.364138527979   1         19.42171018939097
3344.6962769946394   -6524.212322931028   1         0.7328712331328087
-4372.867367501024   -4520.962254181797   1         8.559276469861025
-5573.726242828023   -6269.91198157433    1         0.8949491062168237
-2972.607062139481   5938.072444736783    1         0.32077931484901845
4000.3516383141027   -8164.596467831973   1         0.6334858446213867
9397.693460595869    -269.15456895466144  1         7.044789368052008
5691.775265142627    1623.5815296431879   1         42.3189706491748
6766.306041246789    -1360.417097889852   1         1.1041679286835746
2602.467712127253    5576.3897500277435   1         1.1502778390449082
-4849.865407005395   225.09845454582802   1         0.7017176672595068
-2703.0573044275166  2307.730316920742    1         0.22299258188798432
-5764.717718504531   4438.456530619211    1         0.7099086925065943
5077.502646141698    4914.813788412974    1         1.2416846215064745
-4653.9353376764775  5593.384830756067    1         0.4559279389812837
-8302.547924439059   -3537.286428338354   1         0.2536547778108652
-1718.5176362179486  -3983.815869988406   1         1.2129885655825012
2837.6193584965154   7278.40131601252     1         0.9775878546331845
-4308.965792470857   6556.7753803295755   1         0.3204105973057162
