trucks_count 6
drones_count 4
customers 97
depot 0.0 0.0
Coordinate X         Coordinate Y         Dronable Demand
-10149.583663140098  -2584.8296301461305  1         0.3351163918647869
4951.305033701075    -800.9276921608531   1         34.34644118235382
5392.3182887828825   1433.0636132537347   1         46.50030126687303
1068.9506135725567   2774.189885464635    1         0.3872955628022289
6921.122054225869    4838.974151747679    1         0.714828189007739
7290.023929866424    9064.938251216685    1         41.61282777958292
627.1793211470612    6902.799857489913    1         0.5749259746960779
-6002.127108046979   7319.654461767523    1         0.4066281578362143
-5687.194228457703   -3017.369640662157   1         38.876008254786775
1053.1309780362774   8027.765705869185    1         1.0977675868805716
8343.845676550278    4592.104276349724    1         0.8867574645031048
-2244.332098385983   -7021.21233813537    1         0.8538118780993625
5306.806040186414    818.0710895330252    1         1.1927051255179433
-8480.148394035163   -7451.840941110697   1         18.17726182279387
-10021.793699130229  -3921.4751063598665  1         0.9333543088325063
2977.258100297848    -2443.407702288044   1         0.6236482487084558
2766.6491634635477   -10196.951484158506  1         19.70832522185532
-7869.944470588408   4021.9823570797553   1         28.54577136541425
-2692.5383686231166  -8296.349842698492   1         0.21247064296246138
1309.200219415281    12517.507191682882   1         9.482439581794745
9942.963697039946    2125.0682882843194   1         0.7790416018710778
4670.237393897423    2071.8407813780223   1         9.292427254684858
17010.482031746775   8526.91009524942     1         0.7053238588341791
3519.682369081289    4667.413886963805    1         0.1453554317092235
-10544.309622493209  1135.515910773986    1         0.6346116016479724
-6614.494325059731   -7245.3106962353595  1         0.4248843624128469
8924.318450240045    -6137.444551052216   1         0.5340292099379161
-1946.2977347040971  9866.246747235133    1         43.26246580303877
5413.382264786476    1963.7874895446548   1         1.023721756094226
-806.4172987243692   17511.38882089225    1         7.044880553863624
3225.437374740535    -3020.0488200778627  1         0.6299456491332215
-5699.893973377892   2270.0334908178575   1         0.26589792193847994
-3167.0920161152044  186.58086424994295   1         0.4624115266028014
-2704.935523810998   5310.765176976603    1         1.1416644823453286
-9124.759120914914   -4260.63830103438    1         0.3073364433727577
8172.744887769207    6474.451708559712    1         37.916218679689386
-591.7087248783026   -4571.49504877107    1         0.5211997136912844
1642.6416013282021   2292.486329799768    1         0.3764519509123302
-2832.158377065024   3331.032011492452    1         0.7585473713745824
-6128.387814917151   -4711.457539776129   1         1.2110200853668158
8459.975207336234    -1480.3248148037092  1         0.1872973831626612
104.63018629216053   -9696.123373444094   1         0.3139800649602611
-2882.716554673217   1975.9340602236878   1         0.13146726288567367
-6131.279781480159   -3994.613813724152   1         28.13983902028881
-1576.6323091837771  -9798.038411721505   1         0.9537366785569934
-2093.142414675838   5704.3768292524255   1         1.116743952006538
-2507.4703531900864  -7691.145574696755   1         0.6542740182038618
68.76549015465248    -1137.5278942134812  1         3.6939000487043687
-6024.793332066578   -2675.8174294731953  1         0.3107662613913794
-4275.7607932711235  4944.446389332256    1         1.0335741372961658
-7678.530156511753   6096.688219565203    1         47.74738317453314
8674.275642827539    -17636.553499999263  1         14.647255031381105
-3140.1424962597357  -5901.940492293932   1         47.29473503445061
-12620.81699836382   -8306.560215966369   1         25.760299929131666
-4709.477313665391   17431.02972783975    1         27.42713689547801
-2435.29559189068    4142.278110390647    1         0.5463163377343704
4747.2831726322775   965.9316525950335    1         0.6504942685013924
3057.6853341913147   -5064.2690003369435  1         0.508388910160642
10368.46335542257    1015.2836396820169   1         0.13303899401155583
-6608.681055306584   209.04011779564937   1         0.829958174405398
-1736.9354942950679  10465.789759051722   1         0.12565886790579606
-6654.025279781279   113.06246547767232   1         0.2480941039551429
460.3921121277908    -2080.3818999338328  1         35.53936199012846
3783.6934112287436   -2536.932532517765   1         1.064421111762416
6458.288704001703    2549.4387746695897   1         0.8766181131665013
4711.715883904147    -1775.6964645373587  1         41.27191176209555
-128.73696900968375  -6387.334436756029   1         0.7094842892201524
-6468.951760415484   -10777.619159192047  1         24.82397581172947
3707.472849183381    -9858.225732196091   1         33.8298104007846
7409.7561068758305   -3007.2183598086394  1         0.8482974405766875
8197.861779190387    6564.081943488839    1         0.9940263949825888
-7657.147249019717   -571.4759286102017   1         0.4565130230003288
-5192.3608410074185  -6756.090397422627   1         0.31120167595014653
741.4069495585427    15159.532615438642   1         22.68841131044995
4824.692726996039    -8370.467435856715   1         33.69381735954367
-1742.0704923877518  2301.647682346273    1         1.1120956841935647
13349.982950746653   -9417.482374018538   1         12.875885325631002
-6430.119601967682   -7828.346028510408   1         32.866989191402496
1256.8588409283943   -2618.1271594331006  1         0.8214775723463893
8242.801508632838    2021.327335254329    1         0.5899313570777265
-1846.1152197544845  8720.91439782019     1         22.495935880924108
-15315.317772740393  -10177.316572319321  1         8.089213781354584
-3376.592596849916   -17002.33754020348   1         30.755414078487735
1667.0369383789002   3886.2872902447093   1         0.6816128320147212
-1387.1339314867273  -1237.4005603527569  1         0.3961155606944955
387.9897214290653    -8600.116435720702   1         0.44549923497126465
2794.7547662097727   -10083.990615033455  1         0.9308041035134172
-1206.5387918962026  7240.937410788681    1         0.2579067519281847
939.9022351954022    4979.828326817242    1         0.924356572461709
-5602.489727499175   4712.0742289632935   1         0.3421798129338057
1605.3600394107973   -4414.904601973377   1         0.8528428691059461
17488.561080988336   -1893.2493212731897  1         0.9178766161800931
-13478.867997702586  -11378.762567452062  1         0.721385564242151
1306.019892792608    -8901.430832777964   1         0.9079987048577692
2126.4471091826595   -2914.5943965062747  1         1.1230705470477131
-4422.079556874174   -7582.928918765199   1         0.3184070519972627
1832.238861156909    -5008.511348571514   1         41.472359398624064
